gege be ,	nv::nv cm::acc mark::comma
suwen i monggo gurun uttu doro be efule me weile ara me yabu re be ,	pn::2pl cm::gen nv::nv nv::nv nv::nv nv::nv cm::acc verb::vv e::cve nv::nv verb::vv e::cve verb::vv e::npst.ptcp cm::acc mark::comma
bi donji ci ,	pn::1sg verb::vv e::cve mark::comma
tere ci funce he cooha be ,	nv::nv cm::abl verb::vv e::pst.ptcp nv::nv cm::acc mark::comma
sin i harangga niyalma be gai fi ,	pn::2sg cm::gen nv::nv nv::nv cm::acc verb::vv e::cve mark::comma
jai men i geren baisin niyalma i usin ,	nv::nv pn::1pl.excl cm::gen nv::adj nv::nv nv::nv cm::gen nv::nv mark::comma
mao_wen_lung takūra ha emu giyansi be sere fi jafa ha seme wesibu fi beiguwan obu ha .	nn::prpn verb::vv e::pst.ptcp nv::nv nv::nv cm::acc verb::vv e::cve verb::vv e::pst.ptcp comp verb::vv e::cve nv::nv verb::vv e::pst.ptcp mark::period
cooha be jobobu rakū ,	nv::nv cm::acc verb::vv e::npst.ptcp.neg mark::comma
muse i beye enteheme banji mbi o ,	nv::nv cm::gen nv::nv nv::nv verb::vv e::fve.npst ptcl mark::comma
abatai_age ,	nn::prpn mark::comma
suwen i monggo i cooha be gida fi niyalma ambula wa ha ,	pn::2pl cm::gen nv::nv cm::gen nv::nv cm::acc verb::vv e::cve nv::nv nv::nv verb::vv e::pst.ptcp mark::comma
yabu ∅ seme ,	verb::vv e::fve.imperative comp mark::comma
moo i toksikū fori me ,	nv::nv cm::gen nv::nv verb::vv e::cve mark::comma
tere ci ici ergi duin gūsa i cooha gene fi ,	nv::nv cm::abl nv::nv nv::nv nv::nv nv::nv cm::gen nv::nv verb::vv e::cve mark::comma
in i siyoo_beiguwan be holto me amban ara fi ,	pn::3sg cm::gen nn::prpn cm::acc verb::vv e::cve nv::nv verb::vv e::cve mark::comma
jeku jakūn tanggū tofohon hule ,	nv::nv nv::nv nv::nv nv::nv nv::nv mark::comma
diyacin_tabunang ,	nn::prpn mark::comma
dzung_bing_guwan de menggun duin yan ,	nv::nv cm::dat nv::nv nv::nv nv::nv mark::comma
orho turi be ,	nv::nv nv::nv cm::acc mark::comma
jalan goro yabu fi koro baha rahū ,	nv::nv nv::nv verb::vv e::cve nv::nv verb::vv e::fve.prv mark::comma
emu minggan boigon ,	nv::nv nv::nv nv::nv mark::comma
afabu ha weile be mute mbi ,	verb::vv e::pst.ptcp nv::nv cm::acc verb::vv e::fve.npst mark::comma
○ orin ilan de ,	mark::circle nv::nv nv::nv cm::dat mark::comma
dain dosi ka nergin de ,	nv::nv verb::vv e::pst.ptcp nv::nv cm::dat mark::comma
sin de bithe bene mbi ,	pn::2sg cm::dat nv::nv verb::vv e::fve.npst mark::comma
han i gisun be jurce rakū ,	nv::nv cm::gen nv::nv cm::acc verb::vv e::npst.ptcp.neg mark::comma
lung_king ni te he aniya jakūn biya i orin ilan de baha ha ,	nn::prpn cm::gen verb::vv e::pst.ptcp nv::nv nv::nv nv::nv cm::gen nv::nv nv::nv cm::dat verb::vv e::pst.ptcp mark::comma
manggūltai_beile ,	nn::prpn mark::comma
juwe jergi buce re weile be guwebu mbi .	nv::nv nv::nv verb::vv e::npst.ptcp nv::nv cm::acc verb::vv e::fve.npst mark::period
geren cooha i beile se ,	nv::adj nv::nv cm::gen nv::nv nv::nv mark::comma
tuttu tafula rakū niyalma gisun de akda me dosi fi ,	nv::nv verb::vv e::npst.ptcp.neg nv::nv nv::nv cm::dat verb::vv e::cve verb::vv e::cve mark::comma
suwen i non i beile se i amata i jalan waji ha ,	pn::2pl cm::gen nv::nv cm::gen nv::nv nv::nv cm::gen nv::nv cm::gen nv::nv verb::vv e::pst.ptcp mark::comma
sio_yan i boigon be han i te he dung_ging hecen de bi ci ,	nn::prpn cm::gen nv::nv cm::acc nv::nv cm::gen verb::vv e::pst.ptcp nn::prpn nv::nv cm::dat verb::vv e::cve mark::comma
○ mandarhan ,	mark::circle nn::prpn.person mark::comma
ere gisun de isibu rakū niyalma be fucihi abka sa kini ,	nv::nv nv::nv cm::dat verb::vv e::npst.ptcp.neg nv::nv cm::acc nv::nv nv::nv verb::vv e::fve.opt mark::comma
buyara me hubtu ume su me gaija ra ,	verb::vv e::cve nv::nv nv::nv verb::vv e::cve verb::vv e::npst.ptcp mark::comma
○ unege be wesibu fi fujiyang obu ha .	mark::circle nn::prpn.person cm::acc verb::vv e::cve nv::nv verb::vv e::pst.ptcp mark::period
ninggun tumen cooha be faksala fi unggi he ,	nv::nv nv::nv nv::nv cm::acc verb::vv e::cve verb::vv e::pst.ptcp mark::comma
niowanggiyaha i fe hūda i akdun niyalma be baica me tucibu fi ,	nn::prpn.plc cm::gen nv::adj nv::nv cm::gen nv::adj nv::nv cm::acc verb::vv e::cve verb::vv e::cve mark::comma
sain be sain ,	nv::adj cm::acc nv::adj mark::comma
ama sin i ūren be ilibu fi wece mbi ,	nv::nv pn::2sg cm::gen nv::nv cm::acc verb::vv e::cve verb::vv e::fve.npst mark::comma
liyoodung ni baru cooha jura fi ,	nn::prpn.plc cm::gen nv::nv nv::nv verb::vv e::cve mark::comma
han be te kini seme fonjibu ha manggi ,	nv::nv cm::acc verb::vv e::fve.opt comp verb::vv e::pst.ptcp nv::nv mark::comma
jakūnju olji baha ha .	nv::nv nv::nv verb::vv e::pst.ptcp mark::period
amban sa ,	nv::nv nv::nv mark::comma
alban i ihan de toron gida fi ,	nv::nv cm::gen nv::nv cm::dat nv::nv verb::vv e::cve mark::comma
be_tu_cang ni ergi de ilan ba de tuwa bi .	nn::prpn cm::gen nv::nv cm::dat nv::nv nv::nv cm::dat nv::nv verb::vv.npst mark::period
muse emu šanggiyan morin wa fi ,	pn::1pl.incl nv::nv nv::nv nv::nv verb::vv e::cve mark::comma
gimbasun se re ngge ,	nn::prpn.person verb::vv e::npst.ptcp nmlz::nmlz mark::comma
kemir_ho_wei i dudu ciyanši fudangga i omolo todo_age ,	nn::prpn cm::gen nv::nv nv::nv nv::adj cm::gen nv::nv nn::prpn mark::comma
da_he_šan ,	nn::prpn mark::comma
udu mute rakū bi cibe ,	nv::nv verb::vv e::npst.ptcp.neg verb::vv e::cve mark::comma
jase i tule susai ba ci ebsi sunja ba ci casi ,	nv::nv cm::gen nv::nv nv::nv nv::nv cm::abl nv::nv nv::nv nv::nv cm::abl nv::nv mark::comma
emu niyalma be jušen seme amasi unggi me ,	nv::nv nv::nv cm::acc nv::nv comp nv::nv verb::vv e::cve mark::comma
duin ihan ,	nv::nv nv::nv mark::comma
dagana ,	nn::prpn.person mark::comma
burhanggū juwe beile in i eme be unggi he ,	nn::prpn.person nv::nv nv::nv pn::3sg cm::gen nv::nv cm::acc verb::vv e::pst.ptcp mark::comma
mao_wen_lung ni giyansi be jafa fi benji he seme wesibu fi beiguwan obu ha .	nn::prpn cm::gen nv::nv cm::acc verb::vv e::cve verb::vv e::pst.ptcp comp verb::vv e::cve nv::nv verb::vv e::pst.ptcp mark::period
hai_si dolin_wei i du_jy_hūi_ši madangga i jui mudaode ,	nn::prpn nn::prpn cm::gen nv::nv nv::adj cm::gen nv::nv nn::prpn.person mark::comma
uttu emu niyalma be takūra ci ,	nv::nv nv::nv nv::nv cm::acc verb::vv e::cve mark::comma
beikuwen de etu ci o mbi o ,	nv::adj cm::dat verb::vv e::cve verb::vv e::fve.npst ptcl mark::comma
anagan i ninggun biya i juwan uyun de gebu bu he .	nv::nv cm::gen nv::nv nv::nv cm::gen nv::nv nv::nv cm::dat nv::nv verb::vv e::pst.ptcp mark::period
tere be uthai tukiye fi hergen bu re amba obu ci ,	nv::nv cm::acc nv::nv verb::vv e::cve nv::nv verb::vv e::npst.ptcp nv::adj verb::vv e::cve mark::comma
○ da_cing_pu i iogi lang_ši_dzai ,	mark::circle nn::prpn cm::gen nv::nv nn::prpn mark::comma
han be ama ara fi ,	nv::nv cm::acc nv::nv verb::vv e::cve mark::comma
wei_ning_ing ni hecen i šurde me juwan tofohon ba i jeku bisi re niyalma be hecen de dosimbu fi weri ∅ .	nn::prpn cm::gen nv::nv cm::gen verb::vv e::cve nv::nv nv::nv nv::nv cm::gen nv::nv verb::vv e::npst.ptcp nv::nv cm::acc nv::nv cm::dat verb::vv e::cve verb::vv e::fve.imperative mark::period
tuttu donji ha ba de ,	nv::nv verb::vv e::pst.ptcp nv::nv cm::dat mark::comma
wa ra be naka fi ,	verb::vv e::npst.ptcp cm::acc verb::vv e::cve mark::comma
afabu ha weile be mute mbi ,	verb::vv e::pst.ptcp nv::nv cm::acc verb::vv e::fve.npst mark::comma
beile se i boigon ara fi weri he ,	nv::nv nv::nv cm::gen nv::nv verb::vv e::cve verb::vv e::pst.ptcp mark::comma
emu ciyandzung de duin niyalma ,	nv::nv nv::nv cm::dat nv::nv nv::nv mark::comma
han hendu me ,	nv::nv verb::vv e::cve mark::comma
da ci hafan seme ,	nv::nv cm::abl nv::nv comp mark::comma
holdon tuwa dulebu he be ,	nv::nv nv::nv verb::vv e::pst.ptcp cm::acc mark::comma
bi gūni ci ,	pn::1sg verb::vv e::cve mark::comma
monggo i emu niyalma wabu habi ,	nv::nv cm::gen nv::nv nv::nv verb::vv e::fve.prs.prf mark::comma
han ,	nv::nv mark::comma
ice jakūn de wasimbu ha ,	nv::adj nv::nv cm::dat verb::vv e::pst.ptcp mark::comma
šorhoi be ,	nn::prpn.person cm::acc mark::comma
neigen bene me uhe je mbi kai ,	nv::adj verb::vv e::cve nv::nv verb::vv e::fve.npst ptcl mark::comma
nomin ,	nv::nv mark::comma
ginjeo de jušen kamci hakūbi kai ,	nn::prpn.plc cm::dat nv::nv verb::vv e::fve.prs.prf.neg ptcl mark::comma
ineku tere aniya geli gemu amasi deo beile de dasa me bu he ,	nv::nv nv::nv nv::nv nv::nv nv::nv nv::nv nv::nv nv::nv cm::dat verb::vv e::cve verb::vv e::pst.ptcp mark::comma
buce he seme ekiyende rakū seme ertu fi ji he cooha be ,	verb::vv e::pst.ptcp comp verb::vv e::npst.ptcp.neg comp verb::vv e::cve verb::vv e::pst.ptcp nv::nv cm::acc mark::comma
○ buyantu be ,	mark::circle nn::prpn.person cm::acc mark::comma
boo i uji he uji me ,	nv::nv cm::gen verb::vv e::pst.ptcp verb::vv e::cve mark::comma
fengse ,	nv::nv mark::comma
han ji fi geli afa me gai mbi kai ,	nv::nv verb::vv e::cve nv::nv verb::vv e::cve verb::vv e::fve.npst ptcl mark::comma
indahūn erin de hecen de dosi ka .	nv::nv nv::nv cm::dat nv::nv cm::dat verb::vv e::pst.ptcp mark::period
cooha be kadala me ete mbi seme ,	nv::nv cm::acc verb::vv e::cve verb::vv e::fve.npst comp mark::comma
lung_king ni sunjaci aniya jakūn biya i orin sunja de baha ha ,	nn::prpn cm::gen nv::nv nv::nv nv::nv nv::nv cm::gen nv::nv nv::nv cm::dat verb::vv e::pst.ptcp mark::comma
tere jui cira be tuwa ha de bi ebu re seme hendu he manggi ,	nv::nv nv::nv nv::nv cm::acc verb::vv e::pst.ptcp cm::dat pn::1sg verb::vv e::npst.ptcp comp verb::vv e::pst.ptcp nv::nv mark::comma
○ amba_efu gene fi dali ha io_tun_wei hecen i dorgi ,	mark::circle nn::prpn verb::vv e::cve verb::vv e::pst.ptcp nn::prpn nv::nv cm::gen nv::nv mark::comma
wang_guwan_cing ,	nn::prpn mark::comma
juwete tanggū orita boso ,	nv::nv nv::nv nv::nv nv::nv mark::comma
han i tukiye fi gosi me uji re baili be gūni me ,	nv::nv cm::gen verb::vv e::cve verb::vv e::cve verb::vv e::npst.ptcp nv::nv cm::acc verb::vv e::cve mark::comma
sain be sain ,	nv::adj cm::acc nv::adj mark::comma
○ orin emu de ,	mark::circle nv::nv nv::nv cm::dat mark::comma
gemu emu han i irgen kai ,	nv::nv nv::nv nv::nv cm::gen nv::nv ptcl mark::comma
min i deo juwe feye baha ha ,	pn::1sg cm::gen nv::nv nv::nv nv::nv verb::vv e::pst.ptcp mark::comma
sin i ehe niyalma i ciha obu mbi o ,	pn::2sg cm::gen nv::adj nv::nv cm::gen nv::nv verb::vv e::fve.npst ptcl mark::comma
lung_king ni sunjaci aniya de baha ha ,	nn::prpn cm::gen nv::nv nv::nv cm::dat verb::vv e::pst.ptcp mark::comma
monggo baksi jakūn sinda ∅ ,	nv::nv nv::nv nv::nv verb::vv e::fve.imperative mark::comma
fei_šusai gercile he ,	nn::prpn verb::vv e::pst.ptcp mark::comma
te emu minggan cooha be darhan_hiya gai fi nene me gene ∅ ,	nv::nv nv::nv nv::nv nv::nv cm::acc nn::prpn verb::vv e::cve verb::vv e::cve verb::vv e::fve.imperative mark::comma
tere juwe jušen be soktobu fi wa fi ,	nv::nv nv::nv nv::nv cm::acc verb::vv e::cve verb::vv e::cve mark::comma
te re boo ,	verb::vv e::npst.ptcp nv::nv mark::comma
dumduri ,	nn::prpn.person mark::comma
suwen i beri musen ili ha ehe ,	pn::2pl cm::gen nv::nv nv::nv verb::vv e::pst.ptcp nv::adj mark::comma
ama bi urgunje mbi kai ,	nv::nv pn::1sg verb::vv e::fve.npst ptcl mark::comma
fu_jeo ,	nn::prpn mark::comma
te re boo ,	verb::vv e::npst.ptcp nv::nv mark::comma
baising niru i saintu i nadan ihan be daihal_tabunang ,	nv::nv nv::nv cm::gen nv::nv cm::gen nv::nv nv::nv cm::acc nn::prpn mark::comma
tongki fuka sinda ha hergen i dangse .	nv::nv nv::nv verb::vv e::pst.ptcp nv::nv cm::gen nv::nv mark::period
○ donggo_efu i gūsa de ,	mark::circle nn::prpn cm::gen nv::nv cm::dat mark::comma
seke i dahū ilan ,	nv::nv cm::gen nv::nv nv::nv mark::comma
nikan cooha i ili ha alin i dergi amba ninggu be gai fi fusihūn gida ki seme gene re de ,	nv::nv nv::nv cm::gen verb::vv e::pst.ptcp nv::nv cm::gen nv::nv nv::adj nv::nv cm::acc verb::vv e::cve nv::adj verb::vv e::fve.opt comp verb::vv e::npst.ptcp cm::dat mark::comma
doro be kice me dasa mbi ,	nv::nv cm::acc verb::vv e::cve verb::vv e::fve.npst mark::comma
emu jalan i sunjata amban be ,	nv::nv nv::nv cm::gen nv::nv nv::nv cm::acc mark::comma
liyoodung be baha ha manggi ,	nn::prpn.plc cm::acc verb::vv e::pst.ptcp nv::nv mark::comma
ehe sain be dere bani rakū ,	nv::adj nv::adj cm::acc nv::nv verb::vv e::npst.ptcp.neg mark::comma
han i tacibu ha tondo fafun be jurce rakū banji ci ,	nv::nv cm::gen verb::vv e::pst.ptcp nv::adj nv::nv cm::acc verb::vv e::npst.ptcp.neg verb::vv e::cve mark::comma
nikan gurun i suila ra ngge tere inu ,	nv::nv nv::nv cm::gen verb::vv e::npst.ptcp nmlz::nmlz nv::nv nv::nv mark::comma
in i jui de hendu me ,	pn::3sg cm::gen nv::nv cm::dat verb::vv e::cve mark::comma
seke i mahala ,	nv::nv cm::gen nv::nv mark::comma
in i beye i sunja tanggū nikan baha ha seme jabuhai de nikan bu hekū ,	pn::3sg cm::gen nv::nv cm::gen nv::nv nv::nv nv::nv verb::vv e::pst.ptcp comp nn::prpn.person cm::dat nv::nv verb::vv e::pst.ptcp.neg mark::comma
han i pai be gai fi ,	nv::nv cm::gen nv::nv cm::acc verb::vv e::cve mark::comma
šanaha i dorgi nikan be daila cina ,	nn::prpn.plc cm::gen nv::nv nv::nv cm::acc verb::vv e::fve.opt mark::comma
morin de jeku be ume ulebu re ,	nv::nv cm::dat nv::nv cm::acc nv::nv verb::vv e::npst.ptcp mark::comma
tung_fuma de emu morin ,	nn::prpn cm::dat nv::nv nv::nv mark::comma
amban sa ,	nv::nv nv::nv mark::comma
an_šan i han i tokso i nikan ,	nn::prpn cm::gen nv::nv cm::gen nv::nv cm::gen nv::nv mark::comma
○ nadan biya i ice nadan de ,	mark::circle nv::nv nv::nv cm::gen nv::adj nv::nv cm::dat mark::comma
muse i gurun i dolo aika ulin gai ha ,	nv::nv cm::gen nv::nv cm::gen nv::nv nv::nv nv::nv verb::vv e::pst.ptcp mark::comma
fujiyang de ilata minggan haha bu he ,	nv::nv cm::dat nv::nv nv::nv nv::nv verb::vv e::pst.ptcp mark::comma
han i beye cooha yabu ci ,	nv::nv cm::gen nv::nv nv::nv verb::vv e::cve mark::comma
jase tulergi encu gurun i weile de daha ∅ be ,	nv::nv nv::nv nv::nv nv::nv cm::gen nv::nv cm::dat verb::vv e::fve.imperative cm::acc mark::comma
abka beikuwere fi ,	nv::nv verb::vv e::cve mark::comma
iogi sin i beye hecen ci juwan ba i dube de isi tala gene fi tuwa me dube lashala fi unggi ∅ .	nv::nv pn::2sg cm::gen nv::nv nv::nv cm::abl nv::nv nv::nv cm::gen nv::nv cm::dat verb::vv e::cve verb::vv e::cve verb::vv e::cve nv::nv verb::vv e::cve verb::vv e::fve.imperative mark::period
jafu bithe ali me gaija ra ,	nv::nv nv::nv verb::vv e::cve verb::vv e::npst.ptcp mark::comma
muse be gosi ha ba de ,	pn::1pl.incl cm::acc verb::vv e::pst.ptcp nv::nv cm::dat mark::comma
juwe jergi buce re weile be guwebu mbi ,	nv::nv nv::nv verb::vv e::npst.ptcp nv::nv cm::acc verb::vv e::fve.npst mark::comma
jakūta de emu feye ,	nv::nv cm::dat nv::nv nv::nv mark::comma
moobari ,	nn::prpn.person mark::comma
darhan_hiya i alin i ninggu i boo de bene he ulin be gana ∅ seme takūra ha niyalma ,	nn::prpn cm::gen nv::nv cm::gen nv::nv cm::gen nv::nv cm::dat verb::vv e::pst.ptcp nv::nv cm::acc verb::vv e::fve.imperative comp verb::vv e::pst.ptcp nv::nv mark::comma
anu de emte gecuheri etuku ,	nn::prpn.person cm::dat nv::nv nv::nv nv::nv mark::comma
nangnuk ,	nn::prpn.person mark::comma
suwe han i uji he baili be gūni me ,	pn::2pl nv::nv cm::gen verb::vv e::pst.ptcp nv::nv cm::acc verb::vv e::cve mark::comma
daha rakū ci ,	verb::vv e::npst.ptcp.neg e::cve mark::comma
banji ha ba ,	verb::vv e::pst.ptcp nv::nv mark::comma
ihan ,	nv::nv mark::comma
han i bithe ,	nv::nv cm::gen nv::nv mark::comma
julesi gene re o ,	nv::nv verb::vv e::npst.ptcp ptcl mark::comma
jui jafa fi bu mbi o seme hendu re jaka de ,	nv::nv verb::vv e::cve verb::vv e::fve.npst ptcl comp verb::vv e::npst.ptcp nv::nv cm::dat mark::comma
boo yada me jobo mbi ayoo ,	nv::nv verb::vv e::cve verb::vv e::fve.npst nv::nv mark::comma
dumei min be wa kini ,	nn::prpn.person pn::1sg cm::acc verb::vv e::fve.opt mark::comma
juwan emu de wasimbu ha ,	nv::nv nv::nv cm::dat verb::vv e::pst.ptcp mark::comma
han de waka sabu fi weile baha fi boo yada kini ,	nv::nv cm::dat nv::adj verb::vv e::cve nv::nv verb::vv e::cve nv::nv verb::vv e::fve.opt mark::comma
sanggarjai ,	nn::prpn.person mark::comma
emungge bi tondo i kice me akūmbu ki ,	nn::prpn.person pn::1sg nv::adj cm::gen verb::vv e::cve verb::vv e::fve.opt mark::comma
te fi yabu re emte kiyoo ,	verb::vv e::cve verb::vv e::npst.ptcp nv::nv nv::nv mark::comma
giya_jing ni dehi sunjaci aniya nadan biya i orin emu de baha ha .	nn::prpn cm::gen nv::nv nv::nv nv::nv nv::nv nv::nv cm::gen nv::nv nv::nv cm::dat verb::vv e::pst.ptcp mark::period
geren be guile fi geren i juleri kūwatar seme hefeliyene re o ci mujangga ,	nv::adj cm::acc verb::vv e::cve nv::adj cm::gen nv::nv nv::nv comp verb::vv e::npst.ptcp verb::vv e::cve nv::adj mark::comma
lung_king ni ilaci aniya duin biya i orin sunja de baha ha ,	nn::prpn cm::gen nv::nv nv::nv nv::nv nv::nv cm::gen nv::nv nv::nv cm::dat verb::vv e::pst.ptcp mark::comma
muse ehe gisun karu hendu fi unggi ki seme hendu fi tebu he .	pn::1pl.incl nv::adj nv::nv nv::nv verb::vv e::cve verb::vv e::fve.opt comp verb::vv e::cve verb::vv e::pst.ptcp mark::period
folo ho jebele de beri niru sisi hai emte ,	verb::vv e::pst.ptcp nv::nv cm::dat nv::nv nv::nv verb::vv e::cve nv::nv mark::comma
ku i jeku be eje me gaija ra ,	nv::nv cm::gen nv::nv cm::acc verb::vv e::cve verb::vv e::npst.ptcp mark::comma
sunjata morin ,	nv::nv nv::nv mark::comma
emu tanggū cooha be gai fi ,	nv::nv nv::nv nv::nv cm::acc verb::vv e::cve mark::comma
han i gisun be baha fi ,	nv::nv cm::gen nv::nv cm::acc verb::vv e::cve mark::comma
yengge de sunja niru ,	nv::nv cm::dat nv::nv nv::nv mark::comma
boo de bisi re ulgiyan be wacihiya me wece fi ,	nv::nv cm::dat verb::vv e::npst.ptcp nv::nv cm::acc verb::vv e::cve verb::vv e::cve mark::comma
han i gosi ha be gūni me hing se re unenggi gūnin i yabu ci ,	nv::nv cm::gen verb::vv e::pst.ptcp cm::acc verb::vv e::cve nv::nv verb::vv e::npst.ptcp nv::adj nv::nv cm::gen verb::vv e::cve mark::comma
ulha tarhū ha manggi ,	nv::nv verb::vv e::pst.ptcp nv::nv mark::comma
wa rakū niyalma de sui isi kini seme gashū ha bi he kai ,	verb::vv e::npst.ptcp.neg nv::nv cm::dat nv::nv verb::vv e::fve.opt comp verb::vv e::pst.ptcp verb::vv e::pst.ptcp ptcl mark::comma
simiyan i tsang de jeku ali me gai ha hafasa ,	nn::prpn.plc cm::gen nv::nv cm::dat nv::nv verb::vv e::cve verb::vv e::pst.ptcp nv::nv mark::comma
birai_dergi gurun be daila cina .	nn::prpn nv::nv cm::acc verb::vv e::fve.opt mark::period
yoo_jeo de juwe minggan cooha gama ∅ ,	nn::prpn cm::dat nv::nv nv::nv nv::nv verb::vv e::fve.imperative mark::comma
juwe jergi buce re weile be guwebu mbi .	nv::nv nv::nv verb::vv e::npst.ptcp nv::nv cm::acc verb::vv e::fve.npst mark::period
cooha i dzung_bing_guwan fujiyang de afabu ha ,	nv::nv cm::gen nv::nv nv::nv cm::dat verb::vv e::pst.ptcp mark::comma
bayangga geren de donjibu me gisure fi ,	nn::prpn.person nv::adj cm::dat verb::vv e::cve verb::vv e::cve mark::comma
gūwa be enggelce me banji fi ,	nv::nv cm::acc verb::vv e::cve verb::vv e::cve mark::comma
ba ambula gai fi usin be niyalma turi fi weilebu me ,	nv::nv nv::nv verb::vv e::cve nv::nv cm::acc nv::nv verb::vv e::cve verb::vv e::cve mark::comma
suwe cala gene rakū ebele bi ci ,	pn::2pl nv::nv verb::vv e::npst.ptcp.neg nv::nv verb::vv e::cve mark::comma
○ santan be ,	mark::circle nn::prpn.person cm::acc mark::comma
enggelei ,	nn::prpn.person mark::comma
jeku inu elgiyen o ho ,	nv::nv nv::nv nv::adj verb::vv e::pst.ptcp mark::comma
dain dain de amban seme šangna me bu he jaka be gemu gai mbi seme beide he bi he ,	nv::nv nv::nv cm::dat nv::nv comp verb::vv e::cve verb::vv e::pst.ptcp nv::nv cm::acc nv::nv verb::vv e::fve.npst comp verb::vv e::pst.ptcp verb::vv e::pst.ptcp mark::comma
hoton i dorgi cooha i niyalma gabta ra ,	nv::nv cm::gen nv::nv nv::nv cm::gen nv::nv verb::vv e::npst.ptcp mark::comma
šajin fafun be akdun jafa fi etenggile me kadala cina ,	nv::nv nv::nv cm::acc nv::adj verb::vv e::cve verb::vv e::cve verb::vv e::fve.opt mark::comma
fu_jeo i juse hehesi be ,	nn::prpn cm::gen nv::nv nv::nv cm::acc mark::comma
ere juwe mafa yaksi hakūbi seme ala ra jaka de ,	nv::nv nv::nv nv::nv verb::vv e::fve.prs.prf.neg comp verb::vv e::npst.ptcp nv::nv cm::dat mark::comma
jeng_giyang ni šeo_pu i juse de ama i hergen bu he be suwe sa ha kai ,	nn::prpn cm::gen nv::nv cm::gen nv::nv cm::dat nv::nv cm::gen nv::nv verb::vv e::pst.ptcp cm::acc pn::2pl verb::vv e::pst.ptcp ptcl mark::comma
tanggū šusiha šusihala ha .	nv::nv nv::nv verb::vv e::pst.ptcp mark::period
ulgiyan coko aika jaka be gemu yooni guri re ba de isibu kini ,	nv::nv nv::nv nv::nv nv::nv cm::acc nv::nv nv::nv verb::vv e::npst.ptcp nv::nv cm::dat verb::vv e::fve.opt mark::comma
wang_dzung_kui be wesibu fi beiguwan obu ha .	nn::prpn cm::acc verb::vv e::cve nv::nv verb::vv e::pst.ptcp mark::period
wehe ambula isabu ∅ ,	nv::nv nv::nv verb::vv e::fve.imperative mark::comma
boo i aha ,	nv::nv cm::gen nv::nv mark::comma
ere bai me ji he gung de ,	nv::nv verb::vv e::cve verb::vv e::pst.ptcp nv::nv cm::dat mark::comma
nikan i hanja narhūn gemu efuje he .	nv::nv cm::gen nv::nv nv::adj nv::nv verb::vv e::pst.ptcp mark::period
tsanjiyang ,	nv::nv mark::comma
juwe ejen icingga i uda fi je ∅ ,	nv::nv nv::nv nv::adj cm::gen verb::vv e::cve verb::vv e::fve.imperative mark::comma
juwan emu de munggatu dooli de wasimbu ha ,	nv::nv nv::nv cm::dat nn::prpn.person nv::nv cm::dat verb::vv e::pst.ptcp mark::comma
giya_jing ni dehi sunjaci aniya nadan biya i orin emu de baha ha ,	nn::prpn cm::gen nv::nv nv::nv nv::nv nv::nv nv::nv cm::gen nv::nv nv::nv cm::dat verb::vv e::pst.ptcp mark::comma
ice ilan de liyoodung de isinji ∅ .	nv::adj nv::nv cm::dat nn::prpn.plc cm::dat verb::vv e::fve.imperative mark::period
han i fujisa ,	nv::nv cm::gen nv::nv mark::comma
iole he hoošan i boro dobton tofohon ,	verb::vv e::pst.ptcp nv::nv cm::gen nv::nv nv::nv nv::nv mark::comma
geren cooha i niyalma be gai fi dusy yamun de hengkile he .	nv::adj nv::nv cm::gen nv::nv cm::acc verb::vv e::cve nv::nv nv::nv cm::dat verb::vv e::pst.ptcp mark::period
akdun akū niyalma be gaji me ji ∅ ,	nv::adj nv::adj nv::nv cm::acc verb::vv e::cve verb::vv e::fve.imperative mark::comma
ušitai juwe tanggū cooha be looli de gai fi te mbi ,	nn::prpn.person nv::nv nv::nv nv::nv cm::acc nn::prpn.plc cm::dat verb::vv e::cve verb::vv e::fve.npst mark::comma
sanca bai re niyalma be ,	nv::nv verb::vv e::npst.ptcp nv::nv cm::acc mark::comma
orin emu ihan ,	nv::nv nv::nv nv::nv mark::comma
amba_beile gai fi okdo me gene re de ,	nn::prpn verb::vv e::cve verb::vv e::cve verb::vv e::npst.ptcp cm::dat mark::comma
hehe duin ji he ,	nv::nv nv::nv verb::vv e::pst.ptcp mark::comma
weile he jeku i dabala ,	verb::vv e::pst.ptcp nv::nv cm::gen ptcl mark::comma
nio_juwang de emte gene ∅ ,	nn::prpn cm::dat nv::nv verb::vv e::fve.imperative mark::comma
emu feye sacibu ha seme juwan nadan yan i weile waliya mbi ,	nv::nv nv::nv verb::vv e::pst.ptcp comp nv::nv nv::nv nv::nv cm::gen nv::nv verb::vv e::fve.npst mark::comma
yargiyan cooha jura ka mejige ji ci ,	nv::adj nv::nv verb::vv e::pst.ptcp nv::nv verb::vv e::cve mark::comma
muse dain waka kai ,	pn::1pl.incl nv::nv nv::adj ptcl mark::comma
da ci dele benji re an i jaka be ,	nv::nv cm::abl nv::nv verb::vv e::npst.ptcp nv::nv cm::gen nv::nv cm::acc mark::comma
han i jase tuci ke niyalma be sa fi wa rakū ci ,	nv::nv cm::gen nv::nv verb::vv e::pst.ptcp nv::nv cm::acc verb::vv e::cve verb::vv e::npst.ptcp.neg e::cve mark::comma
šanapu i beiguwan jang_u_lin habša ra ngge ,	nn::prpn.plc cm::gen nv::nv nn::prpn verb::vv e::npst.ptcp nmlz::nmlz mark::comma
in i ama de aca rakū ci ,	pn::3sg cm::gen nv::nv cm::dat verb::vv e::npst.ptcp.neg e::cve mark::comma
tere ci nikan han i dolo jobo me bisi re de ,	nv::nv cm::abl nv::nv nv::nv cm::gen nv::nv verb::vv e::cve verb::vv e::npst.ptcp cm::dat mark::comma
nene me gala axša ci ,	verb::vv e::cve nv::nv verb::vv e::cve mark::comma
hoifa i baindari de bu mbi seme sadun ci hūwakiya ha ,	nn::prpn.plc cm::gen nn::prpn.person cm::dat verb::vv e::fve.npst comp nv::nv cm::abl verb::vv e::pst.ptcp mark::comma
tere gene he niyalma ,	nv::nv verb::vv e::pst.ptcp nv::nv mark::comma
jeku be hadu me wacihiya fi tūbu he ,	nv::nv cm::acc verb::vv e::cve verb::vv e::cve verb::vv e::pst.ptcp mark::comma
mahaltu_ninggu ci ebsi ,	nn::prpn cm::abl nv::nv mark::comma
tungken ,	nv::nv mark::comma
suwe ainu gisure mbi ,	pn::2pl nv::nv verb::vv e::fve.npst mark::comma
emu ciyandzung de duin niyalma ,	nv::nv nv::nv cm::dat nv::nv nv::nv mark::comma
jai ,	nv::nv mark::comma
○ ineku tere inenggi ,	mark::circle nv::nv nv::nv nv::nv mark::comma
deo beile ,	nv::nv nv::nv mark::comma
nikan gurun i wan_lii_han i dehi nadan tumen cooha de ,	nv::nv nv::nv cm::gen nn::prpn cm::gen nv::nv nv::nv nv::nv nv::nv cm::dat mark::comma
han i jui beile se amban sa ,	nv::nv cm::gen nv::nv nv::nv nv::nv nv::nv nv::nv mark::comma
ahūn de usha me bisi re de ,	nv::nv cm::dat verb::vv e::cve verb::vv e::npst.ptcp cm::dat mark::comma
hecen ci tuci fi bira i cikin de ili mbi ,	nv::nv cm::abl verb::vv e::cve nv::nv cm::gen nv::nv cm::dat verb::vv e::fve.npst mark::comma
tenteke niyalma ,	nv::nv nv::nv mark::comma
beri sirdan ,	nv::nv nv::nv mark::comma
niyaman hūncihin de juwan niyalma ji he ,	nv::nv nv::nv cm::dat nv::nv nv::nv verb::vv e::pst.ptcp mark::comma
yecen ,	nn::prpn.person mark::comma
min i kadala ra emu niru i cooha be iogi tsanjiyang ci fakca rakū ,	pn::1sg cm::gen verb::vv e::npst.ptcp nv::nv nv::nv cm::gen nv::nv cm::acc nv::nv nv::nv cm::abl verb::vv e::npst.ptcp.neg mark::comma
sile yaya emke ,	nv::nv nv::nv nv::nv mark::comma
gisure he gisun de isibu rakū ba de ,	verb::vv e::pst.ptcp nv::nv cm::dat verb::vv e::npst.ptcp.neg nv::nv cm::dat mark::comma
cifun gaija ra ,	nv::nv verb::vv e::npst.ptcp mark::comma
nikan ,	nv::nv mark::comma
han de waka sabu fi weile baha fi boo yada kini ,	nv::nv cm::dat nv::adj verb::vv e::cve nv::nv verb::vv e::cve nv::nv verb::vv e::fve.opt mark::comma
gurbusi_efu i gese bu mbi ,	nn::prpn cm::gen nv::nv verb::vv e::fve.npst mark::comma
mujilen be amban onco obu fi ,	nv::nv cm::acc nv::nv nv::adj verb::vv e::cve mark::comma
kūrcan de ilan hule maise unggi ∅ se he bi he ,	nv::nv cm::dat nv::nv nv::nv nv::nv verb::vv e::fve.imperative verb::vv e::pst.ptcp verb::vv e::pst.ptcp mark::comma
sahalca seke haya ha hū ha jibca emte ,	nv::nv nv::nv verb::vv e::pst.ptcp verb::vv e::pst.ptcp nv::nv nv::nv mark::comma
baduhū i gūsin yan i gung be jaciba ji fi faita ha .	nn::prpn.person cm::gen nv::nv nv::nv cm::gen nv::nv cm::acc nn::prpn.person verb::vv e::cve verb::vv e::pst.ptcp mark::period
han hendu me ,	nv::nv verb::vv e::cve mark::comma
tere gemu abka i acabu me gama ha weile kai ,	nv::nv nv::nv nv::nv cm::gen verb::vv e::cve verb::vv e::pst.ptcp nv::nv ptcl mark::comma
ninju pinggu benji he .	nv::nv nv::nv verb::vv e::pst.ptcp mark::period
jai ehe kiyangdu hūlha holo ,	nv::nv nv::adj nv::adj nv::nv nv::nv mark::comma
bakcin i niyalma akū o ci ,	nv::nv cm::gen nv::nv nv::adj verb::vv e::cve mark::comma
ilaci jergi iogi de juwete ihan ,	nv::nv nv::nv nv::nv cm::dat nv::nv nv::nv mark::comma
cen i gurun be daila ci ete rakū adali afa ci mute rakū aca ki seme takūra ra adali gūni me ,	pn::3pl cm::gen nv::nv cm::acc verb::vv e::cve verb::vv e::npst.ptcp.neg nv::adj verb::vv e::cve verb::vv e::npst.ptcp.neg verb::vv e::fve.opt comp verb::vv e::npst.ptcp nv::adj verb::vv e::cve mark::comma
ere šurde me baha ci waji ha ,	nv::nv verb::vv e::cve verb::vv e::cve verb::vv e::pst.ptcp mark::comma
io_tun_wei haha be ,	nn::prpn nv::nv cm::acc mark::comma
beile se ,	nv::nv nv::nv mark::comma
muke juwe re hehe sunja juru ,	nv::nv verb::vv e::npst.ptcp nv::nv nv::nv nv::nv mark::comma
han i jaka de urut beile se suwe ji ki se ci ,	nv::nv cm::gen nv::nv cm::dat nn::prpn.plc nv::nv nv::nv pn::2pl verb::vv e::fve.opt verb::vv e::cve mark::comma
aga me ing guri ci ojo rakū ,	verb::vv e::cve nv::nv verb::vv e::cve verb::vv e::npst.ptcp.neg mark::comma
jeku bi fi juwe me unca ci ,	nv::nv verb::vv e::cve verb::vv e::cve verb::vv e::cve mark::comma
urut i beile se in i monggo gurun i han be ehe ,	nn::prpn.plc cm::gen nv::nv nv::nv pn::3sg cm::gen nv::nv nv::nv cm::gen nv::nv cm::acc nv::adj mark::comma
uru be waka ,	nv::nv cm::acc nv::adj mark::comma
kalka men de ji ci ,	nv::nv pn::1pl.excl cm::dat verb::vv e::cve mark::comma
hailun ilan ,	nv::nv nv::nv mark::comma
gida ha manggi ,	verb::vv e::pst.ptcp nv::nv mark::comma
afabu ha weile be mute mbi ,	verb::vv e::pst.ptcp nv::nv cm::acc verb::vv e::fve.npst mark::comma
jase dolo dosi fi yabu ci ,	nv::nv nv::nv verb::vv e::cve verb::vv e::cve mark::comma
○ langse be ,	mark::circle nv::adj cm::acc mark::comma
niru i ejen i daise ciyandzung de jakūta ,	nv::nv cm::gen nv::nv cm::gen nv::nv nv::nv cm::dat nv::nv mark::comma
hūlha holo koimali jalingga akū tondo banji ki .	nv::nv nv::nv nv::adj nv::adj nv::adj nv::adj verb::vv e::fve.opt mark::period
han i pai be gai fi ,	nv::nv cm::gen nv::nv cm::acc verb::vv e::cve mark::comma
hehe niyalma de mujilen bahabu me ,	nv::nv nv::nv cm::dat nv::nv verb::vv e::cve mark::comma
emu jergi buce re weile be guwebu mbi .	nv::nv nv::nv verb::vv e::npst.ptcp nv::nv cm::acc verb::vv e::fve.npst mark::period
beile se amban sa geren cooha be gai fi amasi bedere he ,	nv::nv nv::nv nv::nv nv::nv nv::adj nv::nv cm::acc verb::vv e::cve nv::nv verb::vv e::pst.ptcp mark::comma
min i da ci banji ha jurgan ,	pn::1sg cm::gen nv::nv cm::abl verb::vv e::pst.ptcp nv::nv mark::comma
alun_wei i du_jy_hūi_ciyanši udingge i omolo yantai ,	nn::prpn cm::gen nv::nv nn::prpn.person cm::gen nv::nv nn::prpn.person mark::comma
min i juse omosi jalan hala me han de gosibu me wesihun banji kini .	pn::1sg cm::gen nv::nv nv::nv nv::nv verb::vv e::cve nv::nv cm::dat verb::vv e::cve nv::nv verb::vv e::fve.opt mark::period
jai duici_beile i baru hendu me ,	nv::nv nn::prpn cm::gen nv::nv verb::vv e::cve mark::comma
labsi ,	nn::prpn.person mark::comma
beye ajigen solho alašan be sonjo fi ,	nv::nv nv::adj nv::nv nv::adj cm::acc verb::vv e::cve mark::comma
hoifa de emu feye baha ha seme uyute yan i weile waliya mbi ,	nn::prpn.plc cm::dat nv::nv nv::nv verb::vv e::pst.ptcp comp nv::nv nv::nv cm::gen nv::nv verb::vv e::fve.npst mark::comma
○ hūngniyaka be ,	mark::circle nn::prpn.person cm::acc mark::comma
nikan cooha i amargi dube de dosi fi ,	nv::nv nv::nv cm::gen nv::nv nv::nv cm::dat verb::vv e::cve mark::comma
argio janggin ,	nn::prpn.person nv::nv mark::comma
niyaman hūncihin seme harša rakū ,	nv::nv nv::nv comp verb::vv e::npst.ptcp.neg mark::comma
g'ai_jeo de bisi re alban i jeku orho be ,	nn::prpn cm::dat verb::vv e::npst.ptcp nv::nv cm::gen nv::nv nv::nv cm::acc mark::comma
baibi sain seme holto me jabu fi aina mbi ,	nv::nv nv::adj comp verb::vv e::cve verb::vv e::cve verb::vv e::fve.npst mark::comma
daila fi cooha be gemu wa ha ,	verb::vv e::cve nv::nv cm::acc nv::nv verb::vv e::pst.ptcp mark::comma
juwe amji duin mama de urun i doro i hengkile he ,	nv::nv nv::nv nv::nv nv::nv cm::dat nv::nv cm::gen nv::nv cm::gen verb::vv e::pst.ptcp mark::comma
sin i emu niyalma i gisun de adarame akda fi beide mbi ,	pn::2sg cm::gen nv::nv nv::nv cm::gen nv::nv cm::dat nv::nv verb::vv e::cve verb::vv e::fve.npst mark::comma
in i jui yoto i dasa ha ba be dasa me dasa fi te ki seme hendu he manggi ,	pn::3sg cm::gen nv::nv nn::prpn.person cm::gen verb::vv e::pst.ptcp nv::nv cm::acc verb::vv e::cve verb::vv e::cve verb::vv e::fve.opt comp verb::vv e::pst.ptcp nv::nv mark::comma
cergei ,	nn::prpn.person mark::comma
uheri jakūn uksin ,	nv::nv nv::nv nv::nv mark::comma
yarga be golo i amban ci wasibu fi ,	nv::nv cm::acc nv::nv cm::gen nv::nv cm::abl verb::vv e::cve mark::comma
giyaha de menggušen gai fi te he emu tanggū yafahan be ,	nn::prpn.plc cm::dat nn::prpn.person verb::vv e::cve verb::vv e::pst.ptcp nv::nv nv::nv nv::adj cm::acc mark::comma
juwe sadun ulha ambula wa kini ,	nv::nv nv::nv nv::nv nv::nv verb::vv e::fve.opt mark::comma
min de cooha ganji ∅ ,	pn::1sg cm::dat nv::nv verb::vv e::fve.imperative mark::comma
○ fokota be wesibu fi beiguwan obu ha ,	mark::circle nn::prpn.person cm::acc verb::vv e::cve nv::nv verb::vv e::pst.ptcp mark::comma
abka waka be wakala me uru be urule me ,	nv::nv nv::adj cm::acc verb::vv e::cve nv::nv cm::acc verb::vv e::cve mark::comma
tere gisun be ainu dabu rakū ,	nv::nv nv::nv cm::acc nv::nv verb::vv e::npst.ptcp.neg mark::comma
baha ra ubu ci enteheme nakabu mbi ,	verb::vv e::npst.ptcp nv::nv cm::abl nv::nv verb::vv e::fve.npst mark::comma
wan_lii i orin nadaci aniya juwe biya i ice uyun de baha ha ,	nn::prpn cm::gen nv::nv nv::nv nv::nv nv::nv nv::nv cm::gen nv::adj nv::nv cm::dat verb::vv e::pst.ptcp mark::comma
jai duin gio ,	nv::nv nv::nv nv::nv mark::comma
sure_kundulen_han i beye de banji ha mukusi_gege be geli bujantai de bu he .	nn::prpn cm::gen nv::nv cm::dat verb::vv e::pst.ptcp nn::prpn cm::acc nv::nv nn::prpn.person cm::dat verb::vv e::pst.ptcp mark::period
emu gašan hūwa_pi_ioi ,	nv::nv nv::nv nn::prpn mark::comma
sangtu i ama i ara ha weile be we wacihiya habi ,	nn::prpn.person cm::gen nv::nv cm::gen verb::vv e::pst.ptcp nv::nv cm::acc nv::nv verb::vv e::fve.prs.prf mark::comma
yarga i boco oilo ,	nv::nv cm::gen nv::nv nv::nv mark::comma
munggu be wasibu fi cooha de dabu rakū ,	nn::prpn.person cm::acc verb::vv e::cve nv::nv cm::dat verb::vv e::npst.ptcp.neg mark::comma
emu juwe niyalma bulca me uka me gūwa niru i emgi fere de yabu ha de ,	nv::nv nv::nv nv::nv verb::vv e::cve verb::vv e::cve nv::nv nv::nv cm::gen nv::nv nv::nv cm::dat verb::vv e::pst.ptcp cm::dat mark::comma
iogi ,	nv::nv mark::comma
hūlha holo koimali jalingga akū tondo i banji ki .	nv::nv nv::nv nv::adj nv::adj nv::adj nv::adj cm::gen verb::vv e::fve.opt mark::period
alban i jeku ,	nv::nv cm::gen nv::nv mark::comma
aika baita de takūra ha hafan sa i funde deote juse yamula ∅ ,	nv::nv nv::nv cm::dat verb::vv e::pst.ptcp nv::nv nv::nv cm::gen nv::nv nv::nv nv::nv verb::vv e::fve.imperative mark::comma
turgei dzung_bing_guwan de ,	nn::prpn.person nv::nv cm::dat mark::comma
tere bele be jase i tulergi deli_wehe de bene ∅ ,	nv::nv nv::nv cm::acc nv::nv cm::gen nv::nv nn::prpn cm::dat verb::vv e::fve.imperative mark::comma
in i non be han i jui degelei_taiji de sargan benji he bi he .	pn::3sg cm::gen nv::nv cm::acc nv::nv cm::gen nv::nv nn::prpn cm::dat nv::nv verb::vv e::pst.ptcp verb::vv e::pst.ptcp mark::period
si_mu_ceng ni ergi de anafu tene fi ,	nn::prpn cm::gen nv::nv cm::dat nv::nv verb::vv e::cve mark::comma
badamu ,	nn::prpn.person mark::comma
muse de kimungge nikan gurun be daila ki seme unggi he bi ci sain bi he kai ,	pn::1pl.incl cm::dat nv::adj nv::nv nv::nv cm::acc verb::vv e::fve.opt comp verb::vv e::pst.ptcp verb::vv e::cve nv::adj verb::vv e::pst.ptcp ptcl mark::comma
wa rakū niyalma de sui isi kini seme gashū ha bi he ,	verb::vv e::npst.ptcp.neg nv::nv cm::dat nv::nv verb::vv e::fve.opt comp verb::vv e::pst.ptcp verb::vv e::pst.ptcp mark::comma
aikabade ufara ha de ,	nv::nv verb::vv e::pst.ptcp cm::dat mark::comma
○ fujisa ,	mark::circle nv::nv mark::comma
iogi gai fi fujiyang de yamula ∅ ,	nv::nv verb::vv e::cve nv::nv cm::dat verb::vv e::fve.imperative mark::comma
ciyandzung emte ,	nv::nv nv::nv mark::comma
han i tacibu ha tondo fafun be jurce rakū banji ci ,	nv::nv cm::gen verb::vv e::pst.ptcp nv::adj nv::nv cm::acc verb::vv e::npst.ptcp.neg verb::vv e::cve mark::comma
ilaci jergi iogi obu ha ,	nv::nv nv::nv nv::nv verb::vv e::pst.ptcp mark::comma
weile he jeku i dabala ,	verb::vv e::pst.ptcp nv::nv cm::gen ptcl mark::comma
ing hada fi bisi re de ,	nv::nv verb::vv e::cve verb::vv e::npst.ptcp cm::dat mark::comma
ihan honin wa me sarila ha .	nv::nv nv::nv verb::vv e::cve verb::vv e::pst.ptcp mark::period
jakūn wang de ala mbi ,	nv::nv nv::nv cm::dat verb::vv e::fve.npst mark::comma
geren buya cooha i niyalma i boo ,	nv::adj nv::adj nv::nv cm::gen nv::nv cm::gen nv::nv mark::comma
bodonggo i weile baha ha turgun de ,	nv::nv cm::gen nv::nv verb::vv e::pst.ptcp nv::nv cm::dat mark::comma
min i tondo uru be uru ara me ,	pn::1sg cm::gen nv::adj nv::nv cm::acc nv::nv verb::vv e::cve mark::comma
weile he jeku i dabala ,	verb::vv e::pst.ptcp nv::nv cm::gen ptcl mark::comma
sula usin bisi re ba de usin tari me gene kini ,	nv::adj nv::nv verb::vv e::npst.ptcp nv::nv cm::dat nv::nv verb::vv e::cve verb::vv e::fve.opt mark::comma
fujiyang de sunjata bu he tsanjiyang de duite bu he ,	nv::nv cm::dat nv::nv verb::vv e::pst.ptcp nv::nv cm::dat nv::nv verb::vv e::pst.ptcp mark::comma
amaga juse omosi jalan hala me sain uji kini seme hendu re gisun ere inu ,	nv::adj nv::nv nv::nv nv::nv verb::vv e::cve nv::adj verb::vv e::fve.opt comp verb::vv e::npst.ptcp nv::nv nv::nv nv::nv mark::comma
tondo sain jurgan be yabu rakū ,	nv::adj nv::adj nv::nv cm::acc verb::vv e::npst.ptcp.neg mark::comma
○ sunja tatan i kalka i beile se ,	mark::circle nv::nv nv::nv cm::gen nv::nv cm::gen nv::nv nv::nv mark::comma
monggo i uka me ji he niyalma de ,	nv::nv cm::gen verb::vv e::cve verb::vv e::pst.ptcp nv::nv cm::dat mark::comma
soninai i elcin ,	nn::prpn.person cm::gen nv::nv mark::comma
han hendu me ,	nv::nv verb::vv e::cve mark::comma
suwe kimci me baica rakū ,	pn::2pl verb::vv e::cve verb::vv e::npst.ptcp.neg mark::comma
niyalma i beye i gese šumin juwan jergi eye fete hebi ,	nv::nv cm::gen nv::nv cm::gen nv::nv nv::adj nv::nv nv::nv nv::nv verb::vv e::fve.prs.prf mark::comma
ahūn sure_kundulen_han hendu me ,	nv::nv nn::prpn verb::vv e::cve mark::comma
jušen nikan yaya sa ha niyalma jafa fi benji ∅ ,	nv::nv nv::nv nv::nv verb::vv e::pst.ptcp nv::nv verb::vv e::cve verb::vv e::fve.imperative mark::comma
iogi ušan ,	nv::nv nn::prpn.person mark::comma
koro ambula o fi deribu he ,	nv::nv nv::nv verb::vv e::cve verb::vv e::pst.ptcp mark::comma
hashū ergi duin gūsa i cooha ,	nv::nv nv::nv nv::nv nv::nv cm::gen nv::nv mark::comma
jušen nikan be dende fi ,	nv::nv nv::nv cm::acc verb::vv e::cve mark::comma
han i beye weihu de te fi ,	nv::nv cm::gen nv::nv nv::nv cm::dat verb::vv e::cve mark::comma
enggeder_efu i emgi efu i boigon gana me gene he ,	nn::prpn cm::gen nv::nv nv::nv cm::gen nv::nv verb::vv e::cve verb::vv e::pst.ptcp mark::comma
nikan i aika jaka be ume cuwangna ra ,	nv::nv cm::gen nv::nv nv::nv cm::acc nv::nv verb::vv e::npst.ptcp mark::comma
men i solho gurun be jobobu re singgeri hūlha kai ,	pn::1pl.excl cm::gen nv::nv nv::nv cm::acc verb::vv e::npst.ptcp nv::nv nv::nv ptcl mark::comma
daila ra jaka de ,	verb::vv e::npst.ptcp nv::nv cm::dat mark::comma
emu ciyandzung ,	nv::nv nv::nv mark::comma
amin_beile i jao_iogi juwe weihun gio ,	nn::prpn cm::gen nn::prpn nv::nv nv::adj nv::nv mark::comma
emu dangse seme ala ha manggi ,	nv::nv nv::nv comp verb::vv e::pst.ptcp nv::nv mark::comma
sin i ehe be bi ai gūni re ,	pn::2sg cm::gen nv::adj cm::acc pn::1sg nv::nv verb::vv e::npst.ptcp mark::comma
ulhu buta ra bigara me juwe ilan biya yabu re niyalma de ulebu hebi o ,	nv::nv verb::vv e::npst.ptcp verb::vv e::cve nv::nv nv::nv nv::nv verb::vv e::npst.ptcp nv::nv cm::dat verb::vv e::fve.prs.prf ptcl mark::comma
min i beye i teile hengkile me okdo ko ,	pn::1sg cm::gen nv::nv cm::gen nv::nv verb::vv e::cve verb::vv e::pst.ptcp mark::comma
cuwan de siltan moo ume sinda ra ,	nv::nv cm::dat nv::nv nv::nv nv::nv verb::vv e::npst.ptcp mark::comma
amba_beile hendu me ,	nn::prpn verb::vv e::cve mark::comma
ulin de amuran o fi ,	nv::nv cm::dat nv::adj verb::vv e::cve mark::comma
suje boso ambula bu fi unggi he .	nv::nv nv::nv nv::nv verb::vv e::cve verb::vv e::pst.ptcp mark::period
efu de eje he ,	nv::nv cm::dat verb::vv e::pst.ptcp mark::comma
○ ice uyun de ,	mark::circle nv::adj nv::nv cm::dat mark::comma
gabula ,	nv::nv mark::comma
kalka i jongnon_beile i jui se i elcin ilan niyalma ,	nv::nv cm::gen nn::prpn cm::gen nv::nv nv::nv cm::gen nv::nv nv::nv nv::nv mark::comma
wan_lii i nadaci aniya ninggun biya i juwan juwe de baha ha ,	nn::prpn cm::gen nv::nv nv::nv nv::nv nv::nv cm::gen nv::nv nv::nv cm::dat verb::vv e::pst.ptcp mark::comma
jao_fung_tsy ,	nn::prpn mark::comma
han ,	nv::nv mark::comma
leke i baru emu ubu .	nn::prpn.plc cm::gen nv::nv nv::nv nv::nv mark::period
jai geli gucuse i baru hendu me ,	nv::nv nv::nv nv::nv cm::gen nv::nv verb::vv e::cve mark::comma
elcin ,	nv::nv mark::comma
ese de duite bu he ,	nv::nv cm::dat nv::nv verb::vv e::pst.ptcp mark::comma
emgi acabu fi ping_lu_pu ci wasihūn ,	nv::nv verb::vv e::cve nn::prpn cm::abl nv::nv mark::comma
ilan suje ,	nv::nv nv::nv mark::comma
te edun amban ,	nv::nv nv::nv nv::nv mark::comma
jang_iogi ,	nn::prpn mark::comma
ukanju halbu ha niyalma hūlha kai ,	nv::nv verb::vv e::pst.ptcp nv::nv nv::nv ptcl mark::comma
emu jergi buce re weile be guwebu mbi .	nv::nv nv::nv verb::vv e::npst.ptcp nv::nv cm::acc verb::vv e::fve.npst mark::period
du_tang ,	nv::nv mark::comma
○ bashan be ,	mark::circle nn::prpn.person cm::acc mark::comma
ši_dzui_pu ,	nn::prpn mark::comma
cooha gene he han ama be deote be sunja amban be firu me bithe ara fi abka na de deiji fi ,	nv::nv verb::vv e::pst.ptcp nv::nv nv::nv cm::acc nv::nv cm::acc nv::nv nv::nv cm::acc verb::vv e::cve nv::nv verb::vv e::cve nv::nv nv::nv cm::dat verb::vv e::cve mark::comma
baigal_beile i jakūn boigon ,	nn::prpn cm::gen nv::nv nv::nv mark::comma
afabu ha weile be mute mbi ,	verb::vv e::pst.ptcp nv::nv cm::acc verb::vv e::fve.npst mark::comma
enggeder_efu ,	nn::prpn mark::comma
hergen wasibu re be gemu naka fi ,	nv::nv verb::vv e::npst.ptcp cm::acc nv::nv verb::vv e::cve mark::comma
šanggiyatu ,	nn::prpn.person mark::comma
nikasa de wasimbu ha gisun ,	nv::nv cm::dat verb::vv e::pst.ptcp nv::nv mark::comma
dumbai ,	nn::prpn.person mark::comma
haha be gemu wa ∅ ,	nv::nv cm::acc nv::nv verb::vv e::fve.imperative mark::comma
○ hiong_ciyan ,	mark::circle nn::prpn mark::comma
dobori o ci ,	nv::nv verb::vv e::cve mark::comma
ginjeo i lii_diyan_kui ,	nn::prpn.plc cm::gen nn::prpn mark::comma
han i bithe ,	nv::nv cm::gen nv::nv mark::comma
marahū ,	nn::prpn.person mark::comma
gūsita mocin bu he .	nv::nv nv::nv verb::vv e::pst.ptcp mark::period
gurun gucu be ,	nv::nv nv::nv cm::acc mark::comma
urikan ,	nn::prpn.person mark::comma
giyamsu janggin ,	nn::prpn.person nv::nv mark::comma
jeku juwe re yehe de bi he niyalma be ,	nv::nv verb::vv e::npst.ptcp nv::nv cm::dat verb::vv e::pst.ptcp nv::nv cm::acc mark::comma
manggūldai ,	nn::prpn.person mark::comma
alca ,	nn::prpn.person mark::comma
○ gulu fulgiyan i gūsa i bargiya ra ba ,	mark::circle nv::adj nv::nv cm::gen nv::nv cm::gen verb::vv e::npst.ptcp nv::nv mark::comma
ere gisun be jurce ci ,	nv::nv nv::nv cm::acc verb::vv e::cve mark::comma
juwe morin ,	nv::nv nv::nv mark::comma
girin_hada be ka habi seme alanji ha ,	nn::prpn cm::acc verb::vv e::fve.prs.prf comp verb::vv e::pst.ptcp mark::comma
tuwa fi gene kini seme tuttu jortai efibu he .	verb::vv e::cve verb::vv e::fve.opt comp nv::nv nv::nv verb::vv e::pst.ptcp mark::period
jai emu tanggū dehi adun be bu hekū ,	nv::nv nv::nv nv::nv nv::nv nv::nv cm::acc verb::vv e::pst.ptcp.neg mark::comma
afabu ha weile be mute mbi ,	verb::vv e::pst.ptcp nv::nv cm::acc verb::vv e::fve.npst mark::comma
liyoha ci ebsi ,	nn::prpn.plc cm::abl nv::nv mark::comma
uji re faksi niyalma de afabu fi tuwakiyabu ∅ ,	verb::vv e::npst.ptcp nv::nv nv::nv cm::dat verb::vv e::cve verb::vv e::fve.imperative mark::comma
○ jušen i alban i ihan ,	mark::circle nv::nv cm::gen nv::nv cm::gen nv::nv mark::comma
ordo_hada de sunja niru .	nn::prpn cm::dat nv::nv nv::nv mark::period
juwan haha de emu niyalma tuci fi weile mbi kai ,	nv::nv nv::nv cm::dat nv::nv nv::nv verb::vv e::cve verb::vv e::fve.npst ptcl mark::comma
den hashan ,	nv::adj nv::nv mark::comma
nimaha bai re juwan niyalma ,	nv::nv verb::vv e::npst.ptcp nv::nv nv::nv mark::comma
lung_king ni ilaci aniya ninggun biya i ice uyun de baha ha hai_si ša_ho_wei i du_jy_hūi_tungjy iliki i omolo obo ,	nn::prpn cm::gen nv::nv nv::nv nv::nv nv::nv cm::gen nv::adj nv::nv cm::dat verb::vv e::pst.ptcp nn::prpn nn::prpn cm::gen nv::nv nn::prpn.person cm::gen nv::nv nn::prpn.person mark::comma
korcin i manggūs_beile i sargan jui be ,	nn::prpn.plc cm::gen nn::prpn cm::gen nv::nv nv::nv cm::acc mark::comma
jaisanggū ,	nn::prpn.person mark::comma
sin i gisun be daha rakū ci ,	pn::2sg cm::gen nv::nv cm::acc verb::vv e::npst.ptcp.neg e::cve mark::comma
min i aisin tana be sin i uju beye ete rakū dasa fi ,	pn::1sg cm::gen nv::nv nv::nv cm::acc pn::2sg cm::gen nv::nv nv::nv verb::vv e::npst.ptcp.neg verb::vv e::cve mark::comma
manju i cooha yala gene fi afa ci ,	nv::nv cm::gen nv::nv nv::nv verb::vv e::cve verb::vv e::cve mark::comma
beile se suwe donji ha mujangga se ci ,	nv::nv nv::nv pn::2pl verb::vv e::pst.ptcp nv::adj verb::vv e::cve mark::comma
hai_si mulu_wei i du_jy_hūi_tungjy nikan i jui urika ,	nn::prpn nn::prpn cm::gen nv::nv nv::nv cm::gen nv::nv nn::prpn.person mark::comma
juwete biya te fi hala mbi .	nv::nv nv::nv verb::vv e::cve verb::vv e::fve.npst mark::period
abka be fisa de sinda ra ngge sain akū ,	nv::nv cm::acc nv::nv cm::dat verb::vv e::npst.ptcp nmlz::nmlz nv::adj nv::adj mark::comma
○ bagadarhan ci uka me jide re haraldai ,	mark::circle nn::prpn.person cm::abl verb::vv e::cve verb::vv e::npst.ptcp nn::prpn.person mark::comma
bithe ara fi firu me deiji he inu mujangga ,	nv::nv verb::vv e::cve verb::vv e::cve verb::vv e::pst.ptcp nv::nv nv::adj mark::comma
juwete yan menggun šangna ha .	nv::nv nv::nv nv::nv verb::vv e::pst.ptcp mark::period
○ gangguri ,	mark::circle nn::prpn.person mark::comma
tondo banji ki .	nv::adj verb::vv e::fve.opt mark::period
orin jakūn de fusi_efu de wasimbu ha ,	nv::nv nv::nv cm::dat nn::prpn cm::dat verb::vv e::pst.ptcp mark::comma
jalda me ji he be sere fi gemu wa ha .	verb::vv e::cve verb::vv e::pst.ptcp cm::acc verb::vv e::cve nv::nv verb::vv e::pst.ptcp mark::period
aba cooha de yabu ci ,	nv::nv nv::nv cm::dat verb::vv e::cve mark::comma
hecen ara ra ba be tuwa fi ,	nv::nv verb::vv e::npst.ptcp nv::nv cm::acc verb::vv e::cve mark::comma
te re boo be getuken i icihiya me neigen bu me uji mbi kai ,	verb::vv e::npst.ptcp nv::nv cm::acc nv::adj cm::gen verb::vv e::cve nv::adj verb::vv e::cve verb::vv e::fve.npst ptcl mark::comma
nikan bu he .	nv::nv verb::vv e::pst.ptcp mark::period
muse nene me tede afa ki seme hendu fi ,	pn::1pl.incl verb::vv e::cve nv::nv verb::vv e::fve.opt comp verb::vv e::cve mark::comma
gemu faita ha ,	nv::nv verb::vv e::pst.ptcp mark::comma
gūwa gercile he de ,	nv::nv verb::vv e::pst.ptcp cm::dat mark::comma
tere inenggi ,	nv::nv nv::nv mark::comma
tahitun ,	nn::prpn.person mark::comma
sure_kundulen_han hendu me ,	nn::prpn verb::vv e::cve mark::comma
emu erin hono o hakū uthai amasi bedere he seme ala ha manggi ,	nv::nv nv::nv nv::nv verb::vv e::pst.ptcp.neg nv::nv nv::nv verb::vv e::pst.ptcp comp verb::vv e::pst.ptcp nv::nv mark::comma
jai meiren i ejen ,	nv::nv nv::nv cm::gen nv::nv mark::comma
ere aniya aba abala fi gurgu i yali ambula baha ha be daha me ,	nv::nv nv::nv nv::nv verb::vv e::cve nv::nv cm::gen nv::nv nv::nv verb::vv e::pst.ptcp cm::acc verb::vv e::cve mark::comma
anggala i ton ,	nv::nv cm::gen nv::nv mark::comma
sain be sain ,	nv::adj cm::acc nv::adj mark::comma
faksi de juwete niyalma ,	nv::nv cm::dat nv::nv nv::nv mark::comma
hūlha holo mujilen be jafa rakū ,	nv::nv nv::nv nv::nv cm::acc verb::vv e::npst.ptcp.neg mark::comma
u_tai_g'ang_ho_wei i du_jy_hūi_ši ihaca i omolo betung ,	nn::prpn cm::gen nv::nv nn::prpn.person cm::gen nv::nv nn::prpn.person mark::comma
monggo i yun de toso me gene fi ,	nv::nv cm::gen nv::nv cm::dat verb::vv e::cve verb::vv e::cve mark::comma
emu jergi buce re weile be guwebu mbi .	nv::nv nv::nv verb::vv e::npst.ptcp nv::nv cm::acc verb::vv e::fve.npst mark::period
tumen hacin i seole re ngge ,	nv::nv nv::nv cm::gen verb::vv e::npst.ptcp nmlz::nmlz mark::comma
ere juwe de ,	nv::nv nv::nv cm::dat mark::comma
○ fafula rakū ,	mark::circle verb::vv e::npst.ptcp.neg mark::comma
tofohoci jergi .	nv::nv nv::nv mark::period
muse i doro be ehe obu re niyalma kai ,	nv::nv cm::gen nv::nv cm::acc nv::adj verb::vv e::npst.ptcp nv::nv ptcl mark::comma
ciyan_šan i wang_fung_cing se i han de beye dahabu mbi seme ,	nn::prpn cm::gen nn::prpn nv::nv cm::gen nv::nv cm::dat nv::nv verb::vv e::fve.npst comp mark::comma
han ,	nv::nv mark::comma
bata kimun seme gida rakū ,	nv::nv nv::nv comp verb::vv e::npst.ptcp.neg mark::comma
golo de te he niyalma i gebu be ,	nv::nv cm::dat verb::vv e::pst.ptcp nv::nv cm::gen nv::nv cm::acc mark::comma
aca me waji ha manggi ,	verb::vv e::cve verb::vv e::pst.ptcp nv::nv mark::comma
jušen han i ehe sain be ,	nv::nv nv::nv cm::gen nv::adj nv::adj cm::acc mark::comma
○ uju mukūn i jai tatan ,	mark::circle nv::nv nv::nv cm::gen nv::nv nv::nv mark::comma
waliya fi gene ki ,	verb::vv e::cve verb::vv e::fve.opt mark::comma
bi suwen i jalin de hendu mbi dere ,	pn::1sg pn::2pl cm::gen nv::nv cm::dat verb::vv e::fve.npst ptcl mark::comma
fejergi jalan i niyalma ,	nv::nv nv::nv cm::gen nv::nv mark::comma
munggu ,	nn::prpn.person mark::comma
muse i dolo amasi julesi ubaša me banji mbi o seme ilaka be wa ha .	nv::nv cm::gen nv::nv nv::nv nv::nv verb::vv e::cve verb::vv e::fve.npst ptcl comp nn::prpn.person cm::acc verb::vv e::pst.ptcp mark::period
han hendu me ,	nv::nv verb::vv e::cve mark::comma
beye hūdun ji ∅ seme takūra ha bi he ,	nv::nv nv::adj verb::vv e::fve.imperative comp verb::vv e::pst.ptcp verb::vv e::pst.ptcp mark::comma
jakūta_golo i amban bi he ,	nn::prpn cm::gen nv::nv verb::vv e::pst.ptcp mark::comma
karun i niyalma ,	nv::nv cm::gen nv::nv mark::comma
meni meni harangga ba de bisi re alban i ihan be hūdun baica fi bu rakū ci ,	nv::nv nv::nv nv::nv nv::nv cm::dat verb::vv e::npst.ptcp nv::nv cm::gen nv::nv cm::acc nv::adj verb::vv e::cve verb::vv e::npst.ptcp.neg e::cve mark::comma
○ ineku tere inenggi ,	mark::circle nv::nv nv::nv nv::nv mark::comma
suwe ambula baha ha hafan ,	pn::2pl nv::nv verb::vv e::pst.ptcp nv::nv mark::comma
jeku bisi re niyalma i ton de dosimbu ∅ ,	nv::nv verb::vv e::npst.ptcp nv::nv cm::gen nv::nv cm::dat verb::vv e::fve.imperative mark::comma
han be bai me jide re de ,	nv::nv cm::acc verb::vv e::cve verb::vv e::npst.ptcp cm::dat mark::comma
bumbai ,	nn::prpn.person mark::comma
jergi niyalma ci sitabu fi ,	nv::nv nv::nv cm::abl verb::vv e::cve mark::comma
ai ai furdehe tana seke buta ha ,	nv::nv nv::nv nv::nv nv::nv nv::nv verb::vv e::pst.ptcp mark::comma
jaifiyan i oforo de cooha bi hebi ,	nv::nv cm::gen nv::nv cm::dat nv::nv verb::vv e::fve.prs.prf mark::comma
indahūci janggin ,	nn::prpn.person nv::nv mark::comma
jakūn gūsa i beile se ya weile baha ci ,	nv::nv nv::nv cm::gen nv::nv nv::nv nv::nv nv::nv verb::vv e::cve mark::comma
kubu hekū šanggiyan ,	verb::vv e::pst.ptcp.neg nv::nv mark::comma
ihan i beye i amban ajige be gemu bithe ara fi ,	nv::nv cm::gen nv::nv cm::gen nv::nv nv::adj cm::acc nv::nv nv::nv verb::vv e::cve mark::comma
juwe ulgiyan ,	nv::nv nv::nv mark::comma
○ muse i sinda fi unggi he bak_taiji ,	mark::circle nv::nv cm::gen verb::vv e::cve verb::vv e::pst.ptcp nn::prpn mark::comma
tere i amala manggūltai_beile jura ka ,	nv::nv cm::gen nv::nv nn::prpn verb::vv e::pst.ptcp mark::comma
sa mbi seme gisun hendu fi unggi ∅ ,	verb::vv e::fve.npst comp nv::nv verb::vv e::cve verb::vv e::fve.imperative mark::comma
niru i ejen ,	nv::nv cm::gen nv::nv mark::comma
g'ai_jeo ,	nn::prpn mark::comma
aisin menggun sabu mbi o ,	nv::nv nv::nv verb::vv e::fve.npst ptcl mark::comma
gemu emu ba de te hebi ,	nv::nv nv::nv nv::nv cm::dat verb::vv e::fve.prs.prf mark::comma
juwan emu yan i weile waliya mbi ,	nv::nv nv::nv nv::nv cm::gen nv::nv verb::vv e::fve.npst mark::comma
emte gecuheri ,	nv::nv nv::nv mark::comma
han i uksun i deo jiberi_dujiho i sargan jui be ,	nv::nv cm::gen nv::nv cm::gen nv::nv nn::prpn cm::gen nv::nv nv::nv cm::acc mark::comma
han sa fi ,	nv::nv verb::vv e::cve mark::comma
emu minggan uksin i niyalma be dele nonggi me unggi fi ,	nv::nv nv::nv nv::nv cm::gen nv::nv cm::acc nv::nv verb::vv e::cve verb::vv e::cve mark::comma
jugūn de aika nungne me cuwangna ha de ,	nv::nv cm::dat nv::nv verb::vv e::cve verb::vv e::pst.ptcp cm::dat mark::comma
min i emu juwe niyalma be gaibu ci ,	pn::1sg cm::gen nv::nv nv::nv nv::nv cm::acc verb::vv e::cve mark::comma
monggo i boigon de anggala tolo me ,	nv::nv cm::gen nv::nv cm::dat nv::nv verb::vv e::cve mark::comma
amba sarin sarila ha .	nv::adj nv::nv verb::vv e::pst.ptcp mark::period
sin be adarame doro jafabu re ,	pn::2sg cm::acc nv::nv nv::nv verb::vv e::npst.ptcp mark::comma
gūsin duin niyalma gene fi nadan dedu he manggi ,	nv::nv nv::nv nv::nv verb::vv e::cve nv::nv verb::vv e::pst.ptcp nv::nv mark::comma
abka i jori ha tere amba ganio be we jailabu mbi ,	nv::nv cm::gen verb::vv e::pst.ptcp nv::nv nv::adj nv::adj cm::acc nv::nv verb::vv e::fve.npst mark::comma
○ šajin_bayan i susai yan i gung be ,	mark::circle nn::prpn cm::gen nv::nv nv::nv cm::gen nv::nv cm::acc mark::comma
nikan i geren iogi hafasa de ,	nv::nv cm::gen nv::adj nv::nv nv::nv cm::dat mark::comma
fataha ,	nn::prpn.person mark::comma
caihu_mafa ,	nn::prpn mark::comma
○ usin fehu me boo icihiya me ,	mark::circle nv::nv verb::vv e::cve nv::nv verb::vv e::cve mark::comma
fakca ha de ,	verb::vv e::pst.ptcp cm::dat mark::comma
cargi ci ji he giyansi be gida fi tucibu rakū o fi ,	nv::nv cm::abl verb::vv e::pst.ptcp nv::nv cm::acc verb::vv e::cve verb::vv e::npst.ptcp.neg verb::vv e::cve mark::comma
orin haha de emu niyalma be cooha ilibu mbi ,	nv::nv nv::nv cm::dat nv::nv nv::nv cm::acc nv::nv verb::vv e::fve.npst mark::comma
gemu siden de sinda fi ,	nv::nv nv::nv cm::dat verb::vv e::cve mark::comma
gurgu i dolo doksin tasha i adali gūni me banji ha jaisai be abka wakala fi ,	nv::nv cm::gen nv::nv nv::adj nv::nv cm::gen nv::adj verb::vv e::cve verb::vv e::pst.ptcp nn::prpn.person cm::acc nv::nv verb::vv e::cve mark::comma
gerci hoko ho ,	nv::nv verb::vv e::pst.ptcp mark::comma
yangguri_efu ,	nn::prpn mark::comma
○ dodo_age i lang_iogi i wei_yūn_deng daise beiguwan bi he ,	mark::circle nn::prpn cm::gen nn::prpn cm::gen nn::prpn nv::nv nv::nv verb::vv e::pst.ptcp mark::comma
gung bu re ,	nv::nv verb::vv e::npst.ptcp mark::comma
○ ninju ,	mark::circle nv::nv mark::comma
haji sargan be gaji hakū ,	nv::adj nv::nv cm::acc verb::vv e::pst.ptcp.neg mark::comma
suwe min i baru o fi gisure ci ,	pn::2pl pn::1sg cm::gen nv::nv verb::vv e::cve verb::vv e::cve mark::comma
ninju duin hehe ,	nv::nv nv::nv nv::nv mark::comma
kiyoo ca ha gung de uji he ,	nv::nv verb::vv e::pst.ptcp nv::nv cm::dat verb::vv e::pst.ptcp mark::comma
○ juwan de ,	mark::circle nv::nv cm::dat mark::comma
ere jakūn niyalma be ,	nv::nv nv::nv nv::nv cm::acc mark::comma
eiten buya gurun i han beile se i dulimba de elhe taifin i te he genggiyen_han de bithe wesimbu he ,	nv::adj nv::adj nv::nv cm::gen nv::nv nv::nv nv::nv cm::gen nv::nv cm::dat nv::nv nv::adj cm::gen verb::vv e::pst.ptcp nn::prpn cm::dat nv::nv verb::vv e::pst.ptcp mark::comma
○ niohon gvlmahūn aniya ,	mark::circle nv::adj nv::nv nv::nv mark::comma
niowanggiyan moro fengseku uheri emu minggan sunja tanggū benji he ,	nv::adj nv::nv nv::nv nv::nv nv::nv nv::nv nv::nv nv::nv verb::vv e::pst.ptcp mark::comma
ai ai gisun gisure he gemu mujangga seme ala ha manggi ,	nv::nv nv::nv nv::nv verb::vv e::pst.ptcp nv::nv nv::adj comp verb::vv e::pst.ptcp nv::nv mark::comma
gecuheri goksi ,	nv::nv nv::nv mark::comma
ere ilan ba de dosi ka bi he ,	nv::nv nv::nv nv::nv cm::dat verb::vv e::pst.ptcp verb::vv e::pst.ptcp mark::comma
niowanggiyaha i hecen ci šun tuhe re ergi de ,	nn::prpn.plc cm::gen nv::nv cm::abl nv::nv verb::vv e::npst.ptcp nv::nv cm::dat mark::comma
jaisanggū ,	nn::prpn.person mark::comma
uhereme uyun niyalma feye baha ha ,	nv::nv nv::nv nv::nv nv::nv verb::vv e::pst.ptcp mark::comma
juwan emu yan i weile waliya mbi ,	nv::nv nv::nv nv::nv cm::gen nv::nv verb::vv e::fve.npst mark::comma
ulin ulha aisin menggun ,	nv::nv nv::nv nv::nv nv::nv mark::comma
jugūn de morin yalu fi yabu re be baica ra ,	nv::nv cm::dat nv::nv verb::vv e::cve verb::vv e::npst.ptcp cm::acc verb::vv e::npst.ptcp mark::comma
ebše re baita o ci ,	verb::vv e::npst.ptcp nv::nv verb::vv e::cve mark::comma
sahahūn ihan aniya aniya biya i juwan jakūn de ,	nv::nv nv::nv nv::nv nv::nv nv::nv cm::gen nv::nv nv::nv cm::dat mark::comma
gene mbi se re de okdo me gaji habi ,	verb::vv e::fve.npst verb::vv e::npst.ptcp cm::dat verb::vv e::cve verb::vv e::fve.prs.prf mark::comma
emte yan aisin be juwan juwe ba de sinda fi ,	nv::nv nv::nv nv::nv cm::acc nv::nv nv::nv nv::nv cm::dat verb::vv e::cve mark::comma
ulha niyalma gaibu ha seme ala ha ,	nv::nv nv::nv verb::vv e::pst.ptcp comp verb::vv e::pst.ptcp mark::comma
hai_si niman_wei i du_jy_hūi_ciyanši umehe i jui sucihu ,	nn::prpn nn::prpn cm::gen nv::nv nn::prpn.person cm::gen nv::nv nn::prpn.person mark::comma
tung_yang_sing be ,	nn::prpn cm::acc mark::comma
buce ci ,	verb::vv e::cve mark::comma
ula de ilan feye baha ha seme juwan emute yan i weile waliya mbi ,	nv::nv cm::dat nv::nv nv::nv verb::vv e::pst.ptcp comp nv::nv nv::nv nv::nv cm::gen nv::nv verb::vv e::fve.npst mark::comma
nene me dosi fi feye baha ha seme olji bu rakū ,	verb::vv e::cve verb::vv e::cve nv::nv verb::vv e::pst.ptcp comp nv::nv verb::vv e::npst.ptcp.neg mark::comma
puho hecen be gai fi ,	nn::prpn.plc nv::nv cm::acc verb::vv e::cve mark::comma
unege be han ci hokobu rakū ci ojo rakū seme hendu he se re seme ,	nn::prpn.person cm::acc nv::nv cm::abl verb::vv e::npst.ptcp.neg e::cve verb::vv e::npst.ptcp.neg comp verb::vv e::pst.ptcp verb::vv e::npst.ptcp comp mark::comma
afabu ha weile be mute mbi ,	verb::vv e::pst.ptcp nv::nv cm::acc verb::vv e::fve.npst mark::comma
ulgiyan de ninggun niyalma ,	nv::nv cm::dat nv::nv nv::nv mark::comma
inu sin de ebune mbi ,	nv::nv pn::2sg cm::dat verb::vv e::fve.npst mark::comma
gemu amasi bederebu me bu he .	nv::nv nv::nv verb::vv e::cve verb::vv e::pst.ptcp mark::period
orita honin bu he ,	nv::nv nv::nv verb::vv e::pst.ptcp mark::comma
suwe meni meni gūsa i beile se amban sa be isabu fi hūlha me tuwa ∅ ,	pn::2pl nv::nv nv::nv nv::nv cm::gen nv::nv nv::nv nv::nv nv::nv cm::acc verb::vv e::cve verb::vv e::cve verb::vv e::fve.imperative mark::comma
tsoo_ho_wei i du_jy_hūi_tungjy cooha i jui daisanggū ,	nn::prpn cm::gen nv::nv nv::nv cm::gen nv::nv nn::prpn.person mark::comma
cekemu emte ,	nv::nv nv::nv mark::comma
ere juwe amban de susaita yan i weile gai ha .	nv::nv nv::nv nv::nv cm::dat nv::nv nv::nv cm::gen nv::nv verb::vv e::pst.ptcp mark::period
monggo gurun i ejen temujin ,	nv::nv nv::nv cm::gen nv::nv nn::prpn.person mark::comma
lung_king ni ilaci aniya duin biya i orin sunja de baha ha ,	nn::prpn cm::gen nv::nv nv::nv nv::nv nv::nv cm::gen nv::nv nv::nv cm::dat verb::vv e::pst.ptcp mark::comma
mungtan ,	nn::prpn.person mark::comma
suje uda ci ,	nv::nv verb::vv e::cve mark::comma
liyoodung ni fe juwe iogi be adabu fi unggi fi tuwa me icihiyabu ∅ ,	nn::prpn.plc cm::gen nv::adj nv::nv nv::nv cm::acc verb::vv e::cve verb::vv e::cve verb::vv e::cve verb::vv e::fve.imperative mark::comma
sin be birai_wargi niyalma bele me okto unggi mbi ,	pn::2sg cm::acc nn::prpn nv::nv verb::vv e::cve nv::nv verb::vv e::fve.npst mark::comma
tamse ,	nv::nv mark::comma
dain i jurgan be sa mbi ,	nv::nv cm::gen nv::nv cm::acc verb::vv e::fve.npst mark::comma
abka i acabu ha be gūni rakū geodebu me holto me yabu ci ,	nv::nv cm::gen verb::vv e::pst.ptcp cm::acc verb::vv e::npst.ptcp.neg verb::vv e::cve verb::vv e::cve verb::vv e::cve mark::comma
jai gūsin boigon ,	nv::nv nv::nv nv::nv mark::comma
doro be gūni me wa rakū gaija rakū dere ,	nv::nv cm::acc verb::vv e::cve verb::vv e::npst.ptcp.neg verb::vv e::npst.ptcp.neg ptcl mark::comma
julergi de te he orin sunja uksin ,	nv::nv cm::dat verb::vv e::pst.ptcp nv::nv nv::nv nv::nv mark::comma
lung_king ni duici aniya nadan biya i orin jakūn de baha ha ,	nn::prpn cm::gen nv::nv nv::nv nv::nv nv::nv cm::gen nv::nv nv::nv cm::dat verb::vv e::pst.ptcp mark::comma
kalka aca fi korcin i ooba_hūwang_taiji be wa ki gai ki seme cooha ji he ,	nv::nv verb::vv e::cve nn::prpn.plc cm::gen nn::prpn cm::acc verb::vv e::fve.opt verb::vv e::fve.opt comp nv::nv verb::vv e::pst.ptcp mark::comma
orho moo elgiyen ,	nv::nv nv::nv nv::adj mark::comma
hife gebungge juwe amban be takūra ha bi he ,	nv::nv nv::adj nv::nv nv::nv cm::acc verb::vv e::pst.ptcp verb::vv e::pst.ptcp mark::comma
dzung_bing_guwan ,	nv::nv mark::comma
hecen de tafa ka medege be coko erin de alanji ha manggi ,	nv::nv cm::dat verb::vv e::pst.ptcp nv::nv cm::acc nv::nv nv::nv cm::dat verb::vv e::pst.ptcp nv::nv mark::comma
jakūn honin jafa fi hengkile me aca ha .	nv::nv nv::nv verb::vv e::cve verb::vv e::cve verb::vv e::pst.ptcp mark::period
han sa kini ,	nv::nv verb::vv e::fve.opt mark::comma
weile waji re doro tere kai ,	nv::nv verb::vv e::npst.ptcp nv::nv nv::nv ptcl mark::comma
tere alanji ha gisun de ,	nv::nv verb::vv e::pst.ptcp nv::nv cm::dat mark::comma
ineku sakda i šusai juleri dosi ka ,	nv::nv nv::adj cm::gen nv::nv nv::nv verb::vv e::pst.ptcp mark::comma
uksin saca gida jangkū sirdan dain i agūra be gemu gai fi yabu mbihe ,	nv::nv nv::nv nv::nv nv::nv nv::nv nv::nv cm::gen nv::nv cm::acc nv::nv verb::vv e::cve verb::vv e::fve.pst.ipfv mark::comma
gene me emu inenggi emu dobori ,	verb::vv e::cve nv::nv nv::nv nv::nv nv::nv mark::comma
ehe sain be dere bani rakū ,	nv::adj nv::adj cm::acc nv::nv verb::vv e::npst.ptcp.neg mark::comma
han ama i tacibu me hendu he gisun be eje rakū ,	nv::nv nv::nv cm::gen verb::vv e::cve verb::vv e::pst.ptcp nv::nv cm::acc verb::vv e::npst.ptcp.neg mark::comma
in i ajige jui be gai fi ,	pn::3sg cm::gen nv::adj nv::nv cm::acc verb::vv e::cve mark::comma
gene ci gene kini seme usin jeku icihiya me bu hekūbi kai ,	verb::vv e::cve verb::vv e::fve.opt comp nv::nv nv::nv verb::vv e::cve verb::vv e::fve.prs.prf.neg ptcl mark::comma
amba age be emhun juleri unggi fi ,	nv::adj nv::nv cm::acc nv::nv nv::nv verb::vv e::cve mark::comma
tsangsari ,	nn::prpn.person mark::comma
ganggada ,	nn::prpn.person mark::comma
afabu ha weile be mute mbi ,	verb::vv e::pst.ptcp nv::nv cm::acc verb::vv e::fve.npst mark::comma
šangna ra ba de juse deote beiguwan i hergen de baha kini seme hendu he ,	verb::vv e::npst.ptcp nv::nv cm::dat nv::nv nv::nv nv::nv cm::gen nv::nv cm::dat verb::vv e::fve.opt comp verb::vv e::pst.ptcp mark::comma
jori ha jurgan be jurce rakū seme ,	verb::vv e::pst.ptcp nv::nv cm::acc verb::vv e::npst.ptcp.neg comp mark::comma
uksin be asara fi si jai atanggi etu ki se mbi ,	nv::nv cm::acc verb::vv e::cve pn::2sg nv::nv nv::nv verb::vv e::fve.opt verb::vv e::fve.npst mark::comma
hūlha me je ke ngge ere juwe weile be ,	verb::vv e::cve verb::vv e::pst.ptcp nmlz::nmlz nv::nv nv::nv nv::nv cm::acc mark::comma
suna ,	nv::nv mark::comma
tere ci cooha gene ci ,	nv::nv cm::abl nv::nv verb::vv e::cve mark::comma
sin i kadala ra ba i niyalma be ,	pn::2sg cm::gen verb::vv e::npst.ptcp nv::nv cm::gen nv::nv cm::acc mark::comma
gosi re doro be ume lashala ra ,	verb::vv e::npst.ptcp nv::nv cm::acc nv::nv verb::vv e::npst.ptcp mark::comma
tuba be gūni fi ,	nv::nv cm::acc verb::vv e::cve mark::comma
oforo šan toko ho .	nv::nv nv::nv verb::vv e::pst.ptcp mark::period
juwe jergi buce re weile be guwebu mbi .	nv::nv nv::nv verb::vv e::npst.ptcp nv::nv cm::acc verb::vv e::fve.npst mark::period
gulu šanggiyan i gūsa i juwan uyun da ,	nv::adj nv::nv cm::gen nv::nv cm::gen nv::nv nv::nv nv::nv mark::comma
turgei bi ,	nn::prpn.person verb::vv.npst mark::comma
baha rakū ba de o ci ,	verb::vv e::npst.ptcp.neg nv::nv cm::dat verb::vv e::cve mark::comma
) gene re de unggi he bithe i gisun ,	mark::rparen verb::vv e::npst.ptcp cm::dat verb::vv e::pst.ptcp nv::nv cm::gen nv::nv mark::comma
bi nikan i gese gelebu rakū ,	pn::1sg nv::nv cm::gen nv::nv verb::vv e::npst.ptcp.neg mark::comma
jakūn dere dasa fi sarin sarila ra de ,	nv::nv nv::nv verb::vv e::cve nv::nv verb::vv e::npst.ptcp cm::dat mark::comma
minggan cooha be da me unggi he manggi ,	nv::nv nv::nv cm::acc verb::vv e::cve verb::vv e::pst.ptcp nv::nv mark::comma
han i pai be gai fi ,	nv::nv cm::gen nv::nv cm::acc verb::vv e::cve mark::comma
efule me gemu baha ha manggi ,	verb::vv e::cve nv::nv verb::vv e::pst.ptcp nv::nv mark::comma
ji he beile se suwe ,	verb::vv e::pst.ptcp nv::nv nv::nv pn::2pl mark::comma
jakūnjuta boso ,	nv::nv nv::nv mark::comma
bai me ji he juse be ,	verb::vv e::cve verb::vv e::pst.ptcp nv::nv cm::acc mark::comma
emu morin de ulebu re liyoo be juwan morin de ulebu mbi ,	nv::nv nv::nv cm::dat verb::vv e::npst.ptcp nv::nv cm::acc nv::nv nv::nv cm::dat verb::vv e::fve.npst mark::comma
wanjan ,	nn::prpn.person mark::comma
orin sunja yan i weile waliya mbi ,	nv::nv nv::nv nv::nv cm::gen nv::nv verb::vv e::fve.npst mark::comma
jori ha jurgan be jurce rakū seme ,	verb::vv e::pst.ptcp nv::nv cm::acc verb::vv e::npst.ptcp.neg comp mark::comma
dain i dosi re be si baha fi sarkū ci ,	nv::nv cm::gen verb::vv e::npst.ptcp cm::acc pn::2sg verb::vv e::cve nv::nv cm::abl mark::comma
wan_lii i uyuci aniya duin biya i orin jakūn de baha ha ,	nn::prpn cm::gen nv::nv nv::nv nv::nv nv::nv cm::gen nv::nv nv::nv cm::dat verb::vv e::pst.ptcp mark::comma
boo i uji he ujima ,	nv::nv cm::gen verb::vv e::pst.ptcp nv::nv mark::comma
○ orin de ,	mark::circle nv::nv cm::dat mark::comma
○ ice duin de ,	mark::circle nv::adj nv::nv cm::dat mark::comma
wan_lii i uyuci aniya duin biya i orin jakūn de baha ha ,	nn::prpn cm::gen nv::nv nv::nv nv::nv nv::nv cm::gen nv::nv nv::nv cm::dat verb::vv e::pst.ptcp mark::comma
fu_si_keo boo i guile he ilan šoro gaji ha .	nn::prpn nv::nv cm::gen verb::vv e::pst.ptcp nv::nv nv::nv verb::vv e::pst.ptcp mark::period
amba_fujin i ara ha weile be ala fi ,	nn::prpn cm::gen verb::vv e::pst.ptcp nv::nv cm::acc verb::vv e::cve mark::comma
sin i tafula ra mujangga kai ,	pn::2sg cm::gen verb::vv e::npst.ptcp nv::adj ptcl mark::comma
sahaji ,	nn::prpn.person mark::comma
gaha_ho_wei i du_jy_hūi_ciyanši mulamu i jui bahamu ,	nn::prpn cm::gen nv::nv nn::prpn.person cm::gen nv::nv nn::prpn.person mark::comma
bi yan_geng be geli niyalma takūra fi dasa me yargiyala me baica fi ,	pn::1sg nn::prpn cm::acc nv::nv nv::nv verb::vv e::cve verb::vv e::cve verb::vv e::cve verb::vv e::cve mark::comma
geren buya hafan be hengkile me acabu ha ,	nv::adj nv::adj nv::nv cm::acc verb::vv e::cve verb::vv e::pst.ptcp mark::comma
gašan gašan i bargiya ha niyalma be tuwana me unggi ∅ .	nv::nv nv::nv cm::gen verb::vv e::pst.ptcp nv::nv cm::acc verb::vv e::cve verb::vv e::fve.imperative mark::period
han halhūn muke ci ji he .	nv::nv nv::adj nv::nv cm::abl verb::vv e::pst.ptcp mark::period
han hendu me ,	nv::nv verb::vv e::cve mark::comma
○ emu niru i orin sunjata uksin be tucibu fi ,	mark::circle nv::nv nv::nv cm::gen nv::nv nv::nv nv::nv cm::acc verb::vv e::cve mark::comma
jang_jing_be ,	nn::prpn mark::comma
ehe o fi bi umai dere akū kai ,	nv::adj verb::vv e::cve pn::1sg nv::nv nv::nv nv::adj ptcl mark::comma
juwan boo i jušen gai mbihe ,	nv::nv nv::nv cm::gen nv::nv verb::vv e::fve.pst.ipfv mark::comma
mederi bitu me te he hūwang_gu_doo ,	nv::nv verb::vv e::cve verb::vv e::pst.ptcp nn::prpn mark::comma
ilan morin gaji me uka me ji he seme ,	nv::nv nv::nv verb::vv e::cve verb::vv e::cve verb::vv e::pst.ptcp comp mark::comma
bi abka na i arbun be tuwa me yabu mbi kai ,	pn::1sg nv::nv nv::nv cm::gen nv::nv cm::acc verb::vv e::cve verb::vv e::fve.npst ptcl mark::comma
nadaci aniya juwe biya i ice uyun de baha ha ,	nv::nv nv::nv nv::nv nv::nv cm::gen nv::adj nv::nv cm::dat verb::vv e::pst.ptcp mark::comma
cooha i niyalma hecen i ninggu de uksile fi ,	nv::nv cm::gen nv::nv nv::nv cm::gen nv::nv cm::dat verb::vv e::cve mark::comma
orin sunja gin dabsun šangna me bu he .	nv::nv nv::nv nv::nv nv::nv verb::vv e::cve verb::vv e::pst.ptcp mark::period
emu tanggū dehi boo ,	nv::nv nv::nv nv::nv nv::nv mark::comma
jirgalang_age ,	nn::prpn mark::comma
waka uru be saikan geterembu me bodo fi ,	nv::adj nv::nv cm::acc nv::adj verb::vv e::cve verb::vv e::cve mark::comma
gulhun hai_si donggo_šan_wei i du_jy_hūi_ciyanši cibi i omolo babu ,	nv::adj nn::prpn nn::prpn cm::gen nv::nv nn::prpn.person cm::gen nv::nv nn::prpn.person mark::comma
○ ice ilan i inenggi ,	mark::circle nv::adj nv::nv cm::gen nv::nv mark::comma
udahai niru i emu niyalma ,	nn::prpn.person nv::nv cm::gen nv::nv nv::nv mark::comma
uju jergi beiguwan i caliyan ,	nv::nv nv::nv nv::nv cm::gen nv::nv mark::comma
nanjilan ,	nn::prpn.person mark::comma
sain olhoba niyalma be ejen ara fi unggi ∅ ,	nv::adj nv::adj nv::nv cm::acc nv::nv verb::vv e::cve verb::vv e::fve.imperative mark::comma
pojan cargilakū efibu he ,	nv::nv nv::nv verb::vv e::pst.ptcp mark::comma
amba yali sile ,	nv::adj nv::nv nv::nv mark::comma
baduhū be suwe unggi ci ,	nn::prpn.person cm::acc pn::2pl verb::vv e::cve mark::comma
han i hūncihin be wa ha ,	nv::nv cm::gen nv::nv cm::acc verb::vv e::pst.ptcp mark::comma
jakūn gūsa i niyalma de gemu donjibu ∅ .	nv::nv nv::nv cm::gen nv::nv cm::dat nv::nv verb::vv e::fve.imperative mark::period
yoto_age i sun_beiguwan be tuba de baha fi sinda ha ,	nn::prpn cm::gen nn::prpn cm::acc nv::nv cm::dat verb::vv e::cve verb::vv e::pst.ptcp mark::comma
emu niyalma be weihun jafa habi ,	nv::nv nv::nv cm::acc nv::adj verb::vv e::fve.prs.prf mark::comma
jeku tuwakiya ra ejen uhe tuwakiya ∅ ,	nv::nv verb::vv e::npst.ptcp nv::nv nv::nv verb::vv e::fve.imperative mark::comma
siokune ,	nn::prpn.person mark::comma
tuci fi yabu re ba de o cibe ,	verb::vv e::cve verb::vv e::npst.ptcp nv::nv cm::dat verb::vv e::cve mark::comma
min i tafula ra gisun be gai fi ,	pn::1sg cm::gen verb::vv e::npst.ptcp nv::nv cm::acc verb::vv e::cve mark::comma
šajin de duile fi ,	nv::nv cm::dat verb::vv e::cve mark::comma
ilan tanggū ihan ,	nv::nv nv::nv nv::nv mark::comma
cing_ho_pu i dolo tuwa bi ,	nn::prpn cm::gen nv::nv nv::nv verb::vv.npst mark::comma
jakūta de emu feye ,	nv::nv cm::dat nv::nv nv::nv mark::comma
nikan han de cooha bai ha be ,	nv::nv nv::nv cm::dat nv::nv verb::vv e::pst.ptcp cm::acc mark::comma
ba i ejen hafan de habša ∅ ,	nv::nv cm::gen nv::nv nv::nv cm::dat verb::vv e::fve.imperative mark::comma
○ beiguwan barintai ,	mark::circle nv::nv nn::prpn.person mark::comma
guwangning ni hafasa ,	nn::prpn.plc cm::gen nv::nv mark::comma
sirabu ,	nn::prpn.person mark::comma
tubihe uji re ilan minggan juwe tanggū haha isi rakū seme jasi habi ,	nv::nv verb::vv e::npst.ptcp nv::nv nv::nv nv::nv nv::nv nv::nv verb::vv e::npst.ptcp.neg comp verb::vv e::fve.prs.prf mark::comma
ihan honin wa fi amba sarin sarila me ,	nv::nv nv::nv verb::vv e::cve nv::adj nv::nv verb::vv e::cve mark::comma
jai yentai i jui dureng ,	nv::nv nn::prpn.person cm::gen nv::nv nn::prpn.person mark::comma
tule gene re horho tuwa ra ,	nv::nv verb::vv e::npst.ptcp nv::nv verb::vv e::npst.ptcp mark::comma
ulgiyan ,	nv::nv mark::comma
mandulai ,	nn::prpn.person mark::comma
fakca rakū ci ,	verb::vv e::npst.ptcp.neg e::cve mark::comma
eiten niyalma i buye he gūni ha jaka be gemu isibu ha ,	nv::adj nv::nv cm::gen verb::vv e::pst.ptcp verb::vv e::pst.ptcp nv::nv cm::acc nv::nv verb::vv e::pst.ptcp mark::comma
mocin susai ,	nv::nv nv::nv mark::comma
wan_lii i sunjaci aniya jorgon biya i ice sunja de baha ha ,	nn::prpn cm::gen nv::nv nv::nv nv::nv nv::nv cm::gen nv::adj nv::nv cm::dat verb::vv e::pst.ptcp mark::comma
○ kubu he lamun ,	mark::circle verb::vv e::pst.ptcp nv::adj mark::comma
hiyan_šan ,	nn::prpn mark::comma
tutala orin funce me tana be yasun aibide baha ha ,	nv::nv nv::nv verb::vv e::cve nv::nv cm::acc nn::prpn.person nv::nv verb::vv e::pst.ptcp mark::comma
kasari ,	nv::nv mark::comma
han ,	nv::nv mark::comma
jušen juwe tanggū haha gai mbihe ,	nv::nv nv::nv nv::nv nv::nv verb::vv e::fve.pst.ipfv mark::comma
jai jušen nikan meni meni giyai dende fi te hebi kai ,	nv::nv nv::nv nv::nv nv::nv nv::nv nv::nv verb::vv e::cve verb::vv e::fve.prs.prf ptcl mark::comma
duin tumen cooha be gai fi ,	nv::nv nv::nv nv::nv cm::acc verb::vv e::cve mark::comma
enteheme wesihun niyalma de jobocun golocun bi ,	nv::nv nv::nv nv::nv cm::dat nv::nv nv::nv verb::vv.npst mark::comma
○ juwan emu de ,	mark::circle nv::nv nv::nv cm::dat mark::comma
ongnoi i elcin ,	nn::prpn.person cm::gen nv::nv mark::comma
megu ,	nv::nv mark::comma
daihal sin be inu uji fi sinda fi unggi he ,	nn::prpn.person pn::2sg cm::acc nv::nv verb::vv e::cve verb::vv e::cve verb::vv e::pst.ptcp mark::comma
eje me gai ∅ seme gai ha .	verb::vv e::cve verb::vv e::fve.imperative comp verb::vv e::pst.ptcp mark::period
suwen i monggo ume dosi re ,	pn::2pl cm::gen nv::nv nv::nv verb::vv e::npst.ptcp mark::comma
fujiyang ci fakca ha de ,	nv::nv cm::abl verb::vv e::pst.ptcp cm::dat mark::comma
juwan ilan hule jeku bi he ,	nv::nv nv::nv nv::nv nv::nv verb::vv e::pst.ptcp mark::comma
dudu_age ,	nn::prpn mark::comma
mute rakū ci alanji ∅ ,	verb::vv e::npst.ptcp.neg e::cve verb::vv e::fve.imperative mark::comma
tere inu hūturi kai ,	nv::nv nv::nv nv::nv ptcl mark::comma
enggeder min be abka wakala fi sui isi kini ,	nn::prpn.person pn::1sg cm::acc nv::nv verb::vv e::cve nv::nv verb::vv e::fve.opt mark::comma
caiha ci julesi ,	nn::prpn.plc cm::abl nv::nv mark::comma
emu niru i ninggute uksin i niyalma be gai fi ,	nv::nv nv::nv cm::gen nv::nv nv::nv cm::gen nv::nv cm::acc verb::vv e::cve mark::comma
gebakū ,	nn::prpn.person mark::comma
sogi de tofohon yan gai mbihe ,	nv::nv cm::dat nv::nv nv::nv verb::vv e::fve.pst.ipfv mark::comma
yekšu i orin sunja yan i gung be samha ji fi faita ha .	nn::prpn.person cm::gen nv::nv nv::nv nv::nv cm::gen nv::nv cm::acc nv::nv verb::vv e::cve verb::vv e::pst.ptcp mark::period
yali be je me ,	nv::nv cm::acc verb::vv e::cve mark::comma
doro i jalin de buce mbi kai ,	nv::nv cm::gen nv::nv cm::dat verb::vv e::fve.npst ptcl mark::comma
○ dobui be ,	mark::circle nn::prpn.person cm::acc mark::comma
men be encu gurun i emgi emu o hobi seme ,	pn::1pl.excl cm::acc nv::nv nv::nv cm::gen nv::nv nv::nv verb::vv e::fve.prs.prf comp mark::comma
beye buce kini ,	nv::nv verb::vv e::fve.opt mark::comma
aha ,	nv::nv mark::comma
sebun be te me goida mbi seme gosi ci ,	nn::prpn.person cm::acc verb::vv e::cve verb::vv e::fve.npst comp verb::vv e::cve mark::comma
gurun i suila ra jobo ro ngge ,	nv::nv cm::gen verb::vv e::npst.ptcp verb::vv e::npst.ptcp nmlz::nmlz mark::comma
beile se ,	nv::nv nv::nv mark::comma
duici inenggi gene re de ,	nv::nv nv::nv verb::vv e::npst.ptcp cm::dat mark::comma
si gashū fi sain se he ngge aba ,	pn::2sg verb::vv e::cve nv::adj verb::vv e::pst.ptcp nmlz::nmlz nv::nv mark::comma
irgen be gejure he weile be ,	nv::nv cm::acc verb::vv e::pst.ptcp nv::nv cm::acc mark::comma
karun i niyalma de alanji habi ,	nv::nv cm::gen nv::nv cm::dat verb::vv e::fve.prs.prf mark::comma
kobjilak gai ha .	nn::prpn.person verb::vv e::pst.ptcp mark::period
alban i menggun bu fi gaija ra ihan be ,	nv::nv cm::gen nv::nv verb::vv e::cve verb::vv e::npst.ptcp nv::nv cm::acc mark::comma
jakūn gūsa i amban sa golo dende fi gene fi ,	nv::nv nv::nv cm::gen nv::nv nv::nv nv::nv verb::vv e::cve verb::vv e::cve mark::comma
suna tere dobori alana ci ,	nv::nv nv::nv nv::nv verb::vv e::cve mark::comma
uheri susai suje ,	nv::nv nv::nv nv::nv mark::comma
ujungga niyalma i gebu fonji fi ,	nv::adj nv::nv cm::gen nv::nv verb::vv e::cve mark::comma
○ obondoi ,	mark::circle nn::prpn.person mark::comma
gemu emu ba de bargiya kini seme ,	nv::nv nv::nv nv::nv cm::dat verb::vv e::fve.opt comp mark::comma
nikan i cooha i morin turgala ra ,	nv::nv cm::gen nv::nv cm::gen nv::nv verb::vv e::npst.ptcp mark::comma
goho ,	nn::prpn.plc mark::comma
han meihe erin de dung_ging ni hecen de dosi ka ,	nv::nv nv::nv nv::nv cm::dat nn::prpn cm::gen nv::nv cm::dat verb::vv e::pst.ptcp mark::comma
jori ha jurgan be jurce rakū seme beiguwan obu ha .	verb::vv e::pst.ptcp nv::nv cm::acc verb::vv e::npst.ptcp.neg comp nv::nv verb::vv e::pst.ptcp mark::period
yaya akdun be tuwa me unggi mbi ,	nv::nv nv::adj cm::acc verb::vv e::cve verb::vv e::fve.npst mark::comma
○ hahana tsanjiyang be wesibu fi fujiyang obu ha .	mark::circle nn::prpn.person nv::nv cm::acc verb::vv e::cve nv::nv verb::vv e::pst.ptcp mark::period
jarut ba i jongnon_beile ,	nn::prpn.plc nv::nv cm::gen nn::prpn mark::comma
eihen emu tanggū bu he ,	nv::nv nv::nv nv::nv verb::vv e::pst.ptcp mark::comma
ahūta deote de gemu neigen ishun kundule me banji cina ,	nv::nv nv::nv cm::dat nv::nv nv::adj nv::nv verb::vv e::cve verb::vv e::fve.opt mark::comma
han hendu me ,	nv::nv verb::vv e::cve mark::comma
afabu ha jurgan be tondo i banji ki ,	verb::vv e::pst.ptcp nv::nv cm::acc nv::adj cm::gen verb::vv e::fve.opt mark::comma
tede jai udu funce mbi ,	nv::nv nv::nv nv::nv verb::vv e::fve.npst mark::comma
dartai uthai dule me gene fi bira be doo fi tuwa ci ,	nv::nv nv::nv verb::vv e::cve verb::vv e::cve nv::nv cm::acc verb::vv e::cve verb::vv e::cve mark::comma
yahican i fujiyang ni hergen be wasibu fi tsanjiyang obu ha ,	nn::prpn.person cm::gen nv::nv cm::gen nv::nv cm::acc verb::vv e::cve nv::nv verb::vv e::pst.ptcp mark::comma
juwan juwe ci jergi ,	nv::nv verb::vv e::cve nv::nv mark::comma
min i sinda ha tung_iogi be jafa fi nikan de bene me ubaša ha ,	pn::1sg cm::gen verb::vv e::pst.ptcp nn::prpn cm::acc verb::vv e::cve nv::nv cm::dat verb::vv e::cve verb::vv e::pst.ptcp mark::comma
min be daila ki seme abka na de gashū ha be ,	pn::1sg cm::acc verb::vv e::fve.opt comp nv::nv nv::nv cm::dat verb::vv e::pst.ptcp cm::acc mark::comma
ula i fio_hoton i dain de juwe feye baha ha seme sunja yan i weile waliya mbi ,	nv::nv cm::gen nn::prpn cm::gen nv::nv cm::dat nv::nv nv::nv verb::vv e::pst.ptcp comp nv::nv nv::nv cm::gen nv::nv verb::vv e::fve.npst mark::comma
tere mujilen dere ,	nv::nv nv::nv ptcl mark::comma
afabu ha weile be mute mbi ,	verb::vv e::pst.ptcp nv::nv cm::acc verb::vv e::fve.npst mark::comma
dai_iogi ,	nn::prpn mark::comma
morin i ninggu ci in i gala i tere ihan i senggi be abka de so ha ,	nv::nv cm::gen nv::nv cm::abl pn::3sg cm::gen nv::nv cm::gen nv::nv nv::nv cm::gen nv::nv cm::acc nv::nv cm::dat verb::vv e::pst.ptcp mark::comma
abka de šanggiyan morin wa fi ,	nv::nv cm::dat nv::nv nv::nv verb::vv e::cve mark::comma
juwe tanggū susai yan menggun be ,	nv::nv nv::nv nv::nv nv::nv nv::nv cm::acc mark::comma
jui uru ,	nv::nv nv::nv mark::comma
hai_si isi_wei i du_jy_hūi_ciyanši ujanta i jui saosi ,	nn::prpn nn::prpn cm::gen nv::nv nn::prpn.person cm::gen nv::nv nn::prpn.person mark::comma
yahican fujiyang ,	nn::prpn.person nv::nv mark::comma
gemu tere kai ,	nv::nv nv::nv ptcl mark::comma
duin biya i ice inenggi wasimbu ha ,	nv::nv nv::nv cm::gen nv::adj nv::nv verb::vv e::pst.ptcp mark::comma
iogi cergei ,	nv::nv nn::prpn.person mark::comma
meiren i ejen seme šangna ha jaka be gemu gai ha ,	nv::nv cm::gen nv::nv comp verb::vv e::pst.ptcp nv::nv cm::acc nv::nv verb::vv e::pst.ptcp mark::comma
emu niru i duite niyalma be gai fi ,	nv::nv nv::nv cm::gen nv::nv nv::nv cm::acc verb::vv e::cve mark::comma
jaotai ,	nn::prpn.person mark::comma
gemu juse omosi jalan hala me alban de ume dabu re ,	nv::nv nv::nv nv::nv nv::nv verb::vv e::cve nv::nv cm::dat nv::nv verb::vv e::npst.ptcp mark::comma
○ fanggina i kadala ra yuwan_šeobei ,	mark::circle nn::prpn.person cm::gen verb::vv e::npst.ptcp nn::prpn mark::comma
beye i te he wargi boo de gana ra jaka de ,	nv::nv cm::gen verb::vv e::pst.ptcp nv::nv nv::nv cm::dat verb::vv e::npst.ptcp nv::nv cm::dat mark::comma
poo sinda ra ,	nv::nv verb::vv e::npst.ptcp mark::comma
emu du_tang ,	nv::nv nv::nv mark::comma
jebele beri gemu yooni bu he .	nv::nv nv::nv nv::nv nv::nv verb::vv e::pst.ptcp mark::period
orin ulhūma benji he ,	nv::nv nv::nv verb::vv e::pst.ptcp mark::comma
ula de juwe feye sacibu ha seme uyun yan i weile waliya mbi ,	nv::nv cm::dat nv::nv nv::nv verb::vv e::pst.ptcp comp nv::nv nv::nv cm::gen nv::nv verb::vv e::fve.npst mark::comma
○ nikada be ,	mark::circle nn::prpn.person cm::acc mark::comma
solho i juwe tumen yafahan cooha ,	nv::nv cm::gen nv::nv nv::nv nv::adj nv::nv mark::comma
yaya gurun i niyalma gemu jaisai be hutu i gese ibiya me tuwa mbihe ,	nv::nv nv::nv cm::gen nv::nv nv::nv nn::prpn.person cm::acc nv::nv cm::gen nv::nv verb::vv e::cve verb::vv e::fve.pst.ipfv mark::comma
si jase i beye o ho ,	pn::2sg nv::nv cm::gen nv::nv verb::vv e::pst.ptcp mark::comma
tohon_temur_han i fon de ,	nn::prpn cm::gen nv::nv cm::dat mark::comma
suwen i juwe nofi ,	pn::2pl cm::gen nv::nv nv::nv mark::comma
ere duin niyalma be takūra me jafabu fi unggi he bithe i gisun ,	nv::nv nv::nv nv::nv cm::acc verb::vv e::cve verb::vv e::cve verb::vv e::pst.ptcp nv::nv cm::gen nv::nv mark::comma
karu gai ki seme fusi be daila ha ,	nv::nv verb::vv e::fve.opt comp nn::prpn.plc cm::acc verb::vv e::pst.ptcp mark::comma
tuttu tere dain be gida fi ji he manggi ,	nv::nv nv::nv nv::nv cm::acc verb::vv e::cve verb::vv e::pst.ptcp nv::nv mark::comma
narin ,	nn::prpn.person mark::comma
tere sejen be keremu i ninggu de matun obu me sinda fi afa ∅ .	nv::nv nv::nv cm::acc nv::nv cm::gen nv::nv cm::dat nv::nv verb::vv e::cve verb::vv e::cve verb::vv e::fve.imperative mark::period
tuba de te he duin minggan cooha i niyalma ,	nv::nv cm::dat verb::vv e::pst.ptcp nv::nv nv::nv nv::nv cm::gen nv::nv mark::comma
šose ,	nn::prpn.person mark::comma
tuttu kemuni gene ci fonji rakū ,	nv::nv nv::nv verb::vv e::cve verb::vv e::npst.ptcp.neg mark::comma
wan_lii i gūsin nadaci aniya omšon biya i orin sunja de baha ha ,	nn::prpn cm::gen nv::nv nv::nv nv::nv nv::nv nv::nv cm::gen nv::nv nv::nv cm::dat verb::vv e::pst.ptcp mark::comma
geli beile se i baru hendu me ,	nv::nv nv::nv nv::nv cm::gen nv::nv verb::vv e::cve mark::comma
pu i dorgi ,	nv::nv cm::gen nv::nv mark::comma
amala han tuci ke ,	nv::nv nv::nv verb::vv e::pst.ptcp mark::comma
baha ra ba de o ci ,	verb::vv e::npst.ptcp nv::nv cm::dat verb::vv e::cve mark::comma
jai liyoodung ni hecen be gaija ra de ,	nv::nv nn::prpn.plc cm::gen nv::nv cm::acc verb::vv e::npst.ptcp cm::dat mark::comma
beye i ehe de wasi kini .	nv::nv cm::gen nv::adj cm::dat verb::vv e::fve.opt mark::period
ilan bedzung de ilata niyalma ,	nv::nv nv::nv cm::dat nv::nv nv::nv mark::comma
duite malahi jibca ,	nv::nv nv::nv nv::nv mark::comma
nene me weile ara fi ,	verb::vv e::cve nv::nv verb::vv e::cve mark::comma
emu jergi songgo fi ,	nv::nv nv::nv verb::vv e::cve mark::comma
hūlha holo koimali jalingga akū tondo banji ki .	nv::nv nv::nv nv::adj nv::adj nv::adj nv::adj verb::vv e::fve.opt mark::period
jai orin sunja niyalma be sin i ciha i sula takūra ∅ ,	nv::nv nv::nv nv::nv nv::nv cm::acc pn::2sg cm::gen nv::nv cm::gen nv::adj verb::vv e::fve.imperative mark::comma
hai_jeo hecen i hafasa ,	nn::prpn nv::nv cm::gen nv::nv mark::comma
fusi_efu ,	nn::prpn mark::comma
○ tulai be ,	mark::circle nn::prpn.person cm::acc mark::comma
juse omosi jalan hala me gosi re doro be ume lashala ra .	nv::nv nv::nv nv::nv verb::vv e::cve verb::vv e::npst.ptcp nv::nv cm::acc nv::nv verb::vv e::npst.ptcp mark::period
beye de amba hūturi dere seme gūni mbi kai seme hendu he .	nv::nv cm::dat nv::adj nv::nv ptcl comp verb::vv e::fve.npst ptcl comp verb::vv e::pst.ptcp mark::period
jai suje boso ai jaka be ele tele bu fi ,	nv::nv nv::nv nv::nv nv::nv nv::nv cm::acc verb::vv e::cve verb::vv e::cve mark::comma
juwan emu yan i weile waliya mbi ,	nv::nv nv::nv nv::nv cm::gen nv::nv verb::vv e::fve.npst mark::comma
gurun irgen be horon i gida ha geren i ejen ,	nv::nv nv::nv cm::acc nv::nv cm::gen verb::vv e::pst.ptcp nv::adj cm::gen nv::nv mark::comma
baibi sain niyalma etuku be hūwala ra ,	nv::nv nv::adj nv::nv nv::nv cm::acc verb::vv e::npst.ptcp mark::comma
○ jaisai elcin juwe niyalma de ,	mark::circle nn::prpn.person nv::nv nv::nv nv::nv cm::dat mark::comma
giya_jing ni dehi ilaci aniya ninggun biya i orin juwe de baha ha ,	nn::prpn cm::gen nv::nv nv::nv nv::nv nv::nv nv::nv cm::gen nv::nv nv::nv cm::dat verb::vv e::pst.ptcp mark::comma
han dehi niyalma be unggi he .	nv::nv nv::nv nv::nv cm::acc verb::vv e::pst.ptcp mark::period
emu niru i jakūta uksin be tebu he ,	nv::nv nv::nv cm::gen nv::nv nv::nv cm::acc verb::vv e::pst.ptcp mark::comma
○ fu_jeo ba i niyalma be ubaša mbi seme donji fi ,	mark::circle nn::prpn nv::nv cm::gen nv::nv cm::acc verb::vv e::fve.npst comp verb::vv e::cve mark::comma
cooha ji he be sa hakū seme ,	nv::nv verb::vv e::pst.ptcp cm::acc verb::vv e::pst.ptcp.neg comp mark::comma
baica me ji hekū bi he ,	verb::vv e::cve verb::vv e::pst.ptcp.neg verb::vv e::pst.ptcp mark::comma
xongšon ,	nn::prpn.person mark::comma
seke bu re de hergengge niyalma i gebu be tuwa fi wesibu he wasibu ha hergen ,	nv::nv verb::vv e::npst.ptcp cm::dat nv::adj nv::nv cm::gen nv::nv cm::acc verb::vv e::cve verb::vv e::pst.ptcp verb::vv e::pst.ptcp nv::nv mark::comma
wan_lii i gūsin aniya omšon biya i orin sunja de baha ha ,	nn::prpn cm::gen nv::nv nv::nv nv::nv nv::nv cm::gen nv::nv nv::nv cm::dat verb::vv e::pst.ptcp mark::comma
loo_hū_dung de jang_meng_jao iogi te hebi ,	nn::prpn cm::dat nn::prpn nv::nv verb::vv e::fve.prs.prf mark::comma
morin ,	nv::nv mark::comma
sunjata morin ,	nv::nv nv::nv mark::comma
busan bi ele fi ,	nn::prpn.person pn::1sg verb::vv e::cve mark::comma
buce he niyalma i jalin de buce he seme gasa ci ,	verb::vv e::pst.ptcp nv::nv cm::gen nv::nv cm::dat verb::vv e::pst.ptcp comp verb::vv e::cve mark::comma
susaita honin bu he ,	nv::nv nv::nv verb::vv e::pst.ptcp mark::comma
tere mene unenggi boobai dere ,	nv::nv nv::nv nv::adj nv::nv ptcl mark::comma
tuttu ujula ha niyalma be jafa fi bu he de ,	nv::nv verb::vv e::pst.ptcp nv::nv cm::acc verb::vv e::cve verb::vv e::pst.ptcp cm::dat mark::comma
hūda i niyalma i ulin ,	nv::nv cm::gen nv::nv cm::gen nv::nv mark::comma
alima ,	nn::prpn.person mark::comma
afabu ha weile be mute mbi ,	verb::vv e::pst.ptcp nv::nv cm::acc verb::vv e::fve.npst mark::comma
uji he niyalma be ,	verb::vv e::pst.ptcp nv::nv cm::acc mark::comma
ulha wa me sarin sarila hai bi mbi ,	nv::nv verb::vv e::cve nv::nv verb::vv e::cve verb::vv e::fve.npst mark::comma
daise niru i ejen gai fi tuwakiya ∅ ,	nv::nv nv::nv cm::gen nv::nv verb::vv e::cve verb::vv e::fve.imperative mark::comma
uju de orita yan ,	nv::nv cm::dat nv::nv nv::nv mark::comma
amba_fujin i bu he aika jaka be gemu amasi benji ∅ seme hendu fi ,	nn::prpn cm::gen verb::vv e::pst.ptcp nv::nv nv::nv cm::acc nv::nv nv::nv verb::vv e::fve.imperative comp verb::vv e::cve mark::comma
syšiba ,	nn::prpn.person mark::comma
yan_jeng_lii ,	nn::prpn mark::comma
cooha be kadala me ete mbi seme uju jergi tsanjiyang obu ha ,	nv::nv cm::acc verb::vv e::cve verb::vv e::fve.npst comp nv::nv nv::nv nv::nv verb::vv e::pst.ptcp mark::comma
jai ninggun gūsa i cooha elhe i ada fi gūsa dasa fi jergile me dosi kakū ,	nv::nv nv::nv nv::nv cm::gen nv::nv nv::nv cm::gen verb::vv e::cve nv::nv verb::vv e::cve verb::vv e::cve verb::vv e::pst.ptcp.neg mark::comma
cergei niru i ilden ,	nn::prpn.person nv::nv cm::gen nn::prpn.person mark::comma
unege alanji ha bi he .	nn::prpn.person verb::vv e::pst.ptcp verb::vv e::pst.ptcp mark::period
nadata suje ,	nv::nv nv::nv mark::comma
asuru ehe facuhūn banji re ngge ,	nv::nv nv::adj nv::adj verb::vv e::npst.ptcp nmlz::nmlz mark::comma
suwen i gurun de cargi niyalma niyaman hūncihin seme lakca rakū yabu mbi ,	pn::2pl cm::gen nv::nv cm::dat nv::nv nv::nv nv::nv nv::nv comp verb::vv e::npst.ptcp.neg verb::vv e::fve.npst mark::comma
fu_jeo de baha ha olhū ulin be ,	nn::prpn cm::dat verb::vv e::pst.ptcp nv::nv nv::nv cm::acc mark::comma
juwan ihan ,	nv::nv nv::nv mark::comma
han i pai be gai fi ,	nv::nv cm::gen nv::nv cm::acc verb::vv e::cve mark::comma
suwen i dosi ka jurgan i teile be ainu hendu mbi ,	pn::2pl cm::gen verb::vv e::pst.ptcp nv::nv cm::gen nv::nv cm::acc nv::nv verb::vv e::fve.npst mark::comma
encu kūwaran de sula hori me gaji ∅ ,	nv::nv nv::nv cm::dat nv::adj verb::vv e::cve verb::vv e::fve.imperative mark::comma
jakūta de emu feye ,	nv::nv cm::dat nv::nv nv::nv mark::comma
min i ere dain deribu he ngge ,	pn::1sg cm::gen nv::nv nv::nv verb::vv e::pst.ptcp nmlz::nmlz mark::comma
saikan olho ∅ ,	nv::adj verb::vv e::fve.imperative mark::comma
yamburi i jui turešen ,	nn::prpn.person cm::gen nv::nv nn::prpn.person mark::comma
han hendu me ,	nv::nv verb::vv e::cve mark::comma
sarhū ci cen i cisu i liyoodung de jide re be ,	nv::nv cm::abl pn::3pl cm::gen nv::nv cm::gen nn::prpn.plc cm::dat verb::vv e::npst.ptcp cm::acc mark::comma
han de wesimbu he .	nv::nv cm::dat verb::vv e::pst.ptcp mark::period
han ama i tacibu ha gisun be eje fi jurce rakū ,	nv::nv nv::nv cm::gen verb::vv e::pst.ptcp nv::nv cm::acc verb::vv e::cve verb::vv e::npst.ptcp.neg mark::comma
jangturi ahūn deo be juwan ilan haha i ton de dosimbu ∅ ,	nv::nv nv::nv nv::nv cm::acc nv::nv nv::nv nv::nv cm::gen nv::nv cm::dat verb::vv e::fve.imperative mark::comma
ilaci jergi iogi obu ha ,	nv::nv nv::nv nv::nv verb::vv e::pst.ptcp mark::comma
○ ice juwe de ,	mark::circle nv::adj nv::nv cm::dat mark::comma
weile be suwen i gala i bu me bani ci ,	nv::nv cm::acc pn::2pl cm::gen nv::nv cm::gen verb::vv e::cve verb::vv e::cve mark::comma
sele gemu na ci tuci mbi ,	nv::nv nv::nv nv::nv cm::abl verb::vv e::fve.npst mark::comma
aniya ara ha doro i han de hengkile me ji he ,	nv::nv verb::vv e::pst.ptcp nv::nv cm::gen nv::nv cm::dat verb::vv e::cve verb::vv e::pst.ptcp mark::comma
gūlha ,	nv::nv mark::comma
jaha šangga hai teile casi doo fi ,	nv::nv verb::vv e::cve nv::nv nv::nv verb::vv e::cve mark::comma
baha ha haha i ton be tuwa me tolo fi ,	verb::vv e::pst.ptcp nv::nv cm::gen nv::nv cm::acc verb::vv e::cve verb::vv e::cve mark::comma
boitohoi ,	nn::prpn.person mark::comma
afabu ha weile be mute mbi ,	verb::vv e::pst.ptcp nv::nv cm::acc verb::vv e::fve.npst mark::comma
juwe ihan ,	nv::nv nv::nv mark::comma
darhan_hiya be dzung_bing_guwan be nakabu fi fujiyang obu ha ,	nn::prpn cm::acc nv::nv cm::acc verb::vv e::cve nv::nv verb::vv e::pst.ptcp mark::comma
karun i iogi suldungga ,	nv::nv cm::gen nv::nv nn::prpn.person mark::comma
○ orin emu de ,	mark::circle nv::nv nv::nv cm::dat mark::comma
juwan ilaci jergi ,	nv::nv nv::nv nv::nv mark::comma
uyunju nikan ,	nv::nv nv::nv mark::comma
g'ai_jeo ,	nn::prpn mark::comma
juwan duici jergi ,	nv::nv nv::nv nv::nv mark::comma
benji he niyalma de weile ,	verb::vv e::pst.ptcp nv::nv cm::dat nv::nv mark::comma
tai_dzy_ho_bira i juhe de mumuhu feshele me efi me tuci fi ,	nn::prpn cm::gen nv::nv cm::dat nv::nv verb::vv e::cve verb::vv e::cve verb::vv e::cve mark::comma
ning_yuwan ci komso moyo haran waka ,	nn::prpn cm::abl nv::adj nv::nv nv::nv nv::adj mark::comma
baduri sin be tondo seme amban obu fi tukiye ci ,	nn::prpn.person pn::2sg cm::acc nv::adj comp nv::nv verb::vv e::cve verb::vv e::cve mark::comma
○ jeng_an_pu i niyalma ,	mark::circle nn::prpn cm::gen nv::nv mark::comma
darja fujiyang ,	nn::prpn.person nv::nv mark::comma
ede si_uli efu ejen ara fi ,	nv::nv nn::prpn nv::nv nv::nv verb::vv e::cve mark::comma
tere be tuwakiya ra morin cooha duin tanggū gene he .	nv::nv cm::acc verb::vv e::npst.ptcp nv::nv nv::nv nv::nv nv::nv verb::vv e::pst.ptcp mark::period
ukanju burula fi ulha baha ha ,	nv::nv verb::vv e::cve nv::nv verb::vv e::pst.ptcp mark::comma
birai_wargi guwangning ni harangga niyalma jori ha ba de gene hekū niyaman hūncihin sa me bi ci ,	nn::prpn nn::prpn.plc cm::gen nv::nv nv::nv verb::vv e::pst.ptcp nv::nv cm::dat verb::vv e::pst.ptcp.neg nv::nv nv::nv verb::vv e::cve verb::vv e::cve mark::comma
geren hafasa suwe dulga niyalma nikan han de buce re weile baha fi loo de bi he ,	nv::adj nv::nv pn::2pl nv::adj nv::nv nv::nv nv::nv cm::dat verb::vv e::npst.ptcp nv::nv verb::vv e::cve nv::nv cm::dat verb::vv e::pst.ptcp mark::comma
weile me buta me urundere kangka ra niyalma be neigen isi me je kini se mbi ,	verb::vv e::cve verb::vv e::cve nv::adj verb::vv e::npst.ptcp nv::nv cm::acc nv::adj verb::vv e::cve verb::vv e::fve.opt verb::vv e::fve.npst mark::comma
weile bi ci ama i fon de weile bi dere ,	nv::nv verb::vv e::cve nv::nv cm::gen nv::nv cm::dat nv::nv verb::vv.npst ptcl mark::comma
su_ši_deng ,	nn::prpn mark::comma
tere ai tusa ,	nv::nv nv::nv nv::nv mark::comma
giya_jing ni gūsin sunjaci aniya nadan biya i juwan uyun de baha ha ,	nn::prpn cm::gen nv::nv nv::nv nv::nv nv::nv nv::nv cm::gen nv::nv nv::nv cm::dat verb::vv e::pst.ptcp mark::comma
daya si ainu heture mbi seme hendu ci ,	nn::prpn.person pn::2sg nv::nv verb::vv e::fve.npst comp verb::vv e::cve mark::comma
buhiye me wei baru gisure mbi ,	verb::vv e::cve nv::nv nv::nv verb::vv e::fve.npst mark::comma
gemu juse omosi jalan hala me alban de ume dabu re ,	nv::nv nv::nv nv::nv nv::nv verb::vv e::cve nv::nv cm::dat nv::nv verb::vv e::npst.ptcp mark::comma
yehe ,	nv::nv mark::comma
meihe erin i onggolo gai ha ,	nv::nv nv::nv cm::gen nv::nv verb::vv e::pst.ptcp mark::comma
honin ,	nv::nv mark::comma
ilan šeo_pu de juwete niyalma ,	nv::nv nv::nv cm::dat nv::nv nv::nv mark::comma
sunjata yan i weile waliya mbi ,	nv::nv nv::nv cm::gen nv::nv verb::vv e::fve.npst mark::comma
olji ulin aisin menggun ,	nv::nv nv::nv nv::nv nv::nv mark::comma
pijan juwe ,	nv::nv nv::nv mark::comma
tondo jurgan i banji ci ,	nv::adj nv::nv cm::gen verb::vv e::cve mark::comma
ere uttu uji he han ama de baili isibu rakū ,	nv::nv nv::nv verb::vv e::pst.ptcp nv::nv nv::nv cm::dat nv::nv verb::vv e::npst.ptcp.neg mark::comma
○ juwan ninggun de ,	mark::circle nv::nv nv::nv cm::dat mark::comma
tere elcin i emgi ,	nv::nv nv::nv cm::gen nv::nv mark::comma
sunja tatan i beile se ,	nv::nv nv::nv cm::gen nv::nv nv::nv mark::comma
tere inenggi ,	nv::nv nv::nv mark::comma
jui ara fi uji ci ,	nv::nv verb::vv e::cve verb::vv e::cve mark::comma
han de niyakūra me aca ha ,	nv::nv cm::dat verb::vv e::cve verb::vv e::pst.ptcp mark::comma
nene me ji he gūwa de ,	verb::vv e::cve verb::vv e::pst.ptcp nv::nv cm::dat mark::comma
emu gūsa i emte fujiyang ni jui ,	nv::nv nv::nv cm::gen nv::nv nv::nv cm::gen nv::nv mark::comma
suwen de gebu ,	pn::2pl cm::dat nv::nv mark::comma
○ darja fujiyang ,	mark::circle nn::prpn.person nv::nv mark::comma
giya_jing ni gūsin emuci aniya orin nadan de baha ha ,	nn::prpn cm::gen nv::nv nv::nv nv::nv nv::nv nv::nv cm::dat verb::vv e::pst.ptcp mark::comma
dzung_bing_guwan de bu he ,	nv::nv cm::dat verb::vv e::pst.ptcp mark::comma
juwe kiru bu fi unggi he .	nv::nv nv::nv verb::vv e::cve verb::vv e::pst.ptcp mark::period
wa fi gai ha baha ha ngge tere udu ,	verb::vv e::cve verb::vv e::pst.ptcp verb::vv e::pst.ptcp nmlz::nmlz nv::nv nv::nv mark::comma
du_tang ,	nv::nv mark::comma
amasi nukte ci sasa yabu cina ,	nv::nv verb::vv e::cve nv::nv verb::vv e::fve.opt mark::comma
beri ,	nv::nv mark::comma
juwan de boigon jurambu ha ,	nv::nv cm::dat nv::nv verb::vv e::pst.ptcp mark::comma
○ orin juwe de ,	mark::circle nv::nv nv::nv cm::dat mark::comma
arai min be wa kini ,	nn::prpn.person pn::1sg cm::acc verb::vv e::fve.opt mark::comma
ebu hekū ,	verb::vv e::pst.ptcp.neg mark::comma
tarbahi janggin ,	nv::nv nv::nv mark::comma
tere i ilhi orita yan menggun ,	nv::nv cm::gen nv::nv nv::nv nv::nv nv::nv mark::comma
han i hecen ci julesi orin ba i dube de amargi ci dosi ka warka tanggū funce me bi ,	nv::nv cm::gen nv::nv cm::abl nv::nv nv::nv nv::nv cm::gen nv::nv cm::dat nv::nv cm::abl verb::vv e::pst.ptcp nn::prpn.plc nv::nv verb::vv e::cve verb::vv.npst mark::comma
afabu ha ba be tanggūdai_age ,	verb::vv e::pst.ptcp nv::nv cm::acc nn::prpn mark::comma
hahana ,	nn::prpn.person mark::comma
hai_si ši_lii_ho_wei i du_jy_hūi_ši siliku i omolo musila ,	nn::prpn nn::prpn cm::gen nv::nv nn::prpn.person cm::gen nv::nv nn::prpn.person mark::comma
○ juwan nadan de ,	mark::circle nv::nv nv::nv cm::dat mark::comma
bojiri ,	nn::prpn.person mark::comma
šan_cio_san ,	nn::prpn mark::comma
dobori duli me gene fi ,	nv::nv verb::vv e::cve verb::vv e::cve mark::comma
beide isinji ha manggi ,	nn::prpn.person verb::vv e::pst.ptcp nv::nv mark::comma
han i beye ,	nv::nv cm::gen nv::nv mark::comma
da ci emu niyalma i te he ba waka ,	nv::nv cm::abl nv::nv nv::nv cm::gen verb::vv e::pst.ptcp nv::nv nv::adj mark::comma
yaya ba i niyalma ubaša ci ,	nv::nv nv::nv cm::gen nv::nv verb::vv e::cve mark::comma
fusi hecen ci daha me ji he minggan boigon i ama jui ahūn deo be faksala hakū ,	nn::prpn.plc nv::nv cm::abl verb::vv e::cve verb::vv e::pst.ptcp nv::nv nv::nv cm::gen nv::nv nv::nv nv::nv nv::nv cm::acc verb::vv e::pst.ptcp.neg mark::comma
niru i ejen si ,	nv::nv cm::gen nv::nv pn::2sg mark::comma
du_tang ,	nv::nv mark::comma
wan_lii i uyuci aniya duin biya i orin jakūn de baha ha ,	nn::prpn cm::gen nv::nv nv::nv nv::nv nv::nv cm::gen nv::nv nv::nv cm::dat verb::vv e::pst.ptcp mark::comma
boo be tuwa sinda ∅ ,	nv::nv cm::acc nv::nv verb::vv e::fve.imperative mark::comma
abka de saišabu me niyalma de buyebu me banji ci ,	nv::nv cm::dat verb::vv e::cve nv::nv cm::dat verb::vv e::cve verb::vv e::cve mark::comma
han i saoli ,	nv::nv cm::gen nv::nv mark::comma
han i tukiye he hafasa ,	nv::nv cm::gen verb::vv e::pst.ptcp nv::nv mark::comma
semken ,	nv::nv mark::comma
hūwang_gu_doo de tene fi emu cuwan baha ha ,	nn::prpn cm::dat verb::vv e::cve nv::nv nv::nv verb::vv e::pst.ptcp mark::comma
juwe juse emu minggan cooha be gai fi gida fi ,	nv::nv nv::nv nv::nv nv::nv nv::nv cm::acc verb::vv e::cve verb::vv e::cve mark::comma
suwe men i nikan be karu emken hono benji rakū ,	pn::2pl pn::1pl.excl cm::gen nv::nv cm::acc nv::nv nv::nv nv::nv verb::vv e::npst.ptcp.neg mark::comma
giyamcan i hoton be efule fi ,	nn::prpn.plc cm::gen nv::nv cm::acc verb::vv e::cve mark::comma
julergi donggo i golo be dosi ka cooha ,	nv::nv nn::prpn.plc cm::gen nv::nv cm::acc verb::vv e::pst.ptcp nv::nv mark::comma
gemu jafa fi akdula me benji ∅ ,	nv::nv verb::vv e::cve verb::vv e::cve verb::vv e::fve.imperative mark::comma
baindari fonji re jaka de ,	nn::prpn.person verb::vv e::npst.ptcp nv::nv cm::dat mark::comma
sirana i beiguwan i hergen be wesibu fi iogi obu ha ,	nn::prpn.person cm::gen nv::nv cm::gen nv::nv cm::acc verb::vv e::cve nv::nv verb::vv e::pst.ptcp mark::comma
ilaci jergi šosita ,	nv::nv nv::nv nn::prpn.person mark::comma
dehi boigon ,	nv::nv nv::nv mark::comma
kundulen_genggiyen_han de ,	nn::prpn cm::dat mark::comma
bi muduri erin de afa ha ,	pn::1sg nv::nv nv::nv cm::dat verb::vv e::pst.ptcp mark::comma
uksin etu rakū beri jafa ra ngge jangtabu ,	nv::nv verb::vv e::npst.ptcp.neg nv::nv verb::vv e::npst.ptcp nmlz::nmlz nn::prpn.person mark::comma
yaki_jidun ,	nn::prpn mark::comma
juwe ulgiyan ,	nv::nv nv::nv mark::comma
han de hengkile me aca ha ,	nv::nv cm::dat verb::vv e::cve verb::vv e::pst.ptcp mark::comma
uksin etu rakū beri jafa ra ngge onika ,	nv::nv verb::vv e::npst.ptcp.neg nv::nv verb::vv e::npst.ptcp nmlz::nmlz nn::prpn.person mark::comma
emu jergi buce re weile be guwebu mbi .	nv::nv nv::nv verb::vv e::npst.ptcp nv::nv cm::acc verb::vv e::fve.npst mark::period
sain aisin juwan yan ,	nv::adj nv::nv nv::nv nv::nv mark::comma
yaya niyalma miyoo be ume efule re ,	nv::nv nv::nv nv::nv cm::acc nv::nv verb::vv e::npst.ptcp mark::comma
tere ehe_kuren i niyalma in i šurde me gurun de etuhule fi hendu me ,	nv::nv nn::prpn cm::gen nv::nv pn::3sg cm::gen verb::vv e::cve nv::nv cm::dat verb::vv e::cve verb::vv e::cve mark::comma
ama ,	nv::nv mark::comma
genggiyen_han i takūra ha elcin be ,	nn::prpn cm::gen verb::vv e::pst.ptcp nv::nv cm::acc mark::comma
beile se be boo de umai baita akū ,	nv::nv nv::nv cm::acc nv::nv cm::dat nv::nv nv::nv nv::adj mark::comma
han i tacibu ha tondo fafun be jurce rakū banji ci ,	nv::nv cm::gen verb::vv e::pst.ptcp nv::adj nv::nv cm::acc verb::vv e::npst.ptcp.neg verb::vv e::cve mark::comma
afuni ,	nn::prpn.person mark::comma
ula de emgeri gidalabu ha ,	nv::nv cm::dat nv::nv verb::vv e::pst.ptcp mark::comma
uncehen de dosi fi saci ki ,	nv::nv cm::dat verb::vv e::cve verb::vv e::fve.opt mark::comma
boo i aha hehe be ,	nv::nv cm::gen nv::nv nv::nv cm::acc mark::comma
aisin gurun i cooha tuci ke de ,	nv::nv nv::nv cm::gen nv::nv verb::vv e::pst.ptcp cm::dat mark::comma
buhū gio orin isi me wa fi ,	nv::nv nv::nv nv::nv verb::vv e::cve verb::vv e::cve mark::comma
wang_iogi gai ha ,	nn::prpn verb::vv e::pst.ptcp mark::comma
yasun be han i juleri karu fete me ,	nn::prpn.person cm::acc nv::nv cm::gen nv::nv nv::nv verb::vv e::cve mark::comma
damin ,	nv::nv mark::comma
sintai dasa me holto me duile re de ,	nn::prpn.person verb::vv e::cve verb::vv e::cve verb::vv e::npst.ptcp cm::dat mark::comma
tere emu tumen isi re cooha be honin erin de wa me wacihiya fi ,	nv::nv nv::nv nv::nv verb::vv e::npst.ptcp nv::nv cm::acc nv::nv nv::nv cm::dat verb::vv e::cve verb::vv e::cve mark::comma
lalin i niyalma bi he ,	nv::adj cm::gen nv::nv verb::vv e::pst.ptcp mark::comma
jai duile fi dasa me dzung_bing_guwan baduri ,	nv::nv verb::vv e::cve verb::vv e::cve nv::nv nn::prpn.person mark::comma
susai moo goibu ∅ ,	nv::nv nv::nv verb::vv e::fve.imperative mark::comma
ba be waliya fi bai me ji he gung de ,	nv::nv cm::acc verb::vv e::cve verb::vv e::cve verb::vv e::pst.ptcp nv::nv cm::dat mark::comma
nime me buce fi ,	verb::vv e::cve verb::vv e::cve mark::comma
○ muhaliyan i gūsa de ,	mark::circle nv::nv cm::gen nv::nv cm::dat mark::comma
niyang_niyang_gung ni fe anafu cooha i dele ,	nn::prpn cm::gen nv::adj nv::nv nv::nv cm::gen nv::nv mark::comma
geren i ejen o ci ,	nv::adj cm::gen nv::nv verb::vv e::cve mark::comma
ujula ha beile se amban sa ,	verb::vv e::pst.ptcp nv::nv nv::nv nv::nv nv::nv mark::comma
sin i monggo i cooha ,	pn::2sg cm::gen nv::nv cm::gen nv::nv mark::comma
sin i jušen i niyalma wa ha hūlha be si baica hakū seme hendu ci ,	pn::2sg cm::gen nv::nv cm::gen nv::nv verb::vv e::pst.ptcp nv::nv cm::acc pn::2sg verb::vv e::pst.ptcp.neg comp verb::vv e::cve mark::comma
juwe temen gaji me uka me ji he .	nv::nv nv::nv verb::vv e::cve verb::vv e::cve verb::vv e::pst.ptcp mark::period
gebu ehe kai ,	nv::nv nv::adj ptcl mark::comma
muke eyebu me sendele me fete ci baha rakū ,	nv::nv verb::vv e::cve verb::vv e::cve verb::vv e::cve verb::vv e::npst.ptcp.neg mark::comma
○ juwan uyun de ,	mark::circle nv::nv nv::nv cm::dat mark::comma
dzung_bing_guwan ci fakca ha de ,	nv::nv cm::abl verb::vv e::pst.ptcp cm::dat mark::comma
min i kadala ra emu niru i cooha be iogi tsanjiyang ci fakca rakū ,	pn::1sg cm::gen verb::vv e::npst.ptcp nv::nv nv::nv cm::gen nv::nv cm::acc nv::nv nv::nv cm::abl verb::vv e::npst.ptcp.neg mark::comma
birai_dergi ginjeo hecen de isi tala ,	nn::prpn nn::prpn.plc nv::nv cm::dat verb::vv e::cve mark::comma
hendu me ,	verb::vv e::cve mark::comma
tanggū ihan ,	nv::nv nv::nv mark::comma
afabu ha weile be mute mbi ,	verb::vv e::pst.ptcp nv::nv cm::acc verb::vv e::fve.npst mark::comma
cooha i agūra be gemu tucibu fi benji ∅ ,	nv::nv cm::gen nv::nv cm::acc nv::nv verb::vv e::cve verb::vv e::fve.imperative mark::comma
hada i beile i sargan jui eigen ci hoko fi ,	nn::prpn.plc cm::gen nv::nv cm::gen nv::nv nv::nv nv::nv cm::abl verb::vv e::cve mark::comma
ehe gisun hendu me bithe ara fi ,	nv::adj nv::nv verb::vv e::cve nv::nv verb::vv e::cve mark::comma
ubatai suwen i juwe nofi gisun ala me acuhiyan bi he ,	nn::prpn.person pn::2pl cm::gen nv::nv nv::nv nv::nv verb::vv e::cve nv::adj verb::vv e::pst.ptcp mark::comma
kūwataiji ,	nn::prpn.person mark::comma
ilan feye baha fi buce hebi ,	nv::nv nv::nv verb::vv e::cve verb::vv e::fve.prs.prf mark::comma
benji he manggi ,	verb::vv e::pst.ptcp nv::nv mark::comma
juwanta yan menggun ,	nv::nv nv::nv nv::nv mark::comma
jaisanggū_age i eniye bi he fon de ,	nn::prpn cm::gen nv::nv verb::vv e::pst.ptcp nv::nv cm::dat mark::comma
emu niyalma udu bahana mbi seme ,	nv::nv nv::nv nv::nv verb::vv e::fve.npst comp mark::comma
han ama ,	nv::nv nv::nv mark::comma
lio_io_kuwan be wa hakū ūn ,	nn::prpn cm::acc verb::vv e::pst.ptcp.neg ptcl mark::comma
jai nadan niyalma dube tucibu ∅ ,	nv::nv nv::nv nv::nv nv::nv verb::vv e::fve.imperative mark::comma
enteheme ji he niyalma be emu ergi de ilibu fi ,	nv::nv verb::vv e::pst.ptcp nv::nv cm::acc nv::nv nv::nv cm::dat verb::vv e::cve mark::comma
si encule me ainu ura tū fi sinda ha seme ,	pn::2sg verb::vv e::cve nv::nv nv::nv verb::vv e::cve verb::vv e::pst.ptcp comp mark::comma
ere gebule he ba i niyalma ,	nv::nv verb::vv e::pst.ptcp nv::nv cm::gen nv::nv mark::comma
tuttu aca me waji ha manggi ,	nv::nv verb::vv e::cve verb::vv e::pst.ptcp nv::nv mark::comma
yarhana ,	nn::prpn.person mark::comma
sinda ha hafasa ehe o ci dele habšanji ∅ ,	verb::vv e::pst.ptcp nv::nv nv::adj verb::vv e::cve nv::nv verb::vv e::fve.imperative mark::comma
in i te he gašan in i boo de muse i cooha i niyalma emgi te fi ,	pn::3sg cm::gen verb::vv e::pst.ptcp nv::nv pn::3sg cm::gen nv::nv cm::dat nv::nv cm::gen nv::nv cm::gen nv::nv nv::nv verb::vv e::cve mark::comma
sin i da ra ba waka kai ,	pn::2sg cm::gen verb::vv e::npst.ptcp nv::nv nv::adj ptcl mark::comma
ukanju ala me ,	nv::nv verb::vv e::cve mark::comma
abka min be urule fi ,	nv::nv pn::1sg cm::acc verb::vv e::cve mark::comma
tuttu tondo i fafula rakū ehe miosihon jurgan i yabu ci ,	nv::nv nv::adj cm::gen verb::vv e::npst.ptcp.neg nv::adj nv::adj nv::nv cm::gen verb::vv e::cve mark::comma
tuttu min de fisa sinda fi solho be dahabu fi banji ci ,	nv::nv pn::1sg cm::dat nv::nv verb::vv e::cve nv::nv cm::acc verb::vv e::cve verb::vv e::cve mark::comma
boo i uji he ujima ,	nv::nv cm::gen verb::vv e::pst.ptcp nv::nv mark::comma
tari ha usin be gaibu rakū bedere ∅ se ci ,	verb::vv e::pst.ptcp nv::nv cm::acc verb::vv e::npst.ptcp.neg verb::vv e::fve.imperative verb::vv e::cve mark::comma
cang_ning_pu ,	nn::prpn mark::comma
congjika min be wa kini ,	nn::prpn.person pn::1sg cm::acc verb::vv e::fve.opt mark::comma
gitan_wei i du_jy_hūi_tungjy aru i omolo domodaicu ,	nn::prpn cm::gen nv::nv nv::nv cm::gen nv::nv nn::prpn.person mark::comma
han dasa me bodo fi ,	nv::nv verb::vv e::cve verb::vv e::cve mark::comma
šangna ra ba de ama i iogi i hergen de baha kini ,	verb::vv e::npst.ptcp nv::nv cm::dat nv::nv cm::gen nv::nv cm::gen nv::nv cm::dat verb::vv e::fve.opt mark::comma
emu beile ,	nv::nv nv::nv mark::comma
cangšu gebungge amban ,	nn::prpn.person nv::adj nv::nv mark::comma
ice uyun de uka me gene he .	nv::adj nv::nv cm::dat verb::vv e::cve verb::vv e::pst.ptcp mark::period
tere sunja gūsa i cooha gene fi ,	nv::nv nv::nv nv::nv cm::gen nv::nv verb::vv e::cve mark::comma
jakūn beile se i ihan i adun i niyalma be ,	nv::nv nv::nv nv::nv cm::gen nv::nv cm::gen nv::nv cm::gen nv::nv cm::acc mark::comma
ilan morin ,	nv::nv nv::nv mark::comma
sain niyalma endebu fi weile baha ci ,	nv::adj nv::nv verb::vv e::cve nv::nv verb::vv e::cve mark::comma
sangguri iogi be wasibu fi daise beiguwan obu ha .	nn::prpn.person nv::nv cm::acc verb::vv e::cve nv::nv nv::nv verb::vv e::pst.ptcp mark::period
jai urgūdai_efu hendu me ,	nv::nv nn::prpn verb::vv e::cve mark::comma
han i beide he gisun waka o ci ,	nv::nv cm::gen verb::vv e::pst.ptcp nv::nv nv::adj verb::vv e::cve mark::comma
tondo seme abka i saiša ra ba de ,	nv::adj comp nv::nv cm::gen verb::vv e::npst.ptcp nv::nv cm::dat mark::comma
jeku bisi re ba de guri me yabu kini ,	nv::nv verb::vv e::npst.ptcp nv::nv cm::dat verb::vv e::cve verb::vv e::fve.opt mark::comma
afabu ha weile be mute mbi ,	verb::vv e::pst.ptcp nv::nv cm::acc verb::vv e::fve.npst mark::comma
etu he etuku uju i funiyehe emu adali kai ,	verb::vv e::pst.ptcp nv::nv nv::nv cm::gen nv::nv nv::nv nv::adj ptcl mark::comma
emu tanggū cooha be gai fi liyoha i dogon de anafu te me gene he .	nv::nv nv::nv nv::nv cm::acc verb::vv e::cve nn::prpn.plc cm::gen nv::nv cm::dat nv::nv verb::vv e::cve verb::vv e::pst.ptcp mark::period
anafu te me gene re de unggi he bithe i gisun ,	nv::nv verb::vv e::cve verb::vv e::npst.ptcp cm::dat verb::vv e::pst.ptcp nv::nv cm::gen nv::nv mark::comma
hūdun hukše ∅ ,	nv::adj verb::vv e::fve.imperative mark::comma
ere eje he i gisun gemu sain kai ,	nv::nv verb::vv e::pst.ptcp cm::gen nv::nv nv::nv nv::adj ptcl mark::comma
○ gumbu_taiji i benji he emu sain morin de ,	mark::circle nn::prpn cm::gen verb::vv e::pst.ptcp nv::nv nv::adj nv::nv cm::dat mark::comma
benji he niyalma de aika šangna ∅ .	verb::vv e::pst.ptcp nv::nv cm::dat nv::nv verb::vv e::fve.imperative mark::period
jušen i emu dusy ,	nv::nv cm::gen nv::nv nv::nv mark::comma
bi karu daila ra jaka de ,	pn::1sg nv::nv verb::vv e::npst.ptcp nv::nv cm::dat mark::comma
encu daila cina ,	nv::nv verb::vv e::fve.opt mark::comma
monggoso i cooha ,	nv::nv cm::gen nv::nv mark::comma
○ daida be ,	mark::circle nn::prpn.person cm::acc mark::comma
wang_dzy_deng be nikan han i baru ehe ara fi ,	nn::prpn cm::acc nv::nv nv::nv cm::gen nv::nv nv::adj verb::vv e::cve mark::comma
jai uyun niyalma be jafa fi sele futa hūwaita fi hendu me ,	nv::nv nv::nv nv::nv cm::acc verb::vv e::cve nv::nv nv::nv verb::vv e::cve verb::vv e::cve mark::comma
han i bu re šang ,	nv::nv cm::gen verb::vv e::npst.ptcp nv::nv mark::comma
tung_beiguwan de tanggū cooha adabu fi unggi ∅ ,	nn::prpn cm::dat nv::nv nv::nv verb::vv e::cve verb::vv e::fve.imperative mark::comma
menggun i moro emke ,	nv::nv cm::gen nv::nv nv::nv mark::comma
men i niyalma suwen i ba de gene fi baha ci ,	pn::1pl.excl cm::gen nv::nv pn::2pl cm::gen nv::nv cm::dat verb::vv e::cve verb::vv e::cve mark::comma
beye buce kini ,	nv::nv verb::vv e::fve.opt mark::comma
jai emu gūsa i sunjata weihu ,	nv::nv nv::nv nv::nv cm::gen nv::nv nv::nv mark::comma
ajige gecuheri orin sunja ,	nv::adj nv::nv nv::nv nv::nv mark::comma
tere niyalma de aha bu ∅ ,	nv::nv nv::nv cm::dat nv::nv verb::vv e::fve.imperative mark::comma
alin ci wasi fi daha me jide rakū ci ,	nv::nv cm::abl verb::vv e::cve verb::vv e::cve verb::vv e::npst.ptcp.neg e::cve mark::comma
○ guwangning hecen i geren hafasa ,	mark::circle nn::prpn.plc nv::nv cm::gen nv::adj nv::nv mark::comma
yooni alban cagan akū banji mbi ,	nv::nv nv::nv nv::nv nv::adj verb::vv e::fve.npst mark::comma
begei ,	nn::prpn.person mark::comma
gulu šanggiyan i duin niru be ehelen gai fi te mbi .	nv::adj nv::nv cm::gen nv::nv nv::nv cm::acc nn::prpn.person verb::vv e::cve verb::vv e::fve.npst mark::period
jecen i gašan i juse hehesi be ,	nv::nv cm::gen nv::nv cm::gen nv::nv nv::nv cm::acc mark::comma
dobori inenggi arki omi me ,	nv::nv nv::nv nv::nv verb::vv e::cve mark::comma
○ tofohon de ,	mark::circle nv::nv cm::dat mark::comma
xušubu ,	nn::prpn.person mark::comma
emu gašan i niyalma ubaša me gene re be donji fi ,	nv::nv nv::nv cm::gen nv::nv verb::vv e::cve verb::vv e::npst.ptcp cm::acc verb::vv e::cve mark::comma
menggun gai ha yaran janggin ,	nv::nv verb::vv e::pst.ptcp nn::prpn.plc nv::nv mark::comma
beiguwan ci wesihun ,	nv::nv cm::abl nv::nv mark::comma
wan sinda fi julergi niyalma hecen de afa me dosi ka ,	nv::nv verb::vv e::cve nv::nv nv::nv nv::nv cm::dat verb::vv e::cve verb::vv e::pst.ptcp mark::comma
hai_jeo hecen i harangga ba i si_mu_ceng ni gašan i niyalma ,	nn::prpn nv::nv cm::gen nv::nv nv::nv cm::gen nn::prpn cm::gen nv::nv cm::gen nv::nv mark::comma
○ orin ninggun de ,	mark::circle nv::nv nv::nv cm::dat mark::comma
wa ra anggala ,	verb::vv e::npst.ptcp nv::nv mark::comma
bi gūni me ,	pn::1sg verb::vv e::cve mark::comma
cahar han i hanggal_baihū gebungge amba elcin uhereme ilan niyalma be wa ha ,	nn::prpn.plc nv::nv cm::gen nn::prpn nv::adj nv::adj nv::nv nv::nv nv::nv nv::nv cm::acc verb::vv e::pst.ptcp mark::comma
duici_beile de alanji re jaka de ,	nn::prpn cm::dat verb::vv e::npst.ptcp nv::nv cm::dat mark::comma
niyalma i jobolon akū kai .	nv::nv cm::gen nv::nv nv::adj ptcl mark::period
jaisa_beile i emtan niyalma elcin ji he .	nn::prpn cm::gen nn::prpn.plc nv::nv nv::nv verb::vv e::pst.ptcp mark::period
amba sarin sarila ha .	nv::adj nv::nv verb::vv e::pst.ptcp mark::period
○ orin ilan de ,	mark::circle nv::nv nv::nv cm::dat mark::comma
uba de niyaman jafa fi fulehe o ki seme ,	nv::nv cm::dat nv::nv verb::vv e::cve nv::nv verb::vv e::fve.opt comp mark::comma
han hendu me ,	nv::nv verb::vv e::cve mark::comma
tang_taidzung batala fi afa ha hū_ging_de be uji fi tusa baha habi ,	nn::prpn verb::vv e::cve verb::vv e::pst.ptcp nn::prpn cm::acc verb::vv e::cve nv::nv verb::vv e::fve.prs.prf mark::comma
tere temše me durinu re šolo de ,	nv::nv verb::vv e::cve verb::vv e::npst.ptcp nv::adj cm::dat mark::comma
sorson suje juwan ,	nv::nv nv::nv nv::nv mark::comma
yaya amba gurun i han beile se i jalan hala me sain mujilen be jafa fi ,	nv::nv nv::adj nv::nv cm::gen nv::nv nv::nv nv::nv cm::gen nv::nv verb::vv e::cve nv::adj nv::nv cm::acc verb::vv e::cve mark::comma
baha ha ton be alanji me ice ilan de isinji ha .	verb::vv e::pst.ptcp nv::nv cm::acc verb::vv e::cve nv::adj nv::nv cm::dat verb::vv e::pst.ptcp mark::period
genggiyen_han gosi me beye i juse niyalma seme gosi ha ,	nn::prpn verb::vv e::cve nv::nv cm::gen nv::nv nv::nv comp verb::vv e::pst.ptcp mark::comma
gio_ta_wei i dudu ciyanši sangkuwer i jui sungtaiju ,	nn::prpn cm::gen nv::nv nv::nv nn::prpn.person cm::gen nv::nv nn::prpn.person mark::comma
yekšu ,	nn::prpn.person mark::comma
han hendu me ,	nv::nv verb::vv e::cve mark::comma
jušen waji ci ,	nv::nv verb::vv e::cve mark::comma
tasha axša fi feksi re be sabu ci ,	nv::nv verb::vv e::cve verb::vv e::npst.ptcp cm::acc verb::vv e::cve mark::comma
dai_iogi ,	nn::prpn mark::comma
monggoso i nukte me ginjeo i baru ba i sain be tuwa me casi dule me gene fi amasi ulebu me ,	nv::nv cm::gen verb::vv e::cve nn::prpn.plc cm::gen nv::nv nv::nv cm::gen nv::adj cm::acc verb::vv e::cve nv::nv verb::vv e::cve verb::vv e::cve nv::nv verb::vv e::cve mark::comma
○ dunggami be ,	mark::circle nv::nv cm::acc mark::comma
uksin saca ,	nv::nv nv::nv mark::comma
olji baha ha ton be alanji me ,	nv::nv verb::vv e::pst.ptcp nv::nv cm::acc verb::vv e::cve mark::comma
hule i yecen be ,	nv::nv cm::gen nn::prpn.person cm::acc mark::comma
juwanta šusiha šusihala ha ,	nv::nv nv::nv verb::vv e::pst.ptcp mark::comma
jamara bu rakū ,	verb::vv sfx e::npst.ptcp.neg mark::comma
baju ,	nv::nv mark::comma
fujiyang ni hergen bu he ,	nv::nv cm::gen nv::nv verb::vv e::pst.ptcp mark::comma
gurun i hahasi be gemu gaji fi wehe tucibu mbi .	nv::nv cm::gen nv::nv cm::acc nv::nv verb::vv e::cve nv::nv verb::vv e::fve.npst mark::period
ere hafasa be unggi he unggi hekū de aibi ,	nv::nv nv::nv cm::acc verb::vv e::pst.ptcp verb::vv e::pst.ptcp.neg cm::dat nv::nv mark::comma
ere gisun be lio_fujiyang ,	nv::nv nv::nv cm::acc nn::prpn mark::comma
niohušun bošo fi unggi he ,	nv::adj verb::vv e::cve verb::vv e::pst.ptcp mark::comma
amba genggiyen_han i ninju se de ,	nv::adj nn::prpn cm::gen nv::nv nv::nv cm::dat mark::comma
○ nadan biya i orin juwe de ,	mark::circle nv::nv nv::nv cm::gen nv::nv nv::nv cm::dat mark::comma
losa gai ha seme susai moo ura tū he ,	nv::nv verb::vv e::pst.ptcp comp nv::nv nv::nv nv::nv verb::vv e::pst.ptcp mark::comma
emgeri jobo fi enteheme elhe ojo ro erin kai .	nv::nv verb::vv e::cve nv::nv nv::nv verb::vv e::npst.ptcp nv::nv ptcl mark::period
suwe boo ara fi usin tari fi te he niyalma o ci ,	pn::2pl nv::nv verb::vv e::cve nv::nv verb::vv e::cve verb::vv e::pst.ptcp nv::nv verb::vv e::cve mark::comma
juwe sejen gaji me ,	nv::nv nv::nv verb::vv e::cve mark::comma
○ nio_juwang ni niyalma ,	mark::circle nn::prpn cm::gen nv::nv mark::comma
han i pai be gai fi ,	nv::nv cm::gen nv::nv cm::acc verb::vv e::cve mark::comma
uyun suje ,	nv::nv nv::nv mark::comma
amba sarin sarila ha ,	nv::adj nv::nv verb::vv e::pst.ptcp mark::comma
han i afabu ha jurgan be ,	nv::nv cm::gen verb::vv e::pst.ptcp nv::nv cm::acc mark::comma
kalka i beile se i ukanju tuwakiya ra saracin i adali kai ,	nv::nv cm::gen nv::nv nv::nv cm::gen nv::nv verb::vv e::npst.ptcp nv::nv cm::gen nv::adj ptcl mark::comma
aikabade ufara ha bi ci ,	nv::nv verb::vv e::pst.ptcp verb::vv e::cve mark::comma
bi bederebu re ,	pn::1sg verb::vv e::npst.ptcp mark::comma
giya_jing ni orin nadaci aniya nadan biya i ice uyun de baha ha ,	nn::prpn cm::gen nv::nv nv::nv nv::nv nv::nv nv::nv cm::gen nv::adj nv::nv cm::dat verb::vv e::pst.ptcp mark::comma
suwen i solho be suwaliyabu rahū seme gene rakū ,	pn::2pl cm::gen nv::nv cm::acc verb::vv e::fve.prv comp verb::vv e::npst.ptcp.neg mark::comma
beide re jurgan i weile de da habi ,	verb::vv e::npst.ptcp nv::nv cm::gen nv::nv cm::dat verb::vv e::fve.prs.prf mark::comma
bak_taiji de bu he ngge ,	nn::prpn cm::dat verb::vv e::pst.ptcp nmlz::nmlz mark::comma
gene re cooha niyalma morin weri fi ,	verb::vv e::npst.ptcp nv::nv nv::nv nv::nv verb::vv e::cve mark::comma
ere juwe niyalma de ,	nv::nv nv::nv nv::nv cm::dat mark::comma
niyaman hūncihin seme harša rakū ,	nv::nv nv::nv comp verb::vv e::npst.ptcp.neg mark::comma
donggo_efu du_tang ,	nn::prpn nv::nv mark::comma
fujiyang gai fi du_tang ,	nv::nv verb::vv e::cve nv::nv mark::comma
daimbulu ,	nn::prpn.person mark::comma
irgen ,	nv::nv mark::comma
ba waliya fi guri me ji he seme ,	nv::nv verb::vv e::cve verb::vv e::cve verb::vv e::pst.ptcp comp mark::comma
orin uyun i cimari tasha erin de ,	nv::nv nv::nv cm::gen nv::nv nv::nv nv::nv cm::dat mark::comma
aisin menggun be tulergi niyalma baha hakū ,	nv::nv nv::nv cm::acc nv::nv nv::nv verb::vv e::pst.ptcp.neg mark::comma
○ beiguwan erketu bi ,	mark::circle nv::nv nn::prpn.person verb::vv.npst mark::comma
gašan i hehesi de ,	nv::nv cm::gen nv::nv cm::dat mark::comma
tabara fi alin i ninggu i boo de gana hakū ,	verb::vv e::cve nv::nv cm::gen nv::nv cm::gen nv::nv cm::dat verb::vv e::pst.ptcp.neg mark::comma
juse deote boo i niyalma be gai fi ,	nv::nv nv::nv nv::nv cm::gen nv::nv cm::acc verb::vv e::cve mark::comma
ehe be ehe seme han de ala mbi ,	nv::adj cm::acc nv::adj comp nv::nv cm::dat verb::vv e::fve.npst mark::comma
juwe ulgiyan ,	nv::nv nv::nv mark::comma
jakūn boo i baitala ra ngge ilata ihan tucibu me gai fi beile se i sasa gaji me ji ∅ ,	nv::nv nv::nv cm::gen verb::vv e::npst.ptcp nmlz::nmlz nv::nv nv::nv verb::vv e::cve verb::vv e::cve nv::nv nv::nv cm::gen nv::nv verb::vv e::cve verb::vv e::fve.imperative mark::comma
g'ai_jeo ,	nn::prpn mark::comma
○ saimagi de hūsimu ,	mark::circle nn::prpn.plc cm::dat nn::prpn.person mark::comma
tuttu ubaša ra yargiyan o fi ,	nv::nv verb::vv e::npst.ptcp nv::adj verb::vv e::cve mark::comma
iogi ,	nv::nv mark::comma
solohi orin ,	nv::nv nv::nv mark::comma
nikan i emgi kimun kokon o fi daila me ,	nv::nv cm::gen nv::nv nv::nv nv::nv verb::vv e::cve verb::vv e::cve mark::comma
emu sejen de amba poo juwete ,	nv::nv nv::nv cm::dat nv::adj nv::nv nv::nv mark::comma
gese emu han i irgen bi me ,	nv::nv nv::nv nv::nv cm::gen nv::nv verb::vv e::cve mark::comma
amala min i ihan be jušen tari mbi ,	nv::nv pn::1sg cm::gen nv::nv cm::acc nv::nv verb::vv e::fve.npst mark::comma
hai_si sakirkui i jui manikan ,	nn::prpn nn::prpn.person cm::gen nv::nv nn::prpn.person mark::comma
solho daha ci waji ha ,	nv::nv verb::vv e::cve verb::vv e::pst.ptcp mark::comma
○ ubahai be ,	mark::circle nn::prpn.person cm::acc mark::comma
boo i uji he ujima ,	nv::nv cm::gen verb::vv e::pst.ptcp nv::nv mark::comma
sain be sain ,	nv::adj cm::acc nv::adj mark::comma
yehe i juwe hoton de ,	nv::nv cm::gen nv::nv nv::nv cm::dat mark::comma
karu emu bithe unggi rakū ,	nv::nv nv::nv nv::nv verb::vv e::npst.ptcp.neg mark::comma
ineku tere inenggi ,	nv::nv nv::nv nv::nv mark::comma
gūsa i ejen buren burde he manggi ,	nv::nv cm::gen nv::nv nv::nv verb::vv e::pst.ptcp nv::nv mark::comma
gulu fulgiyan i tobohoi_ecike ,	nv::adj nv::nv cm::gen nn::prpn mark::comma
suwe ama i sira me gurun de ejen obu ∅ ,	pn::2pl nv::nv cm::gen verb::vv e::cve nv::nv cm::dat nv::nv verb::vv e::fve.imperative mark::comma
sishe ,	nv::nv mark::comma
boigon guri me ji me suila ha ,	nv::nv verb::vv e::cve verb::vv e::cve verb::vv e::pst.ptcp mark::comma
han i fafun i tondo i kadala mbi ,	nv::nv cm::gen nv::nv cm::gen nv::adj cm::gen verb::vv e::fve.npst mark::comma
fulgiyan i juwe gūsa ,	nv::nv cm::gen nv::nv nv::nv mark::comma
wan_lii i orin sunjaci aniya sunja biya i ice de baha ha ,	nn::prpn cm::gen nv::nv nv::nv nv::nv nv::nv nv::nv cm::gen nv::adj cm::dat verb::vv e::pst.ptcp mark::comma
sunjata yan menggun ,	nv::nv nv::nv nv::nv mark::comma
monggo be uji ∅ seme afabu habi ,	nv::nv cm::acc verb::vv e::fve.imperative comp verb::vv e::fve.prs.prf mark::comma
lung_king ni sunjaci aniya jakūn biya i orin sunja de baha ha .	nn::prpn cm::gen nv::nv nv::nv nv::nv nv::nv cm::gen nv::nv nv::nv cm::dat verb::vv e::pst.ptcp mark::period
isi rakū o ci acan juwe ∅ ,	verb::vv e::npst.ptcp.neg verb::vv e::cve nv::nv verb::vv e::fve.imperative mark::comma
emu gurun i dolo banji me ,	nv::nv nv::nv cm::gen nv::nv verb::vv e::cve mark::comma
ilaci jergi tsanjiyang ,	nv::nv nv::nv nv::nv mark::comma
ehe sain be dere bani rakū ,	nv::adj nv::adj cm::acc nv::nv verb::vv e::npst.ptcp.neg mark::comma
ahūta de bai fi gama kini ,	nv::nv cm::dat verb::vv e::cve verb::vv e::fve.opt mark::comma
ji he ,	verb::vv e::pst.ptcp mark::comma
cakiri ,	nv::adj mark::comma
han ,	nv::nv mark::comma
arga jali faksi encule me seole me bahana ra juwe ejen sinda ∅ ,	nv::nv nv::nv nv::nv verb::vv e::cve verb::vv e::cve verb::vv e::npst.ptcp nv::nv nv::nv verb::vv e::fve.imperative mark::comma
duici_beile ,	nn::prpn mark::comma
juwan emu yan i weile waliya mbi ,	nv::nv nv::nv nv::nv cm::gen nv::nv verb::vv e::fve.npst mark::comma
calakū_šan_wei i du_jy_hūi_tungjy ongginu i jui orin nadaci aniya juwe biya i ice uyun de baha ha ,	nn::prpn cm::gen nv::nv nn::prpn.person cm::gen nv::nv nv::nv nv::nv nv::nv nv::nv nv::nv cm::gen nv::adj nv::nv cm::dat verb::vv e::pst.ptcp mark::comma
bi inu suwen de gene ci o mbi dere ,	pn::1sg nv::nv pn::2pl cm::dat verb::vv e::cve verb::vv e::fve.npst ptcl mark::comma
buce he uksin i niyalma de ambula šangna me bu he ,	verb::vv e::pst.ptcp nv::nv cm::gen nv::nv cm::dat nv::nv verb::vv e::cve verb::vv e::pst.ptcp mark::comma
aidaha sencehe te mbi ,	nn::prpn.person nv::nv verb::vv e::fve.npst mark::comma
takūra ha elcin be wa ra ,	verb::vv e::pst.ptcp nv::nv cm::acc verb::vv e::npst.ptcp mark::comma
○ šukio be ,	mark::circle nn::prpn.person cm::acc mark::comma
cinggibu ,	nn::prpn.person mark::comma
jakūta de emgeri langtula bu ha ,	nv::nv cm::dat nv::nv verb::vv sfx e::pst.ptcp mark::comma
yehe i narimbulu ,	nv::nv cm::gen nn::prpn.person mark::comma
nadanju ihan ,	nv::nv nv::nv mark::comma
sin i jui be gai fi ,	pn::2sg cm::gen nv::nv cm::acc verb::vv e::cve mark::comma
○ juwan duin de ,	mark::circle nv::nv nv::nv cm::dat mark::comma
geren be je kini se ci ,	nv::adj cm::acc verb::vv e::fve.opt verb::vv e::cve mark::comma
○ jai mukūn i nadaci tatan ,	mark::circle nv::nv nv::nv cm::gen nv::nv nv::nv mark::comma
ehe be ehe seme han de ala mbi ,	nv::adj cm::acc nv::adj comp nv::nv cm::dat verb::vv e::fve.npst mark::comma
tongki fuka sinda ha hergen i dangse .	nv::nv nv::nv verb::vv e::pst.ptcp nv::nv cm::gen nv::nv mark::period
sancara ,	nn::prpn.plc mark::comma
buya irgen i niyalma ,	nv::adj nv::nv cm::gen nv::nv mark::comma
niru i ejen emu weile ara cibe ,	nv::nv cm::gen nv::nv nv::nv nv::nv verb::vv e::cve mark::comma
yendehei ,	nn::prpn.person mark::comma
ama i tukiye he sunja amban be uttu ehe acabu me jobobu ci ,	nv::nv cm::gen verb::vv e::pst.ptcp nv::nv nv::nv cm::acc nv::nv nv::adj verb::vv e::cve verb::vv e::cve mark::comma
geli hada de da fi ,	nv::nv nn::prpn.plc cm::dat verb::vv e::cve mark::comma
○ nanggin be ,	mark::circle nv::nv cm::acc mark::comma
han i tacibu ha tondo fafun be jurce rakū banji ci ,	nv::nv cm::gen verb::vv e::pst.ptcp nv::adj nv::nv cm::acc verb::vv e::npst.ptcp.neg verb::vv e::cve mark::comma
gida ha bi he ,	verb::vv e::pst.ptcp verb::vv e::pst.ptcp mark::comma
ihan morin ai jaka be ilan ubu sinda fi ,	nv::nv nv::nv nv::nv nv::nv cm::acc nv::nv nv::nv verb::vv e::cve mark::comma
aha ,	nv::nv mark::comma
aita ,	nn::prpn.person mark::comma
inu tere emu songko ,	nv::nv nv::nv nv::nv nv::nv mark::comma
aimbulu ,	nn::prpn.person mark::comma
jai nan_ging ,	nv::nv nn::prpn mark::comma
ba na be dasa me akdula me dasa habi seme donji fi afa ra jaka de ,	nv::nv nv::nv cm::acc verb::vv e::cve verb::vv e::cve verb::vv e::fve.prs.prf comp verb::vv e::cve verb::vv e::npst.ptcp nv::nv cm::dat mark::comma
jai hai_jeo hecen i sula yamun be ,	nv::nv nn::prpn nv::nv cm::gen nv::adj nv::nv cm::acc mark::comma
julge i mergese gisure mbihe ,	nv::nv cm::gen nv::nv verb::vv e::fve.pst.ipfv mark::comma
bi boo de akū bi he ,	pn::1sg nv::nv cm::dat nv::adj verb::vv e::pst.ptcp mark::comma
tasha sukū juwe ,	nv::nv nv::nv nv::nv mark::comma
deju ,	nn::prpn.person mark::comma
lio_fujiyang karu emu gisun jabu hakū se re mujangga o seme dacila me unggi he .	nn::prpn nv::nv nv::nv nv::nv verb::vv e::pst.ptcp.neg verb::vv e::npst.ptcp nv::adj ptcl comp verb::vv e::cve verb::vv e::pst.ptcp mark::period
ilu ,	nn::prpn.plc mark::comma
abka na de gashū ha gisun be efule me ,	nv::nv nv::nv cm::dat verb::vv e::pst.ptcp nv::nv cm::acc verb::vv e::cve mark::comma
damtun i puseli ejen si mujakū buye mbi kai ,	nv::nv cm::gen nv::nv nv::nv pn::2sg nv::nv verb::vv e::fve.npst ptcl mark::comma
yemji i fujiyang ni hergen be efule fi beiguwan obu ha ,	nv::nv cm::gen nv::nv cm::gen nv::nv cm::acc verb::vv e::cve nv::nv verb::vv e::pst.ptcp mark::comma
muse juwe gurun ,	pn::1pl.incl nv::nv nv::nv mark::comma
buce kini .	verb::vv e::fve.opt mark::period
hūsibu ,	nn::prpn.person mark::comma
nanutu ,	nn::prpn.person mark::comma
hailan_ceng_ni_wei i du_jy_hūi_tungjy hūsimu i omolo utai ,	nn::prpn cm::gen nv::nv nn::prpn.person cm::gen nv::nv nn::prpn.person mark::comma
hai_si yalu_wei i du_jy_hūi_ciyanši jaona i jui tungcuhū ,	nn::prpn nn::prpn cm::gen nv::nv nn::prpn.person cm::gen nv::nv nn::prpn.person mark::comma
hai_si yunggan_gajarun i du_jy_hūi_ciyanši senggulu i jui oken ,	nn::prpn nn::prpn cm::gen nv::nv nn::prpn.person cm::gen nv::nv nn::prpn.person mark::comma
boso i ergume bu he ,	nv::nv cm::gen nv::nv verb::vv e::pst.ptcp mark::comma
ududu jalan hala me banji ha keyen i hecen be efule he ,	nv::nv nv::nv verb::vv e::cve verb::vv e::pst.ptcp nn::prpn.plc cm::gen nv::nv cm::acc verb::vv e::pst.ptcp mark::comma
○ du_tang ni bithe ,	mark::circle nv::nv cm::gen nv::nv mark::comma
simiyan hecen i šun dekde re ergi be ,	nn::prpn.plc nv::nv cm::gen nv::nv verb::vv e::npst.ptcp nv::nv cm::acc mark::comma
jafabu rakū burula me suju re be ,	verb::vv e::npst.ptcp.neg verb::vv e::cve verb::vv e::npst.ptcp cm::acc mark::comma
sula sinda fi ainu duri me cuwangna me gurun be jobobu mbi ,	nv::adj verb::vv e::cve nv::nv verb::vv e::cve verb::vv e::cve nv::nv cm::acc verb::vv e::fve.npst mark::comma
loodoi ,	nn::prpn.person mark::comma
mandarhan ,	nn::prpn.person mark::comma
gene he tusa ,	verb::vv e::pst.ptcp nv::nv mark::comma
tere asara ha jaka be gemu gai fi siden i ku de sinda ha ,	nv::nv verb::vv e::pst.ptcp nv::nv cm::acc nv::nv verb::vv e::cve nv::nv cm::gen nv::nv cm::dat verb::vv e::pst.ptcp mark::comma
bi sarkū kai ,	pn::1sg nv::nv ptcl mark::comma
sunja ihan ,	nv::nv nv::nv mark::comma
hūcihari de emu feye ,	nn::prpn.plc cm::dat nv::nv nv::nv mark::comma
doro be kice me dasa mbi ,	nv::nv cm::acc verb::vv e::cve verb::vv e::fve.npst mark::comma
meni meni beile i ehe waka ba be sa fi hendu rakū ci ,	nv::nv nv::nv nv::nv cm::gen nv::adj nv::adj nv::nv cm::acc verb::vv e::cve verb::vv e::npst.ptcp.neg e::cve mark::comma
ehe sain be dere bani rakū ,	nv::adj nv::adj cm::acc nv::nv verb::vv e::npst.ptcp.neg mark::comma
tese gemu tusiyetu_han i ahūta deote .	nv::nv nv::nv nn::prpn cm::gen nv::nv nv::nv mark::period
etu ci je ci o mbi o ,	verb::vv e::cve verb::vv e::cve verb::vv e::fve.npst ptcl mark::comma
hūcihari de emu feye ,	nn::prpn.plc cm::dat nv::nv nv::nv mark::comma
orin funce me weihun gaji ha ,	nv::nv verb::vv e::cve nv::adj verb::vv e::pst.ptcp mark::comma
○ barin ci juwe niyalma uka me ji he .	mark::circle nv::nv cm::abl nv::nv nv::nv verb::vv e::cve verb::vv e::pst.ptcp mark::period
emu hehe ,	nv::nv nv::nv mark::comma
sin be yordo kini seme bu he bi he o ,	pn::2sg cm::acc verb::vv e::fve.opt comp verb::vv e::pst.ptcp verb::vv e::pst.ptcp ptcl mark::comma
morin ulebu rahū ,	nv::nv verb::vv e::fve.prv mark::comma
morin juwan ilan ,	nv::nv nv::nv nv::nv mark::comma
isinji fi tere ula i cooha be sabu fi ,	verb::vv e::cve nv::nv nv::nv cm::gen nv::nv cm::acc verb::vv e::cve mark::comma
kangkalai ,	nn::prpn.person mark::comma
poo miyoocan i sinda ha šanggiyan ,	nv::nv nv::nv cm::gen verb::vv e::pst.ptcp nv::nv mark::comma
ilaci jergi iogi obu ha .	nv::nv nv::nv nv::nv verb::vv e::pst.ptcp mark::period
hada ,	nn::prpn.plc mark::comma
ilina_ho_wei i du_jy_hūi_ciyanši alanji ∅ i jui jihao ,	nn::prpn cm::gen nv::nv verb::vv e::fve.imperative cm::gen nv::nv nn::prpn.person mark::comma
hergen bisi re niyalma gemu han i duka de isanji ∅ ,	nv::nv verb::vv e::npst.ptcp nv::nv nv::nv nv::nv cm::gen nv::nv cm::dat verb::vv e::fve.imperative mark::comma
han i tacibu ha gisun be jurce me ,	nv::nv cm::gen verb::vv e::pst.ptcp nv::nv cm::acc verb::vv e::cve mark::comma
ginjeo de te mbi ,	nn::prpn.plc cm::dat verb::vv e::fve.npst mark::comma
geren nukte re monggo de ejen ara fi ,	nv::adj verb::vv e::npst.ptcp nv::nv cm::dat nv::nv verb::vv e::cve mark::comma
sain be sain ,	nv::adj cm::acc nv::adj mark::comma
min i juse be encu gurun de gene fi ejen fujin o fi banji kini seme bu he dere ,	pn::1sg cm::gen nv::nv cm::acc nv::nv nv::nv cm::dat verb::vv e::cve nv::nv nv::nv verb::vv e::cve verb::vv e::fve.opt comp verb::vv e::pst.ptcp ptcl mark::comma
min i juse omosi jalan hala me han de gosibu me wesihun banji kini .	pn::1sg cm::gen nv::nv nv::nv nv::nv verb::vv e::cve nv::nv cm::dat verb::vv e::cve nv::nv verb::vv e::fve.opt mark::period
fu_jeo i harangga niyalma ,	nn::prpn cm::gen nv::nv nv::nv mark::comma
hecen i dorgi akdun ba be gemu doigon de baica me efule ∅ ,	nv::nv cm::gen nv::nv nv::adj nv::nv cm::acc nv::nv nv::nv cm::dat verb::vv e::cve verb::vv e::fve.imperative mark::comma
ba na be bekile ki ,	nv::nv nv::nv cm::acc verb::vv e::fve.opt mark::comma
gurun donji ci ,	nv::nv verb::vv e::cve mark::comma
jodo rakū ba de gecuheri suje puse jodo ci ,	verb::vv e::npst.ptcp.neg nv::nv cm::dat nv::nv nv::nv nv::nv verb::vv e::cve mark::comma
beye i ehe de wasi kini .	nv::nv cm::gen nv::adj cm::dat verb::vv e::fve.opt mark::period
julge i mergese i hendu he ngge ,	nv::nv cm::gen nv::nv cm::gen verb::vv e::pst.ptcp nmlz::nmlz mark::comma
juwe jergi buce re weile be guwebu mbi .	nv::nv nv::nv verb::vv e::npst.ptcp nv::nv cm::acc verb::vv e::fve.npst mark::period
abka aisila fi majige andan de tuttu wa me waji ha dere ,	nv::nv verb::vv e::cve nv::adj nv::nv cm::dat nv::nv verb::vv e::cve verb::vv e::pst.ptcp ptcl mark::comma
ya emu niyalma de banjinji ∅ ,	nv::nv nv::nv nv::nv cm::dat verb::vv e::fve.imperative mark::comma
han i mujilen umai daljakū onco o fi yehe i beile se i nene he ehe be gūni hakū ,	nv::nv cm::gen nv::nv nv::nv nv::adj nv::adj verb::vv e::cve nv::nv cm::gen nv::nv nv::nv cm::gen verb::vv e::pst.ptcp nv::adj cm::acc verb::vv e::pst.ptcp.neg mark::comma
○ ilan biya de ,	mark::circle nv::nv nv::nv cm::dat mark::comma
muse be uji rakū kai ,	pn::1pl.incl cm::acc verb::vv e::npst.ptcp.neg ptcl mark::comma
jangkio niru i ilan niyalma ,	nn::prpn.person nv::nv cm::gen nv::nv nv::nv mark::comma
han i bithe ,	nv::nv cm::gen nv::nv mark::comma
untuhuri ojo rahū dere ,	nv::nv verb::vv e::fve.prv ptcl mark::comma
sanggarjai_nakcu be daha me ji he gucu ,	nn::prpn cm::acc verb::vv e::cve verb::vv e::pst.ptcp nv::nv mark::comma
ejen be sonjo fi gucule mbi se re ,	nv::nv cm::acc verb::vv e::cve verb::vv e::fve.npst verb::vv e::npst.ptcp mark::comma
tanggū okson i dube de dain i niyalma i gabta ha sirdan isinji re ba de ,	nv::nv nv::nv cm::gen nv::nv cm::dat nv::nv cm::gen nv::nv cm::gen verb::vv e::pst.ptcp nv::nv verb::vv e::npst.ptcp nv::nv cm::dat mark::comma
gurun i niyalma wehe moo unu fi suila ra be sa fi gosi me bu he kai ,	nv::nv cm::gen nv::nv nv::nv nv::nv verb::vv e::cve verb::vv e::npst.ptcp cm::acc verb::vv e::cve verb::vv e::cve verb::vv e::pst.ptcp ptcl mark::comma
yoto_age ilan minggan cooha gai fi gene he ,	nn::prpn nv::nv nv::nv nv::nv verb::vv e::cve verb::vv e::pst.ptcp mark::comma
ilan biya i gūsin de waji ha seme du_tang de wesimbu ∅ .	nv::nv nv::nv cm::gen nv::nv cm::dat verb::vv e::pst.ptcp comp nv::nv cm::dat verb::vv e::fve.imperative mark::period
tere enteheme tusa kai ,	nv::nv nv::nv nv::nv ptcl mark::comma
ula de emu feye gidalabu ha ,	nv::nv cm::dat nv::nv nv::nv verb::vv e::pst.ptcp mark::comma
yamun de tuci fi ,	nv::nv cm::dat verb::vv e::cve mark::comma
inu enggeder i deo .	nv::nv nn::prpn.person cm::gen nv::nv mark::period
dahambulu ,	nn::prpn.person mark::comma
min de ubaša me ji he sin i ahūta deote be gemu sin de bederebu re seme hendu he ,	pn::1sg cm::dat verb::vv e::cve verb::vv e::pst.ptcp pn::2sg cm::gen nv::nv nv::nv cm::acc nv::nv pn::2sg cm::dat verb::vv e::npst.ptcp comp verb::vv e::pst.ptcp mark::comma
han hendu me ,	nv::nv verb::vv e::cve mark::comma
simiyan i hecen i duka de gene he cooha be amca me gana ∅ seme takūra ha ,	nn::prpn.plc cm::gen nv::nv cm::gen nv::nv cm::dat verb::vv e::pst.ptcp nv::nv cm::acc verb::vv e::cve verb::vv e::fve.imperative comp verb::vv e::pst.ptcp mark::comma
men i juse tere i adali eigen be jobobu re gasabu re o ci ,	pn::1pl.excl cm::gen nv::nv nv::nv cm::gen nv::adj nv::nv cm::acc verb::vv e::npst.ptcp verb::vv e::npst.ptcp verb::vv e::cve mark::comma
sin i beye be amban ara fi haira me gene rakū ci ,	pn::2sg cm::gen nv::nv cm::acc nv::nv verb::vv e::cve verb::vv e::cve verb::vv e::npst.ptcp.neg e::cve mark::comma
sin i takūra ha giyansi karun ji he niyalma be kemuni jafa fi fonji ci ,	pn::2sg cm::gen verb::vv e::pst.ptcp nv::nv nv::nv verb::vv e::pst.ptcp nv::nv cm::acc nv::nv verb::vv e::cve verb::vv e::cve mark::comma
ere gisun be jurce me hūlha me holto me ehe miosihon mujilen i banji ci ,	nv::nv nv::nv cm::acc verb::vv e::cve verb::vv e::cve verb::vv e::cve nv::adj nv::adj nv::nv cm::gen verb::vv e::cve mark::comma
warka de cooha gene he amban sa i takūra ha niyalma han de alanji me ,	nn::prpn.plc cm::dat nv::nv verb::vv e::pst.ptcp nv::nv nv::nv cm::gen verb::vv e::pst.ptcp nv::nv nv::nv cm::dat verb::vv e::cve mark::comma
ojo rakū ,	verb::vv e::npst.ptcp.neg mark::comma
han i hecen i hūcin hūcin de ,	nv::nv cm::gen nv::nv cm::gen nv::nv nv::nv cm::dat mark::comma
jalda me jafa fi benji ∅ ,	verb::vv e::cve verb::vv e::cve verb::vv e::fve.imperative mark::comma
ere ehe seme emhun ume gisure re ,	nv::nv nv::adj comp nv::nv nv::nv verb::vv e::npst.ptcp mark::comma
○ duin biya i juwan nadan de ,	mark::circle nv::nv nv::nv cm::gen nv::nv nv::nv cm::dat mark::comma
manggūldai ,	nn::prpn.person mark::comma
jakūn gūsa i cooha be gai fi ,	nv::nv nv::nv cm::gen nv::nv cm::acc verb::vv e::cve mark::comma
sargan jui ama eme ,	nv::nv nv::nv nv::nv nv::nv mark::comma
niyalma ekiyehun niru i janggin de bu hekū .	nv::nv nv::adj nv::nv cm::gen nv::nv cm::dat verb::vv e::pst.ptcp.neg mark::period
ama i gung de beiguwan bu he eje he de jalan hala me gung be lashala rakū seme ara habi kai ,	nv::nv cm::gen nv::nv cm::dat nv::nv verb::vv e::pst.ptcp verb::vv e::pst.ptcp cm::dat nv::nv verb::vv e::cve nv::nv cm::acc verb::vv e::npst.ptcp.neg comp verb::vv e::fve.prs.prf ptcl mark::comma
gemu jakūn boo i beile se baha ha ,	nv::nv nv::nv nv::nv cm::gen nv::nv nv::nv verb::vv e::pst.ptcp mark::comma
dule ke aniya ice jase i tulergi ci ,	verb::vv e::pst.ptcp nv::nv nv::adj nv::nv cm::gen nv::nv cm::abl mark::comma
niyalma ,	nv::nv mark::comma
gucule he gucu de saikan ici acabu rakū .	verb::vv e::pst.ptcp nv::nv cm::dat nv::adj nv::nv verb::vv e::npst.ptcp.neg mark::period
niyalma de bisi re ehe mujilen ,	nv::nv cm::dat verb::vv e::npst.ptcp nv::adj nv::nv mark::comma
beile se i beye ci hoko rakū ,	nv::nv nv::nv cm::gen nv::nv cm::abl verb::vv e::npst.ptcp.neg mark::comma
tatan tatan i ejete de gemu sala ∅ ,	nv::nv nv::nv cm::gen nv::nv cm::dat nv::nv verb::vv e::fve.imperative mark::comma
suwe gemu uju fusi ∅ ,	pn::2pl nv::nv nv::nv verb::vv e::fve.imperative mark::comma
eljitu ,	nn::prpn.person mark::comma
tere ci ulan ulan i giyamula me bene mbi ,	nv::nv cm::abl nv::nv nv::nv cm::gen verb::vv e::cve verb::vv e::fve.npst mark::comma
amba gecuheri juwe ,	nv::adj nv::nv nv::nv mark::comma
nikan cooha be saci me gabta me wa hai šanggiyan buraki waji re ngge ,	nv::nv nv::nv cm::acc verb::vv e::cve verb::vv e::cve verb::vv e::cve nv::nv nv::nv verb::vv e::npst.ptcp nmlz::nmlz mark::comma
faksi de juwete niyalma ,	nv::nv cm::dat nv::nv nv::nv mark::comma
emu iogi be gūsa de amba poo dagilabu ∅ ,	nv::nv nv::nv cm::acc nv::nv cm::dat nv::adj nv::nv verb::vv e::fve.imperative mark::comma
corji ,	nn::prpn.person mark::comma
○ ineku tere inenggi ,	mark::circle nv::nv nv::nv nv::nv mark::comma
nadan_fere de tebu me unggi he .	nn::prpn cm::dat verb::vv e::cve verb::vv e::pst.ptcp mark::period
jai cimari wahūmu de ili ha cooha ,	nv::nv nv::nv nn::prpn.plc cm::dat verb::vv e::pst.ptcp nv::nv mark::comma
giyan_jeo ui mafa i bethe i fejile bithe alibu re ngge ,	nn::prpn nv::nv nv::nv cm::gen nv::nv cm::gen nv::nv nv::nv verb::vv e::npst.ptcp nmlz::nmlz mark::comma
tere ice susai uksin de ,	nv::nv nv::adj nv::nv nv::nv cm::dat mark::comma
mandulai emgi efu i jui mendu_dagan be okdo me unggi he ,	nn::prpn.person nv::nv nv::nv cm::gen nv::nv nn::prpn cm::acc verb::vv e::cve verb::vv e::pst.ptcp mark::comma
sain be sain seme wesibu ∅ ,	nv::adj cm::acc nv::adj comp verb::vv e::fve.imperative mark::comma
unca ra jaka be jafa ha niyalma gai ∅ ,	verb::vv e::npst.ptcp nv::nv cm::acc verb::vv e::pst.ptcp nv::nv verb::vv e::fve.imperative mark::comma
jai duka be saikan akdula me jafa ∅ ,	nv::nv nv::nv cm::acc nv::adj verb::vv e::cve verb::vv e::fve.imperative mark::comma
○ orin de ,	mark::circle nv::nv cm::dat mark::comma
ehe seme hūlaša ra ihan be tuba de isina ha manggi bederebu ∅ ,	nv::adj comp verb::vv e::npst.ptcp nv::nv cm::acc nv::nv cm::dat verb::vv e::pst.ptcp nv::nv verb::vv e::fve.imperative mark::comma
amba weile o ho de ,	nv::adj nv::nv verb::vv e::pst.ptcp cm::dat mark::comma
si_uli efu ,	nn::prpn nv::nv mark::comma
ice nadan de sucu fi keintei hoton ,	nv::adj nv::nv cm::dat verb::vv e::cve nn::prpn.plc nv::nv mark::comma
muse i ajige gurun be tondo i turgun de ,	nv::nv cm::gen nv::adj nv::nv cm::acc nv::adj cm::gen nv::nv cm::dat mark::comma
hafasa weihu de te me jabdu fi baha hakū ,	nv::nv nv::nv cm::dat verb::vv e::cve verb::vv e::cve verb::vv e::pst.ptcp.neg mark::comma
han i bithe ,	nv::nv cm::gen nv::nv mark::comma
○ jongtoi be beiguwan obu ha ,	mark::circle nn::prpn.person cm::acc nv::nv verb::vv e::pst.ptcp mark::comma
○ ice ilan de ,	mark::circle nv::adj nv::nv cm::dat mark::comma
gurun i usin jeku icihiya ra tung pan i hergen bu he ,	nv::nv cm::gen nv::nv nv::nv verb::vv e::npst.ptcp nv::nv nv::nv cm::gen nv::nv verb::vv e::pst.ptcp mark::comma
jang_iogi sa mbi ,	nn::prpn verb::vv e::fve.npst mark::comma
alban bu re niyalma be uji fi tokso ara ∅ ,	nv::nv verb::vv e::npst.ptcp nv::nv cm::acc verb::vv e::cve nv::nv verb::vv e::fve.imperative mark::comma
han ,	nv::nv mark::comma
ningguni ,	nn::prpn.person mark::comma
gulu fulgiyan i bithe monggoli re de ,	nv::adj nv::nv cm::gen nv::nv verb::vv e::npst.ptcp cm::dat mark::comma
jakūcin ,	nn::prpn.person mark::comma
giya_jing ni dehi juwe ci aniya ninggun biya i juwan duin de baha ha ,	nn::prpn cm::gen nv::nv verb::vv e::cve nv::nv nv::nv nv::nv cm::gen nv::nv nv::nv cm::dat verb::vv e::pst.ptcp mark::comma
juse omosi jalan hala me gosi re doro be ume lashala ra .	nv::nv nv::nv nv::nv verb::vv e::cve verb::vv e::npst.ptcp nv::nv cm::acc nv::nv verb::vv e::npst.ptcp mark::period
tere hala me gene re cooha isina ha manggi ,	nv::nv verb::vv e::cve verb::vv e::npst.ptcp nv::nv verb::vv e::pst.ptcp nv::nv mark::comma
emu hūwa i gese yabu mbi ,	nv::nv nv::nv cm::gen nv::nv verb::vv e::fve.npst mark::comma
nene me emken juwe dosi ci ,	verb::vv e::cve nv::nv nv::nv verb::vv e::cve mark::comma
bartai ,	nn::prpn.person mark::comma
dzung_bing_guwan ci fusihūn ,	nv::nv cm::abl nv::adj mark::comma
jejungge ,	nn::prpn.person mark::comma
takūra ra aha ,	verb::vv e::npst.ptcp nv::nv mark::comma
dube i honin de ilan yan salibu ∅ ,	nv::nv cm::gen nv::nv cm::dat nv::nv nv::nv verb::vv e::fve.imperative mark::comma
nikan i ja sa i jaka de ili fi ,	nv::nv cm::gen nv::adj nv::nv cm::gen nv::nv cm::dat verb::vv e::cve mark::comma
cooha i niyalma de sala mbi seme gaji ha .	nv::nv cm::gen nv::nv cm::dat verb::vv e::fve.npst comp verb::vv e::pst.ptcp mark::period
ulha gaji me uka me ,	nv::nv verb::vv e::cve verb::vv e::cve mark::comma
encu sunja tanggū nikan bu ∅ ,	nv::nv nv::nv nv::nv nv::nv verb::vv e::fve.imperative mark::comma
aita ,	nn::prpn.person mark::comma
tere inenggi ,	nv::nv nv::nv mark::comma
juwan lamun ,	nv::nv nv::adj mark::comma
yan_giya_jy ,	nn::prpn mark::comma
guwangse sangse etubu fi buya niyalma i emgi hori fi tuttu bisi re de ,	nv::nv nv::nv verb::vv e::cve nv::adj nv::nv cm::gen nv::nv verb::vv e::cve nv::nv verb::vv e::npst.ptcp cm::dat mark::comma
jušen nikan i funce he be gemu unggi ∅ ,	nv::nv nv::nv cm::gen verb::vv e::pst.ptcp cm::acc nv::nv verb::vv e::fve.imperative mark::comma
○ tere inenggi ,	mark::circle nv::nv nv::nv mark::comma
nimaha bai re jang_dase gebungge niyalma de bu fi ,	nv::nv verb::vv e::npst.ptcp nn::prpn nv::adj nv::nv cm::dat verb::vv e::cve mark::comma
afabu ha weile be mute mbi ,	verb::vv e::pst.ptcp nv::nv cm::acc verb::vv e::fve.npst mark::comma
jori ha jurgan be jurce rakū seme beiguwan obu ha .	verb::vv e::pst.ptcp nv::nv cm::acc verb::vv e::npst.ptcp.neg comp nv::nv verb::vv e::pst.ptcp mark::period
juwe temen .	nv::nv nv::nv mark::period
manggūltai_beile i baha ha olji be ,	nn::prpn cm::gen verb::vv e::pst.ptcp nv::nv cm::acc mark::comma
sangtu i elcin ,	nn::prpn.person cm::gen nv::nv mark::comma
abka min de da fi ,	nv::nv pn::1sg cm::dat verb::vv e::cve mark::comma
juwan suje ,	nv::nv nv::nv mark::comma
damin ,	nv::nv mark::comma
dodo_age be han be bai me ji ∅ seme takūra ha .	nn::prpn cm::acc nv::nv cm::acc verb::vv e::cve verb::vv e::fve.imperative comp verb::vv e::pst.ptcp mark::period
tere yamji cooha gida fi ,	nv::nv nv::nv nv::nv verb::vv e::cve mark::comma
dain de wa ha niyalma be weijubu re ,	nv::nv cm::dat verb::vv e::pst.ptcp nv::nv cm::acc verb::vv e::npst.ptcp mark::comma
tere ci warkasi_golo de dosi ka yafahan i cooha de ,	nv::nv cm::abl nn::prpn cm::dat verb::vv e::pst.ptcp nv::adj cm::gen nv::nv cm::dat mark::comma
jori ha jurgan be jurce rakū seme ,	verb::vv e::pst.ptcp nv::nv cm::acc verb::vv e::npst.ptcp.neg comp mark::comma
ere mudan i cooha de ,	nv::nv nv::nv cm::gen nv::nv cm::dat mark::comma
fakca rakū ci ,	verb::vv e::npst.ptcp.neg e::cve mark::comma
ahūn i weile de deo ume da ra ,	nv::nv cm::gen nv::nv cm::dat nv::nv nv::nv verb::vv e::npst.ptcp mark::comma
juwan eihen uhereme susai bu he ,	nv::nv nv::nv nv::nv nv::nv verb::vv e::pst.ptcp mark::comma
cooha i beile se suila ha be daha me ,	nv::nv cm::gen nv::nv nv::nv verb::vv e::pst.ptcp cm::acc verb::vv e::cve mark::comma
men i aisin han i efule he eden asu be ali me gai fi ,	pn::1pl.excl cm::gen nv::nv nv::nv cm::gen verb::vv e::pst.ptcp nv::adj nn::prpn.person cm::acc verb::vv e::cve verb::vv e::cve mark::comma
duin beile i tana ,	nv::nv nv::nv cm::gen nv::nv mark::comma
jai hūlha me gene fi ilan niyalma tuci fi gene re be amca fi wa ha ,	nv::nv verb::vv e::cve verb::vv e::cve nv::nv nv::nv verb::vv e::cve verb::vv e::npst.ptcp cm::acc verb::vv e::cve verb::vv e::pst.ptcp mark::comma
wang_tsanjiyang ,	nn::prpn mark::comma
jušen nikan monggo juwan morin de ,	nv::nv nv::nv nv::nv nv::nv nv::nv cm::dat mark::comma
minggan olji baha ha ,	nv::nv nv::nv verb::vv e::pst.ptcp mark::comma
karun gene fi ,	nv::nv verb::vv e::cve mark::comma
amburi ,	nn::prpn.person mark::comma
juwanci jergi ,	nv::nv nv::nv mark::comma
muduri erin de liyoha bira be doo re de ,	nv::nv nv::nv cm::dat nn::prpn.plc nv::nv cm::acc verb::vv e::npst.ptcp cm::dat mark::comma
geli emgeri sucu fi gama ha ,	nv::nv nv::nv verb::vv e::cve verb::vv e::pst.ptcp mark::comma
iogi tsanjiyang fakca hakū seme wesihun han de ala ∅ ,	nv::nv nv::nv verb::vv e::pst.ptcp.neg comp nv::nv nv::nv cm::dat verb::vv e::fve.imperative mark::comma
abka i sinda ha gurun i ejen han ,	nv::nv cm::gen verb::vv e::pst.ptcp nv::nv cm::gen nv::nv nv::nv mark::comma
yeldeng ,	nn::prpn.person mark::comma
juwan emu morin ,	nv::nv nv::nv nv::nv mark::comma
tondo be beide fi ,	nv::adj cm::acc verb::vv e::cve mark::comma
iogi lisan ,	nv::nv nn::prpn.person mark::comma
emu sargan jui be benji me ,	nv::nv nv::nv nv::nv cm::acc verb::vv e::cve mark::comma
aniya biya i juwan ci ebsi gai me wacihiya ∅ ,	nv::nv nv::nv cm::gen nv::nv cm::abl nv::nv verb::vv e::cve verb::vv e::fve.imperative mark::comma
ba ci guri me ji fi ,	nv::nv cm::abl verb::vv e::cve verb::vv e::cve mark::comma
dading_wei i du_jy_hūi_tungjy hengbu i jui fuli ,	nn::prpn cm::gen nv::nv nn::prpn.person cm::gen nv::nv nv::nv mark::comma
jiju ,	nn::prpn.person mark::comma
han i jase i jalin de gashū ha kai ,	nv::nv cm::gen nv::nv cm::gen nv::nv cm::dat verb::vv e::pst.ptcp ptcl mark::comma
emu biya i on be alin be daba me muke be olo me ji he ngge ,	nv::nv nv::nv cm::gen nv::nv cm::acc nv::nv cm::acc verb::vv e::cve nv::nv cm::acc verb::vv e::cve verb::vv e::pst.ptcp nmlz::nmlz mark::comma
sain niyalma de ,	nv::adj nv::nv cm::dat mark::comma
juwan ilan niyalma isinji ha ,	nv::nv nv::nv nv::nv verb::vv e::pst.ptcp mark::comma
jao_jing_tao ,	nn::prpn mark::comma
edun buraki gemu nikan i baru gida fi umai ulhi rakū farhūn o ho ,	nv::nv nv::nv nv::nv nv::nv cm::gen nv::nv verb::vv e::cve nv::nv verb::vv e::npst.ptcp.neg nv::adj verb::vv e::pst.ptcp mark::comma
beiguwan i hergen i šangna me bu he ulin be hontoholo me juwan yan menggun ,	nv::nv cm::gen nv::nv cm::gen verb::vv e::cve verb::vv e::pst.ptcp nv::nv cm::acc verb::vv e::cve nv::nv nv::nv nv::nv mark::comma
jai tantan be iogi hergen efule he ,	nv::nv nn::prpn.person cm::acc nv::nv nv::nv verb::vv e::pst.ptcp mark::comma
cooha gai fi yabu re beile se amban sa i baru han hendu me ,	nv::nv verb::vv e::cve verb::vv e::npst.ptcp nv::nv nv::nv nv::nv nv::nv cm::gen nv::nv nv::nv verb::vv e::cve mark::comma
geren monggo beile be gai fi hengkile he ,	nv::adj nv::nv nv::nv cm::acc verb::vv e::cve verb::vv e::pst.ptcp mark::comma
cooha i niyalma hecen i nikasa be nungne rahū seme doigon de šajila me hendu fi ,	nv::nv cm::gen nv::nv nv::nv cm::gen nv::nv cm::acc verb::vv e::fve.prv comp nv::nv cm::dat verb::vv e::cve verb::vv e::cve mark::comma
sunja amban cen i jobo ho be emte bithe ara fi han de alibu ha ,	nv::nv nv::nv pn::3pl cm::gen verb::vv e::pst.ptcp cm::acc nv::nv nv::nv verb::vv e::cve nv::nv cm::dat verb::vv e::pst.ptcp mark::comma
nimeku be dekdebu mbi ,	nv::nv cm::acc verb::vv e::fve.npst mark::comma
fakca rakū ci ,	verb::vv e::npst.ptcp.neg e::cve mark::comma
kesiktu ,	nn::prpn.person mark::comma
bujantai hendu me ,	nn::prpn.person verb::vv e::cve mark::comma
hasa baica ∅ ,	nv::nv verb::vv e::fve.imperative mark::comma
hergen bisi re niyalma o ci ,	nv::nv verb::vv e::npst.ptcp nv::nv verb::vv e::cve mark::comma
○ turusi be ,	mark::circle nn::prpn.person cm::acc mark::comma
amba gung gai fi ,	nv::adj nv::nv verb::vv e::cve mark::comma
jori ha jurgan be jurce rakū seme ,	verb::vv e::pst.ptcp nv::nv cm::acc verb::vv e::npst.ptcp.neg comp mark::comma
amba_efu ,	nn::prpn mark::comma
jobobu re da de jobobu kini ,	verb::vv e::npst.ptcp nv::nv cm::dat verb::vv e::fve.opt mark::comma
duici_beile gene he manggi ,	nn::prpn verb::vv e::pst.ptcp nv::nv mark::comma
han i pai be gai fi ,	nv::nv cm::gen nv::nv cm::acc verb::vv e::cve mark::comma
min i dahabu ha gurun be suwe ainu gai mbi ,	pn::1sg cm::gen verb::vv e::pst.ptcp nv::nv cm::acc pn::2pl nv::nv verb::vv e::fve.npst mark::comma
gala i falanggū hafu moo de hada fi ,	nv::nv cm::gen nv::nv nv::nv nv::nv cm::dat verb::vv e::cve mark::comma
tuttu tondo i fafula rakū ehe miosihon jurgan i yabu ci ,	nv::nv nv::adj cm::gen verb::vv e::npst.ptcp.neg nv::adj nv::adj nv::nv cm::gen verb::vv e::cve mark::comma
boo i uji he ujima ,	nv::nv cm::gen verb::vv e::pst.ptcp nv::nv mark::comma
ilan jugūn i cooha be gemu wa ha ,	nv::nv nv::nv cm::gen nv::nv cm::acc nv::nv verb::vv e::pst.ptcp mark::comma
nikan i tungse aika baita de ji me sa fi sere rahū seme morin hori re guwan arabu ha .	nv::nv cm::gen nv::nv nv::nv nv::nv cm::dat verb::vv e::cve verb::vv e::cve verb::vv e::fve.prv comp nv::nv verb::vv e::npst.ptcp nv::nv verb::vv e::pst.ptcp mark::period
mao_wen_lung ni giyansi ji he niyalma be jafa ha seme wesibu fi jing beiguwan obu ha ,	nn::prpn cm::gen nv::nv verb::vv e::pst.ptcp nv::nv cm::acc verb::vv e::pst.ptcp comp verb::vv e::cve nv::nv nv::nv verb::vv e::pst.ptcp mark::comma
jase jakara me jušen i te he ngge ,	nv::nv verb::vv e::cve nv::nv cm::gen verb::vv e::pst.ptcp nmlz::nmlz mark::comma
absi gene mbihe seme ,	nv::nv verb::vv e::fve.pst.ipfv comp mark::comma
emu minggan gūsin juwe ihan ,	nv::nv nv::nv nv::nv nv::nv nv::nv mark::comma
gemu monggo jafa me hadubu ∅ ,	nv::nv nv::nv verb::vv e::cve verb::vv e::fve.imperative mark::comma
nimenggi be han de alibu ha ,	nv::nv cm::acc nv::nv cm::dat verb::vv e::pst.ptcp mark::comma
○ gisun ,	mark::circle nv::nv mark::comma
○ orin ilan de ,	mark::circle nv::nv nv::nv cm::dat mark::comma
han ,	nv::nv mark::comma
emu feye sacibu ha seme juwan ilan yan i weile waliya mbi ,	nv::nv nv::nv verb::vv e::pst.ptcp comp nv::nv nv::nv nv::nv cm::gen nv::nv verb::vv e::fve.npst mark::comma
emu niru i juwete uksin be ,	nv::nv nv::nv cm::gen nv::nv nv::nv cm::acc mark::comma
juwe ihan ,	nv::nv nv::nv mark::comma
wan_lii i sunjaci aniya jorgon biya i ice sunja de baha ha ,	nn::prpn cm::gen nv::nv nv::nv nv::nv nv::nv cm::gen nv::adj nv::nv cm::dat verb::vv e::pst.ptcp mark::comma
tere i amala juwe biya de hūrha gurun ci daha me ji he amban sa ,	nv::nv cm::gen nv::nv nv::nv nv::nv cm::dat nv::nv nv::nv cm::abl verb::vv e::cve verb::vv e::pst.ptcp nv::nv nv::nv mark::comma
genggiyen_han i emu tumen isi rakū cooha i gida fi gama me ,	nn::prpn cm::gen nv::nv nv::nv verb::vv e::npst.ptcp.neg nv::nv cm::gen verb::vv e::cve verb::vv e::cve mark::comma
ai jaka be beye i baru doosida me gūni rakū ,	nv::nv nv::nv cm::acc nv::nv cm::gen nv::nv verb::vv e::cve verb::vv e::npst.ptcp.neg mark::comma
duin biya i juwan duin de wasimbu ha ,	nv::nv nv::nv cm::gen nv::nv nv::nv cm::dat verb::vv e::pst.ptcp mark::comma
manggo ,	nv::nv mark::comma
dumbai ,	nn::prpn.person mark::comma
monggo i bayot gurun i beile ,	nv::nv cm::gen nn::prpn.plc nv::nv cm::gen nv::nv mark::comma
○ sio_yan i beiguwan kiyoo_bang_kui ,	mark::circle nn::prpn cm::gen nv::nv nn::prpn mark::comma
jirgalang_age ,	nn::prpn mark::comma
men i julge i han i jafa ha fe jase ci tulergi be min i ba obu mbi ,	pn::1pl.excl cm::gen nv::nv cm::gen nv::nv cm::gen verb::vv e::pst.ptcp nv::adj nv::nv cm::abl nv::nv cm::acc pn::1sg cm::gen nv::nv verb::vv e::fve.npst mark::comma
aisin be gai ha ,	nv::nv cm::acc verb::vv e::pst.ptcp mark::comma
juwan_jakūn_dabagan be abala fi ,	nn::prpn cm::acc verb::vv e::cve mark::comma
○ hūrha gurun i bojiri de ,	mark::circle nv::nv nv::nv cm::gen nn::prpn.person cm::dat mark::comma
uji fi hūsun tusa baha ki seme sinda fi unggi mbi ,	verb::vv e::cve nv::nv nv::nv verb::vv e::fve.opt comp verb::vv e::cve verb::vv e::fve.npst mark::comma
ere gisun i songko i fonji me ilga fi ,	nv::nv nv::nv cm::gen nv::nv cm::gen verb::vv e::cve verb::vv e::cve mark::comma
tere golo ai de gaibu mbihe ,	nv::nv nv::nv nv::nv cm::dat verb::vv e::fve.pst.ipfv mark::comma
fulgiyan jafu emken ,	nv::nv nv::nv nv::nv mark::comma
jakūn hošonggo ordo de gene fi te ki seme ,	nv::nv nv::adj nv::nv cm::dat verb::vv e::cve verb::vv e::fve.opt comp mark::comma
han hendu me ,	nv::nv verb::vv e::cve mark::comma
yarkiya ra de dosi ci ,	verb::vv e::npst.ptcp cm::dat verb::vv e::cve mark::comma
bata kimun seme gida rakū ,	nv::nv nv::nv comp verb::vv e::npst.ptcp.neg mark::comma
ba tuwa fi ,	nv::nv verb::vv e::cve mark::comma
han hendu me ,	nv::nv verb::vv e::cve mark::comma
○ cooha be wa ki seme tumen cooha be unggi fi toso ho ,	mark::circle nv::nv cm::acc verb::vv e::fve.opt comp nv::nv nv::nv cm::acc verb::vv e::cve verb::vv e::pst.ptcp mark::comma
gene he gene he ba i niyalma be tolo fi bele bu ∅ .	verb::vv e::pst.ptcp verb::vv e::pst.ptcp nv::nv cm::gen nv::nv cm::acc verb::vv e::cve nv::nv verb::vv e::fve.imperative mark::period
in i ama i boo de gene re jide re de ,	pn::3sg cm::gen nv::nv cm::gen nv::nv cm::dat verb::vv e::npst.ptcp verb::vv e::npst.ptcp cm::dat mark::comma
cergei ,	nn::prpn.person mark::comma
nikan be šanaha i duka de isi tala daila ki seme bithe ara ha bi he ,	nv::nv cm::acc nn::prpn.plc cm::gen nv::nv cm::dat verb::vv e::cve verb::vv e::fve.opt comp nv::nv verb::vv e::pst.ptcp verb::vv e::pst.ptcp mark::comma
jai afabu ha weile be mute mbi ,	nv::nv verb::vv e::pst.ptcp nv::nv cm::acc verb::vv e::fve.npst mark::comma
suwen de inu amba urgun kai ,	pn::2pl cm::dat nv::nv nv::adj nv::nv ptcl mark::comma
karun i niyalma be tuwana ∅ seme tuwana ci ,	nv::nv cm::gen nv::nv cm::acc verb::vv e::fve.imperative comp verb::vv e::cve mark::comma
muse ere be takūra me goida ha ,	pn::1pl.incl nv::nv cm::acc verb::vv e::cve verb::vv e::pst.ptcp mark::comma
nimaha gasha i emgi banji ha bi he ,	nv::nv nv::nv cm::gen nv::nv verb::vv e::pst.ptcp verb::vv e::pst.ptcp mark::comma
ehe weile be ume deribu re ,	nv::adj nv::nv cm::acc nv::nv verb::vv e::npst.ptcp mark::comma
muse i juwan ilan niyalma poo i jilgan be doigon de donji fi ,	nv::nv cm::gen nv::nv nv::nv nv::nv nv::nv cm::gen nv::nv cm::acc nv::nv cm::dat verb::vv e::cve mark::comma
tuttu bu he be sa fi ,	nv::nv verb::vv e::pst.ptcp cm::acc verb::vv e::cve mark::comma
sakjai i niyalma cooha ji he be gida ha ,	nn::prpn.plc cm::gen nv::nv nv::nv verb::vv e::pst.ptcp cm::acc verb::vv e::pst.ptcp mark::comma
dosimbu ∅ se he de dosimbu ∅ ,	verb::vv e::fve.imperative verb::vv e::pst.ptcp cm::dat verb::vv e::fve.imperative mark::comma
beile se de teisu teisu sadun jafa ∅ seme afabu ha ,	nv::nv nv::nv cm::dat nv::nv nv::nv nv::nv verb::vv e::fve.imperative comp verb::vv e::pst.ptcp mark::comma
ula i bujantai_beile i cooha ,	nv::nv cm::gen nn::prpn cm::gen nv::nv mark::comma
han i bu he bithe be tuwa rakū ,	nv::nv cm::gen verb::vv e::pst.ptcp nv::nv cm::acc verb::vv e::npst.ptcp.neg mark::comma
jai emu ba de te he sunja niyalma be ,	nv::nv nv::nv nv::nv cm::dat verb::vv e::pst.ptcp nv::nv nv::nv cm::acc mark::comma
jai ujula fi gene re emu udu niyalma be jafa habi ,	nv::nv verb::vv e::cve verb::vv e::npst.ptcp nv::nv nv::nv nv::nv cm::acc verb::vv e::fve.prs.prf mark::comma
emu tanggū gūsin juwe niyalma de eje he bu he .	nv::nv nv::nv nv::nv nv::nv nv::nv cm::dat verb::vv e::pst.ptcp verb::vv e::pst.ptcp mark::period
alin de tafa ka cooha be ,	nv::nv cm::dat verb::vv e::pst.ptcp nv::nv cm::acc mark::comma
sula ba de usin taribu fi ,	nv::adj nv::nv cm::dat nv::nv verb::vv e::cve mark::comma
fiongdon ,	nn::prpn.person mark::comma
juwe dalba de cooha buksi fi yarkiya ra de tuhende rahū ,	nv::nv nv::nv cm::dat nv::nv verb::vv e::cve verb::vv e::npst.ptcp cm::dat verb::vv e::fve.prv mark::comma
iogi hergen de isi tala ,	nv::nv nv::nv cm::dat verb::vv e::cve mark::comma
sin i dolo gūni ci ende mbi o ,	pn::2sg cm::gen nv::nv verb::vv e::cve verb::vv e::fve.npst ptcl mark::comma
tanggūdai dzung_bing_guwan ,	nn::prpn.person nv::nv mark::comma
○ ice_hecen de anafu te he baduhū fujiyang ,	mark::circle nn::prpn cm::dat nv::nv verb::vv e::pst.ptcp nn::prpn.person nv::nv mark::comma
han de hengkile me aca ha ,	nv::nv cm::dat verb::vv e::cve verb::vv e::pst.ptcp mark::comma
tari ha usin be ,	verb::vv e::pst.ptcp nv::nv cm::acc mark::comma
○ juwan duin de ,	mark::circle nv::nv nv::nv cm::dat mark::comma
suwe ba i niyalma de aika gai ci ,	pn::2pl nv::nv cm::gen nv::nv cm::dat nv::nv verb::vv e::cve mark::comma
taiguwan ,	nn::prpn.person mark::comma
han ,	nv::nv mark::comma
budang ,	nn::prpn.person mark::comma
hecen weile re ihan sejen niyalma gana ∅ seme ,	nv::nv verb::vv e::npst.ptcp nv::nv nv::nv nv::nv verb::vv e::fve.imperative comp mark::comma
nikan i cooha i beile se hendu me ,	nv::nv cm::gen nv::nv cm::gen nv::nv nv::nv verb::vv e::cve mark::comma
amca me gana ci tondo ala rakū ,	verb::vv e::cve verb::vv e::cve nv::adj verb::vv e::npst.ptcp.neg mark::comma
yahai be baksi seme beye i teile .	nn::prpn.person cm::acc nv::nv comp nv::nv cm::gen nv::nv mark::period
ere ilan niyalma bene me gene he .	nv::nv nv::nv nv::nv verb::vv e::cve verb::vv e::pst.ptcp mark::period
○ kanangga be ,	mark::circle nn::prpn.person cm::acc mark::comma
solho i fe han ,	nv::nv cm::gen nv::adj nv::nv mark::comma
hūng_baturu i nadan boo ,	nn::prpn cm::gen nv::nv nv::nv mark::comma
monggo beidesi jakūn ,	nv::nv nv::nv nv::nv mark::comma
juwan emu yan i weile waliya mbi ,	nv::nv nv::nv nv::nv cm::gen nv::nv verb::vv e::fve.npst mark::comma
folo ho enggemu hadala ,	verb::vv e::pst.ptcp nv::nv nv::nv mark::comma
dain de buce he gung de beiguwan obu ha .	nv::nv cm::dat verb::vv e::pst.ptcp nv::nv cm::dat nv::nv verb::vv e::pst.ptcp mark::period
julge i han ,	nv::nv cm::gen nv::nv mark::comma
ušitai ,	nn::prpn.person mark::comma
mergen faksi arga jali ,	nv::adj nv::nv nv::nv nv::nv mark::comma
○ ere ci jakūn gūsa i ice gūwalca i eje he i dangse .	mark::circle nv::nv cm::abl nv::nv nv::nv cm::gen nv::adj nn::prpn.plc cm::gen verb::vv e::pst.ptcp cm::gen nv::nv mark::period
monggo ,	nv::nv mark::comma
ehe facuhūn niyalma i tuci re dosi re be saikan baica ∅ ,	nv::adj nv::adj nv::nv cm::gen verb::vv e::npst.ptcp verb::vv e::npst.ptcp cm::acc nv::adj verb::vv e::fve.imperative mark::comma
etu he etuku banji re doro gemu emu adali kai ,	verb::vv e::pst.ptcp nv::nv verb::vv e::npst.ptcp nv::nv nv::nv nv::nv nv::adj ptcl mark::comma
tuhe re an i weile gai ha ,	verb::vv e::npst.ptcp nv::nv cm::gen nv::nv verb::vv e::pst.ptcp mark::comma
baha ra be ume nemše re ,	verb::vv e::npst.ptcp cm::acc nv::nv verb::vv e::npst.ptcp mark::comma
sunja tatan i kalka i beile se ,	nv::nv nv::nv cm::gen nv::nv cm::gen nv::nv nv::nv mark::comma
aiha i ba be tuci fi weji dolo te he ,	nv::nv cm::gen nv::nv cm::acc verb::vv e::cve nv::nv nv::nv verb::vv e::pst.ptcp mark::comma
jaisai cooha gemu muse de wabu ha ,	nn::prpn.person nv::nv nv::nv pn::1pl.incl cm::dat verb::vv e::pst.ptcp mark::comma
han i bithe ,	nv::nv cm::gen nv::nv mark::comma
gangguri juwe dzung_bing_guwan ,	nn::prpn.person nv::nv nv::nv mark::comma
tere ai boobai ,	nv::nv nv::nv nv::nv mark::comma
haha be gemu wa ha ,	nv::nv cm::acc nv::nv verb::vv e::pst.ptcp mark::comma
ya jafu bithe be ali me gai fi ubaša mbi seme hebde he niyalma bi ci ,	nv::nv nv::nv nv::nv cm::acc verb::vv e::cve verb::vv e::cve verb::vv e::fve.npst comp verb::vv e::pst.ptcp nv::nv verb::vv e::cve mark::comma
g'ai_jeo ,	nn::prpn mark::comma
boo i sihin jaka be fondolo fi sinda ∅ ,	nv::nv cm::gen nv::nv nv::nv cm::acc verb::vv e::cve verb::vv e::fve.imperative mark::comma
irešen ,	nn::prpn.person mark::comma
duite niyalma be gai fi niowanggiyaha i ergi de usin icihiya me gene he .	nv::nv nv::nv cm::acc verb::vv e::cve nn::prpn.plc cm::gen nv::nv cm::dat nv::nv verb::vv e::cve verb::vv e::pst.ptcp mark::period
nomci ,	nn::prpn.person mark::comma
min de aika bata kimun bi he o ,	pn::1sg cm::dat nv::nv nv::nv nv::nv verb::vv e::pst.ptcp ptcl mark::comma
tere i gese dorji ,	nv::nv cm::gen nv::nv nn::prpn.person mark::comma
boigon lata niyalma be ,	nv::nv nv::adj nv::nv cm::acc mark::comma
dahio ,	nn::prpn.person mark::comma
jušen yaya han i jase be daba ci ,	nv::nv nv::nv nv::nv cm::gen nv::nv cm::acc verb::vv e::cve mark::comma
bi wang_iogi i emgi ilan giyansi jafa ha ,	pn::1sg nn::prpn cm::gen nv::nv nv::nv nv::nv verb::vv e::pst.ptcp mark::comma
hai_jeo i hancikingge be hai_jeo de dosimbu ha ,	nn::prpn cm::gen nv::nv cm::acc nn::prpn cm::dat verb::vv e::pst.ptcp mark::comma
ula de emu feye baha ha seme ,	nv::nv cm::dat nv::nv nv::nv verb::vv e::pst.ptcp comp mark::comma
be aise me gisure re ,	pn::1pl.excl verb::vv e::cve verb::vv e::npst.ptcp mark::comma
gemu gece me buce mbi ,	nv::nv verb::vv e::cve verb::vv e::fve.npst mark::comma
ninggun niyalma ,	nv::nv nv::nv mark::comma
○ nikan be juwe aniya daila ra de ,	mark::circle nv::nv cm::acc nv::nv nv::nv verb::vv e::npst.ptcp cm::dat mark::comma
kalka i beile se baibi gisun bai me ,	nv::nv cm::gen nv::nv nv::nv nv::nv nv::nv verb::vv e::cve mark::comma
ilaci jergi fujiyang obu ha ,	nv::nv nv::nv nv::nv verb::vv e::pst.ptcp mark::comma
weihede ,	nn::prpn.person mark::comma
hai_jeo i tsanjiyang de ,	nn::prpn cm::gen nv::nv cm::dat mark::comma
hecen de bonio erin de dosi fi ,	nv::nv cm::dat nv::nv nv::nv cm::dat verb::vv e::cve mark::comma
giya_jing ni orin nadaci aniya ice uyun de baha ha ,	nn::prpn cm::gen nv::nv nv::nv nv::nv nv::adj nv::nv cm::dat verb::vv e::pst.ptcp mark::comma
ere dain be bi deribu hebi o ,	nv::nv nv::nv cm::acc pn::1sg verb::vv e::fve.prs.prf ptcl mark::comma
fujiyang ,	nv::nv mark::comma
uksin saca ,	nv::nv nv::nv mark::comma
ku i menggun bu mbi ,	nv::nv cm::gen nv::nv verb::vv e::fve.npst mark::comma
inu sain bi he ,	nv::nv nv::adj verb::vv e::pst.ptcp mark::comma
muse i cooha i niyalma hasa dosi fi sa ci seme hendu he manggi ,	nv::nv cm::gen nv::nv cm::gen nv::nv nv::nv verb::vv e::cve verb::vv e::cve comp verb::vv e::pst.ptcp nv::nv mark::comma
alban i niyalma be gai fi tuta ha .	nv::nv cm::gen nv::nv cm::acc verb::vv e::cve verb::vv e::pst.ptcp mark::period
sure_kundulen_han jili banji fi cooha gene re de ,	nn::prpn nv::nv verb::vv e::cve nv::nv verb::vv e::npst.ptcp cm::dat mark::comma
deote juse be sinda fi geren i duile me ,	nv::nv nv::nv cm::acc verb::vv e::cve nv::adj cm::gen verb::vv e::cve mark::comma
hoton saha ra ,	nv::nv verb::vv e::npst.ptcp mark::comma
○ ice nadan de ,	mark::circle nv::adj nv::nv cm::dat mark::comma
hūng_baturu ci ji he juwan uyun haha ,	nn::prpn cm::abl verb::vv e::pst.ptcp nv::nv nv::nv nv::nv mark::comma
sanca bai me nungne he ambula o ho ,	nv::nv verb::vv e::cve verb::vv e::pst.ptcp nv::nv verb::vv e::pst.ptcp mark::comma
fusi_efu i bithe lio_fujiyang de wasimbu ∅ ,	nn::prpn cm::gen nv::nv nn::prpn cm::dat verb::vv e::fve.imperative mark::comma
jafa ha juwe solho de jafabu fi unggi he bithe ere inu ,	verb::vv e::pst.ptcp nv::nv nv::nv cm::dat verb::vv e::cve verb::vv e::pst.ptcp nv::nv nv::nv nv::nv mark::comma
han ,	nv::nv mark::comma
afabu ha weile be mute mbi ,	verb::vv e::pst.ptcp nv::nv cm::acc verb::vv e::fve.npst mark::comma
muse i beile se i emgi gaji me ji ∅ ,	nv::nv cm::gen nv::nv nv::nv cm::gen nv::nv verb::vv e::cve verb::vv e::fve.imperative mark::comma
morin be tere jase ulan i dolo sinda fi ,	nv::nv cm::acc nv::nv nv::nv nv::nv cm::gen nv::nv verb::vv e::cve mark::comma
suwen i solho i jao_wei_jung gebungge niyalma ,	pn::2pl cm::gen nv::nv cm::gen nn::prpn nv::adj nv::nv mark::comma
jokira ,	nn::prpn.person mark::comma
alca ,	nn::prpn.person mark::comma
cengsuni ,	nn::prpn.person mark::comma
muse i cooha de aca me alanji hakū ,	nv::nv cm::gen nv::nv cm::dat verb::vv e::cve verb::vv e::pst.ptcp.neg mark::comma
wang_iogi sa mbi ,	nn::prpn verb::vv e::fve.npst mark::comma
○ ginjeo i nikan ,	mark::circle nn::prpn.plc cm::gen nv::nv mark::comma
○ kubu he šanggiyan de ,	mark::circle verb::vv e::pst.ptcp nv::nv cm::dat mark::comma
boljo ho gese tuttu aca ha kooli bi o ,	verb::vv e::pst.ptcp nv::nv nv::nv verb::vv e::pst.ptcp nv::nv verb::vv.npst ptcl mark::comma
teling ,	nn::prpn.person mark::comma
hai_jeo ,	nn::prpn mark::comma
emu ba de te fi hebeše me gisure ∅ seme hendu fi ,	nv::nv nv::nv cm::dat verb::vv e::cve verb::vv e::cve verb::vv e::fve.imperative comp verb::vv e::cve mark::comma
○ ši_fujiyang ,	mark::circle nn::prpn mark::comma
tere yamji geli guwangning ci ilan monggo uka me ji he .	nv::nv nv::nv nv::nv nn::prpn.plc cm::abl nv::nv nv::nv verb::vv e::cve verb::vv e::pst.ptcp mark::period
min de ai jobolon seme jabu ha ,	pn::1sg cm::dat nv::nv nv::nv comp verb::vv e::pst.ptcp mark::comma
tofohon morin hūlha ha seme ,	nv::nv nv::nv verb::vv e::pst.ptcp comp mark::comma
○ fusi_efu ,	mark::circle nn::prpn mark::comma
šanggiyan hiya ,	nv::nv nv::nv mark::comma
morin ihan hūwaita fi iju me buce mbi ,	nv::nv nv::nv verb::vv e::cve verb::vv e::cve verb::vv e::fve.npst mark::comma
min i beye te olho me deribu he dain ,	pn::1sg cm::gen nv::nv nv::nv verb::vv e::cve verb::vv e::pst.ptcp nv::nv mark::comma
emte aisin i šerin ,	nv::nv nv::nv cm::gen nv::nv mark::comma
mandarhan niru i keri boo i emu monggo ,	nn::prpn.person nv::nv cm::gen nn::prpn.person nv::nv cm::gen nv::nv nv::nv mark::comma
karun i niyalma de ,	nv::nv cm::gen nv::nv cm::dat mark::comma
ulin gaija ra weile baha ci waliya ∅ ,	nv::nv verb::vv e::npst.ptcp nv::nv verb::vv e::cve verb::vv e::fve.imperative mark::comma
ula de emgeri sacibu ha ,	nv::nv cm::dat nv::nv verb::vv e::pst.ptcp mark::comma
afa ci ojo ro cooha waka seme gisure fi amasi bedere he ,	verb::vv e::cve verb::vv e::npst.ptcp nv::nv nv::adj comp verb::vv e::cve nv::nv verb::vv e::pst.ptcp mark::comma
tere juwe jergi abka i siren goci ka ngge ,	nv::nv nv::nv nv::nv nv::nv cm::gen nv::nv verb::vv e::pst.ptcp nmlz::nmlz mark::comma
tere dobori tuba de dedu fi ,	nv::nv nv::nv nv::nv cm::dat verb::vv e::cve mark::comma
i_du_ciyang ,	nn::prpn mark::comma
sio_yan ,	nn::prpn mark::comma
tungken ,	nv::nv mark::comma
gemu necin neigen i donji hakū ferguwecuke sain gisun be tacibu me selgiye he ,	nv::nv nv::adj nv::adj cm::gen verb::vv e::pst.ptcp.neg nv::adj nv::adj nv::nv cm::acc verb::vv e::cve verb::vv e::pst.ptcp mark::comma
wan_lii i juwan emuci aniya omšon biya i juwan nadan de baha ha ,	nn::prpn cm::gen nv::nv nv::nv nv::nv nv::nv nv::nv cm::gen nv::nv nv::nv cm::dat verb::vv e::pst.ptcp mark::comma
in i siyoo_fung_siyan gebungge amban i baru hendu me ,	pn::3sg cm::gen nn::prpn nv::adj nv::nv cm::gen nv::nv verb::vv e::cve mark::comma
genggiyen_han hendu me ,	nn::prpn verb::vv e::cve mark::comma
muse tuttu uji fi ula i gurun de unggi fi ejen obu ha niyalma kai ,	pn::1pl.incl nv::nv verb::vv e::cve nv::nv cm::gen nv::nv cm::dat verb::vv e::cve nv::nv verb::vv e::pst.ptcp nv::nv ptcl mark::comma
han i afabu ha jurgan be ,	nv::nv cm::gen verb::vv e::pst.ptcp nv::nv cm::acc mark::comma
nikan i jase i dolo adun ulebu me ,	nv::nv cm::gen nv::nv cm::gen nv::nv nv::nv verb::vv e::cve mark::comma
○ ilaci mukūn i jakūci tatan ,	mark::circle nv::nv nv::nv cm::gen nv::nv nv::nv mark::comma
muse i cooha julergi golo de sunja tanggū bi ,	nv::nv cm::gen nv::nv nv::nv nv::nv cm::dat nv::nv nv::nv verb::vv.npst mark::comma
abka de acabu me yabu ci ,	nv::nv cm::dat verb::vv e::cve verb::vv e::cve mark::comma
akū seme hendu he ,	nv::adj comp verb::vv e::pst.ptcp mark::comma
han i beye ,	nv::nv cm::gen nv::nv mark::comma
suwe akdun sain niyalma be takūra fi bošo me gaji fi tebu rakū ,	pn::2pl nv::adj nv::adj nv::nv cm::acc verb::vv e::cve verb::vv e::cve verb::vv e::cve verb::vv e::npst.ptcp.neg mark::comma
unenggi akdun gisun be gisure me ,	nv::adj nv::adj nv::nv cm::acc verb::vv e::cve mark::comma
gung akū niyalma be niyaman hūncihin seme guwebu rakū ,	nv::nv nv::adj nv::nv cm::acc nv::nv nv::nv comp verb::vv e::npst.ptcp.neg mark::comma
ahūn de amba tu afabu ha ci ,	nv::nv cm::dat nv::adj nv::nv verb::vv e::pst.ptcp cm::abl mark::comma
han sin be holto me min de cooha bi seme caliyan gaija ra ,	nv::nv pn::2sg cm::acc verb::vv e::cve pn::1sg cm::dat nv::nv verb::vv.npst comp nv::nv verb::vv e::npst.ptcp mark::comma
erin erin de amban sa beile se i beye ,	nv::nv nv::nv cm::dat nv::nv nv::nv nv::nv nv::nv cm::gen nv::nv mark::comma
sejen kalka dagila fi kutule i juse be šaban tahan hūwaitabu fi ,	nv::nv nv::nv verb::vv e::cve nv::nv cm::gen nv::nv cm::acc nv::nv nv::nv verb::vv e::cve mark::comma
meni meni ubu i usin be meni meni ihan i tari ∅ ,	nv::nv nv::nv nv::nv cm::gen nv::nv cm::acc nv::nv nv::nv nv::nv cm::gen verb::vv e::fve.imperative mark::comma
nukci me tuci ke ilan tanggū cooha be ,	verb::vv e::cve verb::vv e::pst.ptcp nv::nv nv::nv nv::nv cm::acc mark::comma
muri me waka be uru seme gisure he seme ,	verb::vv e::cve nv::adj cm::acc nv::nv comp verb::vv e::pst.ptcp comp mark::comma
aiha i niyalma ,	nv::nv cm::gen nv::nv mark::comma
orin sunja cooha ,	nv::nv nv::nv nv::nv mark::comma
weri ulin be baha ki ,	nv::nv nv::nv cm::acc verb::vv e::fve.opt mark::comma
han i sinda ha amban sa ,	nv::nv cm::gen verb::vv e::pst.ptcp nv::nv nv::nv mark::comma
ilaci jergi tsanjiyang obu ha ,	nv::nv nv::nv nv::nv verb::vv e::pst.ptcp mark::comma
fusi_efu ,	nn::prpn mark::comma
hoto acan hai_si hologai_wei i du_jy_hūi_ciyanši kujiha i omolo dobi ,	nn::prpn.person nv::nv nn::prpn nn::prpn cm::gen nv::nv nn::prpn.person cm::gen nv::nv nv::nv mark::comma
ici ergi gala i cooha be gai fi ,	nv::nv nv::nv nv::nv cm::gen nv::nv cm::acc verb::vv e::cve mark::comma
kakduri ,	nn::prpn.person mark::comma
narimbulu i ama cinggiyanu ,	nn::prpn.person cm::gen nv::nv nn::prpn.person mark::comma
abka ende mbi o seme hendu hebi ,	nv::nv verb::vv e::fve.npst ptcl comp verb::vv e::fve.prs.prf mark::comma
beile se ere be ume fonji re ,	nv::nv nv::nv nv::nv cm::acc nv::nv verb::vv e::npst.ptcp mark::comma
suwen i fejergi buya hafasa be gemu emu yamun de isabu fi ,	pn::2pl cm::gen nv::nv nv::adj nv::nv cm::acc nv::nv nv::nv nv::nv cm::dat verb::vv e::cve mark::comma
tere niyalma de etuku bu ∅ ,	nv::nv nv::nv cm::dat nv::nv verb::vv e::fve.imperative mark::comma
soorin temše ci weile dere ,	nv::nv verb::vv e::cve nv::nv ptcl mark::comma
jui i jalan ,	nv::nv cm::gen nv::nv mark::comma
liyoodung ni šang be hontoholo me gai ha ,	nn::prpn.plc cm::gen nv::nv cm::acc verb::vv e::cve verb::vv e::pst.ptcp mark::comma
○ ice sunja de ,	mark::circle nv::adj nv::nv cm::dat mark::comma
ging_jeo hoton de hengkile me alban benji re be ali me gai ∅ seme ,	nn::prpn nv::nv cm::dat verb::vv e::cve nv::nv verb::vv e::npst.ptcp cm::acc verb::vv e::cve verb::vv e::fve.imperative comp mark::comma
lio_fujiyang sin de afabu ha ,	nn::prpn pn::2sg cm::dat verb::vv e::pst.ptcp mark::comma
ihan_alin de orin ilan feye baha ha ,	nn::prpn cm::dat nv::nv nv::nv nv::nv verb::vv e::pst.ptcp mark::comma
beile se amban sa ,	nv::nv nv::nv nv::nv nv::nv mark::comma
tanggū de emu bejang ili re niyalma be tucibu fi tuwabunji ∅ ,	nv::nv cm::dat nv::nv nv::nv verb::vv e::npst.ptcp nv::nv cm::acc verb::vv e::cve verb::vv e::fve.imperative mark::comma
nacin in de tambai ,	nv::nv pn::3sg cm::dat nn::prpn.person mark::comma
jai ai ai weile be ilan jalan i duile mbi ,	nv::nv nv::nv nv::nv nv::nv cm::acc nv::nv nv::nv cm::gen verb::vv e::fve.npst mark::comma
jonghoi ,	nn::prpn.person mark::comma
eihen ,	nv::nv mark::comma
jai niru i niyalma ,	nv::nv nv::nv cm::gen nv::nv mark::comma
bingtu suwen i juwe nofi aca fi seole ∅ ,	nn::prpn.person pn::2pl cm::gen nv::nv nv::nv verb::vv e::cve verb::vv e::fve.imperative mark::comma
atanggi bi cibe erge mbi dere seme saikan tacibu ∅ ,	nv::nv verb::vv e::cve verb::vv e::fve.npst ptcl comp nv::adj verb::vv e::fve.imperative mark::comma
geren gemu isa fi hebe hebde me gurun dasa ∅ ,	nv::adj nv::nv verb::vv e::cve nv::nv verb::vv e::cve nv::nv verb::vv e::fve.imperative mark::comma
si daha rakū ci ,	pn::2sg verb::vv e::npst.ptcp.neg e::cve mark::comma
ninggun niongniyaha ,	nv::nv nv::nv mark::comma
nikari ,	nn::prpn.person mark::comma
tuttu tondo i fafula rakū ehe miosihon jurgan i yabu ci ,	nv::nv nv::adj cm::gen verb::vv e::npst.ptcp.neg nv::adj nv::adj nv::nv cm::gen verb::vv e::cve mark::comma
juwan juwe de ,	nv::nv nv::nv cm::dat mark::comma
han donji fi ,	nv::nv verb::vv e::cve mark::comma
orin nadan tumen cooha be ,	nv::nv nv::nv nv::nv nv::nv cm::acc mark::comma
aca fi juwe fujin i siden de te he ,	verb::vv e::cve nv::nv nv::nv cm::gen nv::nv cm::dat verb::vv e::pst.ptcp mark::comma
ese de juwete morin ,	nv::nv cm::dat nv::nv nv::nv mark::comma
sain be hala ki ,	nv::adj cm::acc verb::vv e::fve.opt mark::comma
tanggū i ejen bejang suwen de weile ujen o mbi .	nv::nv cm::gen nv::nv nv::nv pn::2pl cm::dat nv::nv nv::adj verb::vv e::fve.npst mark::period
alanji re jaka de ,	verb::vv e::npst.ptcp nv::nv cm::dat mark::comma
ahūn ši_guwe_ju be iogi obu ha .	nv::nv nn::prpn cm::acc nv::nv verb::vv e::pst.ptcp mark::period
sunja niyalma sabu mbi seme alanji ha manggi ,	nv::nv nv::nv verb::vv e::fve.npst comp verb::vv e::pst.ptcp nv::nv mark::comma
fanggina i kadala ra yuwan_šeobei i kadala ra wang_bin_tun i jang_jing_fu ,	nn::prpn.person cm::gen verb::vv e::npst.ptcp nn::prpn cm::gen verb::vv e::npst.ptcp nn::prpn cm::gen nn::prpn mark::comma
emu honin be emu niyalma je ci waji rakū se re ,	nv::nv nv::nv cm::acc nv::nv nv::nv verb::vv e::cve verb::vv e::npst.ptcp.neg verb::vv e::npst.ptcp mark::comma
juwan yan aisin ,	nv::nv nv::nv nv::nv mark::comma
yasa nicu bu ci ojo rakū nikai seme ,	nv::nv verb::vv sfx e::cve verb::vv e::npst.ptcp.neg ptcl comp mark::comma
aisin tai_hoo_han hendu me ,	nv::nv nn::prpn verb::vv e::cve mark::comma
tsanjiyang ,	nv::nv mark::comma
jušen emu niru ,	nv::nv nv::nv nv::nv mark::comma
min i cooha untuhun ba de gene fi ji mbi o ,	pn::1sg cm::gen nv::nv nv::adj nv::nv cm::dat verb::vv e::cve verb::vv e::fve.npst ptcl mark::comma
muse nemerhen nere fi te ki ,	pn::1pl.incl nv::nv verb::vv e::cve verb::vv e::fve.opt mark::comma
babai_taiji eigen sargan ,	nn::prpn nv::nv nv::nv mark::comma
emu hebe o fi tuttu yabu mbi dere ,	nv::nv nv::nv verb::vv e::cve nv::nv verb::vv e::fve.npst ptcl mark::comma
gulu suwayan i bithe monggoli re de ,	nv::adj nv::adj cm::gen nv::nv verb::vv e::npst.ptcp cm::dat mark::comma
afabu ha weile be mute mbi ,	verb::vv e::pst.ptcp nv::nv cm::acc verb::vv e::fve.npst mark::comma
juwan juwe gvlmahūn ,	nv::nv nv::nv nv::nv mark::comma
tere be aina mbi se he manggi ,	nv::nv cm::acc verb::vv e::fve.npst verb::vv e::pst.ptcp nv::nv mark::comma
tuttu ciyandzung de tatan banjibu rakū ,	nv::nv nv::nv cm::dat nv::nv verb::vv e::npst.ptcp.neg mark::comma
cin_el_ši_han ,	nn::prpn mark::comma
tere cifun gai ha be ambula seme ,	nv::nv nv::nv verb::vv e::pst.ptcp cm::acc nv::nv comp mark::comma
ama jui han buce re ,	nv::nv nv::nv nv::nv verb::vv e::npst.ptcp mark::comma
si ebu ci hūdun ebu ∅ ,	pn::2sg verb::vv e::cve nv::adj verb::vv e::fve.imperative mark::comma
tere inenggi ,	nv::nv nv::nv mark::comma
deo hūsitun be iogi obu ha ,	nv::nv nv::nv cm::acc nv::nv verb::vv e::pst.ptcp mark::comma
bata o fi ,	nv::nv verb::vv e::cve mark::comma
yehe i ba i jeku ,	nv::nv cm::gen nv::nv cm::gen nv::nv mark::comma
emu jung giyūn ,	nv::nv nv::nv nv::nv mark::comma
suwen i guri me ji he boigon i ulha macu ha ,	pn::2pl cm::gen verb::vv e::cve verb::vv e::pst.ptcp nv::nv cm::gen nv::nv verb::vv e::pst.ptcp mark::comma
iogi tsanjiyang fakca hakū seme wesihun han de ala ∅ ,	nv::nv nv::nv verb::vv e::pst.ptcp.neg comp nv::nv nv::nv cm::dat verb::vv e::fve.imperative mark::comma
gemu wacihiya me daila me dahabu kini seme abka huwekiyebu fi wabu ha aise ,	nv::nv verb::vv e::cve verb::vv e::cve verb::vv e::fve.opt comp nv::nv verb::vv e::cve verb::vv e::pst.ptcp nv::nv mark::comma
○ ninggun biya i ice ilan de ,	mark::circle nv::nv nv::nv cm::gen nv::adj nv::nv cm::dat mark::comma
manduli hailan_ho_wei i du_jy_hūi_tungjy alhatu i omolo giyamangga ,	nn::prpn.person nn::prpn cm::gen nv::nv nv::adj cm::gen nv::nv nn::prpn.person mark::comma
yaya ba de yabu re niyalma komso ume yabu re ,	nv::nv nv::nv cm::dat verb::vv e::npst.ptcp nv::nv nv::adj nv::nv verb::vv e::npst.ptcp mark::comma
han ,	nv::nv mark::comma
jai guwangning ni ba i niyalma guri me gene fi ,	nv::nv nn::prpn.plc cm::gen nv::nv cm::gen nv::nv verb::vv e::cve verb::vv e::cve mark::comma
jai emu ba de sunja tanggū isi me jaha bi ,	nv::nv nv::nv nv::nv cm::dat nv::nv nv::nv verb::vv e::cve nv::nv verb::vv.npst mark::comma
manggūldai sira me enggeder_efu i jui nangnuk be tebu he ,	nn::prpn.person verb::vv e::cve nn::prpn cm::gen nv::nv nn::prpn.person cm::acc verb::vv e::pst.ptcp mark::comma
aniyadari jing uttu han i jase be hūlha me tuci ci ,	nv::nv nv::nv nv::nv nv::nv cm::gen nv::nv cm::acc verb::vv e::cve verb::vv e::cve mark::comma
cingšan bi kice me akūmbu ki ,	nn::prpn.person pn::1sg verb::vv e::cve verb::vv e::fve.opt mark::comma
afabu ha weile be mute mbi ,	verb::vv e::pst.ptcp nv::nv cm::acc verb::vv e::fve.npst mark::comma
beile se amban sa i boo de balai dosi me gese te fi sarila me kundule mbihe ,	nv::nv nv::nv nv::nv nv::nv cm::gen nv::nv cm::dat nv::nv verb::vv e::cve nv::nv verb::vv e::cve verb::vv e::cve verb::vv e::fve.pst.ipfv mark::comma
genggiyen_han ,	nn::prpn mark::comma
sunjata yan i weile waliya mbi ,	nv::nv nv::nv cm::gen nv::nv verb::vv e::fve.npst mark::comma
dere dasa fi ihan wa fi sarila ha .	nv::nv verb::vv e::cve nv::nv verb::vv e::cve verb::vv e::pst.ptcp mark::period
emu jergi amba doro i afa ha ,	nv::nv nv::nv nv::adj nv::nv cm::gen verb::vv e::pst.ptcp mark::comma
○ monggo de unggi he bithe i gisun ,	mark::circle nv::nv cm::dat verb::vv e::pst.ptcp nv::nv cm::gen nv::nv mark::comma
cooha heture fi ,	nv::nv verb::vv e::cve mark::comma
angga_beile i harangga ama jui ilan taiji ,	nn::prpn cm::gen nv::nv nv::nv nv::nv nv::nv nv::nv mark::comma
afabu ha weile be mute mbi ,	verb::vv e::pst.ptcp nv::nv cm::acc verb::vv e::fve.npst mark::comma
jai cimari ahūn buyanggū_beile be futa i tata me wa ha ,	nv::nv nv::nv nv::nv nn::prpn cm::acc nv::nv cm::gen verb::vv e::cve verb::vv e::pst.ptcp mark::comma
giyamun hala me okdo me ji he ihan sejen be ,	nv::nv verb::vv e::cve verb::vv e::cve verb::vv e::pst.ptcp nv::nv nv::nv cm::acc mark::comma
narbu ,	nn::prpn.person mark::comma
den alin i ninggureme suwen i karun sinda ∅ .	nv::adj nv::nv cm::gen nv::nv pn::2pl cm::gen nv::nv verb::vv e::fve.imperative mark::period
hūlha me jeku gaji ha monggo be bošo fi ,	verb::vv e::cve nv::nv verb::vv e::pst.ptcp nv::nv cm::acc verb::vv e::cve mark::comma
geren hafasa be isabu fi hūla fi sinda ha ,	nv::adj nv::nv cm::acc verb::vv e::cve verb::vv e::cve verb::vv e::pst.ptcp mark::comma
monggo i cooha ,	nv::nv cm::gen nv::nv mark::comma
liyoodung ni u_fujiyang ,	nn::prpn.plc cm::gen nn::prpn mark::comma
han de emu temen ,	nv::nv cm::dat nv::nv nv::nv mark::comma
han i bu re šang ,	nv::nv cm::gen verb::vv e::npst.ptcp nv::nv mark::comma
fujiyang fakca hakū seme wesihun han de ala ∅ ,	nv::nv verb::vv e::pst.ptcp.neg comp nv::nv nv::nv cm::dat verb::vv e::fve.imperative mark::comma
min i jui duici_beile mujangga o ci ,	pn::1sg cm::gen nv::nv nn::prpn nv::adj verb::vv e::cve mark::comma
amba_beile jili banji fi ,	nn::prpn nv::nv verb::vv e::cve mark::comma
geren deote i afabu ha jurgan be tondo i akūmbu hakū ,	nv::adj nv::nv cm::gen verb::vv e::pst.ptcp nv::nv cm::acc nv::adj cm::gen verb::vv e::pst.ptcp.neg mark::comma
niru ci hūwakiya fi ,	nv::nv cm::abl verb::vv e::cve mark::comma
dule tere be tukiye ki dere seme hendu he .	nv::nv nv::nv cm::acc verb::vv e::fve.opt ptcl comp verb::vv e::pst.ptcp mark::period
dobori nikan i emu haha jui be wa fi ,	nv::nv nv::nv cm::gen nv::nv nv::nv nv::nv cm::acc verb::vv e::cve mark::comma
○ ineku tere inenggi ,	mark::circle nv::nv nv::nv nv::nv mark::comma
yali be gese dende me gai ∅ ,	nv::nv cm::acc nv::nv verb::vv e::cve verb::vv e::fve.imperative mark::comma
abtai_nakcu i sargan ,	nn::prpn cm::gen nv::nv mark::comma
ere jaifiyan i ninggu i cooha ,	nv::nv nv::nv cm::gen nv::nv cm::gen nv::nv mark::comma
hehe juse akū ,	nv::nv nv::nv nv::adj mark::comma
tuttu banji re niyalma be ,	nv::nv verb::vv e::npst.ptcp nv::nv cm::acc mark::comma
sin i kadala ra cooha i irgen be fafula me kadala me ,	pn::2sg cm::gen verb::vv e::npst.ptcp nv::nv cm::gen nv::nv cm::acc verb::vv e::cve verb::vv e::cve mark::comma
ihan mada ra ,	nv::nv verb::vv e::npst.ptcp mark::comma
sain be sain ,	nv::adj cm::acc nv::adj mark::comma
○ asan be ,	mark::circle nn::prpn.person cm::acc mark::comma
ji he cooha jai majige goida me men be aliya ha bi cina ,	verb::vv e::pst.ptcp nv::nv nv::nv nv::adj verb::vv e::cve pn::1pl.excl cm::acc verb::vv e::pst.ptcp verb::vv e::fve.opt mark::comma
liyoodung i ba de orin tumen inenggi ,	nn::prpn.plc cm::gen nv::nv cm::dat nv::nv nv::nv nv::nv mark::comma
galju ,	nv::nv mark::comma
tuba de bisi re gurun be ,	nv::nv cm::dat verb::vv e::npst.ptcp nv::nv cm::acc mark::comma
šulhe juwe fan ,	nv::nv nv::nv nv::nv mark::comma
dogon be tuwakiya ra cooha ,	nv::nv cm::acc verb::vv e::npst.ptcp nv::nv mark::comma
ama jui ,	nv::nv nv::nv mark::comma
jori ha jurgan be jurce rakū seme beiguwan obu ha .	verb::vv e::pst.ptcp nv::nv cm::acc verb::vv e::npst.ptcp.neg comp nv::nv verb::vv e::pst.ptcp mark::period
juwe lamun i duin tanggū uksin be aidahan sencehe gai fi te mbi .	nv::nv nv::adj cm::gen nv::nv nv::nv nv::nv cm::acc nv::nv nv::nv verb::vv e::cve verb::vv e::fve.npst mark::period
fe kemuni gai mbi ,	nv::adj nv::nv verb::vv e::fve.npst mark::comma
ilan jergi buce re weile be guwebu mbi ,	nv::nv nv::nv verb::vv e::npst.ptcp nv::nv cm::acc verb::vv e::fve.npst mark::comma
saikan akdula me asara ∅ ,	nv::adj verb::vv e::cve verb::vv e::fve.imperative mark::comma
naja gebungge emu hehe becunu me ,	nn::prpn.person nv::adj nv::nv nv::nv verb::vv e::cve mark::comma
huthu he futa be su re jaka de ,	verb::vv e::pst.ptcp nv::nv cm::acc verb::vv e::npst.ptcp nv::nv cm::dat mark::comma
ninggun ihan ,	nv::nv nv::nv mark::comma
jeng_giyang ni lo_šusai sunja tanggū niyalma be gai fi ,	nn::prpn cm::gen nn::prpn nv::nv nv::nv nv::nv cm::acc verb::vv e::cve mark::comma
koimali jalingga o ci ,	nv::adj nv::adj verb::vv e::cve mark::comma
kanggūri ,	nn::prpn.person mark::comma
busan waka be ali me gaija rakū ojo ro jaka de ,	nn::prpn.person nv::adj cm::acc verb::vv e::cve verb::vv e::npst.ptcp.neg verb::vv e::npst.ptcp nv::nv cm::dat mark::comma
beye buce kini ,	nv::nv verb::vv e::fve.opt mark::comma
olji ulha ajige ajige baha ha ,	nv::nv nv::nv nv::adj nv::adj verb::vv e::pst.ptcp mark::comma
šanaha de isi tala ,	nn::prpn.plc cm::dat verb::vv e::cve mark::comma
kemuni nime me ji he ,	nv::nv verb::vv e::cve verb::vv e::pst.ptcp mark::comma
orin juwe de ,	nv::nv nv::nv cm::dat mark::comma
jeng_giyang ci wasihūn ,	nn::prpn cm::abl nv::nv mark::comma
○ gūsin de ,	mark::circle nv::nv cm::dat mark::comma
wargi be ji he juwe golo i cooha be gemu wa ha ,	nv::nv cm::acc verb::vv e::pst.ptcp nv::nv nv::nv cm::gen nv::nv cm::acc nv::nv verb::vv e::pst.ptcp mark::comma
boo de te mbi se re cihangga niyalma o ci ,	nv::nv cm::dat verb::vv e::fve.npst verb::vv e::npst.ptcp nv::adj nv::nv verb::vv e::cve mark::comma
genggiyen_han i cooha i niyalma i gabta ha sirdan toko ho gida saci ha loho be ,	nn::prpn cm::gen nv::nv cm::gen nv::nv cm::gen verb::vv e::pst.ptcp nv::nv verb::vv e::pst.ptcp nv::nv verb::vv e::pst.ptcp nv::nv cm::acc mark::comma
urgucen muren_golo i niyalma suifun_golo be sucu fi ,	nn::prpn.plc nn::prpn cm::gen nv::nv nn::prpn cm::acc verb::vv e::cve mark::comma
han i fafun i tondo i kadala mbi ,	nv::nv cm::gen nv::nv cm::gen nv::adj cm::gen verb::vv e::fve.npst mark::comma
emu minggan cooha ning_dung_pu de ing hada ha ,	nv::nv nv::nv nv::nv nn::prpn cm::dat nv::nv verb::vv e::pst.ptcp mark::comma
ere juwe amban i sain be ,	nv::nv nv::nv nv::nv cm::gen nv::adj cm::acc mark::comma
abka i fulingga i banjibu ha yaya han beile se ,	nv::nv cm::gen nv::adj cm::gen verb::vv e::pst.ptcp nv::nv nv::nv nv::nv nv::nv mark::comma
absalan ,	nv::nv mark::comma
jase i tule nikan cooha tuci fi ,	nv::nv cm::gen nv::nv nv::nv nv::nv verb::vv e::cve mark::comma
ehe sain be dere bani rakū ,	nv::adj nv::adj cm::acc nv::nv verb::vv e::npst.ptcp.neg mark::comma
dergi amban sa de ilhi ilhi dorolo me ,	nv::nv nv::nv nv::nv cm::dat nv::nv nv::nv verb::vv e::cve mark::comma
karu seme wa ha ,	nv::nv comp verb::vv e::pst.ptcp mark::comma
emu jergi buce re weile be guwebu mbi .	nv::nv nv::nv verb::vv e::npst.ptcp nv::nv cm::acc verb::vv e::fve.npst mark::period
aha akū o fi ,	nv::nv nv::adj verb::vv e::cve mark::comma
○ ice juwe de wasimbu ha gisun ,	mark::circle nv::adj nv::nv cm::dat verb::vv e::pst.ptcp nv::nv mark::comma
balai ume neci re ,	nv::nv nv::nv verb::vv e::npst.ptcp mark::comma
taljibu ,	nn::prpn.person mark::comma
gaija rakū amasi bedere ci ,	verb::vv e::npst.ptcp.neg nv::nv verb::vv e::cve mark::comma
○ yambulu bi ,	mark::circle nn::prpn.person verb::vv.npst mark::comma
menggun susai yan bu fi ,	nv::nv nv::nv nv::nv verb::vv e::cve mark::comma
sin i beye amala ili fi tuwa ∅ seme hendu fi unggi he ,	pn::2sg cm::gen nv::nv nv::nv verb::vv e::cve verb::vv e::fve.imperative comp verb::vv e::cve verb::vv e::pst.ptcp mark::comma
ere gung de gosi me tsanjiyang obu fi ,	nv::nv nv::nv cm::dat verb::vv e::cve nv::nv verb::vv e::cve mark::comma
uju jergi ,	nv::nv nv::nv mark::comma
elcin takūra ∅ seme hendu he bi he ,	nv::nv verb::vv e::fve.imperative comp verb::vv e::pst.ptcp verb::vv e::pst.ptcp mark::comma
ginjeo i hoton i šurde me juwan ba i dolo bisi re šulhe moo juwe tanggū susai ninggun ,	nn::prpn.plc cm::gen nv::nv cm::gen verb::vv e::cve nv::nv nv::nv cm::gen nv::nv verb::vv e::npst.ptcp nv::nv nv::nv nv::nv nv::nv nv::nv nv::nv mark::comma
sargan juse be gemu isabu fi tacibu me hendu he bithe i gisun ,	nv::nv nv::nv cm::acc nv::nv verb::vv e::cve verb::vv e::cve verb::vv e::pst.ptcp nv::nv cm::gen nv::nv mark::comma
emu jergi buce re weile be guwebu mbi .	nv::nv nv::nv verb::vv e::npst.ptcp nv::nv cm::acc verb::vv e::fve.npst mark::period
sese undurakū emte ,	nv::nv nv::nv nv::nv mark::comma
simiyan hecen i duka be fihebu me dosi tala saci ki seme hendu me ,	nn::prpn.plc nv::nv cm::gen nv::nv cm::acc verb::vv e::cve verb::vv e::cve verb::vv e::fve.opt comp verb::vv e::cve mark::comma
suwe te hei bi ci ,	pn::2pl verb::vv e::cve verb::vv e::cve mark::comma
suwe cooha i niyalma i hūsun tuci me afa ra be ,	pn::2pl nv::nv cm::gen nv::nv cm::gen nv::nv verb::vv e::cve verb::vv e::npst.ptcp cm::acc mark::comma
julge i giyei han ,	nv::nv cm::gen nn::prpn.person nv::nv mark::comma
meni meni kadala ra niyalma be kadala me baica kini ,	nv::nv nv::nv verb::vv e::npst.ptcp nv::nv cm::acc verb::vv e::cve verb::vv e::fve.opt mark::comma
tere dobori duli fi juwan juwe i cimari muduri erin de ,	nv::nv nv::nv verb::vv e::cve nv::nv nv::nv cm::gen nv::nv nv::nv nv::nv cm::dat mark::comma
jai jergi de kobsoni i sargan ,	nv::nv nv::nv cm::dat nn::prpn.person cm::gen nv::nv mark::comma
ere mute rakū seme ,	nv::nv verb::vv e::npst.ptcp.neg comp mark::comma
○ wangge be ,	mark::circle nn::prpn.person cm::acc mark::comma
tere hecen be baha fi ,	nv::nv nv::nv cm::acc verb::vv e::cve mark::comma
juwan niyalma de emu amba poo ,	nv::nv nv::nv cm::dat nv::nv nv::adj nv::nv mark::comma
dajuhū ,	nn::prpn.person mark::comma
fukani bi ere ci amasi kice me hūsun bu ki ,	nn::prpn.person pn::1sg nv::nv cm::abl nv::nv verb::vv e::cve nv::nv verb::vv e::fve.opt mark::comma
moobari tsanjiyang ,	nn::prpn.person nv::nv mark::comma
bu re šang ni dabala ,	verb::vv e::npst.ptcp nv::nv cm::gen ptcl mark::comma
○ mandarhan iogi ,	mark::circle nn::prpn.person nv::nv mark::comma
amba_beile be juleri unggi he ,	nn::prpn cm::acc nv::nv verb::vv e::pst.ptcp mark::comma
gecuheri ojin ,	nv::nv nv::nv mark::comma
sure_kundulen_han i harangga ningguta gebungge hoton de ,	nn::prpn cm::gen nv::nv nn::prpn.plc nv::adj nv::nv cm::dat mark::comma
boso sunja ,	nv::nv nv::nv mark::comma
turusi ,	nn::prpn.person mark::comma
sin i sunja elcin be tebu fi ,	pn::2sg cm::gen nv::nv nv::nv cm::acc verb::vv e::cve mark::comma
ukanju i jalin jarut i neici_beile de gene fi ,	nv::nv cm::gen nv::nv nn::prpn.plc cm::gen nn::prpn cm::dat verb::vv e::cve mark::comma
jao_taidzu giyai de guwangguša me banji fi ,	nn::prpn nv::nv cm::dat verb::vv e::cve verb::vv e::cve mark::comma
○ juhūda ,	mark::circle nn::prpn.person mark::comma
bi tere be gemu asara habi ,	pn::1sg nv::nv cm::acc nv::nv verb::vv e::fve.prs.prf mark::comma
niru i ejen de emu morin gai ∅ ,	nv::nv cm::gen nv::nv cm::dat nv::nv nv::nv verb::vv e::fve.imperative mark::comma
bonakon_wei i du_jy_hūi_tungjy tule i i jui bodonggo ,	nn::prpn cm::gen nv::nv nv::nv cm::gen cm::gen nv::nv nv::nv mark::comma
hūwang_gu_doo ci tanggū ba i dube de ,	nn::prpn cm::abl nv::nv nv::nv cm::gen nv::nv cm::dat mark::comma
wei juwe he ngge ambula ,	nv::nv verb::vv e::pst.ptcp nmlz::nmlz nv::nv mark::comma
wakda_age i sargan isinji fi ,	nn::prpn cm::gen nv::nv verb::vv e::cve mark::comma
monggo gurun i jarut ba i jongnon_beile ,	nv::nv nv::nv cm::gen nn::prpn.plc nv::nv cm::gen nn::prpn mark::comma
amala gene he amban sa i beye i teile gemu ji ∅ ,	nv::nv verb::vv e::pst.ptcp nv::nv nv::nv cm::gen nv::nv cm::gen nv::nv nv::nv verb::vv e::fve.imperative mark::comma
emken de silun i dahū ,	nv::nv cm::dat nv::nv cm::gen nv::nv mark::comma
jeng_an_pu de te he ciyandzung daha me ji he manggi ,	nn::prpn cm::dat verb::vv e::pst.ptcp nv::nv verb::vv e::cve verb::vv e::pst.ptcp nv::nv mark::comma
emu jerde morin ,	nv::nv nv::adj nv::nv mark::comma
duin jafu benji he ,	nv::nv nv::nv verb::vv e::pst.ptcp mark::comma
niyaman hūncihin seme gūni ci ,	nv::nv nv::nv comp verb::vv e::cve mark::comma
usitai ,	nn::prpn.person mark::comma
ordo de gene fi te fi ,	nv::nv cm::dat verb::vv e::cve verb::vv e::cve mark::comma
juwan duin de sarhū i jung giyūn de wasimbu ha ,	nv::nv nv::nv cm::dat nv::nv cm::gen nv::nv nv::nv cm::dat verb::vv e::pst.ptcp mark::comma
cang_yung_pu de isinji habi seme ,	nn::prpn cm::dat verb::vv e::fve.prs.prf comp mark::comma
jaisanggū_age ,	nn::prpn mark::comma
tere juwe ba de ,	nv::nv nv::nv nv::nv cm::dat mark::comma
lung_king ni duici aniya nadan biya i orin jakūn de baha ha ,	nn::prpn cm::gen nv::nv nv::nv nv::nv nv::nv cm::gen nv::nv nv::nv cm::dat verb::vv e::pst.ptcp mark::comma
takūrabu ha be fonji ∅ ,	verb::vv e::pst.ptcp cm::acc verb::vv e::fve.imperative mark::comma
enggici o ho de ,	nv::nv verb::vv e::pst.ptcp cm::dat mark::comma
min i non de banji ha sin i han i jui duici_beile be min i yasa de sabu ha de ,	pn::1sg cm::gen nv::nv cm::dat verb::vv e::pst.ptcp pn::2sg cm::gen nv::nv cm::gen nv::nv nn::prpn cm::acc pn::1sg cm::gen nv::nv cm::dat verb::vv e::pst.ptcp cm::dat mark::comma
ba na gaibu re ,	nv::nv nv::nv verb::vv e::npst.ptcp mark::comma
○ tusiyetu_han fudene he ba ci karu ara fi unggi he bithe ,	mark::circle nn::prpn verb::vv e::pst.ptcp nv::nv cm::abl nv::nv verb::vv e::cve verb::vv e::pst.ptcp nv::nv mark::comma
sulhio min be wa kini ,	nn::prpn.person pn::1sg cm::acc verb::vv e::fve.opt mark::comma
○ juwan duin de ,	mark::circle nv::nv nv::nv cm::dat mark::comma
jai menggun juwen sinda ra be inu gemu naka ∅ ,	nv::nv nv::nv nv::nv verb::vv e::npst.ptcp cm::acc nv::nv nv::nv verb::vv e::fve.imperative mark::comma
yambulu ,	nn::prpn.person mark::comma
enggemu hadala toho ho morin ,	nv::nv nv::nv verb::vv e::pst.ptcp nv::nv mark::comma
subahai_gufu ,	nn::prpn mark::comma
doina_mafa ,	nn::prpn mark::comma
jori ha jurgan be jurce rakū seme ,	verb::vv e::pst.ptcp nv::nv cm::acc verb::vv e::npst.ptcp.neg comp mark::comma
nadan yan sunja jiha i weile waliya mbi .	nv::nv nv::nv nv::nv nv::nv cm::gen nv::nv verb::vv e::fve.npst mark::period
anda jafa fi in i boo de jalda me gama fi wa habi ,	nv::nv verb::vv e::cve pn::3sg cm::gen nv::nv cm::dat verb::vv e::cve verb::vv e::cve verb::vv e::fve.prs.prf mark::comma
alin bira be ume abala ra seme hendu he bi he ,	nv::nv nv::nv cm::acc nv::nv verb::vv e::npst.ptcp comp verb::vv e::pst.ptcp verb::vv e::pst.ptcp mark::comma
susai ulhūma ,	nv::nv nv::nv mark::comma
meni meni gūsa i ejen beile de baisu ,	nv::nv nv::nv nv::nv cm::gen nv::nv nv::nv cm::dat nv::nv mark::comma
ihan_alin de orin ilan feye baha ha ,	nn::prpn cm::dat nv::nv nv::nv nv::nv verb::vv e::pst.ptcp mark::comma
korcin de arjin ,	nn::prpn.plc cm::dat nn::prpn.person mark::comma
aha be gese salibu ha ,	nv::nv cm::acc nv::nv verb::vv e::pst.ptcp mark::comma
afabu ha weile be mute mbi ,	verb::vv e::pst.ptcp nv::nv cm::acc verb::vv e::fve.npst mark::comma
sin be inu tere i songko de o mbi ,	pn::2sg cm::acc nv::nv nv::nv cm::gen nv::nv cm::dat verb::vv e::fve.npst mark::comma
ninggun niyalma morin yada fi bedere hebi ,	nv::nv nv::nv nv::nv verb::vv e::cve verb::vv e::fve.prs.prf mark::comma
bobung ,	nn::prpn.person mark::comma
ese de eksingge fujiyang hoton ara ra ba be jori me gene he .	nv::nv cm::dat nn::prpn.person nv::nv nv::nv verb::vv e::npst.ptcp nv::nv cm::acc verb::vv e::cve verb::vv e::pst.ptcp mark::period
uka me gene he juwe monggo ,	verb::vv e::cve verb::vv e::pst.ptcp nv::nv nv::nv mark::comma
bi julge be doora me cooha i hafan ilibu ha ,	pn::1sg nv::nv cm::acc verb::vv e::cve nv::nv cm::gen nv::nv verb::vv e::pst.ptcp mark::comma
ceceri ,	nv::nv mark::comma
○ ice sunja de ,	mark::circle nv::adj nv::nv cm::dat mark::comma
tuttu tondo i fafula rakū ehe miosihon jurgan i yabu ci ,	nv::nv nv::adj cm::gen verb::vv e::npst.ptcp.neg nv::adj nv::adj nv::nv cm::gen verb::vv e::cve mark::comma
wang_tsanjiyang niyalma afabu fi tomso me gaibu ∅ ,	nn::prpn nv::nv verb::vv e::cve verb::vv e::cve verb::vv e::fve.imperative mark::comma
darhan_hiya ,	nn::prpn mark::comma
monggo babu iogi de ,	nv::nv nn::prpn.person nv::nv cm::dat mark::comma
waka bagadarhan be wakala rakū ,	nv::adj nn::prpn.person cm::acc verb::vv e::npst.ptcp.neg mark::comma
seoden ,	nn::prpn.plc mark::comma
○ tere ci juwan jakūn de ,	mark::circle nv::nv cm::abl nv::nv nv::nv cm::dat mark::comma
ere halhūn de tuttu goro ba de gama fi ,	nv::nv nv::adj cm::dat nv::nv nv::nv nv::nv cm::dat verb::vv e::cve mark::comma
mederi bitu me funce he tuta ha boigon be dali ∅ seme unggi he ,	nv::nv verb::vv e::cve verb::vv e::pst.ptcp verb::vv e::pst.ptcp nv::nv cm::acc verb::vv e::fve.imperative comp verb::vv e::pst.ptcp mark::comma
ginggūlda ,	nn::prpn.person mark::comma
jin_iogi be wesibu fi tsanjiyang ni hergen bu fi unggi he .	nn::prpn cm::acc verb::vv e::cve nv::nv cm::gen nv::nv verb::vv e::cve verb::vv e::pst.ptcp mark::period
ere bai me ji he gung de ,	nv::nv verb::vv e::cve verb::vv e::pst.ptcp nv::nv cm::dat mark::comma
emu jergi gaija ra weile be waliya mbi .	nv::nv nv::nv verb::vv e::npst.ptcp nv::nv cm::acc verb::vv e::fve.npst mark::period
guwangning ni hecen be dahabu fi alban gai ha ,	nn::prpn.plc cm::gen nv::nv cm::acc verb::vv e::cve nv::nv verb::vv e::pst.ptcp mark::comma
han hendu me ,	nv::nv verb::vv e::cve mark::comma
jakdan ,	nv::nv mark::comma
sula neigen akū o fi ,	nv::adj nv::adj nv::adj verb::vv e::cve mark::comma
nikan duri me gaija ra ,	nv::nv verb::vv e::cve verb::vv e::npst.ptcp mark::comma
moohai iogi ,	nn::prpn.person nv::nv mark::comma
isun i jaka de isina ha ihan i jergi niyalma de bu he .	nn::prpn.person cm::gen nv::nv cm::dat verb::vv e::pst.ptcp nv::nv cm::gen nv::nv nv::nv cm::dat verb::vv e::pst.ptcp mark::period
adun_age de tuhebu fi ,	nn::prpn cm::dat verb::vv e::cve mark::comma
in be hokobu fi gūwa juse be geli bu re ,	pn::3sg cm::acc verb::vv e::cve nv::nv nv::nv cm::acc nv::nv verb::vv e::npst.ptcp mark::comma
amala gercile he seme weile akū .	nv::nv verb::vv e::pst.ptcp comp nv::nv nv::adj mark::period
giya_san gebungge juwe niyalma ji fi ,	nn::prpn nv::adj nv::nv nv::nv verb::vv e::cve mark::comma
han ,	nv::nv mark::comma
suwen i te re boo usin be eje me gai ∅ ,	pn::2pl cm::gen verb::vv e::npst.ptcp nv::nv nv::nv cm::acc verb::vv e::cve verb::vv e::fve.imperative mark::comma
gemu teisu be tuwa me sargan ,	nv::nv nv::nv cm::acc verb::vv e::cve nv::nv mark::comma
monggo i jeku juwe me yabu re ngge be gai ki seme jura ka bi he ,	nv::nv cm::gen nv::nv verb::vv e::cve verb::vv e::npst.ptcp nmlz::nmlz cm::acc verb::vv e::fve.opt comp verb::vv e::pst.ptcp verb::vv e::pst.ptcp mark::comma
unggadai ,	nn::prpn.person mark::comma
fakca rakū ci ,	verb::vv e::npst.ptcp.neg e::cve mark::comma
agūra dacun akū ,	nv::nv nv::adj nv::adj mark::comma
sahaliyan dobihi mahala bu he .	nv::adj nv::nv nv::nv verb::vv e::pst.ptcp mark::period
ama i gung de beiguwan i hergen bu he ,	nv::nv cm::gen nv::nv cm::dat nv::nv cm::gen nv::nv verb::vv e::pst.ptcp mark::comma
suwen i monggo i tari re biya be ume aliya ra ,	pn::2pl cm::gen nv::nv cm::gen verb::vv e::npst.ptcp nv::nv cm::acc nv::nv verb::vv e::npst.ptcp mark::comma
solho i ergi de anafu tene he ngge ji he ,	nv::nv cm::gen nv::nv cm::dat nv::nv verb::vv e::pst.ptcp nmlz::nmlz verb::vv e::pst.ptcp mark::comma
tari ha usin be fehute re ,	verb::vv e::pst.ptcp nv::nv cm::acc verb::vv e::npst.ptcp mark::comma
jai hada ,	nv::nv nn::prpn.plc mark::comma
tere ci amargi dere i niyalma hoton efule me baha habi seme han de alana ha manggi ,	nv::nv cm::abl nv::nv nv::nv cm::gen nv::nv nv::nv verb::vv e::cve verb::vv e::fve.prs.prf comp nv::nv cm::dat verb::vv e::pst.ptcp nv::nv mark::comma
wan_lii i aniya uyun biya i orin ilan de baha ha .	nn::prpn cm::gen nv::nv nv::nv nv::nv cm::gen nv::nv nv::nv cm::dat verb::vv e::pst.ptcp mark::period
emu inenggi emu ba be faita me erule me wa ha ,	nv::nv nv::nv nv::nv nv::nv cm::acc verb::vv e::cve verb::vv e::cve verb::vv e::pst.ptcp mark::comma
orin hehe benji he ,	nv::nv nv::nv verb::vv e::pst.ptcp mark::comma
in i emu niru i niyalma be gemu gai fi ,	pn::3sg cm::gen nv::nv nv::nv cm::gen nv::nv cm::acc nv::nv verb::vv e::cve mark::comma
simiyan hecen i baru bai me gene ci ,	nn::prpn.plc nv::nv cm::gen nv::nv verb::vv e::cve verb::vv e::cve mark::comma
tere tumen olji be ,	nv::nv nv::nv nv::nv cm::acc mark::comma
sese gecuheri juwe ,	nv::nv nv::nv nv::nv mark::comma
emgeri acanji ha kai ,	nv::nv verb::vv e::pst.ptcp ptcl mark::comma
yehe ,	nv::nv mark::comma
gurun de hutu kai ,	nv::nv cm::dat nv::nv ptcl mark::comma
ninggun coko benji he ,	nv::nv nv::nv verb::vv e::pst.ptcp mark::comma
duici de ,	nv::nv cm::dat mark::comma
jakūn gūsa i emu niru i emte uksin be mungtan gai fi ,	nv::nv nv::nv cm::gen nv::nv nv::nv cm::gen nv::nv nv::nv cm::acc nn::prpn.person verb::vv e::cve mark::comma
ainu wa ha seme jala takūra me gisure ci ,	nv::nv verb::vv e::pst.ptcp comp nv::nv verb::vv e::cve verb::vv e::cve mark::comma
beile se i emgi liyoodung de jide re niyalma de ,	nv::nv nv::nv cm::gen nv::nv nn::prpn.plc cm::dat verb::vv e::npst.ptcp nv::nv cm::dat mark::comma
ginggūldai orin yan weile faita ha ,	nn::prpn.person nv::nv nv::nv nv::nv verb::vv e::pst.ptcp mark::comma
dzung_bing_guwan baduri ,	nv::nv nn::prpn.person mark::comma
han hendu me ,	nv::nv verb::vv e::cve mark::comma
daimbulu ,	nn::prpn.person mark::comma
geren nikan cooha de kabu fi ,	nv::adj nv::nv nv::nv cm::dat verb::vv e::cve mark::comma
tere ci nikan i duin tumen cooha be ,	nv::nv cm::abl nv::nv cm::gen nv::nv nv::nv nv::nv cm::acc mark::comma
monggo fihe kebi kai .	nv::nv verb::vv e::fve.prs.prf ptcl mark::period
amargi jase i tule liyoha bitu me dogon i ba be niyalma yabu mbi seme ulan fete me gene he .	nv::nv nv::nv cm::gen nv::nv nn::prpn.plc verb::vv e::cve nv::nv cm::gen nv::nv cm::acc nv::nv verb::vv e::fve.npst comp nv::nv verb::vv e::cve verb::vv e::pst.ptcp mark::period
jakūn wang geren beide me wacihiya mbi ,	nv::nv nv::nv nv::adj verb::vv e::cve verb::vv e::fve.npst mark::comma
jakūn beile se i boo i niyalma de hendu he ,	nv::nv nv::nv nv::nv cm::gen nv::nv cm::gen nv::nv cm::dat verb::vv e::pst.ptcp mark::comma
yasun i sargan tere duwali orin funce me tana be hada_i_gege de bene he bi he ,	nn::prpn.person cm::gen nv::nv nv::nv nv::nv nv::nv verb::vv e::cve nv::nv cm::acc nn::prpn cm::dat verb::vv e::pst.ptcp verb::vv e::pst.ptcp mark::comma
karu gisun i bithe unggi ∅ .	nv::nv nv::nv cm::gen nv::nv verb::vv e::fve.imperative mark::period
juwe ihan ,	nv::nv nv::nv mark::comma
jakūn wang hebde fi jušen amban jakūn ,	nv::nv nv::nv verb::vv e::cve nv::nv nv::nv nv::nv mark::comma
ebsi min de geli aikabade akda rakū olho me gūni re ba bi o ,	nv::nv pn::1sg cm::dat nv::nv nv::nv verb::vv e::npst.ptcp.neg verb::vv e::cve verb::vv e::npst.ptcp nv::nv verb::vv.npst ptcl mark::comma
abka i acabu ha be gūni me ishun de geodebu rakū sain yabu ci ,	nv::nv cm::gen verb::vv e::pst.ptcp cm::acc verb::vv e::cve nv::nv cm::dat verb::vv e::npst.ptcp.neg nv::adj verb::vv e::cve mark::comma
jori ha jurgan be jurce rakū seme ,	verb::vv e::pst.ptcp nv::nv cm::acc verb::vv e::npst.ptcp.neg comp mark::comma
dulin getuhun can alibu me kedere he ,	nv::adj nv::adj nv::nv verb::vv e::cve verb::vv e::pst.ptcp mark::comma
nikan i benji re jaka be ume ali me gaija ra seme ,	nv::nv cm::gen verb::vv e::npst.ptcp nv::nv cm::acc nv::nv verb::vv e::cve verb::vv e::npst.ptcp comp mark::comma
ama bi emgeri uji he be daha me ,	nv::nv pn::1sg nv::nv verb::vv e::pst.ptcp cm::acc verb::vv e::cve mark::comma
dangse bithe be jafa fi ,	nv::nv nv::nv cm::acc verb::vv e::cve mark::comma
eigen i gene he amala ainu gene he seme šan faita fi sinda ha .	nv::nv cm::gen verb::vv e::pst.ptcp nv::nv nv::nv verb::vv e::pst.ptcp comp nv::nv verb::vv e::cve verb::vv e::pst.ptcp mark::period
saci ki ,	verb::vv e::fve.opt mark::comma
orho oilo muhaliya fi sabu mbi dere ,	nv::nv nv::nv verb::vv e::cve verb::vv e::fve.npst ptcl mark::comma
giyahūn ,	nv::nv mark::comma
duin suje ,	nv::nv nv::nv mark::comma
sin i deo lio_sing_wen ,	pn::2sg cm::gen nv::nv nn::prpn mark::comma
mocin samsu ,	nv::nv nv::nv mark::comma
sunja dedu me olji dende ci waji hakū o fi ,	nv::nv verb::vv e::cve nv::nv verb::vv e::cve verb::vv e::pst.ptcp.neg verb::vv e::cve mark::comma
men i niru i emu hehe nime me gaji ci ojo rakū o fi ,	pn::1pl.excl cm::gen nv::nv cm::gen nv::nv nv::nv verb::vv e::cve verb::vv e::cve verb::vv e::npst.ptcp.neg verb::vv e::cve mark::comma
aika medege be gemu kimci me baica me fonji fi bithe ara fi unggi ∅ ,	nv::nv nv::nv cm::acc nv::nv verb::vv e::cve verb::vv e::cve verb::vv e::cve nv::nv verb::vv e::cve verb::vv e::fve.imperative mark::comma
duici de manggūltai_beile ,	nv::nv cm::dat nn::prpn mark::comma
weile he jeku i dabala ,	verb::vv e::pst.ptcp nv::nv cm::gen ptcl mark::comma
wang_el ,	nn::prpn mark::comma
jirhai i ilaci jergi iogi be jai jergi iogi obu ha ,	nn::prpn.person cm::gen nv::nv nv::nv nv::nv cm::acc nv::nv nv::nv nv::nv verb::vv e::pst.ptcp mark::comma
juwan ilan morin gaji me uka me ji he ,	nv::nv nv::nv nv::nv verb::vv e::cve verb::vv e::cve verb::vv e::pst.ptcp mark::comma
geren ci ilgabu me tuci fi banji mbi ,	nv::adj cm::abl verb::vv e::cve verb::vv e::cve verb::vv e::fve.npst mark::comma
tsanjiyang iogi de juwete juru niyalma bu he .	nv::nv nv::nv cm::dat nv::nv nv::nv nv::nv verb::vv e::pst.ptcp mark::period
abka na sarkū bi o .	nv::nv nv::nv nv::nv verb::vv.npst ptcl mark::period
juwe fulgiyan ,	nv::nv nv::nv mark::comma
uyun suje ,	nv::nv nv::nv mark::comma
nadan minggan haha bi he ,	nv::nv nv::nv nv::nv verb::vv e::pst.ptcp mark::comma
cooha be jobobu rakū ,	nv::nv cm::acc verb::vv e::npst.ptcp.neg mark::comma
burgi_age ,	nn::prpn mark::comma
te han gosi fi min i ahūn deo orin haha be min de acabu re bi he o seme wesimbu re jaka de ,	nv::nv nv::nv verb::vv e::cve pn::1sg cm::gen nv::nv nv::nv nv::nv nv::nv cm::acc pn::1sg cm::dat verb::vv e::npst.ptcp verb::vv e::pst.ptcp ptcl comp verb::vv e::npst.ptcp nv::nv cm::dat mark::comma
gūwa de bi nene me weile ara rakū ,	nv::nv cm::dat pn::1sg verb::vv e::cve nv::nv verb::vv e::npst.ptcp.neg mark::comma
hakūn ,	nn::prpn.person mark::comma
ahūtu de orin yan ,	nn::prpn.person cm::dat nv::nv nv::nv mark::comma
hecen i dorgi munggan be futala fi ninggun tanggū da ilibu ha ,	nv::nv cm::gen nv::nv nv::nv cm::acc verb::vv e::cve nv::nv nv::nv nv::nv verb::vv e::pst.ptcp mark::comma
jeku bisi re bayan sa ,	nv::nv verb::vv e::npst.ptcp nv::nv nv::nv mark::comma
○ tere inenggi ,	mark::circle nv::nv nv::nv mark::comma
tanggū morin ,	nv::nv nv::nv mark::comma
○ juwan biya i juwan de ,	mark::circle nv::nv nv::nv cm::gen nv::nv cm::dat mark::comma
juse omosi jalan hala me gosi re doro be ume lashala ra .	nv::nv nv::nv nv::nv verb::vv e::cve verb::vv e::npst.ptcp nv::nv cm::acc nv::nv verb::vv e::npst.ptcp mark::period
gurbusi_beile ci ,	nn::prpn cm::abl mark::comma
suwen i jakūn amban ,	pn::2pl cm::gen nv::nv nv::nv mark::comma
cinggiyanu i sargan de uju jergi beiguwan i hergen bu he ,	nn::prpn.person cm::gen nv::nv cm::dat nv::nv nv::nv nv::nv cm::gen nv::nv verb::vv e::pst.ptcp mark::comma
jakūn gūsa i nukte re monggoso de ejen ara me afabu fi weri ∅ .	nv::nv nv::nv cm::gen verb::vv e::npst.ptcp nv::nv cm::dat nv::nv verb::vv e::cve verb::vv e::cve verb::vv e::fve.imperative mark::period
hūlha holo koimali jalingga ehe kiyangdu be deribu rakū ,	nv::nv nv::nv nv::adj nv::adj nv::adj nv::adj cm::acc verb::vv e::npst.ptcp.neg mark::comma
cargi nikan i bithe be ali me gai habi seme ,	nv::nv nv::nv cm::gen nv::nv cm::acc verb::vv e::cve verb::vv e::fve.prs.prf comp mark::comma
tere i gese bingtu_mafa si gisure he jui be bu rakū bi fi ,	nv::nv cm::gen nv::nv nn::prpn pn::2sg verb::vv e::pst.ptcp nv::nv cm::acc verb::vv e::npst.ptcp.neg verb::vv e::cve mark::comma
sin i jergi amban sa buye he seme baha rakū kai ,	pn::2sg cm::gen nv::nv nv::nv nv::nv verb::vv e::pst.ptcp comp verb::vv e::npst.ptcp.neg ptcl mark::comma
men i gašan de minggan haha ji hebi ,	pn::1pl.excl cm::gen nv::nv cm::dat nv::nv nv::nv verb::vv e::fve.prs.prf mark::comma
ainu wa mbi ,	nv::nv verb::vv e::fve.npst mark::comma
buce he jing sanggū ,	verb::vv e::pst.ptcp nv::nv nv::nv mark::comma
duite gecuheri ,	nv::nv nv::nv mark::comma
beye buce kini ,	nv::nv verb::vv e::fve.opt mark::comma
waka be uru seme fudara me beide re be abka wakala fi ,	nv::adj cm::acc nv::nv comp verb::vv e::cve verb::vv e::npst.ptcp cm::acc nv::nv verb::vv e::cve mark::comma
yoo_jeo de tebu ∅ ,	nn::prpn cm::dat verb::vv e::fve.imperative mark::comma
yengge ,	nv::nv mark::comma
niyalma i šusihiye re gisun be gida rakū ala mbi seme akdula me gisure fi monggoli re bithe ,	nv::nv cm::gen verb::vv e::npst.ptcp nv::nv cm::acc verb::vv e::npst.ptcp.neg verb::vv e::fve.npst comp verb::vv e::cve verb::vv e::cve verb::vv e::npst.ptcp nv::nv mark::comma
min i yabu fi jafan bu fi orin aniya asara ha yehe i sargan jui be ,	pn::1sg cm::gen verb::vv e::cve nv::nv verb::vv e::cve nv::nv nv::nv verb::vv e::pst.ptcp nv::nv cm::gen nv::nv nv::nv cm::acc mark::comma
umai erdemu akū ucun ucule re niyalma o ci ,	nv::nv nv::nv nv::adj nv::nv verb::vv e::npst.ptcp nv::nv verb::vv e::cve mark::comma
emu jergi buce re weile be guwebu mbi ,	nv::nv nv::nv verb::vv e::npst.ptcp nv::nv cm::acc verb::vv e::fve.npst mark::comma
korkon_wei i du_jy_hūi_tungjy ili ha ,	nn::prpn cm::gen nv::nv verb::vv e::pst.ptcp mark::comma
hahana be ,	nn::prpn.person cm::acc mark::comma
ooba_taiji hendu me ,	nn::prpn verb::vv e::cve mark::comma
min i ama ,	pn::1sg cm::gen nv::nv mark::comma
muse i gurun be šusihiye me unggi hebi se re ,	nv::nv cm::gen nv::nv cm::acc verb::vv e::cve verb::vv e::fve.prs.prf verb::vv e::npst.ptcp mark::comma
nadan biya i ice ninggun de wasimbu ha ,	nv::nv nv::nv cm::gen nv::adj nv::nv cm::dat verb::vv e::pst.ptcp mark::comma
min i gisun be gaija rakū ,	pn::1sg cm::gen nv::nv cm::acc verb::vv e::npst.ptcp.neg mark::comma
tang_jan i šeo_pu be jafa fi bene hebi ,	nn::prpn cm::gen nv::nv cm::acc verb::vv e::cve verb::vv e::fve.prs.prf mark::comma
lodoi ,	nn::prpn.person mark::comma
hūwang_taiji suwen be gūni me jaisai be min i asara ha ngge ere inu ,	nn::prpn pn::2pl cm::acc verb::vv e::cve nn::prpn.person cm::acc pn::1sg cm::gen verb::vv e::pst.ptcp nmlz::nmlz nv::nv nv::nv mark::comma
weilengge niyalma be encule me tanta ra ,	nv::adj nv::nv cm::acc verb::vv e::cve verb::vv e::npst.ptcp mark::comma
uru be waka seme fudasihūn beide mbi ,	nv::nv cm::acc nv::adj comp nv::adj verb::vv e::fve.npst mark::comma
geren gurun ainambaha fi sa mbi seme ,	nv::adj nv::nv verb::vv e::cve verb::vv e::fve.npst comp mark::comma
jang_ban i hūwang_io_gung de fonji ci ,	nn::prpn cm::gen nn::prpn cm::dat verb::vv e::cve mark::comma
šahūn coko aniya tuweri juwan biya de akū o ho ,	nv::adj nv::nv nv::nv nv::nv nv::nv nv::nv cm::dat nv::adj verb::vv e::pst.ptcp mark::comma
takūrsi be šurde me siran siran i tuwa me unggi he ,	nv::nv cm::acc verb::vv e::cve nv::nv nv::nv cm::gen verb::vv e::cve verb::vv e::pst.ptcp mark::comma
ilan jergi buce re weile be guwebu mbi ,	nv::nv nv::nv verb::vv e::npst.ptcp nv::nv cm::acc verb::vv e::fve.npst mark::comma
nikan be ama eme se ci ,	nv::nv cm::acc nv::nv nv::nv verb::vv e::cve mark::comma
facuhūn ehe inu min de akū ,	nv::adj nv::adj nv::nv pn::1sg cm::dat nv::adj mark::comma
niru i ejen ,	nv::nv cm::gen nv::nv mark::comma
facuhūn ainu yabu mbi seme jafa fi ,	nv::adj nv::nv verb::vv e::fve.npst comp verb::vv e::cve mark::comma
jugūn de jete re menggun ambula bu fi ,	nv::nv cm::dat verb::vv e::npst.ptcp nv::nv nv::nv verb::vv e::cve mark::comma
niyalma gene ci ,	nv::nv verb::vv e::cve mark::comma
bi suwen i tere jurgan be yabu rakū ,	pn::1sg pn::2pl cm::gen nv::nv nv::nv cm::acc verb::vv e::npst.ptcp.neg mark::comma
gercile me habša ra niyalma yargiyan ba be habša ci ,	verb::vv e::cve verb::vv e::npst.ptcp nv::nv nv::adj nv::nv cm::acc verb::vv e::cve mark::comma
bayan sa sain niyalma i teile gene he ,	nv::nv nv::nv nv::adj nv::nv cm::gen nv::nv verb::vv e::pst.ptcp mark::comma
menggun amasi benji ∅ ,	nv::nv nv::nv verb::vv e::fve.imperative mark::comma
afabu ha weile be mute mbi ,	verb::vv e::pst.ptcp nv::nv cm::acc verb::vv e::fve.npst mark::comma
wan_lii i uyuci aniya duin biya i orin jakūn de baha ha ,	nn::prpn cm::gen nv::nv nv::nv nv::nv nv::nv cm::gen nv::nv nv::nv cm::dat verb::vv e::pst.ptcp mark::comma
jai jergi niyalma de duite haha ,	nv::nv nv::nv nv::nv cm::dat nv::nv nv::nv mark::comma
tere ci geren cooha simiyan i hecen de dosi fi ili ha ,	nv::nv cm::abl nv::adj nv::nv nn::prpn.plc cm::gen nv::nv cm::dat verb::vv e::cve verb::vv e::pst.ptcp mark::comma
han sadun muse juwe nofi fudasihūn gūni rakū se he bi he ,	nv::nv nv::nv pn::1pl.incl nv::nv nv::nv nv::adj verb::vv e::npst.ptcp.neg verb::vv e::pst.ptcp verb::vv e::pst.ptcp mark::comma
dai_ji_bin ,	nn::prpn mark::comma
ehe_kuren de elje me dain daila ra de ,	nn::prpn cm::dat verb::vv e::cve nv::nv verb::vv e::npst.ptcp cm::dat mark::comma
afabu ha weile be mute mbi ,	verb::vv e::pst.ptcp nv::nv cm::acc verb::vv e::fve.npst mark::comma
tuba i bing_jeo hecen be gai fi ,	nv::nv cm::gen nn::prpn nv::nv cm::acc verb::vv e::cve mark::comma
ji ci gene he baita be ala rakū ,	verb::vv e::cve verb::vv e::pst.ptcp nv::nv cm::acc verb::vv e::npst.ptcp.neg mark::comma
dehi morin de dehi uksin i niyalma yalu kini ,	nv::nv nv::nv cm::dat nv::nv nv::nv cm::gen nv::nv verb::vv e::fve.opt mark::comma
○ tere ula gurun de ududu jalan hala me han seme banji ha doro be ,	mark::circle nv::nv nv::nv nv::nv cm::dat nv::nv nv::nv verb::vv e::cve nv::nv comp verb::vv e::pst.ptcp nv::nv cm::acc mark::comma
dooli ,	nv::nv mark::comma
giya_jing ni gūsici aniya nadan biya i orin juwe de baha ha ,	nn::prpn cm::gen nv::nv nv::nv nv::nv nv::nv cm::gen nv::nv nv::nv cm::dat verb::vv e::pst.ptcp mark::comma
hecen i duka be dosi tala gama fi ,	nv::nv cm::gen nv::nv cm::acc verb::vv e::cve verb::vv e::cve mark::comma
ujima ujibu re ,	nv::nv verb::vv e::npst.ptcp mark::comma
hibsu kice me bai hakū ,	nv::nv verb::vv e::cve verb::vv e::pst.ptcp.neg mark::comma
monggo de adarame bu mbihe ,	nv::nv cm::dat nv::nv verb::vv e::fve.pst.ipfv mark::comma
jaisanggū in i ahūn amin_taiji de aca fi banji mbi se ci ,	nn::prpn.person pn::3sg cm::gen nv::nv nn::prpn cm::dat verb::vv e::cve verb::vv e::fve.npst verb::vv e::cve mark::comma
niyalma i beye i teile be bi ainu ali me gai mbi ,	nv::nv cm::gen nv::nv cm::gen nv::nv cm::acc pn::1sg nv::nv verb::vv e::cve verb::vv e::fve.npst mark::comma
ere ilan efu de emte temen ,	nv::nv nv::nv nv::nv cm::dat nv::nv nv::nv mark::comma
han de ,	nv::nv cm::dat mark::comma
ninggun aniya o tolo men i sa hakū aibi ,	nv::nv nv::nv verb::vv e::cve pn::1pl.excl cm::gen verb::vv e::pst.ptcp.neg nv::nv mark::comma
bata kimun seme gida rakū ,	nv::nv nv::nv comp verb::vv e::npst.ptcp.neg mark::comma
cen_liyang_tse be gai fi ,	nn::prpn cm::acc verb::vv e::cve mark::comma
bolori niyengniyeri o ci ,	nv::nv nv::nv verb::vv e::cve mark::comma
emte beiguwan ,	nv::nv nv::nv mark::comma
sure_kundulen_han ,	nn::prpn mark::comma
gašan i niyalma be ,	nv::nv cm::gen nv::nv cm::acc mark::comma
muse i jobo ro ba de kadala ra fafula ra ngge komso ,	nv::nv cm::gen verb::vv e::npst.ptcp nv::nv cm::dat verb::vv e::npst.ptcp verb::vv e::npst.ptcp nmlz::nmlz nv::adj mark::comma
gecuheri nicuhe uda fi gama ha ,	nv::nv nv::nv verb::vv e::cve verb::vv e::pst.ptcp mark::comma
jase bitu me pu pu de hafan tebu me gurun be tacibu me ,	nv::nv verb::vv e::cve nv::nv nv::nv cm::dat nv::nv verb::vv e::cve nv::nv cm::acc verb::vv e::cve mark::comma
hocikon ,	nv::adj mark::comma
cen i nukte re ba ci emte ihan ,	pn::3pl cm::gen verb::vv e::npst.ptcp nv::nv cm::abl nv::nv nv::nv mark::comma
beye i ehe de wasi kini .	nv::nv cm::gen nv::adj cm::dat verb::vv e::fve.opt mark::period
argatu_tumen ,	nn::prpn mark::comma
yangguri dzung_bing_guwan ,	nn::prpn.person nv::nv mark::comma
nene me amala gene he amban sa be ilan ubu dende fi ,	verb::vv e::cve nv::nv verb::vv e::pst.ptcp nv::nv nv::nv cm::acc nv::nv nv::nv verb::vv e::cve mark::comma
wei niru hūlha fi weile ara ha ambula ,	nv::nv nv::nv verb::vv e::cve nv::nv verb::vv e::pst.ptcp nv::nv mark::comma
morin ci ebu fi yafahala fi ali me gai ∅ seme hendu fi ,	nv::nv cm::abl verb::vv e::cve verb::vv e::cve verb::vv e::cve verb::vv e::fve.imperative comp verb::vv e::cve mark::comma
gaji ∅ se ci bu hekū dain o fi ,	verb::vv e::fve.imperative verb::vv e::cve verb::vv e::pst.ptcp.neg nv::nv verb::vv e::cve mark::comma
ilan šeo_pu de juwete niyalma ,	nv::nv nv::nv cm::dat nv::nv nv::nv mark::comma
halu_ho_wei i du_jy_hūi_ciyanši mungke i jui daising ,	nn::prpn cm::gen nv::nv nn::prpn.person cm::gen nv::nv nn::prpn.person mark::comma
min i jafan bu he yehe i sargan jui be si gaija rakū tondo se ci ,	pn::1sg cm::gen nv::nv verb::vv e::pst.ptcp nv::nv cm::gen nv::nv nv::nv cm::acc pn::2sg verb::vv e::npst.ptcp.neg nv::adj verb::vv e::cve mark::comma
jai buya gašan i jeku be gemu wacihiya me gai fi gaji ha ,	nv::nv nv::adj nv::nv cm::gen nv::nv cm::acc nv::nv verb::vv e::cve verb::vv e::cve verb::vv e::pst.ptcp mark::comma
jeng_giyang ni ergi ci isinji ha bithe ,	nn::prpn cm::gen nv::nv cm::abl verb::vv e::pst.ptcp nv::nv mark::comma
olji faita ha ,	nv::nv verb::vv e::pst.ptcp mark::comma
babutai_age ,	nn::prpn mark::comma
afabu ha jurgan de tondo mujilen be jafa fi hūlha holo akū ,	verb::vv e::pst.ptcp nv::nv cm::dat nv::adj nv::nv cm::acc verb::vv e::cve nv::nv nv::nv nv::adj mark::comma
men i juwe nofi jafa ha doro be amala banji re juse omosi efule ci ,	pn::1pl.excl cm::gen nv::nv nv::nv verb::vv e::pst.ptcp nv::nv cm::acc nv::nv verb::vv e::npst.ptcp nv::nv nv::nv verb::vv e::cve mark::comma
ere emu jergi ji he gūsin sunja boo de ,	nv::nv nv::nv nv::nv verb::vv e::pst.ptcp nv::nv nv::nv nv::nv cm::dat mark::comma
hithai ,	nn::prpn.person mark::comma
wan_lii i juwan emuci aniya omšon biya i juwan nadan de baha ha ,	nn::prpn cm::gen nv::nv nv::nv nv::nv nv::nv nv::nv cm::gen nv::nv nv::nv cm::dat verb::vv e::pst.ptcp mark::comma
ere be daya gai ha .	nv::nv cm::acc nn::prpn.person verb::vv e::pst.ptcp mark::period
geli sain banji re be buye me ,	nv::nv nv::adj verb::vv e::npst.ptcp cm::acc verb::vv e::cve mark::comma
aisika ,	nn::prpn.plc mark::comma
○ dumei iogi ,	mark::circle nn::prpn.person nv::nv mark::comma
nikan i wan_lii_han i gese g'ao_taigiyan be sinda fi ,	nv::nv cm::gen nn::prpn cm::gen nv::nv nn::prpn cm::acc verb::vv e::cve mark::comma
tondo mujilen i saikan kimci me ilga ∅ ,	nv::adj nv::nv cm::gen nv::adj verb::vv e::cve verb::vv e::fve.imperative mark::comma
yafahala fi juwe ulan i siden be yaru me gene fi ,	verb::vv e::cve nv::nv nv::nv cm::gen nv::nv cm::acc verb::vv e::cve verb::vv e::cve mark::comma
aba de jamara me jilgan tuci ci ,	nv::nv cm::dat verb::vv e::cve nv::nv verb::vv e::cve mark::comma
gaji ∅ ,	verb::vv e::fve.imperative mark::comma
sain doro be efule me yabu re niyalma be adarame weile ara mbi ,	nv::adj nv::nv cm::acc verb::vv e::cve verb::vv e::npst.ptcp nv::nv cm::acc nv::nv nv::nv verb::vv e::fve.npst mark::comma
dain i doro de arga jali beye be suilabu rakū cooha be jobobu rakū ,	nv::nv cm::gen nv::nv cm::dat nv::nv nv::nv nv::nv cm::acc verb::vv e::npst.ptcp.neg nv::nv cm::acc verb::vv e::npst.ptcp.neg mark::comma
tuttu o ci dosinu ∅ seme hendu fi unggi he ,	nv::nv verb::vv e::cve verb::vv e::fve.imperative comp verb::vv e::cve verb::vv e::pst.ptcp mark::comma
duin niongniyaha benji he ,	nv::nv nv::nv verb::vv e::pst.ptcp mark::comma
booši ,	nv::nv mark::comma
ahūta i juse deote sin be bene re be ,	nv::nv cm::gen nv::nv nv::nv pn::2sg cm::acc verb::vv e::npst.ptcp cm::acc mark::comma
keri iogi ,	nn::prpn.person nv::nv mark::comma
foholon jugūn golmin o mbi dere ,	nv::adj nv::nv nv::adj verb::vv e::fve.npst ptcl mark::comma
afabu ha weile be mute mbi ,	verb::vv e::pst.ptcp nv::nv cm::acc verb::vv e::fve.npst mark::comma
fakca rakū ci ,	verb::vv e::npst.ptcp.neg e::cve mark::comma
ehe niyalma sain o mbi ,	nv::adj nv::nv nv::adj verb::vv e::fve.npst mark::comma
gucihi fujin gercile he de ,	nv::nv nv::nv verb::vv e::pst.ptcp cm::dat mark::comma
hai_si olokan_wei i du_jy_hūi_ciyanši šoguda i omolo tuhana ,	nn::prpn nn::prpn cm::gen nv::nv nn::prpn.person cm::gen nv::nv nn::prpn.person mark::comma
niyaman hūncihin seme harša rakū ,	nv::nv nv::nv comp verb::vv e::npst.ptcp.neg mark::comma
○ badangga be ,	mark::circle nn::prpn.person cm::acc mark::comma
jori ha jurgan be jurce rakū seme beiguwan obu ha .	verb::vv e::pst.ptcp nv::nv cm::acc verb::vv e::npst.ptcp.neg comp nv::nv verb::vv e::pst.ptcp mark::period
tari ha usin ,	verb::vv e::pst.ptcp nv::nv mark::comma
tese be geli niyalma in i han de tondo akū ,	nv::nv cm::acc nv::nv nv::nv pn::3sg cm::gen nv::nv cm::dat nv::adj nv::adj mark::comma
gemu gercile he aha de bu he ,	nv::nv verb::vv e::pst.ptcp nv::nv cm::dat verb::vv e::pst.ptcp mark::comma
min be enteheme da rakū ara fi ,	pn::1sg cm::acc nv::nv verb::vv e::npst.ptcp.neg verb::vv e::cve mark::comma
aikabade cooha ambula komso neme re be ,	nv::nv nv::nv nv::nv nv::adj verb::vv e::npst.ptcp cm::acc mark::comma
jargūci ,	nv::nv mark::comma
tuttu o fi suwen de jobolon hoko rakū kai .	nv::nv verb::vv e::cve pn::2pl cm::dat nv::nv verb::vv e::npst.ptcp.neg ptcl mark::period
cen_i_yan ,	nn::prpn mark::comma
bi suwen i akdun be sabu re onggolo sinda fi unggi rakū ,	pn::1sg pn::2pl cm::gen nv::adj cm::acc verb::vv e::npst.ptcp nv::nv verb::vv e::cve verb::vv e::npst.ptcp.neg mark::comma
afabu ha weile be mute mbi ,	verb::vv e::pst.ptcp nv::nv cm::acc verb::vv e::fve.npst mark::comma
bobung ,	nn::prpn.person mark::comma
emu tumen juwe minggan hule be ,	nv::nv nv::nv nv::nv nv::nv nv::nv cm::acc mark::comma
nangsu_lama i harangga jušen korcin de bi he ninju ilan boigon be ,	nn::prpn cm::gen nv::nv nv::nv nn::prpn.plc cm::dat verb::vv e::pst.ptcp nv::nv nv::nv nv::nv cm::acc mark::comma
nadan amba koro i gisun be bithe ara fi ,	nv::nv nv::adj nv::nv cm::gen nv::nv cm::acc nv::nv verb::vv e::cve mark::comma
suwen be amasi guribu mbi ,	pn::2pl cm::acc nv::nv verb::vv e::fve.npst mark::comma
ede muse i amala aliya ra aibi ,	nv::nv nv::nv cm::gen nv::nv verb::vv e::npst.ptcp nv::nv mark::comma
daihal ehe be deribu me ,	nn::prpn.person nv::adj cm::acc verb::vv e::cve mark::comma
min i juleri o ho de ,	pn::1sg cm::gen nv::nv verb::vv e::pst.ptcp cm::dat mark::comma
juwan nadan ihan ,	nv::nv nv::nv nv::nv mark::comma
muse be daila me wa fi olji ara ki ,	pn::1pl.incl cm::acc verb::vv e::cve verb::vv e::cve nv::nv verb::vv e::fve.opt mark::comma
san_ho_pu de sinda ∅ ,	nn::prpn cm::dat verb::vv e::fve.imperative mark::comma
abka sinda ci han ,	nv::nv verb::vv e::cve nv::nv mark::comma
sunja niru i ejen ,	nv::nv nv::nv cm::gen nv::nv mark::comma
cilin ci ebsi ,	nv::nv cm::abl nv::nv mark::comma
yanggur i juwan duin morin ,	nn::prpn.person cm::gen nv::nv nv::nv nv::nv mark::comma
ningguta_golo ,	nn::prpn mark::comma
teleri ,	nv::nv mark::comma
abka i bu he doro be genggiyen i dasa me banji ci ,	nv::nv cm::gen verb::vv e::pst.ptcp nv::nv cm::acc nv::adj cm::gen verb::vv e::cve verb::vv e::cve mark::comma
tuttu wa ha manggi ,	nv::nv verb::vv e::pst.ptcp nv::nv mark::comma
yekšu ,	nn::prpn.person mark::comma
monggo de cooha gene he beile se be okdo me ,	nv::nv cm::dat nv::nv verb::vv e::pst.ptcp nv::nv nv::nv cm::acc verb::vv e::cve mark::comma
jakūta de emu feye ,	nv::nv cm::dat nv::nv nv::nv mark::comma
ji he tanggū boigon i amba asihan de gemu ana me jalukiya me ,	verb::vv e::pst.ptcp nv::nv nv::nv cm::gen nv::adj nv::adj cm::dat nv::nv verb::vv e::cve verb::vv e::cve mark::comma
han i gosi me weile guwe kini seme tucibu fi bu ∅ se re de bu mbi dere ,	nv::nv cm::gen verb::vv e::cve nv::nv verb::vv e::fve.opt comp verb::vv e::cve verb::vv e::fve.imperative verb::vv e::npst.ptcp cm::dat verb::vv e::fve.npst ptcl mark::comma
tere jung bonggi ha hafan be ,	nv::nv nv::nv verb::vv e::pst.ptcp nv::nv cm::acc mark::comma
cooha i morin de ulebu mbi .	nv::nv cm::gen nv::nv cm::dat verb::vv e::fve.npst mark::period
sin i gūsa ,	pn::2sg cm::gen nv::nv mark::comma
susai ulhūma benji he ,	nv::nv nv::nv verb::vv e::pst.ptcp mark::comma
juwan yoro yordo ho ,	nv::nv nv::nv verb::vv e::pst.ptcp mark::comma
julge i jalan de samsi ha ududu jalan i waliyabu ha warka gurun be ,	nv::nv cm::gen nv::nv cm::dat verb::vv e::pst.ptcp nv::nv nv::nv cm::gen verb::vv e::pst.ptcp nn::prpn.plc nv::nv cm::acc mark::comma
boo dende me waji ha manggi ,	nv::nv verb::vv e::cve verb::vv e::pst.ptcp nv::nv mark::comma
nadan biya i orin ci dosi medege isinji ∅ ,	nv::nv nv::nv cm::gen nv::nv cm::abl nv::nv nv::nv verb::vv e::fve.imperative mark::comma
simiyan ci emu niyalma ,	nn::prpn.plc cm::abl nv::nv nv::nv mark::comma
ere ci amasi hvlhūri bi tondo i kice me hūsun bu ki ,	nv::nv cm::abl nv::nv nn::prpn.person pn::1sg nv::adj cm::gen verb::vv e::cve nv::nv verb::vv e::fve.opt mark::comma
hooguwal_tun i cen_king_dzo ,	nn::prpn cm::gen nn::prpn mark::comma
šanggiyan tu tukiye he de ,	nv::nv nv::nv verb::vv e::pst.ptcp cm::dat mark::comma
gaji ha ngge ,	verb::vv e::pst.ptcp nmlz::nmlz mark::comma
gūsita yan i weile gai ha .	nv::nv nv::nv cm::gen nv::nv verb::vv e::pst.ptcp mark::period
tofohon yan i eje he gung be faita ha .	nv::nv nv::nv cm::gen verb::vv e::pst.ptcp nv::nv cm::acc verb::vv e::pst.ptcp mark::period
juwan de liyoodung de isinji ∅ ,	nv::nv cm::dat nn::prpn.plc cm::dat verb::vv e::fve.imperative mark::comma
boo usin bu re ,	nv::nv nv::nv verb::vv e::npst.ptcp mark::comma
jai boo ara me jabdu rakū ,	nv::nv nv::nv verb::vv e::cve verb::vv e::npst.ptcp.neg mark::comma
gemu juse omosi jalan hala me alban de ume dabu re ,	nv::nv nv::nv nv::nv nv::nv verb::vv e::cve nv::nv cm::dat nv::nv verb::vv e::npst.ptcp mark::comma
ere amba gurun i nikan han be ,	nv::nv nv::adj nv::nv cm::gen nv::nv nv::nv cm::acc mark::comma
donggo_efu ,	nn::prpn mark::comma
jete re jeku inu akū ,	verb::vv e::npst.ptcp nv::nv nv::nv nv::adj mark::comma
in i kadala ha niru be munggatu de bu he ,	pn::3sg cm::gen verb::vv e::pst.ptcp nv::nv cm::acc nn::prpn.person cm::dat verb::vv e::pst.ptcp mark::comma
jori ha jurgan be jurce rakū seme ,	verb::vv e::pst.ptcp nv::nv cm::acc verb::vv e::npst.ptcp.neg comp mark::comma
karkama ,	nn::prpn.person mark::comma
beidesi jergi kubu he suwayan i baduri ,	nv::nv nv::nv verb::vv e::pst.ptcp nv::adj cm::gen nn::prpn.person mark::comma
simiyan i hecen i hanciki be jide re de ,	nn::prpn.plc cm::gen nv::nv cm::gen nv::adj cm::acc verb::vv e::npst.ptcp cm::dat mark::comma
fu_jeo ,	nn::prpn mark::comma
tere somi me asara ha jaka be tuwabu fi ,	nv::nv verb::vv e::cve verb::vv e::pst.ptcp nv::nv cm::acc verb::vv e::cve mark::comma
tere gerci de akda rakū ,	nv::nv nv::nv cm::dat verb::vv e::npst.ptcp.neg mark::comma
tuša ,	nn::prpn.person mark::comma
tere inenggi ,	nv::nv nv::nv mark::comma
○ ninggun biya i juwan emu de ,	mark::circle nv::nv nv::nv cm::gen nv::nv nv::nv cm::dat mark::comma
huju ,	nn::prpn.plc mark::comma
suwen i ciha dere ,	pn::2pl cm::gen nv::nv ptcl mark::comma
lo_san_sa jorgon biya i orin emu de ,	nn::prpn nv::nv nv::nv cm::gen nv::nv nv::nv cm::dat mark::comma
juwe honin ,	nv::nv nv::nv mark::comma
sosori sa mbi ,	nn::prpn.person verb::vv e::fve.npst mark::comma
sin i jui enggeder ,	pn::2sg cm::gen nv::nv nn::prpn.person mark::comma
hiyang_yang_sy tun i gašan i hūwang_sio_lan ,	nn::prpn nv::nv cm::gen nv::nv cm::gen nn::prpn mark::comma
○ tahabu be ,	mark::circle nn::prpn.person cm::acc mark::comma
fusi_efu de wasimbu ha bithe i gisun ,	nn::prpn cm::dat verb::vv e::pst.ptcp nv::nv cm::gen nv::nv mark::comma
yafahan uksin unu fi gene ∅ ,	nv::adj nv::nv verb::vv e::cve verb::vv e::fve.imperative mark::comma
nene me sin de moo_lin_wei jy_hūi_ši yamun i jy_hūi_ciyan_ši hergen obu ha bi he ,	verb::vv e::cve pn::2sg cm::dat nn::prpn nv::nv nv::nv cm::gen nv::nv nv::nv verb::vv e::pst.ptcp verb::vv e::pst.ptcp mark::comma
fulgiyan bayara ,	nv::nv nv::nv mark::comma
julantai ,	nn::prpn.person mark::comma
ulin ume gaija ra ,	nv::nv nv::nv verb::vv e::npst.ptcp mark::comma
han i pai be gai fi ,	nv::nv cm::gen nv::nv cm::acc verb::vv e::cve mark::comma
wan_lii i gūsin nadaci aniya omšon biya i orin sunja de baha ha ,	nn::prpn cm::gen nv::nv nv::nv nv::nv nv::nv nv::nv cm::gen nv::nv nv::nv cm::dat verb::vv e::pst.ptcp mark::comma
○ ice jakūn de ,	mark::circle nv::adj nv::nv cm::dat mark::comma
emu hehe ,	nv::nv nv::nv mark::comma
cooha i niyalma gemu guwangning ni hecen i dorgi tulergi de aika umbu ha eye bai me fete ∅ ,	nv::nv cm::gen nv::nv nv::nv nn::prpn.plc cm::gen nv::nv cm::gen nv::nv nv::nv cm::dat nv::nv verb::vv e::pst.ptcp nv::nv verb::vv e::cve verb::vv e::fve.imperative mark::comma
uka me ji he solho han'_yūn ,	verb::vv e::cve verb::vv e::pst.ptcp nv::nv nn::prpn mark::comma
geli weile ara rakū ,	nv::nv nv::nv verb::vv e::npst.ptcp.neg mark::comma
tere be han si sa ∅ ,	nv::nv cm::acc nv::nv pn::2sg verb::vv e::fve.imperative mark::comma
suhe_baksi be beiguwan obu ha .	nn::prpn cm::acc nv::nv verb::vv e::pst.ptcp mark::period
afabu ha jurgan be tondo i akūmbu ki ,	verb::vv e::pst.ptcp nv::nv cm::acc nv::adj cm::gen verb::vv e::fve.opt mark::comma
tere ci gene fi honin erin de jaifiyan de isina ha ,	nv::nv cm::abl verb::vv e::cve nv::nv nv::nv cm::dat nv::nv cm::dat verb::vv e::pst.ptcp mark::comma
jenjuken gūwalca_golo i niyalma bi he ,	nn::prpn.person nn::prpn cm::gen nv::nv verb::vv e::pst.ptcp mark::comma
ihan jakūnju nadan ,	nv::nv nv::nv nv::nv mark::comma
nio_juwang de isinji ha seme boola ha .	nn::prpn cm::dat verb::vv e::pst.ptcp comp verb::vv e::pst.ptcp mark::period
gašan i šusai gemu mederi tun de burula me jaila habi seme ala ra jaka de ,	nv::nv cm::gen nv::nv nv::nv nv::nv nv::nv cm::dat verb::vv e::cve verb::vv e::fve.prs.prf comp verb::vv e::npst.ptcp nv::nv cm::dat mark::comma
jai hendu me ,	nv::nv verb::vv e::cve mark::comma
cinggiyanu ,	nn::prpn.person mark::comma
han i gosi me bu he hergen i šang ni dabala ,	nv::nv cm::gen verb::vv e::cve verb::vv e::pst.ptcp nv::nv cm::gen nv::nv cm::gen ptcl mark::comma
hilteri uksin etu fi amba suru morin de yalu fi ,	nv::nv nv::nv verb::vv e::cve nv::adj nv::adj nv::nv cm::dat verb::vv e::cve mark::comma
ulai yangšan ,	nn::prpn.person nv::adj mark::comma
duka tolo me weile mbi ,	nv::nv verb::vv e::cve verb::vv e::fve.npst mark::comma
tere monggo bedere he ,	nv::nv nv::nv verb::vv e::pst.ptcp mark::comma
beiguwan de sunjata tanggū haha bu he ,	nv::nv cm::dat nv::nv nv::nv nv::nv verb::vv e::pst.ptcp mark::comma
○ babai_taiji ,	mark::circle nn::prpn mark::comma
jakūn jiha menggun gai ∅ ,	nv::nv nv::nv nv::nv verb::vv e::fve.imperative mark::comma
gašan de banji re de sarin de takūrabu re baitangga niyalma ,	nv::nv cm::dat verb::vv e::npst.ptcp cm::dat nv::nv cm::dat verb::vv e::npst.ptcp nv::adj nv::nv mark::comma
tongki ,	nv::nv mark::comma
emte sara ,	nv::nv nv::nv mark::comma
orin uyun de nikan i hafasa de wasimbu ha ,	nv::nv nv::nv cm::dat nv::nv cm::gen nv::nv cm::dat verb::vv e::pst.ptcp mark::comma
han i fafun i tondo i kadala mbi ,	nv::nv cm::gen nv::nv cm::gen nv::adj cm::gen verb::vv e::fve.npst mark::comma
han de ala me ,	nv::nv cm::dat verb::vv e::cve mark::comma
○ yanjuhū niru i ilan niyalma ,	mark::circle nn::prpn.person nv::nv cm::gen nv::nv nv::nv mark::comma
na sokto hobi ,	nv::nv verb::vv e::fve.prs.prf mark::comma
monggo han ,	nv::nv nv::nv mark::comma
han hendu me ,	nv::nv verb::vv e::cve mark::comma
alin i emte ergi de ili fi ,	nv::nv cm::gen nv::nv nv::nv cm::dat verb::vv e::cve mark::comma
afabu ha weile be mute mbi ,	verb::vv e::pst.ptcp nv::nv cm::acc verb::vv e::fve.npst mark::comma
kalka gidaša ra akabu re de ,	nv::nv verb::vv e::npst.ptcp verb::vv e::npst.ptcp cm::dat mark::comma
ama eme juse sargan be ,	nv::nv nv::nv nv::nv nv::nv cm::acc mark::comma
han i tacibu ha tondo fafun be jurce rakū banji ci ,	nv::nv cm::gen verb::vv e::pst.ptcp nv::adj nv::nv cm::acc verb::vv e::npst.ptcp.neg verb::vv e::cve mark::comma
han i šangna ha šang ,	nv::nv cm::gen verb::vv e::pst.ptcp nv::nv mark::comma
dele o hobi kai ,	nv::nv verb::vv e::fve.prs.prf ptcl mark::comma
sin i ulin be bi alban gai ci ,	pn::2sg cm::gen nv::nv cm::acc pn::1sg nv::nv verb::vv e::cve mark::comma
hai_si korimu_wei i du_jy_hūi_ciyanši kuji i omolo babai ,	nn::prpn nn::prpn cm::gen nv::nv nn::prpn.person cm::gen nv::nv nn::prpn.person mark::comma
te re boo ,	verb::vv e::npst.ptcp nv::nv mark::comma
han de hengkile me ji he .	nv::nv cm::dat verb::vv e::cve verb::vv e::pst.ptcp mark::period
ume heolede re sira me jergi jergi amban sa i gebu be gebule fi ,	nv::nv verb::vv e::npst.ptcp verb::vv e::cve nv::nv nv::nv nv::nv nv::nv cm::gen nv::nv cm::acc verb::vv e::cve mark::comma
juwan niongniyaha ,	nv::nv nv::nv mark::comma
in i nadan eshen be baindari i wa ha ,	pn::3sg cm::gen nv::nv nv::nv cm::acc nn::prpn.person cm::gen verb::vv e::pst.ptcp mark::comma
cing_ceng_pu ,	nn::prpn mark::comma
han i tsang ni jeku bu fi ulebu mbi ,	nv::nv cm::gen nv::nv cm::gen nv::nv verb::vv e::cve verb::vv e::fve.npst mark::comma
dodari be habšabu me ,	nn::prpn.person cm::acc verb::vv e::cve mark::comma
bira i amargi dalin de moo i hoton ara fi ili ha ,	nv::nv cm::gen nv::nv nv::nv cm::dat nv::nv cm::gen nv::nv verb::vv e::cve verb::vv e::pst.ptcp mark::comma
amala aika seme aliya ra ayoo seme hendu ci ,	nv::nv nv::nv comp verb::vv e::npst.ptcp nv::nv comp verb::vv e::cve mark::comma
tuttu yabu re be donji fi ,	nv::nv verb::vv e::npst.ptcp cm::acc verb::vv e::cve mark::comma
indahūn aniya uyun biya i juwan i dobori ,	nv::nv nv::nv nv::nv nv::nv cm::gen nv::nv cm::gen nv::nv mark::comma
adu ,	nn::prpn.person mark::comma
daise fujiyang borjin ,	nv::nv nv::nv nn::prpn.person mark::comma
tolaitoi julergi nadaci tai niyalma poo i okto walgiya ra de poo fushu fi ,	nn::prpn.plc nv::nv nv::nv nv::nv nv::nv nv::nv cm::gen nv::nv verb::vv e::npst.ptcp cm::dat nv::nv verb::vv e::cve mark::comma
○ iogi sulhio ,	mark::circle nv::nv nn::prpn.person mark::comma
ta_šan ,	nn::prpn mark::comma
hashū ergi gala i cooha be alin i wargi be gama me gene he manggi ,	nv::nv nv::nv nv::nv cm::gen nv::nv cm::acc nv::nv cm::gen nv::nv cm::acc verb::vv e::cve verb::vv e::pst.ptcp nv::nv mark::comma
fu_jeo de dosinji ∅ ,	nn::prpn cm::dat verb::vv e::fve.imperative mark::comma
detde ,	nn::prpn.person mark::comma
○ gulu lamun ,	mark::circle nv::adj nv::adj mark::comma
fafun šajin cira sain kai ,	nv::nv nv::nv nv::nv nv::adj ptcl mark::comma
fujisa ,	nv::nv mark::comma
ere bithe be gašan bošo ro šeo_pu de isi tala wasimbu fi ,	nv::nv nv::nv cm::acc nv::nv verb::vv e::npst.ptcp nv::nv cm::dat verb::vv e::cve verb::vv e::cve mark::comma
beile se jakūn hošonggo yamun de isa ha inenggi fonji fi ,	nv::nv nv::nv nv::nv nv::adj nv::nv cm::dat verb::vv e::pst.ptcp nv::nv verb::vv e::cve mark::comma
niyahan bi ,	nv::nv verb::vv.npst mark::comma
meni meni usin be kice me weile ,	nv::nv nv::nv nv::nv cm::acc verb::vv e::cve nv::nv mark::comma
abatai_age de unggi he bithe ,	nn::prpn cm::dat verb::vv e::pst.ptcp nv::nv mark::comma
ucitai ,	nn::prpn.person mark::comma
han i pai be gai fi ,	nv::nv cm::gen nv::nv cm::acc verb::vv e::cve mark::comma
bai niyalma obu ha ,	nv::nv nv::nv verb::vv e::pst.ptcp mark::comma
bithe be gaji me gercile me ji he bi he ,	nv::nv cm::acc verb::vv e::cve verb::vv e::cve verb::vv e::pst.ptcp verb::vv e::pst.ptcp mark::comma
fu_jeo i beiguwan wang_bin i ala ha gisun ,	nn::prpn cm::gen nv::nv nn::prpn cm::gen verb::vv e::pst.ptcp nv::nv mark::comma
sain mujilen jafa fi jabša ha wesi ke kooli bithe be monggoli fi ,	nv::adj nv::nv verb::vv e::cve verb::vv e::pst.ptcp verb::vv e::pst.ptcp nv::nv nv::nv cm::acc verb::vv e::cve mark::comma
○ sunja biya i ice de ,	mark::circle nv::nv nv::nv cm::gen nv::adj cm::dat mark::comma
julergi emu jaha i beiguwan i hergen i juwe hafan ,	nv::nv nv::nv nv::nv cm::gen nv::nv cm::gen nv::nv cm::gen nv::nv nv::nv mark::comma
wangšan ,	nn::prpn.person mark::comma
min i juse omosi jalan hala me han de gosibu me wesihun banji kini .	pn::1sg cm::gen nv::nv nv::nv nv::nv verb::vv e::cve nv::nv cm::dat verb::vv e::cve nv::nv verb::vv e::fve.opt mark::period
beile se amban sa niyaman hūncihin ,	nv::nv nv::nv nv::nv nv::nv nv::nv nv::nv mark::comma
daha ki seme niyalma takūra ha ,	verb::vv e::fve.opt comp nv::nv verb::vv e::pst.ptcp mark::comma
te amasi bedere re isi ka ,	nv::nv nv::nv verb::vv e::npst.ptcp verb::vv e::pst.ptcp mark::comma
jeng_jing_pu ,	nn::prpn mark::comma
busan i liyoodung de afa ha weile be ,	nn::prpn.person cm::gen nn::prpn.plc cm::dat verb::vv e::pst.ptcp nv::nv cm::acc mark::comma
jali de dosi ci inu wa ∅ ,	nv::nv cm::dat verb::vv e::cve nv::nv verb::vv e::fve.imperative mark::comma
g'ao_iogi harangga juwe tai nikan be sabu fi ,	nn::prpn nv::nv nv::nv nv::nv nv::nv cm::acc verb::vv e::cve mark::comma
ai ai weile o ci ,	nv::nv nv::nv nv::nv verb::vv e::cve mark::comma
efu i gucu de juwan ilan elbihe dahū ,	nv::nv cm::gen nv::nv cm::dat nv::nv nv::nv nv::nv nv::nv mark::comma
afabu ha weile be mute mbi ,	verb::vv e::pst.ptcp nv::nv cm::acc verb::vv e::fve.npst mark::comma
sunja suje ,	nv::nv nv::nv mark::comma
niyahan ,	nv::nv mark::comma
hecen inu sakda kabi ,	nv::nv nv::nv verb::vv e::fve.prs.prf mark::comma
mocin samsu sunja tanggū ,	nv::nv nv::nv nv::nv nv::nv mark::comma
ere weile be uttu koro obu me monggo de bu re ngge kai ,	nv::nv nv::nv cm::acc nv::nv nv::nv verb::vv e::cve nv::nv cm::dat verb::vv e::npst.ptcp nmlz::nmlz ptcl mark::comma
jori ha jurgan be jurce rakū seme beiguwan obu ha .	verb::vv e::pst.ptcp nv::nv cm::acc verb::vv e::npst.ptcp.neg comp nv::nv verb::vv e::pst.ptcp mark::period
tuba de min be šangna ra bi he o seme hendu me bu he ,	nv::nv cm::dat pn::1sg cm::acc verb::vv e::npst.ptcp verb::vv e::pst.ptcp ptcl comp verb::vv e::cve verb::vv e::pst.ptcp mark::comma
tere pu de dosi tala duka be fihebu me sa ci ,	nv::nv nv::nv cm::dat verb::vv e::cve nv::nv cm::acc verb::vv e::cve verb::vv e::cve mark::comma
fujiyang ,	nv::nv mark::comma
kiru jafabu fi takūra ha niyalma be wa habi seme donji fi ,	nv::nv verb::vv e::cve verb::vv e::pst.ptcp nv::nv cm::acc verb::vv e::fve.prs.prf comp verb::vv e::cve mark::comma
fujiyang ni hergen be nakabu ha ,	nv::nv cm::gen nv::nv cm::acc verb::vv e::pst.ptcp mark::comma
eji ,	nn::prpn.person mark::comma
juwan iole he hoošan alban benji he seme ,	nv::nv verb::vv e::pst.ptcp nv::nv nv::nv verb::vv e::pst.ptcp comp mark::comma
tangse wece me gene he amari ,	nv::nv verb::vv e::cve verb::vv e::pst.ptcp nv::nv mark::comma
isabu ha orho bele uthai bi seme alanji ha manggi ,	verb::vv e::pst.ptcp nv::nv nv::nv nv::nv verb::vv.npst comp verb::vv e::pst.ptcp nv::nv mark::comma
tere ilan niyalma de aika isi ka bi ci ,	nv::nv nv::nv nv::nv cm::dat nv::nv verb::vv e::pst.ptcp verb::vv e::cve mark::comma
tere hecen be baha fi ,	nv::nv nv::nv cm::acc verb::vv e::cve mark::comma
nikan ,	nv::nv mark::comma
tere aniya dain deribu hekū .	nv::nv nv::nv nv::nv verb::vv e::pst.ptcp.neg mark::period
juwe gūsa i siden de emu sunja niru i ejen ,	nv::nv nv::nv cm::gen nv::nv cm::dat nv::nv nv::nv nv::nv cm::gen nv::nv mark::comma
men i gaji ha niyalma ,	pn::1pl.excl cm::gen verb::vv e::pst.ptcp nv::nv mark::comma
hoifa i niyalma be dain de gabta me saci me afa ci ,	nn::prpn.plc cm::gen nv::nv cm::acc nv::nv cm::dat verb::vv e::cve verb::vv e::cve verb::vv e::cve mark::comma
jori ha jurgan be jurce rakū seme beiguwan obu ha .	verb::vv e::pst.ptcp nv::nv cm::acc verb::vv e::npst.ptcp.neg comp nv::nv verb::vv e::pst.ptcp mark::period
○ kūniyakta ,	mark::circle nn::prpn.person mark::comma
nikan ,	nv::nv mark::comma
men i geren cooha adarame amca mbi seme hendu he be ,	pn::1pl.excl cm::gen nv::adj nv::nv nv::nv verb::vv e::fve.npst comp verb::vv e::pst.ptcp cm::acc mark::comma
jai dehi emu niyalma be sin i ciha i sula takūra ∅ ,	nv::nv nv::nv nv::nv nv::nv cm::acc pn::2sg cm::gen nv::nv cm::gen nv::adj verb::vv e::fve.imperative mark::comma
ilan bedzung de ilata niyalma ,	nv::nv nv::nv cm::dat nv::nv nv::nv mark::comma
wang_wen_bing ,	nn::prpn mark::comma
ula de emu feye baha ha seme ,	nv::nv cm::dat nv::nv nv::nv verb::vv e::pst.ptcp comp mark::comma
gecuheri etuku emke ,	nv::nv nv::nv nv::nv mark::comma
juwan boo tebu ∅ ,	nv::nv nv::nv verb::vv e::fve.imperative mark::comma
orin juwe de ,	nv::nv nv::nv cm::dat mark::comma
cala habi ,	verb::vv e::fve.prs.prf mark::comma
tiyei_ling ni hecen be afa me gai fi ,	nn::prpn cm::gen nv::nv cm::acc verb::vv e::cve verb::vv e::cve mark::comma
tokto ho weile be jakūn wang beide kini ,	verb::vv e::pst.ptcp nv::nv cm::acc nv::nv nv::nv verb::vv e::fve.opt mark::comma
ende me cala me buce re weile baha ci guwebu ∅ ,	verb::vv e::cve verb::vv e::cve verb::vv e::npst.ptcp nv::nv verb::vv e::cve verb::vv e::fve.imperative mark::comma
○ iogi karkaji ,	mark::circle nv::nv nn::prpn.person mark::comma
eidu si amca me gene fi ,	nn::prpn.person pn::2sg verb::vv e::cve verb::vv e::cve mark::comma
abka na de gashū habi ,	nv::nv nv::nv cm::dat verb::vv e::fve.prs.prf mark::comma
uji he jui be wang obu ∅ ,	verb::vv e::pst.ptcp nv::nv cm::acc nv::nv verb::vv e::fve.imperative mark::comma
esentei ,	nn::prpn.person mark::comma
aohan i gurun de efu eyun de ji fi uthai te he bi he ,	nn::prpn.plc cm::gen nv::nv cm::dat nv::nv nv::nv cm::dat verb::vv e::cve nv::nv verb::vv e::pst.ptcp verb::vv e::pst.ptcp mark::comma
mao_wen_lung ni takūra ha niyalma be jafa fi tucibu me benji he de gung bu re ,	nn::prpn cm::gen verb::vv e::pst.ptcp nv::nv cm::acc verb::vv e::cve verb::vv e::cve verb::vv e::pst.ptcp cm::dat nv::nv verb::vv e::npst.ptcp mark::comma
wehe i pailu mokco ho se re ,	nv::nv cm::gen nv::nv verb::vv e::pst.ptcp verb::vv e::npst.ptcp mark::comma
tere inenggi ,	nv::nv nv::nv mark::comma
wangge suwen i uyun niyalma i gebu be bithe ara fi abka de bai mbi ,	nn::prpn.person pn::2pl cm::gen nv::nv nv::nv cm::gen nv::nv cm::acc nv::nv verb::vv e::cve nv::nv cm::dat verb::vv e::fve.npst mark::comma
liyoodung de tofohon uksin ,	nn::prpn.plc cm::dat nv::nv nv::nv mark::comma
○ jaisai_beile i sunja boo ,	mark::circle nn::prpn cm::gen nv::nv nv::nv mark::comma
suwen i jakūn amban be jafa fi min de bu mbi kai ,	pn::2pl cm::gen nv::nv nv::nv cm::acc verb::vv e::cve pn::1sg cm::dat verb::vv e::fve.npst ptcl mark::comma
balai ehe mujilen ume jafa ra ,	nv::nv nv::adj nv::nv nv::nv verb::vv e::npst.ptcp mark::comma
muse i hungkere he halhan ofoho bu ∅ ,	nv::nv cm::gen verb::vv e::pst.ptcp nv::nv nv::nv verb::vv e::fve.imperative mark::comma
hoton de ali me gai fi afa ki se re niyalma ,	nv::nv cm::dat verb::vv e::cve verb::vv e::cve verb::vv e::fve.opt verb::vv e::npst.ptcp nv::nv mark::comma
tere gisun de genggiyen_han hendu me ,	nv::nv nv::nv cm::dat nn::prpn verb::vv e::cve mark::comma
tere gisun de ,	nv::nv nv::nv cm::dat mark::comma
tondo mujilen i muterei teile faxša me ,	nv::adj nv::nv cm::gen nv::nv nv::nv verb::vv e::cve mark::comma
jai duin niyalma sa fi emgi jete re de ,	nv::nv nv::nv nv::nv verb::vv e::cve nv::nv verb::vv e::npst.ptcp cm::dat mark::comma
alin i ninggu i boo de tuwana ∅ seme unggi re jaka de ,	nv::nv cm::gen nv::nv cm::gen nv::nv cm::dat verb::vv e::fve.imperative comp verb::vv e::npst.ptcp nv::nv cm::dat mark::comma
yoto_age i cigu i emu niyalma be ura tū me wa ha ,	nn::prpn cm::gen nv::nv cm::gen nv::nv nv::nv cm::acc nv::nv verb::vv e::cve verb::vv e::pst.ptcp mark::comma
meni meni giyalakū de te fi ,	nv::nv nv::nv nv::nv cm::dat verb::vv e::cve mark::comma
hūlan ,	nv::nv mark::comma
hoton i ejen baindari_beile i ama jui be baha fi wa ha ,	nv::nv cm::gen nv::nv nn::prpn cm::gen nv::nv nv::nv cm::acc verb::vv e::cve verb::vv e::pst.ptcp mark::comma
ilan ubu sinda fi ,	nv::nv nv::nv verb::vv e::cve mark::comma
emu cuwan wehe de hūfu fi ,	nv::nv nv::nv nv::nv cm::dat verb::vv e::cve mark::comma
jori ha jurgan be jurce rakū seme beiguwan obu ha .	verb::vv e::pst.ptcp nv::nv cm::acc verb::vv e::npst.ptcp.neg comp nv::nv verb::vv e::pst.ptcp mark::period
tere turgun de ,	nv::nv nv::nv cm::dat mark::comma
ilan tanggū niyalma wesihun gene ci ,	nv::nv nv::nv nv::nv nv::nv verb::vv e::cve mark::comma
afabu ha weile be mute mbi ,	verb::vv e::pst.ptcp nv::nv cm::acc verb::vv e::fve.npst mark::comma
min i daila me yabu re de ,	pn::1sg cm::gen verb::vv e::cve verb::vv e::npst.ptcp cm::dat mark::comma
ice han te he manggi ,	nv::adj nv::nv verb::vv e::pst.ptcp nv::nv mark::comma
sejen i ji he ngge be ,	nv::nv cm::gen verb::vv e::pst.ptcp nmlz::nmlz cm::acc mark::comma
gasha buta ra niyalma be ,	nv::nv verb::vv e::npst.ptcp nv::nv cm::acc mark::comma
gurun i niyalma ,	nv::nv cm::gen nv::nv mark::comma
te i asihata gabta ra ngge gemu mangga ,	nv::nv cm::gen nv::nv verb::vv e::npst.ptcp nmlz::nmlz nv::nv nv::adj mark::comma
be_tu_cang ,	nn::prpn mark::comma
tebu he loosa_hiya be sinda fi unggi he ,	verb::vv e::pst.ptcp nn::prpn cm::acc verb::vv e::cve verb::vv e::pst.ptcp mark::comma
mungtan i jori ha jaha ,	nn::prpn.person cm::gen verb::vv e::pst.ptcp nv::nv mark::comma
ainu ji mbi seme fonji re jaka de ,	nv::nv verb::vv e::fve.npst comp verb::vv e::npst.ptcp nv::nv cm::dat mark::comma
○ saimuka be ,	mark::circle nn::prpn.person cm::acc mark::comma
juwe rakū sin i boo i jeku bu ci inu waji ha .	verb::vv e::npst.ptcp.neg pn::2sg cm::gen nv::nv cm::gen nv::nv verb::vv e::cve nv::nv verb::vv e::pst.ptcp mark::period
min i kadala ra emu niru i cooha be iogi tsanjiyang ci fakca rakū ,	pn::1sg cm::gen verb::vv e::npst.ptcp nv::nv nv::nv cm::gen nv::nv cm::acc nv::nv nv::nv cm::abl verb::vv e::npst.ptcp.neg mark::comma
ninggun tanggū olji be ,	nv::nv nv::nv nv::nv cm::acc mark::comma
cang_šan_doo i niyalma ,	nn::prpn cm::gen nv::nv mark::comma
nikan cooha jai emu kuren ,	nv::nv nv::nv nv::nv nv::nv nv::adj mark::comma
tai karun ,	nv::nv nv::nv mark::comma
hacin hacin i efen dagila fi benji he ,	nv::nv nv::nv cm::gen nv::nv verb::vv e::cve verb::vv e::pst.ptcp mark::comma
ula_bira i ebergi dalin i ninggun hoton be sucu fi gemu gai fi ,	nn::prpn cm::gen nv::nv nv::nv cm::gen nv::nv nv::nv cm::acc verb::vv e::cve nv::nv verb::vv e::cve mark::comma
jušen ,	nv::nv mark::comma
solho si umai dubengge gisun akū bi me ,	nv::nv pn::2sg nv::nv nv::adj nv::nv nv::adj verb::vv e::cve mark::comma
yoo_jeo i julergi šundoi niru i te he boigon i fu de ,	nn::prpn cm::gen nv::nv nn::prpn.person nv::nv cm::gen verb::vv e::pst.ptcp nv::nv cm::gen nv::nv cm::dat mark::comma
tere inenggi ,	nv::nv nv::nv mark::comma
geren cooha ci encu tuci fi ,	nv::adj nv::nv cm::abl nv::nv verb::vv e::cve mark::comma
abka na wakala fi ,	nv::nv nv::nv verb::vv e::cve mark::comma
han ,	nv::nv mark::comma
suwan ,	nv::nv mark::comma
jakūta tanggū adun ,	nv::nv nv::nv nv::nv mark::comma
○ kakduri fujiyang ,	mark::circle nn::prpn.person nv::nv mark::comma
min i sargan ,	pn::1sg cm::gen nv::nv mark::comma
ulhūma ,	nv::nv mark::comma
hai_jeo i harangga ejen akū jeku orho be baica fi ,	nn::prpn cm::gen nv::nv nv::nv nv::adj nv::nv nv::nv cm::acc verb::vv e::cve mark::comma
min be bai me ji hebi kai ,	pn::1sg cm::acc verb::vv e::cve verb::vv e::fve.prs.prf ptcl mark::comma
enggeder i jui .	nn::prpn.person cm::gen nv::nv mark::period
ududu jergi gai ha ,	nv::nv nv::nv verb::vv e::pst.ptcp mark::comma
inu o hakū ,	nv::nv verb::vv e::pst.ptcp.neg mark::comma
gene he niyalma ,	verb::vv e::pst.ptcp nv::nv mark::comma
deote be deote seme gūni rakū ,	nv::nv cm::acc nv::nv comp verb::vv e::npst.ptcp.neg mark::comma
muse wa ha seme weile akū kai seme hendu fi ,	pn::1pl.incl verb::vv e::pst.ptcp comp nv::nv nv::adj ptcl comp verb::vv e::cve mark::comma
niyalma i gebu be gemu bithe ara fi tolo ∅ ,	nv::nv cm::gen nv::nv cm::acc nv::nv nv::nv verb::vv e::cve verb::vv e::fve.imperative mark::comma
afabu ha weile be mute mbi ,	verb::vv e::pst.ptcp nv::nv cm::acc verb::vv e::fve.npst mark::comma
○ dureng_beile i budang ,	mark::circle nn::prpn cm::gen nn::prpn.person mark::comma
○ bada be beiguwan i hergen obu ha ,	mark::circle nv::adj cm::acc nv::nv cm::gen nv::nv verb::vv e::pst.ptcp mark::comma
uju jergi niyalma de sunjata haha ,	nv::nv nv::nv nv::nv cm::dat nv::nv nv::nv mark::comma
bahūn_taiji in i ukanju baihanji me ji he .	nn::prpn pn::3sg cm::gen nv::nv verb::vv e::cve verb::vv e::pst.ptcp mark::period
emu tanggū niyalma ,	nv::nv nv::nv nv::nv mark::comma
gene kini seme alanji hakū kai ,	verb::vv e::fve.opt comp verb::vv e::pst.ptcp.neg ptcl mark::comma
si acuhiyada me yabu re dabala ,	pn::2sg verb::vv e::cve verb::vv e::npst.ptcp ptcl mark::comma
nikan i tutala tumen cooha be minggan cooha i gese hono gūni hakū ,	nv::nv cm::gen nv::nv nv::nv nv::nv cm::acc nv::nv nv::nv cm::gen nv::nv nv::nv verb::vv e::pst.ptcp.neg mark::comma
○ sunja biya i ice inenggi ,	mark::circle nv::nv nv::nv cm::gen nv::adj nv::nv mark::comma
bederebu me gaji ∅ seme juwe mudan elcin takūra ci bu hekū ,	verb::vv e::cve verb::vv e::fve.imperative comp nv::nv nv::nv nv::nv verb::vv e::cve verb::vv e::pst.ptcp.neg mark::comma
enggemu ,	nv::nv mark::comma
jai umai akū kai ,	nv::nv nv::nv nv::adj ptcl mark::comma
sunja cimari de use hebi ,	nv::nv nv::nv cm::dat verb::vv e::fve.prs.prf mark::comma
abuyan janggin ,	nn::prpn.person nv::nv mark::comma
dung_jeo ,	nn::prpn mark::comma
gemu sin i gisun be akda mbi kai ,	nv::nv pn::2sg cm::gen nv::nv cm::acc verb::vv e::fve.npst ptcl mark::comma
jeku bi fi akū niyalma de unca rakū o fi ,	nv::nv verb::vv e::cve nv::adj nv::nv cm::dat verb::vv e::npst.ptcp.neg verb::vv e::cve mark::comma
han de hengkile me aca ha .	nv::nv cm::dat verb::vv e::cve verb::vv e::pst.ptcp mark::period
ehe sain be dere bani rakū ,	nv::adj nv::adj cm::acc nv::nv verb::vv e::npst.ptcp.neg mark::comma
han i hecen i niyalma ,	nv::nv cm::gen nv::nv cm::gen nv::nv mark::comma
han i fafun i tondo i kadala mbi ,	nv::nv cm::gen nv::nv cm::gen nv::adj cm::gen verb::vv e::fve.npst mark::comma
niyakūra me hengkile me aca fi ,	verb::vv e::cve verb::vv e::cve verb::vv e::cve mark::comma
ere emu jurgan i weile .	nv::nv nv::nv nv::nv cm::gen nv::nv mark::period
koro mbi seme suwen i gisun be gai fi ,	verb::vv e::fve.npst comp pn::2pl cm::gen nv::nv cm::acc verb::vv e::cve mark::comma
gaija ra uyun yan i weile be waliya ha .	verb::vv e::npst.ptcp nv::nv nv::nv cm::gen nv::nv cm::acc verb::vv e::pst.ptcp mark::period
baindai niru i emu niyalma ,	nn::prpn.person nv::nv cm::gen nv::nv nv::nv mark::comma
namida_hari be wa ha niyalma be baica ∅ seme hendu he .	nn::prpn cm::acc verb::vv e::pst.ptcp nv::nv cm::acc verb::vv e::fve.imperative comp verb::vv e::pst.ptcp mark::period
tere ci han i beye ,	nv::nv cm::abl nv::nv cm::gen nv::nv mark::comma
han tuci fi amba sarin sarila ra de ,	nv::nv verb::vv e::cve nv::adj nv::nv verb::vv e::npst.ptcp cm::dat mark::comma
tuttu uhe men i ba i jeku be acan gana fi je ki .	nv::nv nv::nv pn::1pl.excl cm::gen nv::nv cm::gen nv::nv cm::acc nv::nv verb::vv e::cve verb::vv e::fve.opt mark::period
bi emu jaka baha ci ,	pn::1sg nv::nv nv::nv verb::vv e::cve mark::comma
ijikuwa ,	nn::prpn.person mark::comma
boigon i niyalma de dulin yafahan ,	nv::nv cm::gen nv::nv cm::dat nv::adj nv::adj mark::comma
sung_šan_tun hecen be dahabu ha ,	nn::prpn nv::nv cm::acc verb::vv e::pst.ptcp mark::comma
○ ilaci mukūn i uju tatan ,	mark::circle nv::nv nv::nv cm::gen nv::nv nv::nv mark::comma
niyalma afabu fi tuwakiya me gaji me ji ∅ ,	nv::nv verb::vv e::cve verb::vv e::cve verb::vv e::cve verb::vv e::fve.imperative mark::comma
nacin be wesibu fi iogi obu ha ,	nv::nv cm::acc verb::vv e::cve nv::nv verb::vv e::pst.ptcp mark::comma
ere ilan niyalma tofohoci jergi ,	nv::nv nv::nv nv::nv nv::nv nv::nv mark::comma
○ orin emu de ,	mark::circle nv::nv nv::nv cm::dat mark::comma
jai jergi tafu ka hehe de ,	nv::nv nv::nv verb::vv e::pst.ptcp nv::nv cm::dat mark::comma
waka bi cibe uru ,	nv::adj verb::vv e::cve nv::nv mark::comma
○ korcin i ooba_taiji unggi he bithe ,	mark::circle nn::prpn.plc cm::gen nn::prpn verb::vv e::pst.ptcp nv::nv mark::comma
yalu fi ji kini seme enggemu hadala toho ho morin be bojiri de bene me ,	verb::vv e::cve verb::vv e::fve.opt comp nv::nv nv::nv verb::vv e::pst.ptcp nv::nv cm::acc nn::prpn.person cm::dat verb::vv e::cve mark::comma
jai jaisanggū i boo de ,	nv::nv nn::prpn.person cm::gen nv::nv cm::dat mark::comma
han jili banji fi hendu me ,	nv::nv nv::nv verb::vv e::cve verb::vv e::cve mark::comma
han i beye ,	nv::nv cm::gen nv::nv mark::comma
jete re jeku isi rakū ,	verb::vv e::npst.ptcp nv::nv verb::vv e::npst.ptcp.neg mark::comma
baise ,	nv::nv mark::comma
han te he ba de uthai daha me niyakūra fi omibu ha ,	nv::nv verb::vv e::pst.ptcp nv::nv cm::dat nv::nv verb::vv e::cve verb::vv e::cve verb::vv e::pst.ptcp mark::comma
duite honin bu he ,	nv::nv nv::nv verb::vv e::pst.ptcp mark::comma
unege men i juwe nofi be huwekiyebu fi gercilebu he seme ,	nn::prpn.person pn::1pl.excl cm::gen nv::nv nv::nv cm::acc verb::vv e::cve verb::vv e::pst.ptcp comp mark::comma
tere i ilhi orita yan menggun be jakūn ba de sinda fi ,	nv::nv cm::gen nv::nv nv::nv nv::nv nv::nv cm::acc nv::nv nv::nv cm::dat verb::vv e::cve mark::comma
muse juwe gurun sain banji habi ,	pn::1pl.incl nv::nv nv::nv nv::adj verb::vv e::fve.prs.prf mark::comma
urune re de je ci o mbi o ,	verb::vv e::npst.ptcp cm::dat verb::vv e::cve verb::vv e::fve.npst ptcl mark::comma
boo i uji he ujima ,	nv::nv cm::gen verb::vv e::pst.ptcp nv::nv mark::comma
han i afabu ha jurgan be ,	nv::nv cm::gen verb::vv e::pst.ptcp nv::nv cm::acc mark::comma
cergei bi ,	nn::prpn.person verb::vv.npst mark::comma
mahala ,	nv::nv mark::comma
han i hojihon urgūdai fujiyang ,	nv::nv cm::gen nv::nv nn::prpn.person nv::nv mark::comma
○ beiguwan hūwaktaka ,	mark::circle nv::nv nn::prpn.person mark::comma
ere aniya i sunja biya de men i ninggun niyalma jakūn morin uka me gene re be ,	nv::nv nv::nv cm::gen nv::nv nv::nv cm::dat pn::1pl.excl cm::gen nv::nv nv::nv nv::nv nv::nv verb::vv e::cve verb::vv e::npst.ptcp cm::acc mark::comma
ninggun feye yali da habi ,	nv::nv nv::nv nv::nv verb::vv e::fve.prs.prf mark::comma
lio_lio ,	nn::prpn mark::comma
jori ha jurgan be jurce rakū seme ,	verb::vv e::pst.ptcp nv::nv cm::acc verb::vv e::npst.ptcp.neg comp mark::comma
ice uyun de liyoha bitu me abala fi ,	nv::adj nv::nv cm::dat nn::prpn.plc verb::vv e::cve verb::vv e::cve mark::comma
šanggiyan lamun siren ,	nv::nv nv::adj nv::nv mark::comma
šan_yen ,	nn::prpn mark::comma
o_to_pu de dedu he ,	nn::prpn cm::dat verb::vv e::pst.ptcp mark::comma
han i bithe ,	nv::nv cm::gen nv::nv mark::comma
emu bethe hetu niyakūra fi arki be omi hakū heni angga isi fi hengkile hekū ili ha ,	nv::nv nv::nv nv::adj verb::vv e::cve nv::nv cm::acc verb::vv e::pst.ptcp.neg nv::adj nv::nv verb::vv e::cve verb::vv e::pst.ptcp.neg verb::vv e::pst.ptcp mark::comma
šeobei ci wesihun šangna me bu he ,	nv::nv cm::abl nv::nv verb::vv e::cve verb::vv e::pst.ptcp mark::comma
ajige_age i duka be huncu de te hei dule me ,	nn::prpn cm::gen nv::nv cm::acc nv::nv cm::dat verb::vv e::cve verb::vv e::cve mark::comma
amba sarin sarila fi ji he .	nv::adj nv::nv verb::vv e::cve verb::vv e::pst.ptcp mark::period
hoifa de emu feye ,	nn::prpn.plc cm::dat nv::nv nv::nv mark::comma
hafan i beye de bu re haha be gūwa ba de bu he bi ci ,	nv::nv cm::gen nv::nv cm::dat verb::vv e::npst.ptcp nv::nv cm::acc nv::nv nv::nv cm::dat verb::vv e::pst.ptcp verb::vv e::cve mark::comma
ere emu jergi niyalma de emte temen ,	nv::nv nv::nv nv::nv nv::nv cm::dat nv::nv nv::nv mark::comma
hecen i dorgi amba asihan hafasa ,	nv::nv cm::gen nv::nv nv::adj nv::adj nv::nv mark::comma
nadan biya i ice de ,	nv::nv nv::nv cm::gen nv::adj cm::dat mark::comma
ere ci amasi hūlha holo koimali jalingga ehe miosihon mujilen be jafa ci ,	nv::nv cm::abl nv::nv nv::nv nv::nv nv::adj nv::adj nv::adj nv::adj nv::nv cm::acc verb::vv e::cve mark::comma
hūlha i dolo simhun axša ra be gemu sa ra niyalma ,	nv::nv cm::gen nv::nv nv::nv verb::vv e::npst.ptcp cm::acc nv::nv verb::vv e::npst.ptcp nv::nv mark::comma
ciyandzung ni uksin hada ci ,	nv::nv cm::gen nv::nv verb::vv e::cve mark::comma
mergen mujilen i majige ba be kimci ∅ ,	nv::adj nv::nv cm::gen nv::adj nv::nv cm::acc verb::vv e::fve.imperative mark::comma
○ ineku tere inenggi ,	mark::circle nv::nv nv::nv nv::nv mark::comma
han i tacibu ha gisun be jurce me ,	nv::nv cm::gen verb::vv e::pst.ptcp nv::nv cm::acc verb::vv e::cve mark::comma
munggatu ,	nn::prpn.person mark::comma
boso ,	nv::nv mark::comma
bonio erin o ho ,	nv::nv nv::nv verb::vv e::pst.ptcp mark::comma
tere baita se re ngge ,	nv::nv nv::nv verb::vv e::npst.ptcp nmlz::nmlz mark::comma
han de ala ha manggi ,	nv::nv cm::dat verb::vv e::pst.ptcp nv::nv mark::comma
honin emu tumen ilan minggan ilan tanggū gūsin ,	nv::nv nv::nv nv::nv nv::nv nv::nv nv::nv nv::nv nv::nv mark::comma
geli ainu uttu gūwaliya ka seme hendu he manggi ,	nv::nv nv::nv nv::nv verb::vv e::pst.ptcp comp verb::vv e::pst.ptcp nv::nv mark::comma
○ ooba_taiji de unggi he bithe i gisun ,	mark::circle nn::prpn cm::dat verb::vv e::pst.ptcp nv::nv cm::gen nv::nv mark::comma
gulu suwayan i gūsa i tanggū uksin be langjuhū gai fi te mbi .	nv::adj nv::adj cm::gen nv::nv cm::gen nv::nv nv::nv cm::acc nn::prpn.person verb::vv e::cve verb::vv e::fve.npst mark::period
han i yamun de ebubu fi ,	nv::nv cm::gen nv::nv cm::dat verb::vv e::cve mark::comma
○ orin de ,	mark::circle nv::nv cm::dat mark::comma
ula be gai ha de simhun sacibu ha ,	nv::nv cm::acc verb::vv e::pst.ptcp cm::dat nv::nv verb::vv e::pst.ptcp mark::comma
usin be nikan be alhūda me juwe jergi ume yangsa ra ,	nv::nv cm::acc nv::nv cm::acc verb::vv e::cve nv::nv nv::nv nv::nv verb::vv e::npst.ptcp mark::comma
han i fafun i tondo i kadala mbi ,	nv::nv cm::gen nv::nv cm::gen nv::adj cm::gen verb::vv e::fve.npst mark::comma
emu angga de duin sin ilan sin jeku bisi re niyalma de ihan eihen bi ci ,	nv::nv nv::nv cm::dat nv::nv nv::nv nv::nv nv::nv nv::nv verb::vv e::npst.ptcp nv::nv cm::dat nv::nv nv::nv verb::vv e::cve mark::comma
han i bithe ,	nv::nv cm::gen nv::nv mark::comma
cooha aca fi bošo me wa me feksi ci ,	nv::nv verb::vv e::cve verb::vv e::cve verb::vv e::cve verb::vv e::cve mark::comma
niyalma i jete re ngge tsang ni jeku be juwen bu ∅ ,	nv::nv cm::gen verb::vv e::npst.ptcp nmlz::nmlz nv::nv cm::gen nv::nv cm::acc nv::nv verb::vv e::fve.imperative mark::comma
ula ,	nv::nv mark::comma
juwe biya i orin sunja de wasimbu ha ,	nv::nv nv::nv cm::gen nv::nv nv::nv cm::dat verb::vv e::pst.ptcp mark::comma
baijuhū ,	nn::prpn.person mark::comma
jori ha jurgan be jurce rakū seme ilaci jergi tsanjiyang obu ha ,	verb::vv e::pst.ptcp nv::nv cm::acc verb::vv e::npst.ptcp.neg comp nv::nv nv::nv nv::nv verb::vv e::pst.ptcp mark::comma
iogi tsanjiyang fakca hakū seme wesihun han de ala ∅ ,	nv::nv nv::nv verb::vv e::pst.ptcp.neg comp nv::nv nv::nv cm::dat verb::vv e::fve.imperative mark::comma
jakūn gūsa de jakūn du_tang ,	nv::nv nv::nv cm::dat nv::nv nv::nv mark::comma
solho han baica fi ,	nv::nv nv::nv verb::vv e::cve mark::comma
fejergi niyalma gai fi dergi niyalma de bu re anggala ,	nv::nv nv::nv verb::vv e::cve nv::nv nv::nv cm::dat verb::vv e::npst.ptcp nv::nv mark::comma
jaisai jui se i jalin de gisure ci ,	nn::prpn.person nv::nv nv::nv cm::gen nv::nv cm::dat verb::vv e::cve mark::comma
julergi jase de te he morin cooha yafahan cooha gai fi te he amban sa ,	nv::nv nv::nv cm::dat verb::vv e::pst.ptcp nv::nv nv::nv nv::adj nv::nv verb::vv e::cve verb::vv e::pst.ptcp nv::nv nv::nv mark::comma
eke_mafa ,	nn::prpn mark::comma
○ solho i ajigen_mergen ,	mark::circle nv::nv cm::gen nn::prpn mark::comma
kalka i beile se i emgi nikan be emu hebe i daila mbi seme gashū ha bi he ,	nv::nv cm::gen nv::nv nv::nv cm::gen nv::nv nv::nv cm::acc nv::nv nv::nv cm::gen verb::vv e::fve.npst comp verb::vv e::pst.ptcp verb::vv e::pst.ptcp mark::comma
min i dasa ha ba de bi te re ,	pn::1sg cm::gen verb::vv e::pst.ptcp nv::nv cm::dat pn::1sg verb::vv e::npst.ptcp mark::comma
busan mara me gaji ha mujangga o fi ,	nn::prpn.person verb::vv e::cve verb::vv e::pst.ptcp nv::adj verb::vv e::cve mark::comma
○ juwan emu de ,	mark::circle nv::nv nv::nv cm::dat mark::comma
ere emu tuweri ebsihe jobo kini ,	nv::nv nv::nv nv::nv nv::nv verb::vv e::fve.opt mark::comma
sancara_golo de dosi fi ,	nn::prpn cm::dat verb::vv e::cve mark::comma
gemu gai ha ,	nv::nv verb::vv e::pst.ptcp mark::comma
gu_šan ,	nn::prpn mark::comma
ula de emgeri langtula bu ha ,	nv::nv cm::dat nv::nv verb::vv sfx e::pst.ptcp mark::comma
men i gurun ,	pn::1pl.excl cm::gen nv::nv mark::comma
niyalma beikuwen de gece me buce mbi dere ,	nv::nv nv::adj cm::dat verb::vv e::cve verb::vv e::fve.npst ptcl mark::comma
hūcin de okto makta me yabu re be ,	nv::nv cm::dat nv::nv verb::vv e::cve verb::vv e::npst.ptcp cm::acc mark::comma
nikan han i guwangning ni du_tang ,	nv::nv nv::nv cm::gen nn::prpn.plc cm::gen nv::nv mark::comma
han i bu he šang ,	nv::nv cm::gen verb::vv e::pst.ptcp nv::nv mark::comma
usiha de siren tuci ke ,	nv::nv cm::dat nv::nv verb::vv e::pst.ptcp mark::comma
abka ,	nv::nv mark::comma
fujiyang min i kadala ra emu gala i cooha be han i fafun i tondo i kadala mbi ,	nv::nv pn::1sg cm::gen verb::vv e::npst.ptcp nv::nv nv::nv cm::gen nv::nv cm::acc nv::nv cm::gen nv::nv cm::gen nv::adj cm::gen verb::vv e::fve.npst mark::comma
○ babai_taiji ,	mark::circle nn::prpn mark::comma
g'arma ,	nn::prpn.person mark::comma
bi dosi ka inenggi dosi ambula gene ki se mbi ,	pn::1sg verb::vv e::pst.ptcp nv::nv nv::nv nv::nv verb::vv e::fve.opt verb::vv e::fve.npst mark::comma
juwanta suje ,	nv::nv nv::nv mark::comma
tere gisun de ,	nv::nv nv::nv cm::dat mark::comma
amaga bithe be ,	nv::adj nv::nv cm::acc mark::comma
jai geli boo i ergi ci alanji me ,	nv::nv nv::nv nv::nv cm::gen nv::nv cm::abl verb::vv e::cve mark::comma
susai niyalma be adabu fi ,	nv::nv nv::nv cm::acc verb::vv e::cve mark::comma
hofin ,	nv::nv mark::comma
tasha dedu he be sabu ci ,	nv::nv verb::vv e::pst.ptcp cm::acc verb::vv e::cve mark::comma
gene he beile se de takūra ha gisun ,	verb::vv e::pst.ptcp nv::nv nv::nv cm::dat verb::vv e::pst.ptcp nv::nv mark::comma
bingtu i jui bu mbi ,	nn::prpn.person cm::gen nv::nv verb::vv e::fve.npst mark::comma
weile baha fi wa ra weile de obu fi wa mbihe ,	nv::nv verb::vv e::cve verb::vv e::npst.ptcp nv::nv cm::dat verb::vv e::cve verb::vv e::fve.pst.ipfv mark::comma
yehe i jeku be gaji habi ,	nv::nv cm::gen nv::nv cm::acc verb::vv e::fve.prs.prf mark::comma
lii_dai_ceng de ,	nn::prpn cm::dat mark::comma
jori ha jurgan be jurce rakū seme ,	verb::vv e::pst.ptcp nv::nv cm::acc verb::vv e::npst.ptcp.neg comp mark::comma
cen_wan_wei emgi jeku hūlha ha wang_bing_giye gebungge ciyandzung be wa mbihe ,	nn::prpn nv::nv nv::nv verb::vv e::pst.ptcp nn::prpn nv::adj nv::nv cm::acc verb::vv e::fve.pst.ipfv mark::comma
tere i gebu be gurun de algimbu ha ,	nv::nv cm::gen nv::nv cm::acc nv::nv cm::dat verb::vv e::pst.ptcp mark::comma
jori ha jurgan be jurce rakū seme beiguwan obu ha .	verb::vv e::pst.ptcp nv::nv cm::acc verb::vv e::npst.ptcp.neg comp nv::nv verb::vv e::pst.ptcp mark::period
si_uli efu ,	nn::prpn nv::nv mark::comma
tongki fuka sinda ha hergen i dangse .	nv::nv nv::nv verb::vv e::pst.ptcp nv::nv cm::gen nv::nv mark::period
dalingho ci juwe niyalma de bithe jafabu fi ,	nn::prpn.plc cm::abl nv::nv nv::nv cm::dat nv::nv verb::vv e::cve mark::comma
susai hehe bu he .	nv::nv nv::nv verb::vv e::pst.ptcp mark::period
senggi so me gashū fi ,	nv::nv verb::vv e::cve verb::vv e::cve mark::comma
wesihun gene he duin tanggū cooha ,	nv::nv verb::vv e::pst.ptcp nv::nv nv::nv nv::nv mark::comma
○ uju mukūn i sunjaci tatan ,	mark::circle nv::nv nv::nv cm::gen nv::nv nv::nv mark::comma
darhan_hiya be unggi fi ,	nn::prpn cm::acc verb::vv e::cve mark::comma
sele i hitha jursu ilarsu be hafu gene re poo miyoocan de ,	nv::nv cm::gen nv::nv nv::adj nv::nv cm::acc nv::nv verb::vv e::npst.ptcp nv::nv nv::nv cm::dat mark::comma
menggun susai yan ,	nv::nv nv::nv nv::nv mark::comma
tere elcin gene re de ,	nv::nv nv::nv verb::vv e::npst.ptcp cm::dat mark::comma
guri rakū gašan gašan i niyalma ,	verb::vv e::npst.ptcp.neg nv::nv nv::nv cm::gen nv::nv mark::comma
afabu ha weile be mute mbi ,	verb::vv e::pst.ptcp nv::nv cm::acc verb::vv e::fve.npst mark::comma
solho i cooha ,	nv::nv cm::gen nv::nv mark::comma
gaji ha sargan jui aldangga niyakūra fi hengkile me aca ha ,	verb::vv e::pst.ptcp nv::nv nv::nv nv::adj verb::vv e::cve verb::vv e::cve verb::vv e::pst.ptcp mark::comma
enteke jobolon de yabu rakū seme gashū ha bi he kai ,	nv::nv nv::nv cm::dat verb::vv e::npst.ptcp.neg comp verb::vv e::pst.ptcp verb::vv e::pst.ptcp ptcl mark::comma
han de ,	nv::nv cm::dat mark::comma
donoi i jaka de nonggi me gene ∅ ,	nn::prpn.person cm::gen nv::nv cm::dat verb::vv e::cve verb::vv e::fve.imperative mark::comma
amban sa fungkū moo fuhešebu re ,	nv::nv nv::nv nv::nv nv::nv verb::vv e::npst.ptcp mark::comma
uru niyalma be jombu ki se ci ,	nv::nv nv::nv cm::acc verb::vv e::fve.opt verb::vv e::cve mark::comma
emu tanggū ninju ba i dube de isina fi ,	nv::nv nv::nv nv::nv nv::nv cm::gen nv::nv cm::dat verb::vv e::cve mark::comma
iogi tsanjiyang fakca hakū seme wesihun han de ala ∅ ,	nv::nv nv::nv verb::vv e::pst.ptcp.neg comp nv::nv nv::nv cm::dat verb::vv e::fve.imperative mark::comma
men i juse sargan be gaibu fi ,	pn::1pl.excl cm::gen nv::nv nv::nv cm::acc verb::vv e::cve mark::comma
dain i ba kai seme han jili banji fi ,	nv::nv cm::gen nv::nv ptcl comp nv::nv nv::nv verb::vv e::cve mark::comma
juwe ulgiyan ,	nv::nv nv::nv mark::comma
jui se i baru gasa me dere de cifele me bece fi boo de unggi he .	nv::nv nv::nv cm::gen nv::nv verb::vv e::cve nv::nv cm::dat verb::vv e::cve verb::vv e::cve nv::nv cm::dat verb::vv e::pst.ptcp mark::period
orin yan i weile ara ha ,	nv::nv nv::nv cm::gen nv::nv verb::vv e::pst.ptcp mark::comma
lugei ,	nn::prpn.person mark::comma
uji ci ,	verb::vv e::cve mark::comma
○ keri be ,	mark::circle nn::prpn.person cm::acc mark::comma
komso bi cibe ,	nv::adj verb::vv e::cve mark::comma
gida me somi rakū dele wesimbu ki .	verb::vv e::cve verb::vv e::npst.ptcp.neg nv::nv verb::vv e::fve.opt mark::period
tulergi sinda fi dain i niyalma de gamabu re anggala ,	nv::nv verb::vv e::cve nv::nv cm::gen nv::nv cm::dat verb::vv e::npst.ptcp nv::nv mark::comma
ama mafa i giran ,	nv::nv nv::nv cm::gen nv::nv mark::comma
eigen sargan i angga de mujakū ulin mamgiya me je mbi ,	nv::nv nv::nv cm::gen nv::nv cm::dat nv::nv nv::nv verb::vv e::cve verb::vv e::fve.npst mark::comma
hadu ha jeku be ,	verb::vv e::pst.ptcp nv::nv cm::acc mark::comma
iogi tsanjiyang fakca hakū seme wesihun han de ala ∅ ,	nv::nv nv::nv verb::vv e::pst.ptcp.neg comp nv::nv nv::nv cm::dat verb::vv e::fve.imperative mark::comma
narimbulu ,	nn::prpn.person mark::comma
laba emte juru ,	nv::nv nv::nv nv::nv mark::comma
emu eihen bu ∅ ,	nv::nv nv::nv verb::vv e::fve.imperative mark::comma
korcin i sanggarjai_beile i sargan jui be benji fi ,	nn::prpn.plc cm::gen nn::prpn cm::gen nv::nv nv::nv cm::acc verb::vv e::cve mark::comma
buyanggū ,	nn::prpn.person mark::comma
baibi niyalma beiguwan obu ha ,	nv::nv nv::nv nv::nv verb::vv e::pst.ptcp mark::comma
han i ku i jeku be tere ice ji he niyalma de bu mbi ,	nv::nv cm::gen nv::nv cm::gen nv::nv cm::acc nv::nv nv::adj verb::vv e::pst.ptcp nv::nv cm::dat verb::vv e::fve.npst mark::comma
sio_yan i bira i šun dekde re ergi cikin de te fi tuwa ∅ ,	nn::prpn cm::gen nv::nv cm::gen nv::nv verb::vv e::npst.ptcp nv::nv nv::nv cm::dat verb::vv e::cve verb::vv e::fve.imperative mark::comma
han i beye ,	nv::nv cm::gen nv::nv mark::comma
suwe tafula ∅ ,	pn::2pl verb::vv e::fve.imperative mark::comma
men de ume ere re .	pn::1pl.excl cm::dat nv::nv verb::vv e::npst.ptcp mark::period
ginjeo ci ji me andarki pu be sa fi ,	nn::prpn.plc cm::abl verb::vv e::cve nv::nv nv::nv cm::acc verb::vv e::cve mark::comma
ali me gai hakū seme weile ara fi ,	verb::vv e::cve verb::vv e::pst.ptcp.neg comp nv::nv verb::vv e::cve mark::comma
fanggina ,	nn::prpn.person mark::comma
muke goci kini ,	nv::nv verb::vv e::fve.opt mark::comma
ice sunja de lo_ting de isinji ha ,	nv::adj nv::nv cm::dat nn::prpn cm::dat verb::vv e::pst.ptcp mark::comma
gosi re doro be ume lashala ra ,	verb::vv e::npst.ptcp nv::nv cm::acc nv::nv verb::vv e::npst.ptcp mark::comma
suwe ala fi men i juse be hari me ehe be hendu rakū ci ,	pn::2pl verb::vv e::cve pn::1pl.excl cm::gen nv::nv cm::acc verb::vv e::cve nv::adj cm::acc verb::vv e::npst.ptcp.neg e::cve mark::comma
○ manggol_tabunang ,	mark::circle nn::prpn mark::comma
amba gung ni niyalma de ambula šangna ha ,	nv::adj nv::nv cm::gen nv::nv cm::dat nv::nv verb::vv e::pst.ptcp mark::comma
bata kimun seme gida rakū ,	nv::nv nv::nv comp verb::vv e::npst.ptcp.neg mark::comma
ahatu ,	nn::prpn.person mark::comma
tung_jio ,	nn::prpn mark::comma
šongkoro_baturu be minggan cooha de ejen ara fi unggi fi ,	nn::prpn cm::acc nv::nv nv::nv cm::dat nv::nv verb::vv e::cve verb::vv e::cve mark::comma
tuba ci daha me ji he niyalma be ,	nv::nv cm::abl verb::vv e::cve verb::vv e::pst.ptcp nv::nv cm::acc mark::comma
han i bithe seme wasimbu ∅ ,	nv::nv cm::gen nv::nv comp verb::vv e::fve.imperative mark::comma
daba ha niyalma be sa ha niyalma wa ki ,	verb::vv e::pst.ptcp nv::nv cm::acc verb::vv e::pst.ptcp nv::nv verb::vv e::fve.opt mark::comma
lung_king ni sunjaci aniya jakūn biya i orin sunja de baha ha ,	nn::prpn cm::gen nv::nv nv::nv nv::nv nv::nv cm::gen nv::nv nv::nv cm::dat verb::vv e::pst.ptcp mark::comma
hashū ergi emu gūsa i ejen manggūltai_beile be ,	nv::nv nv::nv nv::nv nv::nv cm::gen nv::nv nn::prpn cm::acc mark::comma
deo tsoo_ma_se ,	nv::nv nn::prpn mark::comma
iogi sa i baru hendu re ngge ,	nv::nv nv::nv cm::gen nv::nv verb::vv e::npst.ptcp nmlz::nmlz mark::comma
sejen kalka akū juwe ba de afa fi ,	nv::nv nv::nv nv::adj nv::nv nv::nv cm::dat verb::vv e::cve mark::comma
abka i banjibu ha yada ra jobo ro gurun be gosi re mergen uji re faksi han de ,	nv::nv cm::gen verb::vv e::pst.ptcp verb::vv e::npst.ptcp verb::vv e::npst.ptcp nv::nv cm::acc verb::vv e::npst.ptcp nv::adj verb::vv e::npst.ptcp nv::nv nv::nv cm::dat mark::comma
darhan_hiya de juwe minggan cooha adabu fi ,	nn::prpn cm::dat nv::nv nv::nv nv::nv verb::vv e::cve mark::comma
nene he inenggi gūwa karun i niyalma sabu ci ,	verb::vv e::pst.ptcp nv::nv nv::nv nv::nv cm::gen nv::nv verb::vv e::cve mark::comma
han i bithe ,	nv::nv cm::gen nv::nv mark::comma
gisun be yaya niyalma ume donji re ,	nv::nv cm::acc nv::nv nv::nv nv::nv verb::vv e::npst.ptcp mark::comma
bithe de hendu he ngge ,	nv::nv cm::dat verb::vv e::pst.ptcp nmlz::nmlz mark::comma
jakūn guise ,	nv::nv nv::nv mark::comma
ilaci jergi fujiyang de jakūta honin bu he ,	nv::nv nv::nv nv::nv cm::dat nv::nv nv::nv verb::vv e::pst.ptcp mark::comma
jaha i nimaha bai me šun tuhe re baru liyoha de gene fi ,	nv::nv cm::gen nv::nv verb::vv e::cve nv::nv verb::vv e::npst.ptcp nv::nv nn::prpn.plc cm::dat verb::vv e::cve mark::comma
han ,	nv::nv mark::comma
○ orin de ,	mark::circle nv::nv cm::dat mark::comma
ai ai weile be fe yabu ha mampu i hecen de ji ∅ ,	nv::nv nv::nv nv::nv cm::acc nv::adj verb::vv e::pst.ptcp nn::prpn.plc cm::gen nv::nv cm::dat verb::vv e::fve.imperative mark::comma
○ dorji ,	mark::circle nn::prpn.person mark::comma
jakūta de emu feye baha ha seme ilan yan i weile waliya mbi ,	nv::nv cm::dat nv::nv nv::nv verb::vv e::pst.ptcp comp nv::nv nv::nv cm::gen nv::nv verb::vv e::fve.npst mark::comma
yafan i jeku be acan je ∅ ,	nv::nv cm::gen nv::nv cm::acc nv::nv verb::vv e::fve.imperative mark::comma
min be wa kini ,	pn::1sg cm::acc verb::vv e::fve.opt mark::comma
han ,	nv::nv mark::comma
tere be han sa habi o seme hendu re jaka de ,	nv::nv cm::acc nv::nv verb::vv e::fve.prs.prf ptcl comp verb::vv e::npst.ptcp nv::nv cm::dat mark::comma
wan_lii i orin sunjaci aniya sunja biya i ice de baha ha ,	nn::prpn cm::gen nv::nv nv::nv nv::nv nv::nv nv::nv cm::gen nv::adj cm::dat verb::vv e::pst.ptcp mark::comma
han i bithe ,	nv::nv cm::gen nv::nv mark::comma
suje i etuku juwan duite ,	nv::nv cm::gen nv::nv nv::nv nv::nv mark::comma
morin sejen orin gaji me uka me ji fi ,	nv::nv nv::nv nv::nv verb::vv e::cve verb::vv e::cve verb::vv e::cve mark::comma
niyaman hūncihin seme harša rakū ,	nv::nv nv::nv comp verb::vv e::npst.ptcp.neg mark::comma
banji ha ba ,	verb::vv e::pst.ptcp nv::nv mark::comma
sain jaka banji re o ci ,	nv::adj nv::nv verb::vv e::npst.ptcp verb::vv e::cve mark::comma
šumuru i funde jui šojan be beiguwan obu ha ,	nn::prpn.person cm::gen nv::nv nv::nv nn::prpn.person cm::acc nv::nv verb::vv e::pst.ptcp mark::comma
gūlha ,	nv::nv mark::comma
usiha de siren tuci ke ,	nv::nv cm::dat nv::nv verb::vv e::pst.ptcp mark::comma
gemu abka i salgabu ha meni meni teisu weile kai ,	nv::nv nv::nv cm::gen verb::vv e::pst.ptcp nv::nv nv::nv nv::nv nv::nv ptcl mark::comma
juwe bejang aca fi emu bejang gaji me ji ∅ ,	nv::nv nv::nv verb::vv e::cve nv::nv nv::nv verb::vv e::cve verb::vv e::fve.imperative mark::comma
juwe niyalma be wa habi ,	nv::nv nv::nv cm::acc verb::vv e::fve.prs.prf mark::comma
jeku duin tanggū hule ,	nv::nv nv::nv nv::nv nv::nv mark::comma
lingburhan si jecen i ba de te cibe ,	nn::prpn.person pn::2sg nv::nv cm::gen nv::nv cm::dat verb::vv e::cve mark::comma
tuttu daila rakū bi ci ,	nv::nv verb::vv e::npst.ptcp.neg verb::vv e::cve mark::comma
sebun i ahūn deo ,	nn::prpn.person cm::gen nv::nv nv::nv mark::comma
tanggū jalan be sarkū dere ,	nv::nv nv::nv cm::acc nv::nv ptcl mark::comma
ajige be amba obu re ngge ,	nv::adj cm::acc nv::adj verb::vv e::npst.ptcp nmlz::nmlz mark::comma
te juse be doro jafabu ki seme gūni fi ,	nv::nv nv::nv cm::acc nv::nv verb::vv e::fve.opt comp verb::vv e::cve mark::comma
bu re šang ni dabala ,	verb::vv e::npst.ptcp nv::nv cm::gen ptcl mark::comma
yabai ,	nn::prpn.person mark::comma
orin niyalma feye baha ha ,	nv::nv nv::nv nv::nv verb::vv e::pst.ptcp mark::comma
tung_dusy de emu losa bu he ,	nn::prpn cm::dat nv::nv nv::nv verb::vv e::pst.ptcp mark::comma
usin weile fi jeku i ku gida me gai ki seme hendu me ,	nv::nv verb::vv e::cve nv::nv cm::gen nv::nv verb::vv e::cve verb::vv e::fve.opt comp verb::vv e::cve mark::comma
niru i adun ci in i ahūn deo i morin be encu faksala fi ,	nv::nv cm::gen nv::nv cm::abl pn::3sg cm::gen nv::nv nv::nv cm::gen nv::nv cm::acc nv::nv verb::vv e::cve mark::comma
iogi de emte morin ,	nv::nv cm::dat nv::nv nv::nv mark::comma
beye buce kini ,	nv::nv verb::vv e::fve.opt mark::comma
morin tuci rakū o fi ,	nv::nv verb::vv e::npst.ptcp.neg verb::vv e::cve mark::comma
tere ci jase bitu me ji fi ,	nv::nv cm::abl nv::nv verb::vv e::cve verb::vv e::cve mark::comma
tulergi jase hoton be meni meni dosi re teisu efule fi ,	nv::nv nv::nv nv::nv cm::acc nv::nv nv::nv verb::vv e::npst.ptcp nv::nv verb::vv e::cve mark::comma
tanggū yan menggun ,	nv::nv nv::nv nv::nv mark::comma
nasan hengke emu fan ,	nv::nv nv::nv nv::nv nv::nv mark::comma
fejergi jalan i giri re doro ,	nv::nv nv::nv cm::gen verb::vv e::npst.ptcp nv::nv mark::comma
nimaha akū o fi ,	nv::nv nv::adj verb::vv e::cve mark::comma
jai geli duin monggo guwangning ci uka me ji he .	nv::nv nv::nv nv::nv nv::nv nn::prpn.plc cm::abl verb::vv e::cve verb::vv e::pst.ptcp mark::period
cangšu gebungge amban de ,	nn::prpn.person nv::adj nv::nv cm::dat mark::comma
ši_ho ,	nn::prpn mark::comma
ajige huncu dagila fi sinda ∅ ,	nv::adj nv::nv verb::vv e::cve verb::vv e::fve.imperative mark::comma
abka i gama ra arbun be tuwa rakū ,	nv::nv cm::gen verb::vv e::npst.ptcp nv::nv cm::acc verb::vv e::npst.ptcp.neg mark::comma
jai jergi de orin ilata ,	nv::nv nv::nv cm::dat nv::nv nv::nv mark::comma
jai jergi tsanjiyang obu ha ,	nv::nv nv::nv nv::nv verb::vv e::pst.ptcp mark::comma
mehen ulgiyan uda fi uji ∅ ,	nv::nv nv::nv verb::vv e::cve verb::vv e::fve.imperative mark::comma
ilaci jergi tsanjiyang de ninggute honin bu he ,	nv::nv nv::nv nv::nv cm::dat nv::nv nv::nv verb::vv e::pst.ptcp mark::comma
dabsun be saikan olho ∅ ,	nv::nv cm::acc nv::adj verb::vv e::fve.imperative mark::comma
balai ume algiša me hendu re ,	nv::nv nv::nv verb::vv e::cve verb::vv e::npst.ptcp mark::comma
minggan isi rakū cooha be dulin be yafahalabu fi afa me dosi re de ,	nv::nv verb::vv e::npst.ptcp.neg nv::nv cm::acc nv::adj cm::acc verb::vv e::cve verb::vv e::cve verb::vv e::npst.ptcp cm::dat mark::comma
guwangning de yooni isina hakūbi o ,	nn::prpn.plc cm::dat nv::nv verb::vv e::fve.prs.prf.neg ptcl mark::comma
monggo i beile se ,	nv::nv cm::gen nv::nv nv::nv mark::comma
jakūn cuwan juwan duin weihu i nikan sio_yan i bira be wesi me ji fi ,	nv::nv nv::nv nv::nv nv::nv nv::nv cm::gen nv::nv nn::prpn cm::gen nv::nv cm::acc verb::vv e::cve verb::vv e::cve mark::comma
min i kadala ra emu gūsa i cooha be han i fafun i tondo i kadala mbi ,	pn::1sg cm::gen verb::vv e::npst.ptcp nv::nv nv::nv cm::gen nv::nv cm::acc nv::nv cm::gen nv::nv cm::gen nv::adj cm::gen verb::vv e::fve.npst mark::comma
bi emhun amca fi wa ha gung de ,	pn::1sg nv::nv verb::vv e::cve verb::vv e::pst.ptcp nv::nv cm::dat mark::comma
yaya niyalma ,	nv::nv nv::nv mark::comma
ama i gung ,	nv::nv cm::gen nv::nv mark::comma
šanggiyan_hada i cooha de ,	nn::prpn cm::gen nv::nv cm::dat mark::comma
hiyan_šan ,	nn::prpn mark::comma
nambu ha niyalma i beye be jafa fi ulha be gai ha ngge ,	verb::vv e::pst.ptcp nv::nv cm::gen nv::nv cm::acc verb::vv e::cve nv::nv cm::acc verb::vv e::pst.ptcp nmlz::nmlz mark::comma
emu jergi buce re weile be guwebu mbi ,	nv::nv nv::nv verb::vv e::npst.ptcp nv::nv cm::acc verb::vv e::fve.npst mark::comma
beye buce kini ,	nv::nv verb::vv e::fve.opt mark::comma
erdeni_baksi ,	nn::prpn mark::comma
muterei teile tondo mujilen i kice me banji ki ,	nv::nv nv::nv nv::adj nv::nv cm::gen verb::vv e::cve verb::vv e::fve.opt mark::comma
beile se amban sa i gisun be daha fi ,	nv::nv nv::nv nv::nv nv::nv cm::gen nv::nv cm::acc verb::vv e::cve mark::comma
ooba_tabunang ,	nn::prpn mark::comma
jase bitu me hoton ara ra ba be tuwa me ,	nv::nv verb::vv e::cve nv::nv verb::vv e::npst.ptcp nv::nv cm::acc verb::vv e::cve mark::comma
aruka ,	nn::prpn.person mark::comma
beile i unggi he bithe ,	nv::nv cm::gen verb::vv e::pst.ptcp nv::nv mark::comma
bayartu ,	nn::prpn.person mark::comma
beye buce kini ,	nv::nv verb::vv e::fve.opt mark::comma
namida_hari ,	nn::prpn mark::comma
amala tuta fi ulin hešure re be sa ha de ,	nv::nv verb::vv e::cve nv::nv verb::vv e::npst.ptcp cm::acc verb::vv e::pst.ptcp cm::dat mark::comma
hajan ,	nv::nv mark::comma
tung_tsanjiyang ,	nn::prpn mark::comma
jori ha jurgan be jurce rakū seme beiguwan obu ha .	verb::vv e::pst.ptcp nv::nv cm::acc verb::vv e::npst.ptcp.neg comp nv::nv verb::vv e::pst.ptcp mark::period
han hendu me ,	nv::nv verb::vv e::cve mark::comma
seheri ,	nv::adj mark::comma
amca ha niyalma niru sirdan i dube de buce ci buce mbi dere ,	verb::vv e::pst.ptcp nv::nv nv::nv nv::nv cm::gen nv::nv cm::dat verb::vv e::cve verb::vv e::fve.npst ptcl mark::comma
nikan tokso juwe ,	nv::nv nv::nv nv::nv mark::comma
jai sunja tatan i kalka ,	nv::nv nv::nv nv::nv cm::gen nv::nv mark::comma
anculakū de ,	nn::prpn.plc cm::dat mark::comma
suje i etuku sunjata ,	nv::nv cm::gen nv::nv nv::nv mark::comma
ketai_mafa ,	nn::prpn mark::comma
jai manggūltai_beile be bai me gene fi daha me dosi ka gung bisi re niyalma be geli wesibu he ,	nv::nv nn::prpn cm::acc verb::vv e::cve verb::vv e::cve verb::vv e::cve verb::vv e::pst.ptcp nv::nv verb::vv e::npst.ptcp nv::nv cm::acc nv::nv verb::vv e::pst.ptcp mark::comma
sunjata yan i weile waliya mbi ,	nv::nv nv::nv cm::gen nv::nv verb::vv e::fve.npst mark::comma
ula de juwe feye baha ha ,	nv::nv cm::dat nv::nv nv::nv verb::vv e::pst.ptcp mark::comma
boo i weile he jeku ,	nv::nv cm::gen verb::vv e::pst.ptcp nv::nv mark::comma
geren amban sa be yoo_jeo de hoton ara ra ba be futala ∅ seme unggi he ,	nv::adj nv::nv nv::nv cm::acc nn::prpn cm::dat nv::nv verb::vv e::npst.ptcp nv::nv cm::acc verb::vv e::fve.imperative comp verb::vv e::pst.ptcp mark::comma
sin i cooha be gai fi ,	pn::2sg cm::gen nv::nv cm::acc verb::vv e::cve mark::comma
jaka i furdan be dule fi ,	nv::nv cm::gen nv::nv cm::acc verb::vv e::cve mark::comma
manggol_taiji de sargan bu he .	nn::prpn cm::dat nv::nv verb::vv e::pst.ptcp mark::period
ninggun niyalma ,	nv::nv nv::nv mark::comma
cooha be kadala me ete mbi seme ,	nv::nv cm::acc verb::vv e::cve verb::vv e::fve.npst comp mark::comma
jai yoo_jeo i beiguwan liyang_dzung_ioi boola me ,	nv::nv nn::prpn cm::gen nv::nv nn::prpn verb::vv e::cve mark::comma
šeobei hergen be wesibu fi ,	nv::nv nv::nv cm::acc verb::vv e::cve mark::comma
ere ci amasi ,	nv::nv cm::abl nv::nv mark::comma
amba genggiyen_han ,	nv::adj nn::prpn mark::comma
juwan ilan ci deribu he .	nv::nv nv::nv cm::abl verb::vv e::pst.ptcp mark::period
nikan duilesi jakūn ,	nv::nv nv::nv nv::nv mark::comma
duile he weile be beile se de emhun dosi fi ala rakū ,	verb::vv e::pst.ptcp nv::nv cm::acc nv::nv nv::nv cm::dat nv::nv verb::vv e::cve verb::vv e::npst.ptcp.neg mark::comma
hecen de ili re ba de ili ∅ .	nv::nv cm::dat verb::vv e::npst.ptcp nv::nv cm::dat verb::vv e::fve.imperative mark::period
dzung_bing_guwan de ,	nv::nv cm::dat mark::comma
tere ci yabu hakū ,	nv::nv cm::abl verb::vv e::pst.ptcp.neg mark::comma
uhereme sunja niyalma be sinda fi unggi me ,	nv::nv nv::nv nv::nv cm::acc verb::vv e::cve verb::vv e::cve mark::comma
julergi fuca i fuca bigan de nikan ,	nv::nv nn::prpn.plc cm::gen nn::prpn.plc nv::nv cm::dat nv::nv mark::comma
tere gicuke be we tuwa mbi seme hendu he ,	nv::nv nv::adj cm::acc nv::nv verb::vv e::fve.npst comp verb::vv e::pst.ptcp mark::comma
○ tere inenggi ,	mark::circle nv::nv nv::nv mark::comma
ula de ilan feye baha ha ,	nv::nv cm::dat nv::nv nv::nv verb::vv e::pst.ptcp mark::comma
jai endebu he calabu ha ai weile be ,	nv::nv verb::vv e::pst.ptcp verb::vv e::pst.ptcp nv::nv nv::nv cm::acc mark::comma
beiguwan ci wesihun monggoli habi .	nv::nv cm::abl nv::nv verb::vv e::fve.prs.prf mark::period
turi bi se re ,	nv::nv verb::vv.npst verb::vv e::npst.ptcp mark::comma
nadan morin ,	nv::nv nv::nv mark::comma
monggo emdubei ji mbi ,	nv::nv nv::nv verb::vv e::fve.npst mark::comma
tere weile sanggarjai de tuta ha kai ,	nv::nv nv::nv nn::prpn.person cm::dat verb::vv e::pst.ptcp ptcl mark::comma
gana ha jeku be inu acan je ∅ ,	verb::vv e::pst.ptcp nv::nv cm::acc nv::nv nv::nv verb::vv e::fve.imperative mark::comma
juwe tanggū boigon ara fi gaji ha .	nv::nv nv::nv nv::nv verb::vv e::cve verb::vv e::pst.ptcp mark::period
gosi re ama kai ,	verb::vv e::npst.ptcp nv::nv ptcl mark::comma
jori ha jurgan be jurce rakū seme beiguwan obu ha .	verb::vv e::pst.ptcp nv::nv cm::acc verb::vv e::npst.ptcp.neg comp nv::nv verb::vv e::pst.ptcp mark::period
dumbai de uyun yan bi he ,	nn::prpn.person cm::dat nv::nv nv::nv verb::vv e::pst.ptcp mark::comma
○ susan be ,	mark::circle nn::prpn.person cm::acc mark::comma
jaisai si uji he ama be ama seme gūni rakū ,	nn::prpn.person pn::2sg verb::vv e::pst.ptcp nv::nv cm::acc nv::nv comp verb::vv e::npst.ptcp.neg mark::comma
dehi tumen monggo gurun i ejen baturu_cinggis_han i hese ,	nv::nv nv::nv nv::nv nv::nv cm::gen nv::nv nn::prpn cm::gen nv::nv mark::comma
jakūci ,	nv::nv mark::comma
jušen i morin emke baha fi gama ra be ,	nv::nv cm::gen nv::nv nv::nv verb::vv e::cve verb::vv e::npst.ptcp cm::acc mark::comma
jai min i nadan koro i jalin de liyoodung ni ba be angga i icihiya me waliya ∅ ,	nv::nv pn::1sg cm::gen nv::nv nv::nv cm::gen nv::nv cm::dat nn::prpn.plc cm::gen nv::nv cm::acc nv::nv cm::gen verb::vv e::cve verb::vv e::fve.imperative mark::comma
○ bayot sereng_beile i monggo haha duin ,	mark::circle nn::prpn.plc nn::prpn cm::gen nv::nv nv::nv nv::nv mark::comma
darhan_hiya emu minggan moringga cooha be gai fi ,	nn::prpn nv::nv nv::nv nv::adj nv::nv cm::acc verb::vv e::cve mark::comma
an_jeo hecen de cooha irgen duin sunja minggan bi ,	nn::prpn nv::nv cm::dat nv::nv nv::nv nv::nv nv::nv nv::nv verb::vv.npst mark::comma
liyoha i dogon de anafu te he ikina fujiyang de acana fi ,	nn::prpn.plc cm::gen nv::nv cm::dat nv::nv verb::vv e::pst.ptcp nn::prpn.person nv::nv cm::dat verb::vv e::cve mark::comma
orin nadan de dusy hafasa de wasimbu ha ,	nv::nv nv::nv cm::dat nv::nv nv::nv cm::dat verb::vv e::pst.ptcp mark::comma
si hoton hecen be ambula efule me daila me yabu re de gele me bu he seme gūni mbi o ,	pn::2sg nv::nv nv::nv cm::acc nv::nv verb::vv e::cve verb::vv e::cve verb::vv e::npst.ptcp cm::dat verb::vv e::cve verb::vv e::pst.ptcp comp verb::vv e::fve.npst ptcl mark::comma
namida i sargan non ,	nn::prpn.person cm::gen nv::nv nv::nv mark::comma
hecen de juwan ninggun uksin te ,	nv::nv cm::dat nv::nv nv::nv nv::nv nv::nv mark::comma
biya i kūwaran i amargi gencehen i tulergi be goci ka bi he ,	nv::nv cm::gen nv::nv cm::gen nv::nv nv::nv cm::gen nv::nv cm::acc verb::vv e::pst.ptcp verb::vv e::pst.ptcp mark::comma
jeku akū ,	nv::nv nv::adj mark::comma
○ ice ninggun de ,	mark::circle nv::adj nv::nv cm::dat mark::comma
salgūri ,	nn::prpn.person mark::comma
sunja tatan i kalka i beile se be gashūbu me gene he elcin isinji ha ,	nv::nv nv::nv cm::gen nv::nv cm::gen nv::nv nv::nv cm::acc verb::vv e::cve verb::vv e::pst.ptcp nv::nv verb::vv e::pst.ptcp mark::comma
jakūn inenggi tabcila fi bedere he ,	nv::nv nv::nv verb::vv e::cve verb::vv e::pst.ptcp mark::comma
solho gurun suwen i ere tondo mujilen ,	nv::nv nv::nv pn::2pl cm::gen nv::nv nv::adj nv::nv mark::comma
juwe tanggū ninju sunja sejen ,	nv::nv nv::nv nv::nv nv::nv nv::nv mark::comma
baduhū fujiyang ,	nn::prpn.person nv::nv mark::comma
menggun be etuku de ifi habi ,	nv::nv cm::acc nv::nv cm::dat verb::vv e::fve.prs.prf mark::comma
šeobei gemu gene he ,	nv::nv nv::nv verb::vv e::pst.ptcp mark::comma
suwen be tenteke jete re jaka benji re anggala ,	pn::2pl cm::acc nv::nv verb::vv e::npst.ptcp nv::nv verb::vv e::npst.ptcp nv::nv mark::comma
monggo i butaci_beile i emu niyalma uka me ji he be okdo me jafa fi ,	nv::nv cm::gen nn::prpn cm::gen nv::nv nv::nv verb::vv e::cve verb::vv e::pst.ptcp cm::acc verb::vv e::cve verb::vv e::cve mark::comma
ku_ling_wei i du_jy_hūi_ciyanši coki i jui hūdungge ,	nn::prpn cm::gen nv::nv nn::prpn.person cm::gen nv::nv nn::prpn.person mark::comma
efule fi jide re de ,	verb::vv e::cve verb::vv e::npst.ptcp cm::dat mark::comma
emu minggan tarhūn morin be tucibu fi ,	nv::nv nv::nv nv::adj nv::nv cm::acc verb::vv e::cve mark::comma
ainu holto ho seme wa ha ,	nv::nv verb::vv e::pst.ptcp comp verb::vv e::pst.ptcp mark::comma
han hendu me ,	nv::nv verb::vv e::cve mark::comma
ujala_wei i du_jy_hūi_ciyanši yaju i jui andulu ,	nn::prpn cm::gen nv::nv nn::prpn.person cm::gen nv::nv nn::prpn.person mark::comma
niyalma haha hehe jakūnju bi .	nv::nv nv::nv nv::nv nv::nv verb::vv.npst mark::period
aisin han i daila ha eden dailiyoo i jang_giyo gebungge amban be ali me gai fi ,	nv::nv nv::nv cm::gen verb::vv e::pst.ptcp nv::adj nn::prpn.plc cm::gen nn::prpn nv::adj nv::nv cm::acc verb::vv e::cve verb::vv e::cve mark::comma
sin i gala i ara ha emu akdun i gisun i bithe ,	pn::2sg cm::gen nv::nv cm::gen verb::vv e::pst.ptcp nv::nv nv::adj cm::gen nv::nv cm::gen nv::nv mark::comma
lung_king ni duici aniya nadan biya i orin jakūn de baha ha ,	nn::prpn cm::gen nv::nv nv::nv nv::nv nv::nv cm::gen nv::nv nv::nv cm::dat verb::vv e::pst.ptcp mark::comma
gašan i hehe be ,	nv::nv cm::gen nv::nv cm::acc mark::comma
boo acan te rakū ,	nv::nv nv::nv verb::vv e::npst.ptcp.neg mark::comma
menggun emu minggan ilan tanggū yan ,	nv::nv nv::nv nv::nv nv::nv nv::nv nv::nv mark::comma
min i dolo sin be solho i i_jeo hecen be gai fi ,	pn::1sg cm::gen nv::nv pn::2sg cm::acc nv::nv cm::gen nn::prpn nv::nv cm::acc verb::vv e::cve mark::comma
anafu tene he hafasa ,	nv::nv verb::vv e::pst.ptcp nv::nv mark::comma
ere be dahai ,	nv::nv cm::acc nn::prpn.person mark::comma
monggo ,	nv::nv mark::comma
banji ha ba ,	verb::vv e::pst.ptcp nv::nv mark::comma
suru morin yalu habi ,	nv::adj nv::nv verb::vv e::fve.prs.prf mark::comma
baha rakū ci gese tondo i gai ki ,	verb::vv e::npst.ptcp.neg e::cve nv::nv nv::adj cm::gen verb::vv e::fve.opt mark::comma
tongki fuka sinda ha hergen i dangse .	nv::nv nv::nv verb::vv e::pst.ptcp nv::nv cm::gen nv::nv mark::period
fusi_efu tuwa me šangna ha ,	nn::prpn verb::vv e::cve verb::vv e::pst.ptcp mark::comma
sunja tatan i kalka i beile se de unggi he bithe i gisun ,	nv::nv nv::nv cm::gen nv::nv cm::gen nv::nv nv::nv cm::dat verb::vv e::pst.ptcp nv::nv cm::gen nv::nv mark::comma
fung_ji_pu ci emu cooha i nikan ,	nn::prpn cm::abl nv::nv nv::nv cm::gen nv::nv mark::comma
foyoro emu kuwangse ,	nv::nv nv::nv nv::nv mark::comma
jori ha jurgan be jurce rakū seme beiguwan obu ha .	verb::vv e::pst.ptcp nv::nv cm::acc verb::vv e::npst.ptcp.neg comp nv::nv verb::vv e::pst.ptcp mark::period
gurun i amba asihan niyalma buce he de dufede me gasa ra be naka ∅ ,	nv::nv cm::gen nv::adj nv::adj nv::nv verb::vv e::pst.ptcp cm::dat verb::vv e::cve verb::vv e::npst.ptcp cm::acc verb::vv e::fve.imperative mark::comma
monggo gurun i beile enggeder gebungge hojihon ,	nv::nv nv::nv cm::gen nv::nv nn::prpn.person nv::adj nv::nv mark::comma
te bi endebu me gūwa ba de gene re ukanju dere seme gai ha mujangga seme ,	nv::nv pn::1sg verb::vv e::cve nv::nv nv::nv cm::dat verb::vv e::npst.ptcp nv::nv ptcl comp verb::vv e::pst.ptcp nv::adj comp mark::comma
jafa ha niyalma de šangna mbi .	verb::vv e::pst.ptcp nv::nv cm::dat verb::vv e::fve.npst mark::period
in i sargan jui be bu me sadun jafa ki seme ,	pn::3sg cm::gen nv::nv nv::nv cm::acc verb::vv e::cve nv::nv verb::vv e::fve.opt comp mark::comma
jete re jeku ,	verb::vv e::npst.ptcp nv::nv mark::comma
narhūn ba de encu somi me asara mbi dere ,	nv::adj nv::nv cm::dat nv::nv verb::vv e::cve verb::vv e::fve.npst ptcl mark::comma
emu aniya usin tari fi ,	nv::nv nv::nv nv::nv verb::vv e::cve mark::comma
usin tari hakūbi ,	nv::nv verb::vv e::fve.prs.prf.neg mark::comma
elgiyen o ci ,	nv::adj verb::vv e::cve mark::comma
suwen i gisun de we dosi mbi ,	pn::2pl cm::gen nv::nv cm::dat nv::nv verb::vv e::fve.npst mark::comma
emu beri arabu ci ,	nv::nv nv::nv verb::vv e::cve mark::comma
○ ice sunja de ,	mark::circle nv::adj nv::nv cm::dat mark::comma
han i bithe ,	nv::nv cm::gen nv::nv mark::comma
jakūta honin ,	nv::nv nv::nv mark::comma
mungtan bi tondo i akūmbu me kice me hūsun bu ki ,	nn::prpn.person pn::1sg nv::adj cm::gen verb::vv e::cve verb::vv e::cve nv::nv verb::vv e::fve.opt mark::comma
han i hengkile re be ali me gai ha eshete ahūta ,	nv::nv cm::gen verb::vv e::npst.ptcp cm::acc verb::vv e::cve verb::vv e::pst.ptcp nv::nv nv::nv mark::comma
eihen dehi gaji ha .	nv::nv nv::nv verb::vv e::pst.ptcp mark::period
fukana i gaji ha hūrha i emu tanggū juwan juwe haha ,	nn::prpn.person cm::gen verb::vv e::pst.ptcp nv::nv cm::gen nv::nv nv::nv nv::nv nv::nv nv::nv mark::comma
gaji ∅ se ci bu hekū ,	verb::vv e::fve.imperative verb::vv e::cve verb::vv e::pst.ptcp.neg mark::comma
hūda hūdaša ra ,	nv::nv verb::vv e::npst.ptcp mark::comma
aniya biya i juwan ninggun de ,	nv::nv nv::nv cm::gen nv::nv nv::nv cm::dat mark::comma
gurun be suilabu re be ,	nv::nv cm::acc verb::vv e::npst.ptcp cm::acc mark::comma
min ci tuci fi sin de arkan seme isina ha niyalma be ,	pn::1sg cm::abl verb::vv e::cve pn::2sg cm::dat nv::nv comp verb::vv e::pst.ptcp nv::nv cm::acc mark::comma
han hendu me ,	nv::nv verb::vv e::cve mark::comma
aita i baha ha nadan solho ,	nn::prpn.person cm::gen verb::vv e::pst.ptcp nv::nv nv::nv mark::comma
min i juse omosi jalan hala me han de gosibu me wesihun banji kini .	pn::1sg cm::gen nv::nv nv::nv nv::nv verb::vv e::cve nv::nv cm::dat verb::vv e::cve nv::nv verb::vv e::fve.opt mark::period
fujiyang ci fakca ha de ,	nv::nv cm::abl verb::vv e::pst.ptcp cm::dat mark::comma
eje he i gung be iodan ji fi faita ha .	verb::vv e::pst.ptcp cm::gen nv::nv cm::acc nv::nv verb::vv e::cve verb::vv e::pst.ptcp mark::period
hūlha holo akū tondo mujilen i akūmbu me banji ki ,	nv::nv nv::nv nv::adj nv::adj nv::nv cm::gen verb::vv e::cve verb::vv e::fve.opt mark::comma
šoto be jafa fi ,	nn::prpn.person cm::acc verb::vv e::cve mark::comma
goobolo_wei i du_jy_hūi_ciyanši cinggiyanu i omolo nantu ,	nn::prpn cm::gen nv::nv nn::prpn.person cm::gen nv::nv nn::prpn.person mark::comma
monggo ,	nv::nv mark::comma
sin i emhun i ba waka kai ,	pn::2sg cm::gen nv::nv cm::gen nv::nv nv::adj ptcl mark::comma
tere monggo de fonji ci ,	nv::nv nv::nv cm::dat verb::vv e::cve mark::comma
○ orin ilan de ,	mark::circle nv::nv nv::nv cm::dat mark::comma
ilangga i eigen sargan gene fi ,	nn::prpn.person cm::gen nv::nv nv::nv verb::vv e::cve mark::comma
sele futa hūwaita fi loo de hori ha .	nv::nv nv::nv verb::vv e::cve nv::nv cm::dat verb::vv e::pst.ptcp mark::period
jakūta de emu feye ,	nv::nv cm::dat nv::nv nv::nv mark::comma
dusy be wa fi ,	nv::nv cm::acc verb::vv e::cve mark::comma
arai bi ,	nn::prpn.person verb::vv.npst mark::comma
lu_jing ,	nn::prpn mark::comma
duin niyalma be gala bethe be faita me wa ha ,	nv::nv nv::nv cm::acc nv::nv nv::nv cm::acc verb::vv e::cve verb::vv e::pst.ptcp mark::comma
bedzung jang_bing_i be wesibu fi ciyandzung obu ha ,	nv::nv nn::prpn cm::acc verb::vv e::cve nv::nv verb::vv e::pst.ptcp mark::comma
suwen i ere weji moo eye re muke i gese geren cooha ,	pn::2pl cm::gen nv::nv nv::nv nv::nv verb::vv e::npst.ptcp nv::nv cm::gen nv::nv nv::adj nv::nv mark::comma
min i amba han i doro be wasibu me ,	pn::1sg cm::gen nv::adj nv::nv cm::gen nv::nv cm::acc verb::vv e::cve mark::comma
cihangga niyalma de šangna ∅ seme sunja tanggū yan menggun bene he .	nv::adj nv::nv cm::dat verb::vv e::fve.imperative comp nv::nv nv::nv nv::nv nv::nv verb::vv e::pst.ptcp mark::period
( baijuhū ,	mark::lparen nn::prpn.person mark::comma
○ gulu fulgiyan i gūsa i dangse .	mark::circle nv::adj nv::nv cm::gen nv::nv cm::gen nv::nv mark::period
ilan jui uji fi banji me dulin o ho manggi ,	nv::nv nv::nv verb::vv e::cve verb::vv e::cve nv::adj verb::vv e::pst.ptcp nv::nv mark::comma
tere i juleri poo miyoocan emu jergi dasa fi ili ha ,	nv::nv cm::gen nv::nv nv::nv nv::nv nv::nv nv::nv verb::vv e::cve verb::vv e::pst.ptcp mark::comma
tere gisun be agūda donji fi ,	nv::nv nv::nv cm::acc nn::prpn.person verb::vv e::cve mark::comma
han ,	nv::nv mark::comma
suwen i cisu i jingse tūbu ∅ ,	pn::2pl cm::gen nv::nv cm::gen nv::nv verb::vv e::fve.imperative mark::comma
bi ere dain be buye me deribu he ngge waka ,	pn::1sg nv::nv nv::nv cm::acc verb::vv e::cve verb::vv e::pst.ptcp nmlz::nmlz nv::adj mark::comma
fujiyang fakca hakū seme wesihun han de ala ∅ ,	nv::nv verb::vv e::pst.ptcp.neg comp nv::nv nv::nv cm::dat verb::vv e::fve.imperative mark::comma
jaisai jui setkil_taiji be tucibu fi unggi re de ,	nn::prpn.person nv::nv nn::prpn cm::acc verb::vv e::cve verb::vv e::npst.ptcp cm::dat mark::comma
sirdan ,	nv::nv mark::comma
nikan cooha de lakca me se he bi he kai ,	nv::nv nv::nv cm::dat verb::vv e::cve verb::vv e::pst.ptcp verb::vv e::pst.ptcp ptcl mark::comma
han de fonji hakū jase dosimbu ha seme ,	nv::nv cm::dat verb::vv e::pst.ptcp.neg nv::nv verb::vv e::pst.ptcp comp mark::comma
orhoda ,	nv::nv mark::comma
sahaliyan seke i dahū uyun ,	nv::adj nv::nv cm::gen nv::nv nv::nv mark::comma
loho asha fi mukšan jafabu fi tuwakiyabu ∅ ,	nv::nv verb::vv e::cve nv::nv verb::vv e::cve verb::vv e::fve.imperative mark::comma
tanggū ihan ,	nv::nv nv::nv mark::comma
ere ci julesi min i boo i uji he ujima ,	nv::nv cm::abl nv::nv pn::1sg cm::gen nv::nv cm::gen verb::vv e::pst.ptcp nv::nv mark::comma
ihan be gemu bedere me bu ki ,	nv::nv cm::acc nv::nv verb::vv e::cve verb::vv e::fve.opt mark::comma
ninju yan menggun ,	nv::nv nv::nv nv::nv mark::comma
tere emu bigan de ,	nv::nv nv::nv nv::nv cm::dat mark::comma
gunji ,	nn::prpn.person mark::comma
gūwa niyalma i huwekiyebu he gisun de dosi fi gūwaliya ci ,	nv::nv nv::nv cm::gen verb::vv e::pst.ptcp nv::nv cm::dat verb::vv e::cve verb::vv e::cve mark::comma
emken be dung_ging de benji he ,	nv::nv cm::acc nn::prpn cm::dat verb::vv e::pst.ptcp mark::comma
ere duin niyalma de uyute yan i weile waliya mbi ,	nv::nv nv::nv nv::nv cm::dat nv::nv nv::nv cm::gen nv::nv verb::vv e::fve.npst mark::comma
abka suwen be nene me tukiye fi amba ara ha be wakala fi ,	nv::nv pn::2pl cm::acc verb::vv e::cve verb::vv e::cve nv::adj verb::vv e::pst.ptcp cm::acc verb::vv e::cve mark::comma
ninggute juru kiru ,	nv::nv nv::nv nv::nv mark::comma
muse i baru cooha ji mbi se re ngge akū ,	nv::nv cm::gen nv::nv nv::nv verb::vv e::fve.npst verb::vv e::npst.ptcp nmlz::nmlz nv::adj mark::comma
šanggiyan_doo i ilan niyalma guwangning de gene re be ,	nn::prpn cm::gen nv::nv nv::nv nn::prpn.plc cm::dat verb::vv e::npst.ptcp cm::acc mark::comma
wa ra be naka fi eigen sargan i gala jafa fi tucibu he ,	verb::vv e::npst.ptcp cm::acc verb::vv e::cve nv::nv nv::nv cm::gen nv::nv verb::vv e::cve verb::vv e::pst.ptcp mark::comma
tsanjiyang hergen i munggatu i sargan de ,	nv::nv nv::nv cm::gen nn::prpn.person cm::gen nv::nv cm::dat mark::comma
han hendu me ,	nv::nv verb::vv e::cve mark::comma
kalka i joriktu_beile i juwan emu niyalma ,	nv::nv cm::gen nn::prpn cm::gen nv::nv nv::nv nv::nv mark::comma
jori ha jurgan be jurce rakū seme ilaci jergi tsanjiyang obu ha ,	verb::vv e::pst.ptcp nv::nv cm::acc verb::vv e::npst.ptcp.neg comp nv::nv nv::nv nv::nv verb::vv e::pst.ptcp mark::comma
muse ilan gurun sain banji ki ,	pn::1pl.incl nv::nv nv::nv nv::adj verb::vv e::fve.opt mark::comma
han hendu me ,	nv::nv verb::vv e::cve mark::comma
hiyan_šan_pu i niyalma ,	nn::prpn cm::gen nv::nv mark::comma
si unenggi uba de banji ci ,	pn::2sg nv::adj nv::nv cm::dat verb::vv e::cve mark::comma
han i bu re šang dabala ,	nv::nv cm::gen verb::vv e::npst.ptcp nv::nv ptcl mark::comma
ilan bedzung de ilata niyalma ,	nv::nv nv::nv cm::dat nv::nv nv::nv mark::comma
ši_ho_i niyalma boigon guri me jide re ngge ,	nn::prpn nv::nv nv::nv verb::vv e::cve verb::vv e::npst.ptcp nmlz::nmlz mark::comma
nio_juwang ni siden de bedere fi te ,	nn::prpn cm::gen nv::nv cm::dat verb::vv e::cve nv::nv mark::comma
sunja fun gai fi bu kini ,	nv::nv nv::nv verb::vv e::cve verb::vv e::fve.opt mark::comma
morin i dergi ci da ra gida me šusihala ra jaka de ,	nv::nv cm::gen nv::nv cm::abl verb::vv e::npst.ptcp verb::vv e::cve verb::vv e::npst.ptcp nv::nv cm::dat mark::comma
muse de ji he ere hūda i gūsin niyalma be ,	pn::1pl.incl cm::dat verb::vv e::pst.ptcp nv::nv nv::nv cm::gen nv::nv nv::nv cm::acc mark::comma
doro jafa fi emu hebe i banji kini seme acabu ha be daha me ,	nv::nv verb::vv e::cve nv::nv nv::nv cm::gen verb::vv e::fve.opt comp verb::vv e::pst.ptcp cm::acc verb::vv e::cve mark::comma
cooha i niyalma ,	nv::nv cm::gen nv::nv mark::comma
temen dehi nadan ,	nv::nv nv::nv nv::nv mark::comma
liyoodung de boigon tala ra fon de ,	nn::prpn.plc cm::dat nv::nv verb::vv e::npst.ptcp nv::nv cm::dat mark::comma
sunja morin gai me uka me ji he .	nv::nv nv::nv verb::vv e::cve verb::vv e::cve verb::vv e::pst.ptcp mark::period
genggiyen_han ,	nn::prpn mark::comma
○ jaisai_beile be taiji de niyalma duin biya i juwan uyun de gene he .	mark::circle nn::prpn cm::acc nv::nv cm::dat nv::nv nv::nv nv::nv cm::gen nv::nv nv::nv cm::dat verb::vv e::pst.ptcp mark::period
ulgiyan wa ra ,	nv::nv verb::vv e::npst.ptcp mark::comma
ihan_alin de emu feye baha ha seme sunjata yan i weile waliya mbi ,	nn::prpn cm::dat nv::nv nv::nv verb::vv e::pst.ptcp comp nv::nv nv::nv cm::gen nv::nv verb::vv e::fve.npst mark::comma
hoton de dosi kakū tuleri tata fi bi ,	nv::nv cm::dat verb::vv e::pst.ptcp.neg nv::nv verb::vv e::cve verb::vv.npst mark::comma
sunjata hoton de emu feye baha ha seme ,	nv::nv nv::nv cm::dat nv::nv nv::nv verb::vv e::pst.ptcp comp mark::comma
○ ice duin de ,	mark::circle nv::adj nv::nv cm::dat mark::comma
sin i uji re emu sain gisun be donji fi ,	pn::2sg cm::gen verb::vv e::npst.ptcp nv::nv nv::adj nv::nv cm::acc verb::vv e::cve mark::comma
afabu ha weile be mute mbi ,	verb::vv e::pst.ptcp nv::nv cm::acc verb::vv e::fve.npst mark::comma
mergen be waliyabu fi mentuhun o fi liyeliye fi ,	nv::adj cm::acc verb::vv e::cve nv::adj verb::vv e::cve verb::vv e::cve mark::comma
ginjeo ,	nn::prpn.plc mark::comma
bagadarhan_beile i ninggun haha ,	nn::prpn cm::gen nv::nv nv::nv mark::comma
emte etuku gūlha mahala ,	nv::nv nv::nv nv::nv nv::nv mark::comma
tondo sijirhūn niyalma be dosimbu ∅ ,	nv::adj nv::adj nv::nv cm::acc verb::vv e::fve.imperative mark::comma
jori ha jurgan be jurce rakū seme ,	verb::vv e::pst.ptcp nv::nv cm::acc verb::vv e::npst.ptcp.neg comp mark::comma
gašan de ebubu hekū ,	nv::nv cm::dat verb::vv e::pst.ptcp.neg mark::comma
hohori ,	nv::nv mark::comma
kamo_wei i du_jy_hūi_ciyanši laicuha i omolo babudai ,	nn::prpn cm::gen nv::nv nn::prpn.person cm::gen nv::nv nn::prpn.person mark::comma
tuttu daha fi goro ba ci alban benji me yabu re be ,	nv::nv verb::vv e::cve nv::nv nv::nv cm::abl nv::nv verb::vv e::cve verb::vv e::npst.ptcp cm::acc mark::comma
hiyan_šan ,	nn::prpn mark::comma
suwen i ba de te me gene re jušen de hūlaša me je mbi o ,	pn::2pl cm::gen nv::nv cm::dat verb::vv e::cve verb::vv e::npst.ptcp nv::nv cm::dat verb::vv e::cve verb::vv e::fve.npst ptcl mark::comma
cingtai ,	nn::prpn.person mark::comma
emgeri encule me sain sabu me yabu hakū ,	nv::nv verb::vv e::cve nv::adj verb::vv e::cve verb::vv e::pst.ptcp.neg mark::comma
donji fi ama de ala hakū waka mujangga ,	verb::vv e::cve nv::nv cm::dat verb::vv e::pst.ptcp.neg nv::adj nv::adj mark::comma
tuta ha niyalma be wa ra be wa ra ,	verb::vv e::pst.ptcp nv::nv cm::acc verb::vv e::npst.ptcp cm::acc verb::vv e::npst.ptcp mark::comma
niyaman hūncihin seme harša rakū ,	nv::nv nv::nv comp verb::vv e::npst.ptcp.neg mark::comma
abka na de dasa me akdula me gashū fi sain banji ki se ci ,	nv::nv nv::nv cm::dat verb::vv e::cve verb::vv e::cve verb::vv e::cve nv::adj verb::vv e::fve.opt verb::vv e::cve mark::comma
adun_age seme sain o fi ,	nn::prpn comp nv::adj verb::vv e::cve mark::comma
o hakū ,	verb::vv e::pst.ptcp.neg mark::comma
gurun i banji re doro de ai akdun se ci ,	nv::nv cm::gen verb::vv e::npst.ptcp nv::nv cm::dat nv::nv nv::adj verb::vv e::cve mark::comma
si miosihon niyalma kai ,	pn::2sg nv::adj nv::nv ptcl mark::comma
asidarhan ,	nn::prpn.person mark::comma
tere emu ba tašan ,	nv::nv nv::nv nv::nv nv::nv mark::comma
abka gosi fi ,	nv::nv verb::vv e::cve mark::comma
eme hendu me ,	nv::nv verb::vv e::cve mark::comma
beye banji re de tondo i banji rakū ci ,	nv::nv verb::vv e::npst.ptcp cm::dat nv::adj cm::gen verb::vv e::npst.ptcp.neg e::cve mark::comma
bahana rakū bi me ,	verb::vv e::npst.ptcp.neg verb::vv e::cve mark::comma
suwen i ciha i juwe me je ∅ ,	pn::2pl cm::gen nv::nv cm::gen verb::vv e::cve verb::vv e::fve.imperative mark::comma
gercile me ji he šusai wei_ing_k'o be beiguwan obu ha ,	verb::vv e::cve verb::vv e::pst.ptcp nv::nv nn::prpn cm::acc nv::nv verb::vv e::pst.ptcp mark::comma
hibsu i aga aga ha ,	nv::nv cm::gen nv::nv verb::vv e::pst.ptcp mark::comma
fu yuwanšuwai be ,	nv::nv nv::nv cm::acc mark::comma
ere ci julesi hūlha holo akū ,	nv::nv cm::abl nv::nv nv::nv nv::nv nv::adj mark::comma
banji ha ba ,	verb::vv e::pst.ptcp nv::nv mark::comma
ama be dabu rakū ,	nv::nv cm::acc verb::vv e::npst.ptcp.neg mark::comma
juse hehesi be dorgi alin i hecen de bargiya fi ,	nv::nv nv::nv cm::acc nv::nv nv::nv cm::gen nv::nv cm::dat verb::vv e::cve mark::comma
wan_lii i jai aniya juwan biya i ice jakūn de baha ha ,	nn::prpn cm::gen nv::nv nv::nv nv::nv nv::nv cm::gen nv::adj nv::nv cm::dat verb::vv e::pst.ptcp mark::comma
bagūla ,	nn::prpn.person mark::comma
jori ha jurgan be jurce rakū seme beiguwan obu ha .	verb::vv e::pst.ptcp nv::nv cm::acc verb::vv e::npst.ptcp.neg comp nv::nv verb::vv e::pst.ptcp mark::period
min be ama ,	pn::1sg cm::acc nv::nv mark::comma
ukanju uka ka medege bi ,	nv::nv verb::vv e::pst.ptcp nv::nv verb::vv.npst mark::comma
ahūn alanju_age i gung be gūni me ,	nv::nv nn::prpn cm::gen nv::nv cm::acc verb::vv e::cve mark::comma
acan šajin_ho_wei i du_jy_hūi_ciyanši dingge i omolo bantasi ,	nv::nv nn::prpn cm::gen nv::nv nn::prpn.person cm::gen nv::nv nn::prpn.person mark::comma
gurgu akū ,	nv::nv nv::adj mark::comma
tondo mujilen be jafa fi kice me hūsun bu ki ,	nv::adj nv::nv cm::acc verb::vv e::cve verb::vv e::cve nv::nv verb::vv e::fve.opt mark::comma
han i jui be in i ba de gama mbi seme gene he .	nv::nv cm::gen nv::nv cm::acc pn::3sg cm::gen nv::nv cm::dat verb::vv e::fve.npst comp verb::vv e::pst.ptcp mark::period
bujantai yordo ho seme donji ha manggi ,	nn::prpn.person verb::vv e::pst.ptcp comp verb::vv e::pst.ptcp nv::nv mark::comma
monggo i bayot ba i butaci_beile i sengge_tabunang ,	nv::nv cm::gen nn::prpn.plc nv::nv cm::gen nn::prpn cm::gen nn::prpn mark::comma
cananggi šajin i bithe ara me ,	nv::nv nv::nv cm::gen nv::nv verb::vv e::cve mark::comma
niyaman hūncihin seme harša rakū ,	nv::nv nv::nv comp verb::vv e::npst.ptcp.neg mark::comma
○ ice nadan de ,	mark::circle nv::adj nv::nv cm::dat mark::comma
han tukiye re jaka de ,	nv::nv verb::vv e::npst.ptcp nv::nv cm::dat mark::comma
mara me cira alja ci ,	verb::vv e::cve nv::nv verb::vv e::cve mark::comma
wan_lii i nadaci aniya ninggun biya i juwan juwe de baha ha ,	nn::prpn cm::gen nv::nv nv::nv nv::nv nv::nv cm::gen nv::nv nv::nv cm::dat verb::vv e::pst.ptcp mark::comma
ajige_taiji ,	nn::prpn mark::comma
tuttu tondo i fafula rakū ehe miosihon jurgan i banji ci ,	nv::nv nv::adj cm::gen verb::vv e::npst.ptcp.neg nv::adj nv::adj nv::nv cm::gen verb::vv e::cve mark::comma
julge men i aisin dai_ding_han de ,	nv::nv pn::1pl.excl cm::gen nv::nv nn::prpn cm::dat mark::comma
si šeo_pu be gai fi bargiya fi guri re ba de gama me gene ∅ ,	pn::2sg nv::nv cm::acc verb::vv e::cve verb::vv e::cve verb::vv e::npst.ptcp nv::nv cm::dat verb::vv e::cve verb::vv e::fve.imperative mark::comma
emu da jafu de emu yan ,	nv::nv nv::nv nv::nv cm::dat nv::nv nv::nv mark::comma
tofohon uksin ,	nv::nv nv::nv mark::comma
sin i beye guwangning de gene fi majige baha ha ulin be ,	pn::2sg cm::gen nv::nv nn::prpn.plc cm::dat verb::vv e::cve nv::adj verb::vv e::pst.ptcp nv::nv cm::acc mark::comma
ai ai fafula ra kadala ra ba de enggici juleri seme emu kemun i kadala mbi ,	nv::nv nv::nv verb::vv e::npst.ptcp verb::vv e::npst.ptcp nv::nv cm::dat nv::nv nv::nv comp nv::nv nv::nv cm::gen verb::vv e::fve.npst mark::comma
da rakū se ci ,	verb::vv e::npst.ptcp.neg verb::vv e::cve mark::comma
gūwa gurun i šajin fafun genggiyen akdun akū o fi ,	nv::nv nv::nv cm::gen nv::nv nv::nv nv::adj nv::adj nv::adj verb::vv e::cve mark::comma
ulgiyan uji re niyalma ,	nv::nv verb::vv e::npst.ptcp nv::nv mark::comma
ama ,	nv::nv mark::comma
weile he jeku i dabala ,	verb::vv e::pst.ptcp nv::nv cm::gen ptcl mark::comma
sonjo ho ninju uksin be gai fi ,	verb::vv e::pst.ptcp nv::nv nv::nv cm::acc verb::vv e::cve mark::comma
in i ama i gai ha yehe i beile se i jui oshon eme be uji ki se ci ,	pn::3sg cm::gen nv::nv cm::gen verb::vv e::pst.ptcp nv::nv cm::gen nv::nv nv::nv cm::gen nv::nv nv::adj nv::nv cm::acc verb::vv e::fve.opt verb::vv e::cve mark::comma
○ orin duin de ,	mark::circle nv::nv nv::nv cm::dat mark::comma
coko ,	nv::nv mark::comma
baha ha morin eihen be wa fi je kebi ,	verb::vv e::pst.ptcp nv::nv nv::nv cm::acc verb::vv e::cve verb::vv e::fve.prs.prf mark::comma
manggūldai_taiji ,	nn::prpn mark::comma
gūwa be takūra ci ulin gai me ojo rahū ,	nv::nv cm::acc verb::vv e::cve nv::nv verb::vv e::cve verb::vv e::fve.prv mark::comma
simiyan ,	nn::prpn.plc mark::comma
si bulca me ainu dosi kakū seme wa ra weile makta ha bi he ,	pn::2sg verb::vv e::cve nv::nv verb::vv e::pst.ptcp.neg comp verb::vv e::npst.ptcp nv::nv verb::vv e::pst.ptcp verb::vv e::pst.ptcp mark::comma
julergi_mederi jakara me te he boigon guribu me gene re de ,	nn::prpn verb::vv e::cve verb::vv e::pst.ptcp nv::nv verb::vv e::cve verb::vv e::npst.ptcp cm::dat mark::comma
emu hehe ,	nv::nv nv::nv mark::comma
olji niyalma ulha ulin sain tetun eiten hacin i jaka be gemu gama me ,	nv::nv nv::nv nv::nv nv::nv nv::adj nv::nv nv::adj nv::nv cm::gen nv::nv cm::acc nv::nv verb::vv e::cve mark::comma
tuttu o ci duici_beile be dergi hoton de gana fi aca me gene ∅ se ,	nv::nv verb::vv e::cve nn::prpn cm::acc nv::nv nv::nv cm::dat verb::vv e::cve verb::vv e::cve verb::vv e::fve.imperative nv::nv mark::comma
jung_gu i harangga niyalma be ,	nn::prpn cm::gen nv::nv nv::nv cm::acc mark::comma
emu jergi buce re weile be guwebu mbi .	nv::nv nv::nv verb::vv e::npst.ptcp nv::nv cm::acc verb::vv e::fve.npst mark::period
si_uli efu i wesimbu he bithe ,	nn::prpn nv::nv cm::gen verb::vv e::pst.ptcp nv::nv mark::comma
○ juwan uyun de ,	mark::circle nv::nv nv::nv cm::dat mark::comma
han i afabu ha jurgan be jurce rakū ,	nv::nv cm::gen verb::vv e::pst.ptcp nv::nv cm::acc verb::vv e::npst.ptcp.neg mark::comma
han i tacibu ha tondo fafun be jurce rakū banji ci ,	nv::nv cm::gen verb::vv e::pst.ptcp nv::adj nv::nv cm::acc verb::vv e::npst.ptcp.neg verb::vv e::cve mark::comma
jeku be gemu tala me gai mbi ,	nv::nv cm::acc nv::nv verb::vv e::cve verb::vv e::fve.npst mark::comma
i burula ha kai ,	pn::3sg verb::vv e::pst.ptcp ptcl mark::comma
cen i takūra ha burgi gebungge niyalma gene fi ilibu ha seme gisure me beide me toktobu ha weile be ,	pn::3pl cm::gen verb::vv e::pst.ptcp nn::prpn.person nv::adj nv::nv verb::vv e::cve verb::vv e::pst.ptcp comp verb::vv e::cve verb::vv e::cve verb::vv e::pst.ptcp nv::nv cm::acc mark::comma
hingga ,	nn::prpn.person mark::comma
jugūn de dain hūlha ambula ,	nv::nv cm::dat nv::nv nv::nv nv::nv mark::comma
emu ba be yabu me ,	nv::nv nv::nv cm::acc verb::vv e::cve mark::comma
afuni niru i emu niyalma ,	nn::prpn.person nv::nv cm::gen nv::nv nv::nv mark::comma
amin_taiji donji fi ,	nn::prpn verb::vv e::cve mark::comma
jori ha jurgan be jurce rakū seme beiguwan obu ha .	verb::vv e::pst.ptcp nv::nv cm::acc verb::vv e::npst.ptcp.neg comp nv::nv verb::vv e::pst.ptcp mark::period
julge hūwan_gung ,	nv::nv nn::prpn mark::comma
jaka i niyalma dobori dosi fi ,	nv::nv cm::gen nv::nv nv::nv verb::vv e::cve mark::comma
jaisai_beile be jooli me tumen ulha benji hebi ,	nn::prpn cm::acc verb::vv e::cve nv::nv nv::nv verb::vv e::fve.prs.prf mark::comma
tere dobori dedu fi ,	nv::nv nv::nv verb::vv e::cve mark::comma
wa ha niyalma alin de tafa kabi seme ala ra jaka de ,	verb::vv e::pst.ptcp nv::nv nv::nv cm::dat verb::vv e::fve.prs.prf comp verb::vv e::npst.ptcp nv::nv cm::dat mark::comma
ula de emu feye ,	nv::nv cm::dat nv::nv nv::nv mark::comma
dung_cang_pu i beiguwan lio_io_kuwan de unggi he bithe ,	nn::prpn cm::gen nv::nv nn::prpn cm::dat verb::vv e::pst.ptcp nv::nv mark::comma
dobi_ecike ,	nn::prpn mark::comma
hai_jeo ,	nn::prpn mark::comma
emte tanggū cooha be gai fi ,	nv::nv nv::nv nv::nv cm::acc verb::vv e::cve mark::comma
be_tu_cang ni ba de unggi he .	nn::prpn cm::gen nv::nv cm::dat verb::vv e::pst.ptcp mark::period
○ du_tang ni bithe ,	mark::circle nv::nv cm::gen nv::nv mark::comma
uka me gene he emu jušen be takūra fi unggi me bithe de ara ha ngge ,	verb::vv e::cve verb::vv e::pst.ptcp nv::nv nv::nv cm::acc verb::vv e::cve verb::vv e::cve nv::nv cm::dat verb::vv e::pst.ptcp nmlz::nmlz mark::comma
han i bithe ,	nv::nv cm::gen nv::nv mark::comma
ilan tanggū ihan ,	nv::nv nv::nv nv::nv mark::comma
dain i niyalma i gisun be gai fi bele he turgun de ,	nv::nv cm::gen nv::nv cm::gen nv::nv cm::acc verb::vv e::cve verb::vv e::pst.ptcp nv::nv cm::dat mark::comma
juwan duici jergi ,	nv::nv nv::nv nv::nv mark::comma
julge i kooli be ,	nv::nv cm::gen nv::nv cm::acc mark::comma
kundule me uji re bi he kai ,	verb::vv e::cve verb::vv e::npst.ptcp verb::vv e::pst.ptcp ptcl mark::comma
beye i sui de wasi kini .	nv::nv cm::gen nv::nv cm::dat verb::vv e::fve.opt mark::period
men i nukte jugūn jugūn i o fi isa me mute hekū ,	pn::1pl.excl cm::gen nv::nv nv::nv nv::nv cm::gen verb::vv e::cve verb::vv e::cve verb::vv e::pst.ptcp.neg mark::comma
han hendu me ,	nv::nv verb::vv e::cve mark::comma
○ amin_beile ,	mark::circle nn::prpn mark::comma
da ci šajila me gisure he ngge ,	nv::nv cm::abl verb::vv e::cve verb::vv e::pst.ptcp nmlz::nmlz mark::comma
niyalma i ciha waka ,	nv::nv cm::gen nv::nv nv::adj mark::comma
emu jergi buce re weile be guwebu mbi .	nv::nv nv::nv verb::vv e::npst.ptcp nv::nv cm::acc verb::vv e::fve.npst mark::period
ice ilan i cimari ,	nv::adj nv::nv cm::gen nv::nv mark::comma
sio_ling_sy ,	nn::prpn mark::comma
han hendu me ,	nv::nv verb::vv e::cve mark::comma
ulha i ambula ,	nv::nv cm::gen nv::nv mark::comma
hecen saha ra alban de ume dabu re ,	nv::nv verb::vv e::npst.ptcp nv::nv cm::dat nv::nv verb::vv e::npst.ptcp mark::comma
hūcin de okto makta ha nikasa be saikan dacila me duile fi ,	nv::nv cm::dat nv::nv verb::vv e::pst.ptcp nv::nv cm::acc nv::adj verb::vv e::cve verb::vv e::cve mark::comma
hūlha ha ulin be gemu gai fi ,	verb::vv e::pst.ptcp nv::nv cm::acc nv::nv verb::vv e::cve mark::comma
si wei dasa ha ba de te ki seme gūni habi ,	pn::2sg nv::nv verb::vv e::pst.ptcp nv::nv cm::dat verb::vv e::fve.opt comp verb::vv e::fve.prs.prf mark::comma
bira i dalin be ulan fete fi tuwakiya kini .	nv::nv cm::gen nv::nv cm::acc nv::nv verb::vv e::cve verb::vv e::fve.opt mark::period
gašan bošokū de isi tala bithe wasimbu ha .	nv::nv nv::nv cm::dat verb::vv e::cve nv::nv verb::vv e::pst.ptcp mark::period
abka na de akdula me gashū habi ,	nv::nv nv::nv cm::dat verb::vv e::cve verb::vv e::fve.prs.prf mark::comma
ende me cala me buce re weile baha ci guwebu ∅ ,	verb::vv e::cve verb::vv e::cve verb::vv e::npst.ptcp nv::nv verb::vv e::cve verb::vv e::fve.imperative mark::comma
ira bele emu hule ,	nv::nv nv::nv nv::nv nv::nv mark::comma
jori ha jurgan be jurce rakū seme beiguwan obu ha .	verb::vv e::pst.ptcp nv::nv cm::acc verb::vv e::npst.ptcp.neg comp nv::nv verb::vv e::pst.ptcp mark::period
bonio erin de gūlbon gebungge ba de ing hada fi ili ha ,	nv::nv nv::nv cm::dat nn::prpn.plc nv::adj nv::nv cm::dat nv::nv verb::vv e::cve verb::vv e::pst.ptcp mark::comma
beye buce kini ,	nv::nv verb::vv e::fve.opt mark::comma
men i ula i ba ,	pn::1pl.excl cm::gen nv::nv cm::gen nv::nv mark::comma
warka i hesihe ,	nn::prpn.plc cm::gen nn::prpn.plc mark::comma
hai_si isu_ho_wei i du_jy_hūi_ciyanši olojung ni jui cunglu ,	nn::prpn nn::prpn cm::gen nv::nv nn::prpn.person cm::gen nv::nv nn::prpn.person mark::comma
han duin temen ,	nv::nv nv::nv nv::nv mark::comma
bi urgūdai be ali me gai ∅ ,	pn::1sg nn::prpn.person cm::acc verb::vv e::cve verb::vv e::fve.imperative mark::comma
hūlan de juwan ninggun niru .	nv::nv cm::dat nv::nv nv::nv nv::nv mark::period
pan fori rakū ,	nv::nv verb::vv e::npst.ptcp.neg mark::comma
duici_beile ere hoton de ji hekūbi ,	nn::prpn nv::nv nv::nv cm::dat verb::vv e::fve.prs.prf.neg mark::comma
ubaša ra ukanda ra mujilen akū o fi ,	verb::vv e::npst.ptcp verb::vv e::npst.ptcp nv::nv nv::adj verb::vv e::cve mark::comma
min de jase i orho bila ra ehe mujilen akū ,	pn::1sg cm::dat nv::nv cm::gen nv::nv verb::vv e::npst.ptcp nv::adj nv::nv nv::adj mark::comma
uyun minggan juwe tanggū gūsin jakūn haha .	nv::nv nv::nv nv::nv nv::nv nv::nv nv::nv nv::nv mark::period
bai te he de ,	nv::nv verb::vv e::pst.ptcp cm::dat mark::comma
niyaman o mbi se ci ,	nv::nv verb::vv e::fve.npst verb::vv e::cve mark::comma
gūsin inenggi tebu fi ,	nv::nv nv::nv verb::vv e::cve mark::comma
in i solho han de šusihiye me bithe unggi he seme amba hafan gercile me ala ra jaka de ,	pn::3sg cm::gen nv::nv nv::nv cm::dat verb::vv e::cve nv::nv verb::vv e::pst.ptcp comp nv::adj nv::nv verb::vv e::cve verb::vv e::npst.ptcp nv::nv cm::dat mark::comma
leose taktu ninggu de tebu fi min i hanci uji mbi ,	nv::nv nv::nv nv::nv cm::dat verb::vv e::cve pn::1sg cm::gen nv::adj verb::vv e::fve.npst mark::comma
meni meni tokso te fi tari ha jeku orho ,	nv::nv nv::nv nv::nv verb::vv e::cve verb::vv e::pst.ptcp nv::nv nv::nv mark::comma
tuwana ci holto hobi ,	verb::vv e::cve verb::vv e::fve.prs.prf mark::comma
beile se be ulin bu he seme ,	nv::nv nv::nv cm::acc nv::nv verb::vv e::pst.ptcp comp mark::comma
in i emu eme de banji ha juse gai kini seme hendu he .	pn::3sg cm::gen nv::nv nv::nv cm::dat verb::vv e::pst.ptcp nv::nv verb::vv e::fve.opt comp verb::vv e::pst.ptcp mark::period
jeng_giyang ,	nn::prpn mark::comma
tere ci amin_taiji ,	nv::nv cm::abl nn::prpn mark::comma
hūlha de hūlhabu re ,	nv::nv cm::dat verb::vv e::npst.ptcp mark::comma
gūlha fomoci jibsi hai emte juru ,	nv::nv nv::nv verb::vv e::cve nv::nv nv::nv mark::comma
gori_hiya ,	nn::prpn mark::comma
han i gosi me uji re de ,	nv::nv cm::gen verb::vv e::cve verb::vv e::npst.ptcp cm::dat mark::comma
solho i jide re jugūn tang_šan de juwan niyalma be tucibu fi jugūn tuwakiyabu ∅ ,	nv::nv cm::gen verb::vv e::npst.ptcp nv::nv nn::prpn cm::dat nv::nv nv::nv cm::acc verb::vv e::cve nv::nv verb::vv e::fve.imperative mark::comma
jase tuci ke nikan be ucara ha ucara ha ba de susai funce me wa habi ,	nv::nv verb::vv e::pst.ptcp nv::nv cm::acc verb::vv e::pst.ptcp verb::vv e::pst.ptcp nv::nv cm::dat nv::nv verb::vv e::cve verb::vv e::fve.prs.prf mark::comma
gūsin niyalma alin ci wasi fi ,	nv::nv nv::nv nv::nv cm::abl verb::vv e::cve mark::comma
min i jui komso gene fi ,	pn::1sg cm::gen nv::nv nv::adj verb::vv e::cve mark::comma
hai_si looli_ho_wei i du_jy_hūi jui sansang ,	nn::prpn nn::prpn cm::gen nv::nv nv::nv nn::prpn.person mark::comma
duici jergi uksin etu rakū beri jafa ra ngge honci ,	nv::nv nv::nv nv::nv verb::vv e::npst.ptcp.neg nv::nv verb::vv e::npst.ptcp nmlz::nmlz nn::prpn.person mark::comma
baibi ekisaka banji re de ,	nv::nv nv::adj verb::vv e::npst.ptcp cm::dat mark::comma
totani ,	nn::prpn.person mark::comma
afabu ha weile be mute mbi ,	verb::vv e::pst.ptcp nv::nv cm::acc verb::vv e::fve.npst mark::comma
juwe ihan ,	nv::nv nv::nv mark::comma
tere be enen hūncihin be suntebu me wa rakū ,	nv::nv cm::acc nv::nv nv::nv cm::acc verb::vv e::cve verb::vv e::npst.ptcp.neg mark::comma
abka i acabu ha be gūni me ,	nv::nv cm::gen verb::vv e::pst.ptcp cm::acc verb::vv e::cve mark::comma
boihoci_ecike i arai ,	nn::prpn cm::gen nn::prpn.person mark::comma
muke be gene ∅ ,	nv::nv cm::acc verb::vv e::fve.imperative mark::comma
niyalma gūsin funce me wa fi ,	nv::nv nv::nv verb::vv e::cve verb::vv e::cve mark::comma
eihen ,	nv::nv mark::comma
orin boo de juwe ihan juwe eihen bi ,	nv::nv nv::nv cm::dat nv::nv nv::nv nv::nv nv::nv verb::vv.npst mark::comma
dobori o fi sarkū seme alanji ha ,	nv::nv verb::vv e::cve nv::nv comp verb::vv e::pst.ptcp mark::comma
dabsun bu ci isi rakū o fi ,	nv::nv verb::vv e::cve verb::vv e::npst.ptcp.neg verb::vv e::cve mark::comma
bi ,	verb::vv.npst mark::comma
doro ajigen o mbi kai ,	nv::nv nv::adj verb::vv e::fve.npst ptcl mark::comma
dzung_bing_guwan ,	nv::nv mark::comma
beile se amban sa ,	nv::nv nv::nv nv::nv nv::nv mark::comma
dzung_bing_guwan fakca hakū seme wesihun han de ala ∅ ,	nv::nv verb::vv e::pst.ptcp.neg comp nv::nv nv::nv cm::dat verb::vv e::fve.imperative mark::comma
acuhiyan holo haldaba gisun tuci rakū ,	nv::adj nv::nv nv::adj nv::nv verb::vv e::npst.ptcp.neg mark::comma
orin uksin niyalma de juwe wan arabu fi hecen de afabu ∅ ,	nv::nv nv::nv nv::nv cm::dat nv::nv nv::nv verb::vv e::cve nv::nv cm::dat verb::vv e::fve.imperative mark::comma
ajige_age ,	nn::prpn mark::comma
muhaliyan dzung_bing_guwan be ,	nv::nv nv::nv cm::acc mark::comma
haisangga ,	nn::prpn.person mark::comma
beile se i morin hori re heren ara ra moo sa ci seme hūla fi ,	nv::nv nv::nv cm::gen nv::nv verb::vv e::npst.ptcp nv::nv verb::vv e::npst.ptcp nv::nv verb::vv e::cve comp verb::vv e::cve mark::comma
bonio aniya ,	nv::nv nv::nv mark::comma
uda ha seme gana ha de weile ,	verb::vv e::pst.ptcp comp verb::vv e::pst.ptcp cm::dat nv::nv mark::comma
genggiyen_han de abka aisila me ,	nn::prpn cm::dat nv::nv verb::vv e::cve mark::comma
ama i gung ,	nv::nv cm::gen nv::nv mark::comma
gida ,	nv::nv mark::comma
gene he amban sa tuwa me boigon i niyalma de elheken i bu ∅ ,	verb::vv e::pst.ptcp nv::nv nv::nv verb::vv e::cve nv::nv cm::gen nv::nv cm::dat nv::adj cm::gen verb::vv e::fve.imperative mark::comma
jai baindari ,	nv::nv nn::prpn.person mark::comma
○ tobohoi be ,	mark::circle nn::prpn.person cm::acc mark::comma
juwe ba de afa ha seme nadan yan i weile waliya mbi ,	nv::nv nv::nv cm::dat verb::vv e::pst.ptcp comp nv::nv nv::nv cm::gen nv::nv verb::vv e::fve.npst mark::comma
kiolan ,	nn::prpn.person mark::comma
yehe i juwe hoton i amban ajigen beile se be gemu uji fi ,	nv::nv cm::gen nv::nv nv::nv cm::gen nv::nv nv::adj nv::nv nv::nv cm::acc nv::nv verb::vv e::cve mark::comma
juwe haha ,	nv::nv nv::nv mark::comma
ice_nakada ,	nn::prpn mark::comma
in i jeku fete me gai me dosi ka de ,	pn::3sg cm::gen nv::nv verb::vv e::cve verb::vv e::cve verb::vv e::pst.ptcp cm::dat mark::comma
enggeder_efu i deo monggol_taiji ,	nn::prpn cm::gen nv::nv nn::prpn mark::comma
tana ,	nv::nv mark::comma
be akda habi ,	pn::1pl.excl verb::vv e::fve.prs.prf mark::comma
hacin hacin i amba asihan hergen bu hebi ,	nv::nv nv::nv cm::gen nv::adj nv::adj nv::nv verb::vv e::fve.prs.prf mark::comma
han fonji me ,	nv::nv verb::vv e::cve mark::comma
jai jergi gūsa i ejen borjin_hiya ,	nv::nv nv::nv nv::nv cm::gen nv::nv nn::prpn mark::comma
tucibu me benji rakū ,	verb::vv e::cve verb::vv e::npst.ptcp.neg mark::comma
emu jergi buce re weile be guwebu mbi .	nv::nv nv::nv verb::vv e::npst.ptcp nv::nv cm::acc verb::vv e::fve.npst mark::period
sunja niru i ejen ,	nv::nv nv::nv cm::gen nv::nv mark::comma
bangsu ,	nn::prpn.person mark::comma
fulgiyan bayara i cooha afa me dosi ci ,	nv::nv nv::nv cm::gen nv::nv verb::vv e::cve verb::vv e::cve mark::comma
cen i ilan nofi dende me gai habi ,	pn::3pl cm::gen nv::nv nv::nv verb::vv e::cve verb::vv e::fve.prs.prf mark::comma
dungga ,	nv::nv mark::comma
tumei ,	nn::prpn.person mark::comma
cooha i niyalma mujilen ehe o mbi kai .	nv::nv cm::gen nv::nv nv::nv nv::adj verb::vv e::fve.npst ptcl mark::period
han gosi me wa ra beye be uji he ,	nv::nv verb::vv e::cve verb::vv e::npst.ptcp nv::nv cm::acc verb::vv e::pst.ptcp mark::comma
men i juwe nofi waka uru be ,	pn::1pl.excl cm::gen nv::nv nv::nv nv::adj nv::nv cm::acc mark::comma
ilaci jergi dzung_bing_guwan de emte temen bu he ,	nv::nv nv::nv nv::nv cm::dat nv::nv nv::nv verb::vv e::pst.ptcp mark::comma
baise casi gene re de ,	nv::nv nv::nv verb::vv e::npst.ptcp cm::dat mark::comma
afabu ha weile be mute mbi ,	verb::vv e::pst.ptcp nv::nv cm::acc verb::vv e::fve.npst mark::comma
ehe be ehe seme han de ala mbi ,	nv::adj cm::acc nv::adj comp nv::nv cm::dat verb::vv e::fve.npst mark::comma
juwe biya de yehe be sucu fi ,	nv::nv nv::nv cm::dat nv::nv cm::acc verb::vv e::cve mark::comma
ji he gung de sain uji mbi kai ,	verb::vv e::pst.ptcp nv::nv cm::dat nv::adj verb::vv e::fve.npst ptcl mark::comma
menggun gaija rakū aisin bu re niyalma i aisin be ume gaija ra .	nv::nv verb::vv e::npst.ptcp.neg nv::nv verb::vv e::npst.ptcp nv::nv cm::gen nv::nv cm::acc nv::nv verb::vv e::npst.ptcp mark::period
ilhi ilhi ji fi tebeliye he ,	nv::nv nv::nv verb::vv e::cve verb::vv e::pst.ptcp mark::comma
○ orin juwe de ,	mark::circle nv::nv nv::nv cm::dat mark::comma
emu ba de jete re jaka unca ra puseli tucibu re ,	nv::nv nv::nv cm::dat verb::vv e::npst.ptcp nv::nv verb::vv e::npst.ptcp nv::nv verb::vv e::npst.ptcp mark::comma
baha ha olji be gemu geren de acabu me bene ki ,	verb::vv e::pst.ptcp nv::nv cm::acc nv::nv nv::adj cm::dat verb::vv e::cve verb::vv e::fve.opt mark::comma
cooha gene he beile se amban sa cooha i niyalma be aca fi ,	nv::nv verb::vv e::pst.ptcp nv::nv nv::nv nv::nv nv::nv nv::nv cm::gen nv::nv cm::acc verb::vv e::cve mark::comma
urat i hajagai gai ha ,	nn::prpn.plc cm::gen nn::prpn.person verb::vv e::pst.ptcp mark::comma
geren beile se i baru hendu me ,	nv::adj nv::nv nv::nv cm::gen nv::nv verb::vv e::cve mark::comma
ejen akū jeku be baica fi ,	nv::nv nv::adj nv::nv cm::acc verb::vv e::cve mark::comma
emhun beide rakū ,	nv::nv verb::vv e::npst.ptcp.neg mark::comma
yehe i subahai ,	nv::nv cm::gen nn::prpn.person mark::comma
beiguwan bobotu ,	nv::nv nn::prpn.person mark::comma
mocin emken de juwe yan ,	nv::nv nv::nv cm::dat nv::nv nv::nv mark::comma
eihen nadan tanggū gūsin emu ,	nv::nv nv::nv nv::nv nv::nv nv::nv mark::comma
juwenggeri gida ci ,	nv::nv verb::vv e::cve mark::comma
uksin etu rakū beri jafa ra ngge ajigen_tasigun ,	nv::nv verb::vv e::npst.ptcp.neg nv::nv verb::vv e::npst.ptcp nmlz::nmlz nn::prpn mark::comma
hecen de te kini ,	nv::nv cm::dat verb::vv e::fve.opt mark::comma
muse i guribu he gurun ,	nv::nv cm::gen verb::vv e::pst.ptcp nv::nv mark::comma
jakūn gūsa i jakūn iogi ,	nv::nv nv::nv cm::gen nv::nv nv::nv mark::comma
usin be kice me weile fi jeku banji ha sain kai ,	nv::nv cm::acc verb::vv e::cve verb::vv e::cve nv::nv verb::vv e::pst.ptcp nv::adj ptcl mark::comma
han ,	nv::nv mark::comma
emu ciyandzung ,	nv::nv nv::nv mark::comma
šang faita ra be faita ha ,	nv::nv verb::vv e::npst.ptcp cm::acc verb::vv e::pst.ptcp mark::comma
da ci min i banji re waka be sa fi hendu ci ,	nv::nv cm::abl pn::1sg cm::gen verb::vv e::npst.ptcp nv::adj cm::acc verb::vv e::cve verb::vv e::cve mark::comma
g'ao ,	nn::prpn.person mark::comma
jakūn hošonggo yamun de isa fi weile beide mbihe ,	nv::nv nv::adj nv::nv cm::dat verb::vv e::cve nv::nv verb::vv e::fve.pst.ipfv mark::comma
dain doro de olhoba serebe niyalma ci dele ai bi seme tacibu me hendu fi ,	nv::nv nv::nv cm::dat nv::adj nv::adj nv::nv cm::abl nv::nv nv::nv verb::vv.npst comp verb::vv e::cve verb::vv e::cve mark::comma
han ,	nv::nv mark::comma
tere morin be yalu ha ejen tooda kini ,	nv::nv nv::nv cm::acc verb::vv e::pst.ptcp nv::nv verb::vv e::fve.opt mark::comma
wan_lii i sunjaci aniya jorgon biya i ice sunja de baha ha ,	nn::prpn cm::gen nv::nv nv::nv nv::nv nv::nv cm::gen nv::adj nv::nv cm::dat verb::vv e::pst.ptcp mark::comma
gurun amba cooha geren seme dain ara fi ,	nv::nv nv::adj nv::nv nv::adj comp nv::nv verb::vv e::cve mark::comma
ama han de banji ha juwe juse ,	nv::nv nv::nv cm::dat verb::vv e::pst.ptcp nv::nv nv::nv mark::comma
tungken ,	nv::nv mark::comma
emu niru i emte šanggiyan bayara be gai fi ,	nv::nv nv::nv cm::gen nv::nv nv::nv nv::nv cm::acc verb::vv e::cve mark::comma
○ ice ilan de hing_šan ci jura fi ,	mark::circle nv::adj nv::nv cm::dat nn::prpn cm::abl verb::vv e::cve mark::comma
juwan nadan de isinji ha .	nv::nv nv::nv cm::dat verb::vv e::pst.ptcp mark::period
○ doksoho be ,	mark::circle nn::prpn.person cm::acc mark::comma
bohori emu to benji he ,	nv::nv nv::nv nv::nv verb::vv e::pst.ptcp mark::comma
fio_hoton i ba be waliya fi bai me ji he gung ,	nn::prpn cm::gen nv::nv cm::acc verb::vv e::cve verb::vv e::cve verb::vv e::pst.ptcp nv::nv mark::comma
weijeng ni jui buyandai ,	nn::prpn.person cm::gen nv::nv nn::prpn.person mark::comma
tai de poo sinda rakū ,	nv::nv cm::dat nv::nv verb::vv e::npst.ptcp.neg mark::comma
ahamu ,	nn::prpn.person mark::comma
hasaha jafa fi boo de te he hehe niyalma ,	nv::nv verb::vv e::cve nv::nv cm::dat verb::vv e::pst.ptcp nv::nv nv::nv mark::comma
fejergi niyalma de ulin gaija rakū ,	nv::nv nv::nv cm::dat nv::nv verb::vv e::npst.ptcp.neg mark::comma
muhu_gioro de sunja niru ,	nn::prpn cm::dat nv::nv nv::nv mark::comma
tung_tsanjiyang de unggi he bithe i gisun ,	nn::prpn cm::dat verb::vv e::pst.ptcp nv::nv cm::gen nv::nv mark::comma
darhan_hiya i cooha ,	nn::prpn cm::gen nv::nv mark::comma
han tuba de sa kini ,	nv::nv nv::nv cm::dat verb::vv e::fve.opt mark::comma
han i bithe ,	nv::nv cm::gen nv::nv mark::comma
beile se amban sa gemu ile ∅ seme ilebu he .	nv::nv nv::nv nv::nv nv::nv nv::nv verb::vv e::fve.imperative comp verb::vv e::pst.ptcp mark::period
fujiyang ci fakca ha de ,	nv::nv cm::abl verb::vv e::pst.ptcp cm::dat mark::comma
○ ice sunja de ,	mark::circle nv::adj nv::nv cm::dat mark::comma
jakūn gūsa i iogi ,	nv::nv nv::nv cm::gen nv::nv mark::comma
kicungge fonji ha .	nn::prpn.person verb::vv e::pst.ptcp mark::period
men i monggo ejete we aika ehe gūnin jafa fi fudara me yabu ci ,	pn::1pl.excl cm::gen nv::nv nv::nv nv::nv nv::nv nv::adj nv::nv verb::vv e::cve verb::vv e::cve verb::vv e::cve mark::comma
beye buce kini ,	nv::nv verb::vv e::fve.opt mark::comma
jaisanggū_age ,	nn::prpn mark::comma
muse i gurun i boo i ahasi uka ka ngge ,	nv::nv cm::gen nv::nv cm::gen nv::nv cm::gen nv::nv verb::vv e::pst.ptcp nmlz::nmlz mark::comma
ilu ergi de ,	nn::prpn.plc nv::nv cm::dat mark::comma
ahūta be si bene rakū bi me ,	nv::nv cm::acc pn::2sg verb::vv e::npst.ptcp.neg verb::vv e::cve mark::comma
fulgiyan boso emu tanggū ,	nv::nv nv::nv nv::nv nv::nv mark::comma
jang gidangga_golo be gemu karma fi gama habi ,	nv::nv nn::prpn cm::acc nv::nv verb::vv e::cve verb::vv e::fve.prs.prf mark::comma
○ orin duin de ,	mark::circle nv::nv nv::nv cm::dat mark::comma
duin biya i ice nadan de amasi isinji ha ,	nv::nv nv::nv cm::gen nv::adj nv::nv cm::dat nv::nv verb::vv e::pst.ptcp mark::comma
○ liyoha bira i cargi ci ,	mark::circle nn::prpn.plc nv::nv cm::gen nv::nv cm::abl mark::comma
tere baita se re ngge ,	nv::nv nv::nv verb::vv e::npst.ptcp nmlz::nmlz mark::comma
suwen i monggo i cooha ,	pn::2pl cm::gen nv::nv cm::gen nv::nv mark::comma
emu jergi buce re weile be guwebu mbi .	nv::nv nv::nv verb::vv e::npst.ptcp nv::nv cm::acc verb::vv e::fve.npst mark::period
ice ilan de elcin isinji ha .	nv::adj nv::nv cm::dat nv::nv verb::vv e::pst.ptcp mark::period
juwe minggan ihan deji gai fi hergen i niyalma de šangna ha ,	nv::nv nv::nv nv::nv nv::nv verb::vv e::cve nv::nv cm::gen nv::nv cm::dat verb::vv e::pst.ptcp mark::comma
uhereme olji emu tumen ilan tanggū gūsin emu ,	nv::nv nv::nv nv::nv nv::nv nv::nv nv::nv nv::nv nv::nv mark::comma
orin juwe niyalma ,	nv::nv nv::nv nv::nv mark::comma
juwe gurun i doro aca fi mujilen elhe o fi ,	nv::nv nv::nv cm::gen nv::nv verb::vv e::cve nv::nv nv::nv verb::vv e::cve mark::comma
geli beye be sula sinda rakū ,	nv::nv nv::nv cm::acc nv::adj verb::vv e::npst.ptcp.neg mark::comma
juwan duici jergi .	nv::nv nv::nv nv::nv mark::period
emu suje i ergume ,	nv::nv nv::nv cm::gen nv::nv mark::comma
orin i dobori jeng_giyang hecen be ka ra jaka de ,	nv::nv cm::gen nv::nv nn::prpn nv::nv cm::acc verb::vv e::npst.ptcp nv::nv cm::dat mark::comma
in i fe šang ni dele nonggi me bu ∅ ,	pn::3sg cm::gen nv::adj nv::nv cm::gen nv::nv verb::vv e::cve verb::vv e::fve.imperative mark::comma
○ ši_fang_sy de ,	mark::circle nn::prpn cm::dat mark::comma
uru o ci ,	nv::nv verb::vv e::cve mark::comma
tuttu tondo i fafula rakū ehe miosihon jurgan i yabu ci ,	nv::nv nv::adj cm::gen verb::vv e::npst.ptcp.neg nv::adj nv::adj nv::nv cm::gen verb::vv e::cve mark::comma
geli hendu me ,	nv::nv verb::vv e::cve mark::comma
gibkada ,	nn::prpn.person mark::comma
○ ginjeo i hafan ,	mark::circle nn::prpn.plc cm::gen nv::nv mark::comma
jai sirdan solbi re šolo de emu mujilen baha me ,	nv::nv nv::nv verb::vv e::npst.ptcp nv::adj cm::dat nv::nv nv::nv verb::vv e::cve mark::comma
enggeder_efu i aitai ,	nn::prpn cm::gen nn::prpn.person mark::comma
elcin yabu rakū o ki seme gisure fi ,	nv::nv verb::vv e::npst.ptcp.neg verb::vv e::fve.opt comp verb::vv e::cve mark::comma
fakca rakū ci ,	verb::vv e::npst.ptcp.neg e::cve mark::comma
guwangning ni du_tang takūra fi isinji ha ,	nn::prpn.plc cm::gen nv::nv verb::vv e::cve verb::vv e::pst.ptcp mark::comma
hai_si ši_fo_wei i du_jy_hūi_ciyanši ugesang ni jui santan ,	nn::prpn nn::prpn.plc cm::gen nv::nv nn::prpn.person cm::gen nv::nv nn::prpn.person mark::comma
niru juwan da ,	nv::nv nv::nv nv::nv mark::comma
giya_jing ni juwe de baha ha ,	nn::prpn cm::gen nv::nv cm::dat verb::vv e::pst.ptcp mark::comma
suwen i jakūn wang sinda ha gurun i ejen i jaka de isa ci ,	pn::2pl cm::gen nv::nv nv::nv verb::vv e::pst.ptcp nv::nv cm::gen nv::nv cm::gen nv::nv cm::dat verb::vv e::cve mark::comma
yada ra jobo ro niyalma ambula bi dere seme gūni me seole me dedu fi ,	verb::vv e::npst.ptcp verb::vv e::npst.ptcp nv::nv nv::nv verb::vv.npst ptcl comp verb::vv e::cve verb::vv e::cve verb::vv e::cve mark::comma
fung_ji_pu de cooha gene re de fakca fi ,	nn::prpn cm::dat nv::nv verb::vv e::npst.ptcp cm::dat verb::vv e::cve mark::comma
ere senggi gese senggi tuci me ,	nv::nv nv::nv nv::nv nv::nv verb::vv e::cve mark::comma
cilin i harangga tesu niyalma be ,	nv::nv cm::gen nv::nv nv::nv nv::nv cm::acc mark::comma
abka muse i gurun be jirgabu kini seme banjibu habi dere ,	nv::nv nv::nv cm::gen nv::nv cm::acc verb::vv e::fve.opt comp verb::vv e::fve.prs.prf ptcl mark::comma
niyalma ambula buce he ,	nv::nv nv::nv verb::vv e::pst.ptcp mark::comma
tere i onggolo beile se ,	nv::nv cm::gen nv::nv nv::nv nv::nv mark::comma
○ orin sunja de ,	mark::circle nv::nv nv::nv cm::dat mark::comma
tumburu niru i aldai ,	nn::prpn.person nv::nv cm::gen nn::prpn.person mark::comma
hūwa_boo_cung ,	nn::prpn mark::comma
nadan yan i weile waliya mbi ,	nv::nv nv::nv cm::gen nv::nv verb::vv e::fve.npst mark::comma
tsanjiyang si kemuni hai_jeo de bedere fi sin i yamun de te ,	nv::nv pn::2sg nv::nv nn::prpn cm::dat verb::vv e::cve pn::2sg cm::gen nv::nv cm::dat nv::nv mark::comma
monggo i urut beile se i gashū ha gisun ,	nv::nv cm::gen nn::prpn.plc nv::nv nv::nv cm::gen verb::vv e::pst.ptcp nv::nv mark::comma
cooha i niyalma amasi gene fi ,	nv::nv cm::gen nv::nv nv::nv verb::vv e::cve mark::comma
morin ihan hūwaita ra niyalma be sa ha de ,	nv::nv nv::nv verb::vv e::npst.ptcp nv::nv cm::acc verb::vv e::pst.ptcp cm::dat mark::comma
balai dosi re dain waka seme hendu fi ,	nv::nv verb::vv e::npst.ptcp nv::nv nv::adj comp verb::vv e::cve mark::comma
○ ice duin de ,	mark::circle nv::adj nv::nv cm::dat mark::comma
beye buce kini ,	nv::nv verb::vv e::fve.opt mark::comma
geren beile se amban sa suwe min be tafula ci aca mbi kai ,	nv::adj nv::nv nv::nv nv::nv nv::nv pn::2pl pn::1sg cm::acc verb::vv e::cve verb::vv e::fve.npst ptcl mark::comma
muse be cen de gene mbi seme olho me ,	pn::1pl.incl cm::acc pn::3pl cm::dat verb::vv e::fve.npst comp verb::vv e::cve mark::comma
tere ci bedere me ji fi boo i yamun de te fi ,	nv::nv cm::abl verb::vv e::cve verb::vv e::cve nv::nv cm::gen nv::nv cm::dat verb::vv e::cve mark::comma
kadala me fafula me dain i jurgan be bi mute mbi ,	verb::vv e::cve verb::vv e::cve nv::nv cm::gen nv::nv cm::acc pn::1sg verb::vv e::fve.npst mark::comma
gemu juse omosi jalan hala me alban de ume dabu re ,	nv::nv nv::nv nv::nv nv::nv verb::vv e::cve nv::nv cm::dat nv::nv verb::vv e::npst.ptcp mark::comma
bandi ,	nv::nv mark::comma
mederi ebergi dalin de gene fi ,	nv::nv nv::nv nv::nv cm::dat verb::vv e::cve mark::comma
fung_hūwang ,	nn::prpn mark::comma
sain akdun niyalma be tucibu fi ,	nv::adj nv::adj nv::nv cm::acc verb::vv e::cve mark::comma
darhan_baturu_beile i beye ji he manggi ,	nn::prpn cm::gen nv::nv verb::vv e::pst.ptcp nv::nv mark::comma
daha rakū ci ,	verb::vv e::npst.ptcp.neg e::cve mark::comma
cahara ,	nv::nv mark::comma
ere sargan jui jušen gurun be gemu oforo acabu me dain dekdebu me waji fi ,	nv::nv nv::nv nv::nv nv::nv nv::nv cm::acc nv::nv nv::nv verb::vv e::cve nv::nv verb::vv e::cve verb::vv e::cve mark::comma
haha wabu fi hehe funce fi yabu re nikan de ,	nv::nv verb::vv e::cve nv::nv verb::vv e::cve verb::vv e::npst.ptcp nv::nv cm::dat mark::comma
emu niru i dehite gūsita niyalma be ,	nv::nv nv::nv cm::gen nv::nv nv::nv nv::nv cm::acc mark::comma
sin i te he hoton de bedere fi ,	pn::2sg cm::gen verb::vv e::pst.ptcp nv::nv cm::dat verb::vv e::cve mark::comma
○ kanggūri ,	mark::circle nn::prpn.person mark::comma
○ orin duin de ,	mark::circle nv::nv nv::nv cm::dat mark::comma
ilan beile korso fi ,	nv::nv nv::nv verb::vv e::cve mark::comma
elu emu fengse uji fi ,	nv::nv nv::nv nv::nv verb::vv e::cve mark::comma
( lama ,	mark::lparen nv::nv mark::comma
amala weile tuci ci gung o kini ,	nv::nv nv::nv verb::vv e::cve nv::nv verb::vv e::fve.opt mark::comma
tusitu ,	nn::prpn.person mark::comma
cecebu ,	nn::prpn.person mark::comma
wei mujilen beye i weile be ,	nv::nv nv::nv nv::nv cm::gen nv::nv cm::acc mark::comma
in i somi ha loho ,	pn::3sg cm::gen verb::vv e::pst.ptcp nv::nv mark::comma
tere beile se ojo rakū gene he jalin de ,	nv::nv nv::nv nv::nv verb::vv e::npst.ptcp.neg verb::vv e::pst.ptcp nv::nv cm::dat mark::comma
juwe jui gaji me uka me ji he .	nv::nv nv::nv verb::vv e::cve verb::vv e::cve verb::vv e::pst.ptcp mark::period
jete re jeku ,	verb::vv e::npst.ptcp nv::nv mark::comma
men i beile gashū me gene he ba de geren i juleri niyalma ,	pn::1pl.excl cm::gen nv::nv verb::vv e::cve verb::vv e::pst.ptcp nv::nv cm::dat nv::adj cm::gen nv::nv nv::nv mark::comma
poo emgeri hono sinda hakū .	nv::nv nv::nv nv::nv verb::vv e::pst.ptcp.neg mark::period
daha me buce mbi seme gisure he ilan niyalma golo fi hendu me ,	verb::vv e::cve verb::vv e::fve.npst comp verb::vv e::pst.ptcp nv::nv nv::nv verb::vv e::cve verb::vv e::cve mark::comma
bagadarhan juwe nofi ,	nn::prpn.person nv::nv nv::nv mark::comma
losa ,	nv::nv mark::comma
ihan duin tanggū dehi ,	nv::nv nv::nv nv::nv nv::nv mark::comma
yung_diyan ,	nn::prpn mark::comma
bahana rakū ci tacibu ∅ .	verb::vv e::npst.ptcp.neg e::cve verb::vv e::fve.imperative mark::period
ihan_alin de emu feye baha ha seme ,	nn::prpn cm::dat nv::nv nv::nv verb::vv e::pst.ptcp comp mark::comma
han ,	nv::nv mark::comma
wan_lii i orin nadaci aniya juwe biya i ice uyun de baha ha ,	nn::prpn cm::gen nv::nv nv::nv nv::nv nv::nv nv::nv cm::gen nv::adj nv::nv cm::dat verb::vv e::pst.ptcp mark::comma
andala waliya fi gene fi ,	nv::nv verb::vv e::cve verb::vv e::cve mark::comma
ginjeo ,	nn::prpn.plc mark::comma
sure_kundulen_han sarkū bi he ,	nn::prpn nv::nv verb::vv e::pst.ptcp mark::comma
giya_jing ni gūsin juwe ci aniya duin biya i gūsin de baha ha .	nn::prpn cm::gen nv::nv verb::vv e::cve nv::nv nv::nv nv::nv cm::gen nv::nv cm::dat verb::vv e::pst.ptcp mark::period
uksin saca ambula bu fi unggi he .	nv::nv nv::nv nv::nv verb::vv e::cve verb::vv e::pst.ptcp mark::period
hecen i niyalma ,	nv::nv cm::gen nv::nv mark::comma
moro fila susaita .	nv::nv nv::nv nv::nv mark::period
nimaha bai re jang_dase angga i habša me ,	nv::nv verb::vv e::npst.ptcp nn::prpn nv::nv cm::gen verb::vv e::cve mark::comma
gai fi sure_kundulen_han i juwe jui be boo ci tucibu fi ,	verb::vv e::cve nn::prpn cm::gen nv::nv nv::nv cm::acc nv::nv cm::abl verb::vv e::cve mark::comma
○ amba_beile ,	mark::circle nn::prpn mark::comma
○ tangkoltai ,	mark::circle nn::prpn.person mark::comma
ihan be gemu baica fi unggi ∅ ,	nv::nv cm::acc nv::nv verb::vv e::cve verb::vv e::fve.imperative mark::comma
doro be efule me facuhūn banji ci ,	nv::nv cm::acc verb::vv e::cve nv::adj verb::vv e::cve mark::comma
emu ubu be geren cooha i niyalma yali uda fi je kini ,	nv::nv nv::nv cm::acc nv::adj nv::nv cm::gen nv::nv nv::nv verb::vv e::cve verb::vv e::fve.opt mark::comma
wan_lii i sunjaci aniya jorgon biya i ice sunja de baha ha ,	nn::prpn cm::gen nv::nv nv::nv nv::nv nv::nv cm::gen nv::adj nv::nv cm::dat verb::vv e::pst.ptcp mark::comma
daya akū bi ci baha rakū bi he ,	nn::prpn.person nv::adj verb::vv e::cve verb::vv e::npst.ptcp.neg verb::vv e::pst.ptcp mark::comma
duin honin wa me okdo fi sarin sarila fi ,	nv::nv nv::nv verb::vv e::cve verb::vv e::cve nv::nv verb::vv e::cve mark::comma
han hendu me ,	nv::nv verb::vv e::cve mark::comma
liyoodung ni hecen be gaija ra de ,	nn::prpn.plc cm::gen nv::nv cm::acc verb::vv e::npst.ptcp cm::dat mark::comma
honin erin de hecen de dosi ka ,	nv::nv nv::nv cm::dat nv::nv cm::dat verb::vv e::pst.ptcp mark::comma
korcin i kitat_taiji ,	nn::prpn.plc cm::gen nn::prpn mark::comma
babai_efu i sargan gege fasi re jaka de ,	nn::prpn cm::gen nv::nv nv::nv verb::vv e::npst.ptcp nv::nv cm::dat mark::comma
bata kimun seme gida rakū ,	nv::nv nv::nv comp verb::vv e::npst.ptcp.neg mark::comma
tuba ci daha me ji he niyalma be ,	nv::nv cm::abl verb::vv e::cve verb::vv e::pst.ptcp nv::nv cm::acc mark::comma
suwe bithe ara fi uba de unggi ∅ ,	pn::2pl nv::nv verb::vv e::cve nv::nv cm::dat verb::vv e::fve.imperative mark::comma
ejen akū niyalma i ulin benji he sain seme ,	nv::nv nv::adj nv::nv cm::gen nv::nv verb::vv e::pst.ptcp nv::adj comp mark::comma
sin be boljohon de ji hekū seme usha me gai hakū ngge waka ,	pn::2sg cm::acc nv::nv cm::dat verb::vv e::pst.ptcp.neg comp verb::vv e::cve verb::vv e::pst.ptcp.neg nmlz::nmlz nv::adj mark::comma
tere jalin de ,	nv::nv nv::nv cm::dat mark::comma
abka gosi fi wesibu he ngge ,	nv::nv verb::vv e::cve verb::vv e::pst.ptcp nmlz::nmlz mark::comma
gurun i jalin de jobo rakū ,	nv::nv cm::gen nv::nv cm::dat verb::vv e::npst.ptcp.neg mark::comma
wesibu fi tsanjiyang obu ha ,	verb::vv e::cve nv::nv verb::vv e::pst.ptcp mark::comma
aiha i šeobei ,	nv::nv cm::gen nv::nv mark::comma
○ jeku juwe me gene re ilan minggan ilan tanggū ninju sejen de ,	mark::circle nv::nv verb::vv e::cve verb::vv e::npst.ptcp nv::nv nv::nv nv::nv nv::nv nv::nv nv::nv cm::dat mark::comma
jecen i ba de te he niyalma ume dulbada ra ,	nv::nv cm::gen nv::nv cm::dat verb::vv e::pst.ptcp nv::nv nv::nv verb::vv e::npst.ptcp mark::comma
abka fulgiyan niowanggiyan šanggiyan siren ,	nv::nv nv::nv nv::adj nv::nv nv::nv mark::comma
ilaci jergi iogi obu ha .	nv::nv nv::nv nv::nv verb::vv e::pst.ptcp mark::period
uttu yasa tuwa hai bošo me gama ha ukanju be amasi bu rakū ci ,	nv::nv nv::nv verb::vv e::cve verb::vv e::cve verb::vv e::pst.ptcp nv::nv cm::acc nv::nv verb::vv e::npst.ptcp.neg e::cve mark::comma
wa hakū niyalma de sui isi kini seme gisure he gisun be ,	verb::vv e::pst.ptcp.neg nv::nv cm::dat nv::nv verb::vv e::fve.opt comp verb::vv e::pst.ptcp nv::nv cm::acc mark::comma
fung_hūwang ,	nn::prpn mark::comma
hūlha holo akū ,	nv::nv nv::nv nv::adj mark::comma
beye i sui de wasi kini ,	nv::nv cm::gen nv::nv cm::dat verb::vv e::fve.opt mark::comma
sunja amban ,	nv::nv nv::nv mark::comma
suwen i monggo gurun gisure he sain doro be efule me ainu uttu yabu mbi ,	pn::2pl cm::gen nv::nv nv::nv verb::vv e::pst.ptcp nv::adj nv::nv cm::acc verb::vv e::cve nv::nv nv::nv verb::vv e::fve.npst mark::comma
tese be yaka ehe se mbi o ,	nv::nv cm::acc nv::nv nv::adj verb::vv e::fve.npst ptcl mark::comma
se jalgan golmin ,	nv::nv nv::nv nv::adj mark::comma
emte tanggū ninjuta mocin ,	nv::nv nv::nv nv::nv nv::nv mark::comma
gahai beiguwan i hergen be efule he ,	nn::prpn.person nv::nv cm::gen nv::nv cm::acc verb::vv e::pst.ptcp mark::comma
monggo jafa me hadu ∅ ,	nv::nv verb::vv e::cve verb::vv e::fve.imperative mark::comma
ajilai ,	nn::prpn.person mark::comma
tere be donji fi ,	nv::nv cm::acc verb::vv e::cve mark::comma
lan_ho_bira i dalin de cooha ing ili fi hendu me ,	nn::prpn cm::gen nv::nv cm::dat nv::nv nv::nv verb::vv e::cve verb::vv e::cve mark::comma
dahio be juse omosi jalan de isi tala alban de ume dabu re ,	nn::prpn.person cm::acc nv::nv nv::nv nv::nv cm::dat verb::vv e::cve nv::nv cm::dat nv::nv verb::vv e::npst.ptcp mark::comma
amga ra ngge waka ,	verb::vv e::npst.ptcp nmlz::nmlz nv::adj mark::comma
cooha i juwe dalba de siren tuci fi ,	nv::nv cm::gen nv::nv nv::nv cm::dat nv::nv verb::vv e::cve mark::comma
kalka be dulembu rahū ,	nv::nv cm::acc verb::vv e::fve.prv mark::comma
asihan asihan i tatan be teisu teisu suwele ∅ seme hendu he manggi ,	nv::adj nv::adj cm::gen nv::nv cm::acc nv::nv nv::nv verb::vv e::fve.imperative comp verb::vv e::pst.ptcp nv::nv mark::comma
balju ,	nn::prpn.person mark::comma
gulu lamun i eksingge ,	nv::adj nv::adj cm::gen nn::prpn.person mark::comma
fejile na bi ,	nv::nv nv::nv verb::vv.npst mark::comma
sunjaci jergi ,	nv::nv nv::nv mark::comma
gūwa be gemu burula ha seme gisure fi ,	nv::nv cm::acc nv::nv verb::vv e::pst.ptcp comp verb::vv e::cve mark::comma
in i ama eme i gebu be ala me ,	pn::3sg cm::gen nv::nv nv::nv cm::gen nv::nv cm::acc verb::vv e::cve mark::comma
gurun donji kini seme sin be doro jafabu ha kai ,	nv::nv verb::vv e::fve.opt comp pn::2sg cm::acc nv::nv verb::vv e::pst.ptcp ptcl mark::comma
hoifa i hoton tuwakiya me te he genggiyen_han i susai haha be wa ha ,	nn::prpn.plc cm::gen nv::nv verb::vv e::cve verb::vv e::pst.ptcp nn::prpn cm::gen nv::nv nv::nv cm::acc verb::vv e::pst.ptcp mark::comma
elcin ji he ilan niyalma de ,	nv::nv verb::vv e::pst.ptcp nv::nv nv::nv cm::dat mark::comma
tuttu tondo i fafula rakū ehe miosihon jurgan i banji ci ,	nv::nv nv::adj cm::gen verb::vv e::npst.ptcp.neg nv::adj nv::adj nv::nv cm::gen verb::vv e::cve mark::comma
tsanjiyang ni hergen be wasibu fi iogi obu me beide he bi he ,	nv::nv cm::gen nv::nv cm::acc verb::vv e::cve nv::nv verb::vv e::cve verb::vv e::pst.ptcp verb::vv e::pst.ptcp mark::comma
yungšun ,	nn::prpn.person mark::comma
alha ,	nv::adj mark::comma
juleri nikan ye_bu_šeo i emgi emu jušen be sinda fi ,	nv::nv nv::nv nv::nv cm::gen nv::nv nv::nv nv::nv cm::acc verb::vv e::cve mark::comma
te bi cibe ,	nv::nv verb::vv e::cve mark::comma
ilaci jergi iogi obu ha ,	nv::nv nv::nv nv::nv verb::vv e::pst.ptcp mark::comma
tari me tesu rakū ci ,	verb::vv e::cve verb::vv e::npst.ptcp.neg e::cve mark::comma
○ beiguwan han i pai be gai fi min i kadala ra emu niru i cooha be iogi tsanjiyang ci fakca rakū ,	mark::circle nv::nv nv::nv cm::gen nv::nv cm::acc verb::vv e::cve pn::1sg cm::gen verb::vv e::npst.ptcp nv::nv nv::nv cm::gen nv::nv cm::acc nv::nv nv::nv cm::abl verb::vv e::npst.ptcp.neg mark::comma
tuttu doigon de niyalma takūra fi jeku be eye ci tucibu rakū ,	nv::nv nv::nv cm::dat nv::nv verb::vv e::cve nv::nv cm::acc nv::nv cm::abl verb::vv e::npst.ptcp.neg mark::comma
han saiša ha .	nv::nv verb::vv e::pst.ptcp mark::period
cooha gene he monggo i beile se dzung_bing_guwan manggol_efu ,	nv::nv verb::vv e::pst.ptcp nv::nv cm::gen nv::nv nv::nv nv::nv nn::prpn mark::comma
haha hehe i etu re gecuheri etuku uyun ,	nv::nv nv::nv cm::gen verb::vv e::npst.ptcp nv::nv nv::nv nv::nv mark::comma
jura fi gene re de ,	verb::vv e::cve verb::vv e::npst.ptcp cm::dat mark::comma
jai laha i giran i jaka de geli gene fi ,	nv::nv nv::nv cm::gen nv::nv cm::gen nv::nv cm::dat nv::nv verb::vv e::cve mark::comma
bata kimun seme gida rakū ,	nv::nv nv::nv comp verb::vv e::npst.ptcp.neg mark::comma
jerde duin karun i niyalma aca fi ,	nv::adj nv::nv nv::nv cm::gen nv::nv verb::vv e::cve mark::comma
in i geren cooha be wabu fi ,	pn::3sg cm::gen nv::adj nv::nv cm::acc verb::vv e::cve mark::comma
ninggun tanggū juwan sejen ,	nv::nv nv::nv nv::nv nv::nv mark::comma
sain ojo rakū aina ha seme hendu he .	nv::adj verb::vv e::npst.ptcp.neg verb::vv e::pst.ptcp comp verb::vv e::pst.ptcp mark::period
cooha be kadala me ete mbi seme ,	nv::nv cm::acc verb::vv e::cve verb::vv e::fve.npst comp mark::comma
emu tanggū orin ba i dube de gene fi ,	nv::nv nv::nv nv::nv nv::nv cm::gen nv::nv cm::dat verb::vv e::cve mark::comma
g'ai_jeo de te he monggo ,	nn::prpn cm::dat verb::vv e::pst.ptcp nv::nv mark::comma
min i beye lo_san_sa de min i dergi boo i amargi boo de bu fi hendu me ,	pn::1sg cm::gen nv::nv nn::prpn cm::dat pn::1sg cm::gen nv::nv nv::nv cm::gen nv::nv nv::nv cm::dat verb::vv e::cve verb::vv e::cve mark::comma
amba_efu ,	nn::prpn mark::comma
ojo rakū ci ,	verb::vv e::npst.ptcp.neg e::cve mark::comma
jase i tulergi abka i wakala ha yehe de da fi ,	nv::nv cm::gen nv::nv nv::nv cm::gen verb::vv e::pst.ptcp nv::nv cm::dat verb::vv e::cve mark::comma
mandasi ,	nn::prpn.person mark::comma
jaha ara ra be gašan i niyalma de ume donjibu re ,	nv::nv verb::vv e::npst.ptcp cm::acc nv::nv cm::gen nv::nv cm::dat nv::nv verb::vv e::npst.ptcp mark::comma
jai jergi de juwanta yan ,	nv::nv nv::nv cm::dat nv::nv nv::nv mark::comma
sartahūn ume gūni re ,	nv::nv nv::nv verb::vv e::npst.ptcp mark::comma
tung_jeng_ming ,	nn::prpn mark::comma
jai geli baibi aise me uttu ili habi seme gama me gene fi ,	nv::nv nv::nv nv::nv verb::vv e::cve nv::nv verb::vv e::fve.prs.prf comp verb::vv e::cve verb::vv e::cve mark::comma
ahūta de komso ,	nv::nv cm::dat nv::adj mark::comma
jai geli nikan i tungse i juleri ,	nv::nv nv::nv nv::nv cm::gen nv::nv cm::gen nv::nv mark::comma
jušen ,	nv::nv mark::comma
suwe dulin gai ∅ ,	pn::2pl nv::adj verb::vv e::fve.imperative mark::comma
mao_jiyanggiyūn si ,	nn::prpn pn::2sg mark::comma
dele abka bi ,	nv::nv nv::nv verb::vv.npst mark::comma
monggo i bagadarhan i nadan boigon uka me ji he .	nv::nv cm::gen nn::prpn.person cm::gen nv::nv nv::nv verb::vv e::cve verb::vv e::pst.ptcp mark::period
beye buce kini ,	nv::nv verb::vv e::fve.opt mark::comma
juwete yan aisin bu he ,	nv::nv nv::nv nv::nv verb::vv e::pst.ptcp mark::comma
kiyoo ca ra jaha be ,	nv::nv verb::vv e::npst.ptcp nv::nv cm::acc mark::comma
jeku ,	nv::nv mark::comma
jai emu minggan niyalma bu fi dasabu ha ,	nv::nv nv::nv nv::nv nv::nv verb::vv e::cve verb::vv e::pst.ptcp mark::comma
gung erdemu be tuwa me uji mbi ,	nv::nv nv::nv cm::acc verb::vv e::cve verb::vv e::fve.npst mark::comma
emu niyalma i ehe de geren gūtubu mbi se re ,	nv::nv nv::nv cm::gen nv::adj cm::dat nv::adj verb::vv e::fve.npst verb::vv e::npst.ptcp mark::comma
muse jai geli emu ba be seole ki ,	pn::1pl.incl nv::nv nv::nv nv::nv nv::nv cm::acc verb::vv e::fve.opt mark::comma
emu bejang tuta fi uhereme kadala ∅ ,	nv::nv nv::nv verb::vv e::cve nv::nv verb::vv e::fve.imperative mark::comma
wan_lii i te he aniya ninggun biya i juwan duin de baha ha ,	nn::prpn cm::gen verb::vv e::pst.ptcp nv::nv nv::nv nv::nv cm::gen nv::nv nv::nv cm::dat verb::vv e::pst.ptcp mark::comma
korcin i hatan_baturu_beile i nangsu_lama i juwe bandi ,	nn::prpn.plc cm::gen nn::prpn cm::gen nn::prpn cm::gen nv::nv nv::nv mark::comma
cooha ilibu rakū ,	nv::nv verb::vv e::npst.ptcp.neg mark::comma
eji ,	nn::prpn.person mark::comma
okdo me daha rakū ci ,	verb::vv e::cve verb::vv e::npst.ptcp.neg e::cve mark::comma
○ juwan duin de ,	mark::circle nv::nv nv::nv cm::dat mark::comma
dosi me gene re orin funce me karun i niyalma ,	verb::vv e::cve verb::vv e::npst.ptcp nv::nv verb::vv e::cve nv::nv cm::gen nv::nv mark::comma
hai_si tun_ho_wei i du_jy_hūi_ciyanši jaingge i omolo karka ,	nn::prpn nn::prpn cm::gen nv::nv nn::prpn.person cm::gen nv::nv nn::prpn.person mark::comma
han de ilan jergi niyakūra fi ,	nv::nv cm::dat nv::nv nv::nv verb::vv e::cve mark::comma
orin duin haha ,	nv::nv nv::nv nv::nv mark::comma
jakūta de emu feye ,	nv::nv cm::dat nv::nv nv::nv mark::comma
han ,	nv::nv mark::comma
min i te he boo de buce ki seme hendu he manggi ,	pn::1sg cm::gen verb::vv e::pst.ptcp nv::nv cm::dat verb::vv e::fve.opt comp verb::vv e::pst.ptcp nv::nv mark::comma
muke juwe re hehe ,	nv::nv verb::vv e::npst.ptcp nv::nv mark::comma
beile se i yamun de šun gabta me yamula ∅ ,	nv::nv nv::nv cm::gen nv::nv cm::dat nv::nv verb::vv e::cve verb::vv e::fve.imperative mark::comma
ice han de mao_wen_lung acana ra jaka de halbu hakū ,	nv::adj nv::nv cm::dat nn::prpn verb::vv e::npst.ptcp nv::nv cm::dat verb::vv e::pst.ptcp.neg mark::comma
nikan maituša me wa ha ,	nv::nv verb::vv e::cve verb::vv e::pst.ptcp mark::comma
emu pu de eksingge i jergi emte niyalma be ejen ara fi tebu me ji fi ,	nv::nv nv::nv cm::dat nn::prpn.person cm::gen nv::nv nv::nv nv::nv cm::acc nv::nv verb::vv e::cve verb::vv e::cve verb::vv e::cve mark::comma
afabu ha weile be mute mbi ,	verb::vv e::pst.ptcp nv::nv cm::acc verb::vv e::fve.npst mark::comma
tere gene he cooha yalu_giyang be bitu me wesi fi ,	nv::nv verb::vv e::pst.ptcp nv::nv nn::prpn cm::acc verb::vv e::cve verb::vv e::cve mark::comma
baita be tuwa me weilebu mbi ,	nv::nv cm::acc verb::vv e::cve verb::vv e::fve.npst mark::comma
emteli bi me uji ci ojo rakū kiyangkiyan sa be inu dayabu ∅ ,	nv::adj verb::vv e::cve verb::vv e::cve verb::vv e::npst.ptcp.neg nv::adj nv::nv cm::acc nv::nv verb::vv e::fve.imperative mark::comma
tucinu ∅ ,	verb::vv e::fve.imperative mark::comma
amba gurun ambula jobo mbi dere ,	nv::adj nv::nv nv::nv verb::vv e::fve.npst ptcl mark::comma
lio_fujiyang ,	nn::prpn mark::comma
akiran de emu feye baha ha seme ,	nn::prpn.plc cm::dat nv::nv nv::nv verb::vv e::pst.ptcp comp mark::comma
liyoodung be ,	nn::prpn.plc cm::acc mark::comma
matun i dolo keremu i dalda de ili ha ,	nv::nv cm::gen nv::nv nv::nv cm::gen nv::nv cm::dat verb::vv e::pst.ptcp mark::comma
debsiku emte ,	nv::nv nv::nv mark::comma
fujisa ,	nv::nv mark::comma
hecen i dorgi be gaibu fi tulesi tuci me nukci ke manggi ,	nv::nv cm::gen nv::nv cm::acc verb::vv e::cve nv::nv verb::vv e::cve verb::vv e::pst.ptcp nv::nv mark::comma
○ orin emu de ,	mark::circle nv::nv nv::nv cm::dat mark::comma
fusi_efu ,	nn::prpn mark::comma
ulin be ume mamgiya ra ,	nv::nv cm::acc nv::nv verb::vv e::npst.ptcp mark::comma
emu ciyandzung de duin niyalma ,	nv::nv nv::nv cm::dat nv::nv nv::nv mark::comma
hashū ergi duin gūsa de ,	nv::nv nv::nv nv::nv nv::nv cm::dat mark::comma
barda i hoton be gai ha ,	nn::prpn.plc cm::gen nv::nv cm::acc verb::vv e::pst.ptcp mark::comma
○ unege ,	mark::circle nn::prpn.person mark::comma
tai niyalma be benji fi wa ha seme ,	nv::nv nv::nv cm::acc verb::vv e::cve verb::vv e::pst.ptcp comp mark::comma
bata kimun seme gida rakū ,	nv::nv nv::nv comp verb::vv e::npst.ptcp.neg mark::comma
ilaci jergi iogi obu ha .	nv::nv nv::nv nv::nv verb::vv e::pst.ptcp mark::period
cahar i gungtu_beile i niyalma jase dosi me jeku gaji ha be baha ha ngge ,	nn::prpn.plc cm::gen nn::prpn cm::gen nv::nv nv::nv verb::vv e::cve nv::nv verb::vv e::pst.ptcp cm::acc verb::vv e::pst.ptcp nmlz::nmlz mark::comma
ere aisin be gercile ki seme geodebu me benji hebi dere seme duici_beile de tuwabu ha ,	nv::nv nv::nv cm::acc verb::vv e::fve.opt comp verb::vv e::cve verb::vv e::fve.prs.prf ptcl comp nn::prpn cm::dat verb::vv e::pst.ptcp mark::comma
lio_fujiyang de hūlha me gercile me alanji ∅ ,	nn::prpn cm::dat verb::vv e::cve verb::vv e::cve verb::vv e::fve.imperative mark::comma
langse gulhun ulan_ho_wei i du_jy_hūi_ši imanju i omolo utai ,	nv::adj nv::adj nn::prpn cm::gen nv::nv nn::prpn.person cm::gen nv::nv nn::prpn.person mark::comma
mucu juwe hose benji he ,	nv::nv nv::nv nv::nv verb::vv e::pst.ptcp mark::comma
min i harangga o ho gurun be ainu daila mbi seme ,	pn::1sg cm::gen nv::nv verb::vv e::pst.ptcp nv::nv cm::acc nv::nv verb::vv e::fve.npst comp mark::comma
emu tanggū nadanju haha ,	nv::nv nv::nv nv::nv nv::nv mark::comma
jide re de suru morin yalu ha bi he ,	verb::vv e::npst.ptcp cm::dat nv::adj nv::nv verb::vv e::pst.ptcp verb::vv e::pst.ptcp mark::comma
abka na de aisin gurun i han ■■■ gashū re ngge ,	nv::nv nv::nv cm::dat nv::nv nv::nv cm::gen nv::nv mark::unknown verb::vv e::npst.ptcp nmlz::nmlz mark::comma
okto horon waji ha manggi ,	nv::nv nv::nv verb::vv e::pst.ptcp nv::nv mark::comma
julergi emu jaha i sunja niyalma ,	nv::nv nv::nv nv::nv cm::gen nv::nv nv::nv mark::comma
ere hacin i okto be kice me udabu ∅ .	nv::nv nv::nv cm::gen nv::nv cm::acc verb::vv e::cve verb::vv e::fve.imperative mark::period
niyaman hūncihin seme harša rakū ,	nv::nv nv::nv comp verb::vv e::npst.ptcp.neg mark::comma
min i beye de ,	pn::1sg cm::gen nv::nv cm::dat mark::comma
ibari ,	nn::prpn.person mark::comma
○ adun_age i gūsa de ,	mark::circle nn::prpn cm::gen nv::nv cm::dat mark::comma
ice jakūn de cooha i morin simne fi ,	nv::adj nv::nv cm::dat nv::nv cm::gen nv::nv verb::vv e::cve mark::comma
buce he ba de ,	verb::vv e::pst.ptcp nv::nv cm::dat mark::comma
suwen de jete re jeku ,	pn::2pl cm::dat verb::vv e::npst.ptcp nv::nv mark::comma
abka i boco sohon soro fi ,	nv::nv cm::gen nv::nv nv::adj verb::vv e::cve mark::comma
○ lafa i jasitan i tokso ,	mark::circle nn::prpn.plc cm::gen nn::prpn.person cm::gen nv::nv mark::comma
beile se ci fusihūn ,	nv::nv nv::nv cm::abl nv::adj mark::comma
guwangning ci nadan niyalma uka me nadan morin yalu fi ji he .	nn::prpn.plc cm::abl nv::nv nv::nv verb::vv e::cve nv::nv nv::nv verb::vv e::cve verb::vv e::pst.ptcp mark::period
daidabuha ,	nn::prpn.person mark::comma
ooba_hūwang_taiji be gosi ha ,	nn::prpn cm::acc verb::vv e::pst.ptcp mark::comma
yarha haya me gecuheri buri me jibca ,	nv::nv verb::vv e::cve nv::nv verb::vv e::cve nv::nv mark::comma
olji bargiya ra karma ra niyalma be tucibu fi boo de unggi he ,	nv::nv verb::vv e::npst.ptcp verb::vv e::npst.ptcp nv::nv cm::acc verb::vv e::cve nv::nv cm::dat verb::vv e::pst.ptcp mark::comma
guli_šan_wei i du_jy_hūi_ciyanši uyaha i omolo saimbolot ,	nn::prpn cm::gen nv::nv nn::prpn.person cm::gen nv::nv nn::prpn.person mark::comma
ilan minggan nadan tanggū uyunju juwe ,	nv::nv nv::nv nv::nv nv::nv nv::nv nv::nv mark::comma
abka na de gashū ha gisun be goida hakū efule me ,	nv::nv nv::nv cm::dat verb::vv e::pst.ptcp nv::nv cm::acc verb::vv e::pst.ptcp.neg verb::vv e::cve mark::comma
○ mangko be ,	mark::circle nn::prpn.person cm::acc mark::comma
gebu minggan .	nv::nv nv::nv mark::period
han i pai be gai fi ,	nv::nv cm::gen nv::nv cm::acc verb::vv e::cve mark::comma
hūwang_gu_doo de jušen i cooha gūsin ,	nn::prpn cm::dat nv::nv cm::gen nv::nv nv::nv mark::comma
eye i dorgi de ,	nv::nv cm::gen nv::nv cm::dat mark::comma
○ ineku tere inenggi ,	mark::circle nv::nv nv::nv nv::nv mark::comma
○ orin ninggun de ,	mark::circle nv::nv nv::nv cm::dat mark::comma
gebu tonggor .	nv::nv nn::prpn.person mark::period
geren i duile fi ala rakū ,	nv::adj cm::gen verb::vv e::cve verb::vv e::npst.ptcp.neg mark::comma
han de isina fi ,	nv::nv cm::dat verb::vv e::cve mark::comma
hai_si hosi_wei i du_jy_hūi_ši tobono i jui saosi ,	nn::prpn nn::prpn cm::gen nv::nv nn::prpn.person cm::gen nv::nv nn::prpn.person mark::comma
suwen i nene me unggi he bithe de ,	pn::2pl cm::gen verb::vv e::cve verb::vv e::pst.ptcp nv::nv cm::dat mark::comma
siji ha gūlha ,	verb::vv e::pst.ptcp nv::nv mark::comma
fusi_efu be gene fi dacila ∅ ,	nn::prpn cm::acc verb::vv e::cve verb::vv e::fve.imperative mark::comma
tondo mujilen i bahana ra i teile akūmbu ki ,	nv::adj nv::nv cm::gen verb::vv e::npst.ptcp cm::gen nv::nv verb::vv e::fve.opt mark::comma
jakūnju morin ,	nv::nv nv::nv mark::comma
emu niyalma be benji he ,	nv::nv nv::nv cm::acc verb::vv e::pst.ptcp mark::comma
○ budai be ,	mark::circle nn::prpn.person cm::acc mark::comma
in i hamuk cooha fakca ra ngge ,	pn::3sg cm::gen nv::nv nv::nv verb::vv e::npst.ptcp nmlz::nmlz mark::comma
julge i_yen ,	nv::nv nn::prpn mark::comma
jaha i jakūn niyalma be baha fi wa ha .	nv::nv cm::gen nv::nv nv::nv cm::acc verb::vv e::cve verb::vv e::pst.ptcp mark::period
sahaliyan_bayan isinji ha .	nn::prpn verb::vv e::pst.ptcp mark::period
○ juwan ninggun de ,	mark::circle nv::nv nv::nv cm::dat mark::comma
bata kimun seme gida rakū ,	nv::nv nv::nv comp verb::vv e::npst.ptcp.neg mark::comma
an_šan ci erde tuci fi gene re de ,	nn::prpn cm::abl nv::nv verb::vv e::cve verb::vv e::npst.ptcp cm::dat mark::comma
beiguwan i hergen de baha ra šang be nakabu ha ,	nv::nv cm::gen nv::nv cm::dat verb::vv e::npst.ptcp nv::nv cm::acc verb::vv e::pst.ptcp mark::comma
○ juwan jakūn de ,	mark::circle nv::nv nv::nv cm::dat mark::comma
○ jai mukūn i uyuci tatan ,	mark::circle nv::nv nv::nv cm::gen nv::nv nv::nv mark::comma
gai ha aika jaka be bederebu me bu ∅ seme tanggūdai_age ,	verb::vv e::pst.ptcp nv::nv nv::nv cm::acc verb::vv e::cve verb::vv e::fve.imperative comp nn::prpn mark::comma
yaya hafasa jide re be sa ci ,	nv::nv nv::nv verb::vv e::npst.ptcp cm::acc verb::vv e::cve mark::comma
ulin somi ha tetun be doola me tuwa mbi seme ,	nv::nv verb::vv e::pst.ptcp nv::nv cm::acc verb::vv e::cve verb::vv e::fve.npst comp mark::comma
niru i bošo ro beiguwan bi kini .	nv::nv cm::gen verb::vv e::npst.ptcp nv::nv verb::vv e::fve.opt mark::period
juwe sejen i siden de ,	nv::nv nv::nv cm::gen nv::nv cm::dat mark::comma
dada ,	nn::prpn.person mark::comma
jori ha jurgan be jurce rakū seme beiguwan obu ha .	verb::vv e::pst.ptcp nv::nv cm::acc verb::vv e::npst.ptcp.neg comp nv::nv verb::vv e::pst.ptcp mark::period
ša_ho de gin_iogi te hebi ,	nn::prpn cm::dat nn::prpn verb::vv e::fve.prs.prf mark::comma
suwe inu farhūn kai ,	pn::2pl nv::nv nv::adj ptcl mark::comma
jerde be ,	nv::adj cm::acc mark::comma
tamse benji he niyalma i jalin de ,	nv::nv verb::vv e::pst.ptcp nv::nv cm::gen nv::nv cm::dat mark::comma
yamsina ,	nn::prpn.person mark::comma
dzung_bing_guwan ,	nv::nv mark::comma
jušen nikan hafasa cen i cisu i hūlha me gaji ∅ se he de ,	nv::nv nv::nv nv::nv pn::3pl cm::gen nv::nv cm::gen verb::vv e::cve verb::vv e::fve.imperative verb::vv e::pst.ptcp cm::dat mark::comma
wesibu fi iogi hergen bu he .	verb::vv e::cve nv::nv nv::nv verb::vv e::pst.ptcp mark::period
( dayabu ∅ se re ngge ,	mark::lparen verb::vv e::fve.imperative verb::vv e::npst.ptcp nmlz::nmlz mark::comma
aika baita o ci ,	nv::nv nv::nv verb::vv e::cve mark::comma
ba be waliya fi bai me ji he gung ,	nv::nv cm::acc verb::vv e::cve verb::vv e::cve verb::vv e::pst.ptcp nv::nv mark::comma
afabu ha weile be mute mbi ,	verb::vv e::pst.ptcp nv::nv cm::acc verb::vv e::fve.npst mark::comma
meruge ,	nn::prpn.person mark::comma
subahai_gufu de afabu fi ,	nn::prpn cm::dat verb::vv e::cve mark::comma
dule jalan hala me enteheme abka i hūturi isi fi banji re niyalma kai ,	nv::nv nv::nv verb::vv e::cve nv::nv nv::nv cm::gen nv::nv verb::vv e::cve verb::vv e::npst.ptcp nv::nv ptcl mark::comma
cang_diyan i šeo_pu in i cisu i acana habi seme alanji ha ,	nn::prpn cm::gen nv::nv pn::3sg cm::gen nv::nv cm::gen verb::vv e::fve.prs.prf comp verb::vv e::pst.ptcp mark::comma
ilata ihan ,	nv::nv nv::nv mark::comma
da tolo ho ci emu tumen emu minggan fulu ,	nv::nv verb::vv e::pst.ptcp cm::abl nv::nv nv::nv nv::nv nv::nv nv::nv mark::comma
ice inenggi bira i cargi dalin de cooha sabu mbi seme alanji fi ,	nv::adj nv::nv nv::nv cm::gen nv::nv nv::nv cm::dat nv::nv verb::vv e::fve.npst comp verb::vv e::cve mark::comma
ai sain ,	nv::nv nv::adj mark::comma
○ wanju be ,	mark::circle nn::prpn.person cm::acc mark::comma
ama jui adali ,	nv::nv nv::nv nv::adj mark::comma
ninggureme šurde me tuwa fi ,	nv::nv verb::vv e::cve verb::vv e::cve mark::comma
tuttu jobo me banji ha be abka gosi fi ,	nv::nv verb::vv e::cve verb::vv e::pst.ptcp cm::acc nv::nv verb::vv e::cve mark::comma
yaya weile be hūdun waji ci sain kai ,	nv::nv nv::nv cm::acc nv::adj verb::vv e::cve nv::adj ptcl mark::comma
kūbai ,	nn::prpn.person mark::comma
julge ci ebsi ,	nv::nv cm::abl nv::nv mark::comma
han ama ,	nv::nv nv::nv mark::comma
ula de simhun sacibu ha seme uyun yan i weile waliya mbi ,	nv::nv cm::dat nv::nv verb::vv e::pst.ptcp comp nv::nv nv::nv cm::gen nv::nv verb::vv e::fve.npst mark::comma
jaisai_beile be jafa ha dain de ,	nn::prpn cm::acc verb::vv e::pst.ptcp nv::nv cm::dat mark::comma
geren beidesi be wakala me ,	nv::adj nv::nv cm::acc verb::vv e::cve mark::comma
duin ulgiyan i yali ,	nv::nv nv::nv cm::gen nv::nv mark::comma
tumei de dai_darhan butaci de jasaktu_dureng ,	nn::prpn.person cm::dat nn::prpn nn::prpn.person cm::dat nn::prpn mark::comma
bon ,	nv::nv mark::comma
ilan tanggū gūsin ilan angga .	nv::nv nv::nv nv::nv nv::nv nv::nv mark::period
mao_wen_lung ni takūra ha giyansi be suwe emke ainu tucibu rakū ,	nn::prpn cm::gen verb::vv e::pst.ptcp nv::nv cm::acc pn::2pl nv::nv nv::nv verb::vv e::npst.ptcp.neg mark::comma
juwe deo ,	nv::nv nv::nv mark::comma
○ ice duin de ,	mark::circle nv::adj nv::nv cm::dat mark::comma
moro sunjata ,	nv::nv nv::nv mark::comma
○ juwan uyun de ,	mark::circle nv::nv nv::nv cm::dat mark::comma
doro i niru i gabta ∅ ,	nv::nv cm::gen nv::nv cm::gen verb::vv e::fve.imperative mark::comma
šun tuhe re ergi ci ,	nv::nv verb::vv e::npst.ptcp nv::nv cm::abl mark::comma
ice tere ba de gene he bi he ,	nv::adj nv::nv nv::nv cm::dat verb::vv e::pst.ptcp verb::vv e::pst.ptcp mark::comma
du_tang adun_age ,	nv::nv nn::prpn mark::comma
hebte de tofohon yan ,	nv::nv cm::dat nv::nv nv::nv mark::comma
baha hakū niyalma de šangna ki ,	verb::vv e::pst.ptcp.neg nv::nv cm::dat verb::vv e::fve.opt mark::comma
tere šanggiyan siren i šun dekde re ergi de ,	nv::nv nv::nv nv::nv cm::gen nv::nv verb::vv e::npst.ptcp nv::nv cm::dat mark::comma
gosi re doro be ume lashala ra ,	verb::vv e::npst.ptcp nv::nv cm::acc nv::nv verb::vv e::npst.ptcp mark::comma
hai_si oke_wei i du_jy_hūi_tungjy uncaltu i omolo behede ,	nn::prpn nn::prpn cm::gen nv::nv nn::prpn.person cm::gen nv::nv nn::prpn.person mark::comma
tuttu akū muse ekisaka amasi bedere ci ,	nv::nv nv::adj pn::1pl.incl nv::adj nv::nv verb::vv e::cve mark::comma
abka i emgeri bu he doro be aljabu rahū seme ,	nv::nv cm::gen nv::nv verb::vv e::pst.ptcp nv::nv cm::acc verb::vv e::fve.prv comp mark::comma
liyoodung ni hoton de te me tokto ho .	nn::prpn.plc cm::gen nv::nv cm::dat verb::vv e::cve verb::vv e::pst.ptcp mark::period
adun i gese doro be efule re weile ara ci ,	nv::nv cm::gen nv::nv nv::nv cm::acc verb::vv e::npst.ptcp nv::nv verb::vv e::cve mark::comma
emu minggan cooha be darhan_hiya gai fi juleri jura ka ,	nv::nv nv::nv nv::nv cm::acc nn::prpn verb::vv e::cve nv::nv verb::vv e::pst.ptcp mark::comma
halhan isi rakū ci ,	nv::nv verb::vv e::npst.ptcp.neg e::cve mark::comma
hošo i beile se ci fusihūn ,	nv::nv cm::gen nv::nv nv::nv cm::abl nv::adj mark::comma
suwen i monggo gurun i gese ama jui ahūn deo seme encu akū kai ,	pn::2pl cm::gen nv::nv nv::nv cm::gen nv::nv nv::nv nv::nv nv::nv nv::nv comp nv::nv nv::adj ptcl mark::comma
jete re jeku ,	verb::vv e::npst.ptcp nv::nv mark::comma
olbo i afa ra ba de isina hakū seme ,	nv::nv cm::gen verb::vv e::npst.ptcp nv::nv cm::dat verb::vv e::pst.ptcp.neg comp mark::comma
jui i gung de sunja tanggū nikan ,	nv::nv cm::gen nv::nv cm::dat nv::nv nv::nv nv::nv mark::comma
ehe_oringga_bayan ci amasi ,	nn::prpn cm::abl nv::nv mark::comma
wen_wang tanggū ba i dorgi ci tuci fi juo_han i doro be baha habi ,	nn::prpn nv::nv nv::nv cm::gen nv::nv cm::abl verb::vv e::cve nn::prpn.person cm::gen nv::nv cm::acc verb::vv e::fve.prs.prf mark::comma
gulu fulgiyan i gūsa i juwan jakūn da ,	nv::adj nv::nv cm::gen nv::nv cm::gen nv::nv nv::nv nv::nv mark::comma
ish'ab ,	nn::prpn.person mark::comma
ice ji he monggoso ili kini .	nv::adj verb::vv e::pst.ptcp nv::nv verb::vv e::fve.opt mark::period
hahasi de ninggute da boso sala me bu ∅ ,	nv::nv cm::dat nv::nv nv::nv nv::nv verb::vv e::cve verb::vv e::fve.imperative mark::comma
i_miyan_šan i niyalma ubaša me gene re be ,	nn::prpn cm::gen nv::nv verb::vv e::cve verb::vv e::npst.ptcp cm::acc mark::comma
jakūn niyalma ,	nv::nv nv::nv mark::comma
yegude i boo be ilan ubu sinda fi ,	nn::prpn.person cm::gen nv::nv cm::acc nv::nv nv::nv verb::vv e::cve mark::comma
bi donji fi min i cisu i jafa fi huthu fi ,	pn::1sg verb::vv e::cve pn::1sg cm::gen nv::nv cm::gen verb::vv e::cve verb::vv e::cve mark::comma
cahar i han be ehe seme ,	nn::prpn.plc cm::gen nv::nv cm::acc nv::adj comp mark::comma
cooha i agūra be gemu gama ∅ ,	nv::nv cm::gen nv::nv cm::acc nv::nv verb::vv e::fve.imperative mark::comma
abka tungken tū re gese akjan talkiyan aga bono bono me waji fi goida hakū buce he ,	nv::nv nv::nv verb::vv e::npst.ptcp nv::nv nv::nv nv::nv nv::nv nv::nv verb::vv e::cve verb::vv e::cve verb::vv e::pst.ptcp.neg verb::vv e::pst.ptcp mark::comma
lidai ,	nn::prpn.person mark::comma
wan_lii i juwan emuci aniya omšon biya i juwan nadan de baha ha ,	nn::prpn cm::gen nv::nv nv::nv nv::nv nv::nv nv::nv cm::gen nv::nv nv::nv cm::dat verb::vv e::pst.ptcp mark::comma
hai_si ajin_wei i du_jy_hūi_ciyanši uli i jui alaga ,	nn::prpn nn::prpn cm::gen nv::nv nn::prpn.person cm::gen nv::nv nn::prpn.person mark::comma
tana aisin menggun be boobai se re ngge ,	nv::nv nv::nv nv::nv cm::acc nv::nv verb::vv e::npst.ptcp nmlz::nmlz mark::comma
ere ci amasi dainju bi ,	nv::nv cm::abl nv::nv nn::prpn.person verb::vv.npst mark::comma
šajin be jurce me weile ara fi tanta ra erule re o ci ,	nv::nv cm::acc verb::vv e::cve nv::nv verb::vv e::cve verb::vv e::npst.ptcp verb::vv e::npst.ptcp verb::vv e::cve mark::comma
han gosi me wa ra beye be uji he ,	nv::nv verb::vv e::cve verb::vv e::npst.ptcp nv::nv cm::acc verb::vv e::pst.ptcp mark::comma
fe_ala ,	nn::prpn mark::comma
gurun be baha fi ,	nv::nv cm::acc verb::vv e::cve mark::comma
sure_kundulen_han ,	nn::prpn mark::comma
guwangning ni jang_tsanjiyang hūlha me gama fi ,	nn::prpn.plc cm::gen nn::prpn verb::vv e::cve verb::vv e::cve mark::comma
šanaha be baha ha baha hakū be tuwana ∅ ,	nn::prpn.plc cm::acc verb::vv e::pst.ptcp verb::vv e::pst.ptcp.neg cm::acc verb::vv e::fve.imperative mark::comma
emu moro de arki ,	nv::nv nv::nv cm::dat nv::nv mark::comma
min i elcin be batangga yehe de huthu fi bu fi wabu ha ,	pn::1sg cm::gen nv::nv cm::acc nv::adj nv::nv cm::dat verb::vv e::cve verb::vv e::cve verb::vv e::pst.ptcp mark::comma
abuda ,	nn::prpn.person mark::comma
beile se i beye be unca ra ngge kai ,	nv::nv nv::nv cm::gen nv::nv cm::acc verb::vv e::npst.ptcp nmlz::nmlz ptcl mark::comma
giyaha ,	nn::prpn.plc mark::comma
juwe narhūn boso ,	nv::nv nv::adj nv::nv mark::comma
tu be tuwa ∅ seme hūla ra jaka de ,	nv::nv cm::acc verb::vv e::fve.imperative comp verb::vv e::npst.ptcp nv::nv cm::dat mark::comma
yangguri ,	nn::prpn.person mark::comma
tere ula i cooha be gida fi ,	nv::nv nv::nv cm::gen nv::nv cm::acc verb::vv e::cve mark::comma
hing_šan de isina fi dedu he .	nn::prpn cm::dat verb::vv e::cve verb::vv e::pst.ptcp mark::period
abka de šanggiyan morin wa fi ,	nv::nv cm::dat nv::nv nv::nv verb::vv e::cve mark::comma
wa ra beye be uji he dele ,	verb::vv e::npst.ptcp nv::nv cm::acc verb::vv e::pst.ptcp nv::nv mark::comma
yahican tsanjiyang ,	nn::prpn.person nv::nv mark::comma
muke dosimbu fi akdula me dasa habi seme donji fi ,	nv::nv verb::vv e::cve verb::vv e::cve verb::vv e::fve.prs.prf comp verb::vv e::cve mark::comma
juwan ilaci jergi ,	nv::nv nv::nv nv::nv mark::comma
jai amala gene he monggo i angga be bodo fi ,	nv::nv nv::nv verb::vv e::pst.ptcp nv::nv cm::gen nv::nv cm::acc verb::vv e::cve mark::comma
menggun sunja tanggū yan ,	nv::nv nv::nv nv::nv nv::nv mark::comma
ninggun minggan cooha be gama me ,	nv::nv nv::nv nv::nv cm::acc verb::vv e::cve mark::comma
afabu ha weile be mute mbi ,	verb::vv e::pst.ptcp nv::nv cm::acc verb::vv e::fve.npst mark::comma
deo kaju be afabu ha weile be mute mbi ,	nv::nv nn::prpn.person cm::acc verb::vv e::pst.ptcp nv::nv cm::acc verb::vv e::fve.npst mark::comma
meni meni boo i ulin tetun ai jaka be gemu meni meni ejen tomso me bargiya fi gai ha ,	nv::nv nv::nv nv::nv cm::gen nv::nv nv::nv nv::nv nv::nv cm::acc nv::nv nv::nv nv::nv nv::nv verb::vv e::cve verb::vv e::cve verb::vv e::pst.ptcp mark::comma
dulga be olji ara ha .	nv::adj cm::acc nv::nv verb::vv e::pst.ptcp mark::period
cūhur ,	nn::prpn.person mark::comma
tondo sijirhūn niyalma be hanci obu ∅ ,	nv::adj nv::adj nv::nv cm::acc nv::adj verb::vv e::fve.imperative mark::comma
dung_ging hecen de te he emu niru i susai uksin i morin ,	nn::prpn nv::nv cm::dat verb::vv e::pst.ptcp nv::nv nv::nv cm::gen nv::nv nv::nv cm::gen nv::nv mark::comma
hūlha holo koimali jalingga akū tondo banji ki .	nv::nv nv::nv nv::adj nv::adj nv::adj nv::adj verb::vv e::fve.opt mark::period
juwan uyun de wasimbu ha ,	nv::nv nv::nv cm::dat verb::vv e::pst.ptcp mark::comma
sung_jin_jung gebungge niyalma be takūra fi medege gai ci ,	nn::prpn nv::adj nv::nv cm::acc verb::vv e::cve nv::nv verb::vv e::cve mark::comma
han i bu re šang ni dabala ,	nv::nv cm::gen verb::vv e::npst.ptcp nv::nv cm::gen ptcl mark::comma
gemu haha tolo fi ,	nv::nv nv::nv verb::vv e::cve mark::comma
sin i gūni ha ba be gebule me hendu he de ,	pn::2sg cm::gen verb::vv e::pst.ptcp nv::nv cm::acc verb::vv e::cve verb::vv e::pst.ptcp cm::dat mark::comma
juwe ihan ,	nv::nv nv::nv mark::comma
yordo ,	nn::prpn.person mark::comma
hergen efuje mbi kai ,	nv::nv verb::vv e::fve.npst ptcl mark::comma
orin niyalma acan ilibu ∅ ,	nv::nv nv::nv nv::nv verb::vv e::fve.imperative mark::comma
○ yegude de beri faksi be icihiya ∅ seme afabu ha ,	mark::circle nn::prpn.person cm::dat nv::nv nv::nv cm::acc verb::vv e::fve.imperative comp verb::vv e::pst.ptcp mark::comma
weile he jeku i dabala ,	verb::vv e::pst.ptcp nv::nv cm::gen ptcl mark::comma
han i ilan hojihon ,	nv::nv cm::gen nv::nv nv::nv mark::comma
emu minggan sunja tanggū gūsin ihan ,	nv::nv nv::nv nv::nv nv::nv nv::nv nv::nv mark::comma
abatai_age ,	nn::prpn mark::comma
○ duin biya i tofohon de ,	mark::circle nv::nv nv::nv cm::gen nv::nv cm::dat mark::comma
lii_yoo_hiyan ere juwe šusai de gūsita yan menggun bu he ,	nn::prpn nv::nv nv::nv nv::nv cm::dat nv::nv nv::nv nv::nv verb::vv e::pst.ptcp mark::comma
han i pai be gai fi ,	nv::nv cm::gen nv::nv cm::acc verb::vv e::cve mark::comma
silun i dahū ,	nv::nv cm::gen nv::nv mark::comma
hai_jeo i tsang de sinda ∅ ,	nn::prpn cm::gen nv::nv cm::dat verb::vv e::fve.imperative mark::comma
han i jalukiya me bu he be gūni rakū fudasihūn yabu ci ,	nv::nv cm::gen verb::vv e::cve verb::vv e::pst.ptcp cm::acc verb::vv e::npst.ptcp.neg nv::adj verb::vv e::cve mark::comma
tere ci morohon i jai emu eyun be ,	nv::nv cm::abl nv::adj cm::gen nv::nv nv::nv nv::nv cm::acc mark::comma
○ fulgiyan tasha aniya nadan biya i orin ilan de ,	mark::circle nv::nv nv::nv nv::nv nv::nv nv::nv cm::gen nv::nv nv::nv cm::dat mark::comma
suwen i beye be gūwa wa ci inu weile akū kai seme hendu fi ,	pn::2pl cm::gen nv::nv cm::acc nv::nv verb::vv e::cve nv::nv nv::nv nv::adj ptcl comp verb::vv e::cve mark::comma
kindzung han ,	nn::prpn.person nv::nv mark::comma
juwe niyalma be takūra fi alanji ha .	nv::nv nv::nv cm::acc verb::vv e::cve verb::vv e::pst.ptcp mark::period
○ daicing_beile i nadan haha ,	mark::circle nn::prpn cm::gen nv::nv nv::nv mark::comma
maitu dagila ra ngge ,	nv::nv verb::vv e::npst.ptcp nmlz::nmlz mark::comma
emu biya i on be alin be daba me muke be olo me ji he ngge ,	nv::nv nv::nv cm::gen nv::nv cm::acc nv::nv cm::acc verb::vv e::cve nv::nv cm::acc verb::vv e::cve verb::vv e::pst.ptcp nmlz::nmlz mark::comma
duin temen be dele benji ∅ ,	nv::nv nv::nv cm::acc nv::nv verb::vv e::fve.imperative mark::comma
solho de gene he šolonggo isinji ha .	nv::nv cm::dat verb::vv e::pst.ptcp nv::adj verb::vv e::pst.ptcp mark::period
ama eme i gese tuwa mbi ,	nv::nv nv::nv cm::gen nv::nv verb::vv e::fve.npst mark::comma
han i doron gida ha bithe jafabu fi ,	nv::nv cm::gen nv::nv verb::vv e::pst.ptcp nv::nv verb::vv e::cve mark::comma
hūturi isi fi amaga jalan de sain ba de banji ki seme hūturi bai mbi kai ,	nv::nv verb::vv e::cve nv::adj nv::nv cm::dat nv::adj nv::nv cm::dat verb::vv e::fve.opt comp nv::nv verb::vv e::fve.npst ptcl mark::comma
erdemu efuje mbi ,	nv::nv verb::vv e::fve.npst mark::comma
muse i dolo temšenu me dain o ci ,	nv::nv cm::gen nv::nv verb::vv e::cve nv::nv verb::vv e::cve mark::comma
dolišan ,	nn::prpn.person mark::comma
○ gulu šanggiyan i gūsa i ,	mark::circle nv::adj nv::nv cm::gen nv::nv cm::gen mark::comma
gūwalca ,	nn::prpn.plc mark::comma
○ gulu šanggiyan gūsa i lang_wan_tse bithe wesimbu me ,	mark::circle nv::adj nv::nv nv::nv cm::gen nn::prpn nv::nv verb::vv e::cve mark::comma
ere be sinda fi ,	nv::nv cm::acc verb::vv e::cve mark::comma
hūngniyaka ,	nn::prpn.person mark::comma
ere ilan beile se de gene he ula i ukanju be bi kini seme hendu he bi he ,	nv::nv nv::nv nv::nv nv::nv cm::dat verb::vv e::pst.ptcp nv::nv cm::gen nv::nv cm::acc verb::vv e::fve.opt comp verb::vv e::pst.ptcp verb::vv e::pst.ptcp mark::comma
li i ,	nv::nv cm::gen mark::comma
bata kimun seme gida rakū ,	nv::nv nv::nv comp verb::vv e::npst.ptcp.neg mark::comma
tere sunja niyalma be sinda fi unggi he .	nv::nv nv::nv nv::nv cm::acc verb::vv e::cve verb::vv e::pst.ptcp mark::period
han i pai be gai fi hendu me ,	nv::nv cm::gen nv::nv cm::acc verb::vv e::cve verb::vv e::cve mark::comma
jai geren buya hafan ,	nv::nv nv::adj nv::adj nv::nv mark::comma
julge suwen i nikan i jao_hoidzung ,	nv::nv pn::2pl cm::gen nv::nv cm::gen nn::prpn mark::comma
jaisai be tucibu mbi dere ,	nn::prpn.person cm::acc verb::vv e::fve.npst ptcl mark::comma
ilan tanggū boigon ara fi gaji ha ,	nv::nv nv::nv nv::nv verb::vv e::cve verb::vv e::pst.ptcp mark::comma
abka ci wasi ka aisin_gioro halangga niyalma de gala isi ka kooli be si tucibu ∅ ,	nv::nv cm::abl verb::vv e::pst.ptcp nn::prpn nv::adj nv::nv cm::dat nv::nv verb::vv e::pst.ptcp nv::nv cm::acc pn::2sg verb::vv e::fve.imperative mark::comma
daha ha niyalma be wa ci ,	verb::vv e::pst.ptcp nv::nv cm::acc verb::vv e::cve mark::comma
baduri ,	nn::prpn.person mark::comma
akdula ha gisun ,	verb::vv e::pst.ptcp nv::nv mark::comma
○ ulgiyan wa me gene he dehi niyalma ,	mark::circle nv::nv verb::vv e::cve verb::vv e::pst.ptcp nv::nv nv::nv mark::comma
emu niru i juwanta uksin be gai fi ,	nv::nv nv::nv cm::gen nv::nv nv::nv cm::acc verb::vv e::cve mark::comma
jirhai i beiguwan be wesibu fi iogi obu ha ,	nn::prpn.person cm::gen nv::nv cm::acc verb::vv e::cve nv::nv verb::vv e::pst.ptcp mark::comma
wang_dzy_deng be wesibu fi iogi obu ha ,	nn::prpn cm::acc verb::vv e::cve nv::nv verb::vv e::pst.ptcp mark::comma
tanggū uksin be ,	nv::nv nv::nv cm::acc mark::comma
ulhi rakū mentuhun niyalma ete he baha ha seme ehe cokto gisun be gisure rahū seme ,	verb::vv e::npst.ptcp.neg nv::adj nv::nv verb::vv e::pst.ptcp verb::vv e::pst.ptcp comp nv::adj nv::adj nv::nv cm::acc verb::vv e::fve.prv comp mark::comma
turgei ,	nn::prpn.person mark::comma
bi okto ara mbi o ,	pn::1sg nv::nv verb::vv e::fve.npst ptcl mark::comma
ere sunja niyalma ,	nv::nv nv::nv nv::nv mark::comma
○ ineku tere inenggi ,	mark::circle nv::nv nv::nv nv::nv mark::comma
ahadan ,	nv::nv mark::comma
dehi ba de isi tala bošo me gama fi ,	nv::nv nv::nv cm::dat verb::vv e::cve verb::vv e::cve verb::vv e::cve mark::comma
tuttu o ci baksi sa suwen de sain kai seme jakūn dangse ara ha .	nv::nv verb::vv e::cve nv::nv nv::nv pn::2pl cm::dat nv::adj ptcl comp nv::nv nv::nv verb::vv e::pst.ptcp mark::period
han i hecen de dosi ka ,	nv::nv cm::gen nv::nv cm::dat verb::vv e::pst.ptcp mark::comma
irgen ,	nv::nv mark::comma
jeku be anggala tolo me acan jete re dabala ,	nv::nv cm::acc nv::nv verb::vv e::cve nv::nv verb::vv e::npst.ptcp ptcl mark::comma
menggetu gebungge niyalma be amasi sunja tatan i kalka i monggo i beile se de takūra me unggi he bithe i gisun ,	nn::prpn.person nv::adj nv::nv cm::acc nv::nv nv::nv nv::nv cm::gen nv::nv cm::gen nv::nv cm::gen nv::nv nv::nv cm::dat verb::vv e::cve verb::vv e::pst.ptcp nv::nv cm::gen nv::nv mark::comma
hoton i matun i ninggu de beye iletu tuci fi gabta ra niyalma gemu matun ci ebu fi ,	nv::nv cm::gen nv::nv cm::gen nv::nv cm::dat nv::nv nv::adj verb::vv e::cve verb::vv e::npst.ptcp nv::nv nv::nv nv::nv cm::abl verb::vv e::cve mark::comma
bithe bu fi unggi he ,	nv::nv verb::vv e::cve verb::vv e::pst.ptcp mark::comma
○ borhoi beiguwan ,	mark::circle nn::prpn.person nv::nv mark::comma
ilan minggan ihan ,	nv::nv nv::nv nv::nv mark::comma
juwe jergi jeku gemu bu he se re jaka de ,	nv::nv nv::nv nv::nv nv::nv verb::vv e::pst.ptcp verb::vv e::npst.ptcp nv::nv cm::dat mark::comma
jase nei ki usin tari ki seme tuwana me gene fi ,	nv::nv verb::vv e::fve.opt nv::nv verb::vv e::fve.opt comp verb::vv e::cve verb::vv e::cve mark::comma
tere ji he kalka i monggo be bošo fi ,	nv::nv verb::vv e::pst.ptcp nv::nv cm::gen nv::nv cm::acc verb::vv e::cve mark::comma
ice ilan de wasimbu ha ,	nv::adj nv::nv cm::dat verb::vv e::pst.ptcp mark::comma
gurun de jeku i alban jafa ci ,	nv::nv cm::dat nv::nv cm::gen nv::nv verb::vv e::cve mark::comma
○ fa ho ,	mark::circle nv::nv nv::nv mark::comma
tsanjiyang ni hergen šajin gebungge niyalma be ,	nv::nv cm::gen nv::nv nv::nv nv::adj nv::nv cm::acc mark::comma
ciyandzung ni hergen bu he .	nv::nv cm::gen nv::nv verb::vv e::pst.ptcp mark::period
baita ,	nv::nv mark::comma
emu tanggū ihan ,	nv::nv nv::nv nv::nv mark::comma
mao_wen_lung ,	nn::prpn mark::comma
emu yan de cifun emu jiha gai fi ,	nv::nv nv::nv cm::dat nv::nv nv::nv nv::nv verb::vv e::cve mark::comma
ajige nimaha juwe minggan duin tanggū ,	nv::adj nv::nv nv::nv nv::nv nv::nv nv::nv mark::comma
degelei_age ,	nn::prpn mark::comma
juwe niyalma de ciyandzung ni hergen bu fi ,	nv::nv nv::nv cm::dat nv::nv cm::gen nv::nv verb::vv e::cve mark::comma
tere mene enteheme beye de singge mbi dere ,	nv::nv nv::nv nv::nv nv::nv cm::dat verb::vv e::fve.npst ptcl mark::comma
cooha gai fi yabu re beile se amban sa gai fi tomohoi_bira be bitu me tuwakiya me bisi re de ,	nv::nv verb::vv e::cve verb::vv e::npst.ptcp nv::nv nv::nv nv::nv nv::nv verb::vv e::cve nn::prpn cm::acc verb::vv e::cve verb::vv e::cve verb::vv e::npst.ptcp cm::dat mark::comma
nomohon gulhun isuli_ho_wei i du_jy_hūi_ciyanši utaiju ,	nv::nv nv::adj nn::prpn cm::gen nv::nv nn::prpn.person mark::comma
moro fila eiten hacin i tetun yooni bu ∅ ,	nv::nv nv::nv nv::adj nv::nv cm::gen nv::nv nv::nv verb::vv e::fve.imperative mark::comma
jušen nikan forgošo me hūlaša me te he ba kai ,	nv::nv nv::nv verb::vv e::cve verb::vv e::cve verb::vv e::pst.ptcp nv::nv ptcl mark::comma
ku i maise unggi ∅ ,	nv::nv cm::gen nv::nv verb::vv e::fve.imperative mark::comma
kemuni geli jobo ho doro bi o ,	nv::nv nv::nv verb::vv e::pst.ptcp nv::nv verb::vv.npst ptcl mark::comma
han jili banji fi huthu me ganabu fi ,	nv::nv nv::nv verb::vv e::cve verb::vv e::cve verb::vv e::cve mark::comma
haha be gemu wa ha ,	nv::nv cm::acc nv::nv verb::vv e::pst.ptcp mark::comma
gene re de ,	verb::vv e::npst.ptcp cm::dat mark::comma
jai juwe ba de komsokon ili ha cooha ,	nv::nv nv::nv nv::nv cm::dat nv::adj verb::vv e::pst.ptcp nv::nv mark::comma
hecen i niyalma cooha gemu suwaliya me min de olji o mbi seme hendu re jaka de ,	nv::nv cm::gen nv::nv nv::nv nv::nv verb::vv e::cve pn::1sg cm::dat nv::nv verb::vv e::fve.npst comp verb::vv e::npst.ptcp nv::nv cm::dat mark::comma
gemu meni meni ama emete ba de sinda fi unggi ∅ se ci ojo rakū ,	nv::nv nv::nv nv::nv nv::nv nv::nv nv::nv cm::dat verb::vv e::cve verb::vv e::fve.imperative verb::vv e::cve verb::vv e::npst.ptcp.neg mark::comma
ehe wehe be waliyabu mbi ,	nv::adj nv::nv cm::acc verb::vv e::fve.npst mark::comma
julergi de anafu te he amban sa ,	nv::nv cm::dat nv::nv verb::vv e::pst.ptcp nv::nv nv::nv mark::comma
jai nikan i han'_lin_yuwan ,	nv::nv nv::nv cm::gen nn::prpn mark::comma
tere ilan beile i te he ba de gene fi ,	nv::nv nv::nv nv::nv cm::gen verb::vv e::pst.ptcp nv::nv cm::dat verb::vv e::cve mark::comma
gurbusi elcin ,	nn::prpn.person nv::nv mark::comma
muhaliyan de tanggū yan i weile ara ha ,	nv::nv cm::dat nv::nv nv::nv cm::gen nv::nv verb::vv e::pst.ptcp mark::comma
gisun ci nakabu ha ,	nv::nv cm::abl verb::vv e::pst.ptcp mark::comma
emu morin de enggemu hadala toho hoi uksin saca aci hai ,	nv::nv nv::nv cm::dat nv::nv nv::nv verb::vv e::cve nv::nv nv::nv verb::vv e::cve mark::comma
han de hengkile me seke benji me ji he .	nv::nv cm::dat verb::vv e::cve nv::nv verb::vv e::cve verb::vv e::pst.ptcp mark::period
sai fi juwete ,	verb::vv e::cve nv::nv mark::comma
ehe be ehe seme han de ala mbi ,	nv::adj cm::acc nv::adj comp nv::nv cm::dat verb::vv e::fve.npst mark::comma
gurun i be sarkū ,	nv::nv cm::gen cm::acc nv::nv mark::comma
abka na wakala fi ehe sui men de isi kini .	nv::nv nv::nv verb::vv e::cve nv::adj nv::nv pn::1pl.excl cm::dat verb::vv e::fve.opt mark::period
julergi donggo i golo de dosi ka dain be bai me gene he ,	nv::nv nn::prpn.plc cm::gen nv::nv cm::dat verb::vv e::pst.ptcp nv::nv cm::acc verb::vv e::cve verb::vv e::pst.ptcp mark::comma
min de gūwa i dasa ha sain onco ba be bu cina seme hendu he manggi ,	pn::1sg cm::dat nv::nv cm::gen verb::vv e::pst.ptcp nv::adj nv::adj nv::nv cm::acc verb::vv e::fve.opt comp verb::vv e::pst.ptcp nv::nv mark::comma
efi me inje me hebe i icihiya me halabu rakū ,	verb::vv e::cve verb::vv e::cve nv::nv cm::gen verb::vv e::cve verb::vv e::npst.ptcp.neg mark::comma
uksin saca aci fi bu re ,	nv::nv nv::nv verb::vv e::cve verb::vv e::npst.ptcp mark::comma
ilan jergi amba poo miyoocan be dasa fi sinda ra niyalma yafahan ebu fi te he ,	nv::nv nv::nv nv::adj nv::nv nv::nv cm::acc verb::vv e::cve verb::vv e::npst.ptcp nv::nv nv::adj verb::vv e::cve verb::vv e::pst.ptcp mark::comma
ilaci jergi iogi obu ha ,	nv::nv nv::nv nv::nv verb::vv e::pst.ptcp mark::comma
nikan be gabta me wa ha seme wa ra weilengge niyalma be ,	nv::nv cm::acc verb::vv e::cve verb::vv e::pst.ptcp comp verb::vv e::npst.ptcp nv::adj nv::nv cm::acc mark::comma
dahai be sele futa hūwaita fi ,	nn::prpn.person cm::acc nv::nv nv::nv verb::vv e::cve mark::comma
emu aniya gecuheri suje udu jodo mbi ,	nv::nv nv::nv nv::nv nv::nv nv::nv verb::vv e::fve.npst mark::comma
yehe i ba de ,	nv::nv cm::gen nv::nv cm::dat mark::comma
han de juwe fengse de elu uji fi benji he seme ,	nv::nv cm::dat nv::nv nv::nv cm::dat nv::nv verb::vv e::cve verb::vv e::pst.ptcp comp mark::comma
borjin_hiya ,	nn::prpn mark::comma
tere emu tanggū dehi niyalma be geli sinda fi unggi he ,	nv::nv nv::nv nv::nv nv::nv nv::nv cm::acc nv::nv verb::vv e::cve verb::vv e::pst.ptcp mark::comma
ice niyalma seme weile waliya ha .	nv::adj nv::nv comp nv::nv verb::vv e::pst.ptcp mark::period
wan_lii i orin emuci aniya uyun biya i orin ilan de baha ha ,	nn::prpn cm::gen nv::nv nv::nv nv::nv nv::nv nv::nv cm::gen nv::nv nv::nv cm::dat verb::vv e::pst.ptcp mark::comma
○ juwan nadan de ,	mark::circle nv::nv nv::nv cm::dat mark::comma
jai cimari ,	nv::nv nv::nv mark::comma
gungge niyalma be takūra ra ngge ,	nv::nv nv::nv cm::acc verb::vv e::npst.ptcp nmlz::nmlz mark::comma
han ,	nv::nv mark::comma
fe kemuni gai ∅ ,	nv::adj nv::nv verb::vv e::fve.imperative mark::comma
tari re usin icihiya me bu mbi kai ,	verb::vv e::npst.ptcp nv::nv verb::vv e::cve verb::vv e::fve.npst ptcl mark::comma
han de ala me ,	nv::nv cm::dat verb::vv e::cve mark::comma
šojugū janggin ,	nn::prpn.person nv::nv mark::comma
aca fi te he nikan ,	verb::vv e::cve verb::vv e::pst.ptcp nv::nv mark::comma
sunja minggan morin baha ha ,	nv::nv nv::nv nv::nv verb::vv e::pst.ptcp mark::comma
jing_an_pu ,	nn::prpn mark::comma
enggemu hadala toho ho juwe morin ,	nv::nv nv::nv verb::vv e::pst.ptcp nv::nv nv::nv mark::comma
sunjata niyehe ,	nv::nv nv::nv mark::comma
duin hehe ,	nv::nv nv::nv mark::comma
puse noho suje emte ,	nv::nv nv::nv nv::nv nv::nv mark::comma
jebele ,	nv::nv mark::comma
ula de emu feye baha ha ,	nv::nv cm::dat nv::nv nv::nv verb::vv e::pst.ptcp mark::comma
ulha yada ra šada ra be suwen i bi kini se re ba de weri fi ji ∅ .	nv::nv verb::vv e::npst.ptcp verb::vv e::npst.ptcp cm::acc pn::2pl cm::gen verb::vv e::fve.opt verb::vv e::npst.ptcp nv::nv cm::dat verb::vv e::cve verb::vv e::fve.imperative mark::period
fila ,	nv::nv mark::comma
emu gūsa i emte iogi ,	nv::nv nv::nv cm::gen nv::nv nv::nv mark::comma
fuli ,	nv::nv mark::comma
emu gūsa i emte iogi gai fi te kini ,	nv::nv nv::nv cm::gen nv::nv nv::nv verb::vv e::cve verb::vv e::fve.opt mark::comma
bojiri beye juwe biya i ice jakūn de isinji ha .	nn::prpn.person nv::nv nv::nv nv::nv cm::gen nv::adj nv::nv cm::dat verb::vv e::pst.ptcp mark::period
○ busan bi ,	mark::circle nn::prpn.person verb::vv.npst mark::comma
○ jonggodoi be ,	mark::circle nn::prpn.person cm::acc mark::comma
jase i tule ilibu ∅ ,	nv::nv cm::gen nv::nv verb::vv e::fve.imperative mark::comma
afa ci ojo rakū o ho manggi ,	verb::vv e::cve verb::vv e::npst.ptcp.neg verb::vv e::pst.ptcp nv::nv mark::comma
beile se de honin ,	nv::nv nv::nv cm::dat nv::nv mark::comma
wakala me hendu re niyalma i gisun inu o ci ,	verb::vv e::cve verb::vv e::npst.ptcp nv::nv cm::gen nv::nv nv::nv verb::vv e::cve mark::comma
tere golo be gemu gai ha ,	nv::nv nv::nv cm::acc nv::nv verb::vv e::pst.ptcp mark::comma
han de waka sabu fi weile baha fi boo yada kini ,	nv::nv cm::dat nv::adj verb::vv e::cve nv::nv verb::vv e::cve nv::nv verb::vv e::fve.opt mark::comma
nikan i boo de acan te re ,	nv::nv cm::gen nv::nv cm::dat nv::nv verb::vv e::npst.ptcp mark::comma
sebun i jui gene he .	nn::prpn.person cm::gen nv::nv verb::vv e::pst.ptcp mark::period
jori ha jurgan be jurce rakū seme beiguwan obu ha .	verb::vv e::pst.ptcp nv::nv cm::acc verb::vv e::npst.ptcp.neg comp nv::nv verb::vv e::pst.ptcp mark::period
maise ulebu re facuhūn yabu ci ,	nv::nv verb::vv e::npst.ptcp nv::adj verb::vv e::cve mark::comma
horho ninggute ,	nv::nv nv::nv mark::comma
nangnuk i nadan boo ,	nn::prpn.person cm::gen nv::nv nv::nv mark::comma
han'_i wesimbu he bithe i gisun ,	nn::prpn verb::vv e::pst.ptcp nv::nv cm::gen nv::nv mark::comma
min i juse omosi jalan hala me han de gosibu me wesihun banji kini .	pn::1sg cm::gen nv::nv nv::nv nv::nv verb::vv e::cve nv::nv cm::dat verb::vv e::cve nv::nv verb::vv e::fve.opt mark::period
medege fonji ci ,	nv::nv verb::vv e::cve mark::comma
ukambu ci waliyabu ci si tooda ∅ ,	verb::vv e::cve verb::vv e::cve pn::2sg verb::vv e::fve.imperative mark::comma
enggeder ,	nn::prpn.person mark::comma
jori ha jurgan be jurce rakū seme ,	verb::vv e::pst.ptcp nv::nv cm::acc verb::vv e::npst.ptcp.neg comp mark::comma
borjin fujiyang tene he ,	nn::prpn.person nv::nv verb::vv e::pst.ptcp mark::comma
suwen i dahūbu ha mujangga kai ,	pn::2pl cm::gen verb::vv e::pst.ptcp nv::adj ptcl mark::comma
ahūn gisha de iogi hergen bu fi ,	nv::nv nn::prpn.person cm::dat nv::nv nv::nv verb::vv e::cve mark::comma
irgen i mujilen de acabu me yabu ci ,	nv::nv cm::gen nv::nv cm::dat verb::vv e::cve verb::vv e::cve mark::comma
jirgalang_age i sadun ,	nn::prpn cm::gen nv::nv mark::comma
han i gosi me bu he hergen i šang ni dabala ,	nv::nv cm::gen verb::vv e::cve verb::vv e::pst.ptcp nv::nv cm::gen nv::nv cm::gen ptcl mark::comma
emu feye langtula bu ha seme nadan yan i weile waliya mbi ,	nv::nv nv::nv verb::vv sfx e::pst.ptcp comp nv::nv nv::nv cm::gen nv::nv verb::vv e::fve.npst mark::comma
duin yan i weile waliya mbi .	nv::nv nv::nv cm::gen nv::nv verb::vv e::fve.npst mark::period
uka ka niyalma i beye de bisi re ulin tanggū yan bi ci ,	verb::vv e::pst.ptcp nv::nv cm::gen nv::nv cm::dat verb::vv e::npst.ptcp nv::nv nv::nv nv::nv verb::vv e::cve mark::comma
suwen i ilan nofi waka be sa ha seme hendu re niyalma akū kai ,	pn::2pl cm::gen nv::nv nv::nv nv::adj cm::acc verb::vv e::pst.ptcp comp verb::vv e::npst.ptcp nv::nv nv::adj ptcl mark::comma
i encule me sinda habi ,	pn::3sg verb::vv e::cve verb::vv e::fve.prs.prf mark::comma
tere be sabu fi ,	nv::nv cm::acc verb::vv e::cve mark::comma
sunjata tanggū cooha be gai fi ,	nv::nv nv::nv nv::nv cm::acc verb::vv e::cve mark::comma
ainu cira fulara fi mara ha seme wakala fi ,	nv::nv nv::nv verb::vv e::cve verb::vv e::pst.ptcp comp verb::vv e::cve mark::comma
min i kadala ra emu niru i cooha be iogi tsanjiyang ci fakca rakū ,	pn::1sg cm::gen verb::vv e::npst.ptcp nv::nv nv::nv cm::gen nv::nv cm::acc nv::nv nv::nv cm::abl verb::vv e::npst.ptcp.neg mark::comma
o hakū mara ha seme tanta ha turgun de ,	verb::vv e::pst.ptcp.neg verb::vv e::pst.ptcp comp verb::vv e::pst.ptcp nv::nv cm::dat mark::comma
anafu te me gene mbi seme ala ∅ ,	nv::nv verb::vv e::cve verb::vv e::fve.npst comp verb::vv e::fve.imperative mark::comma
aha i emgi uhe etu ∅ ,	nv::nv cm::gen nv::nv nv::nv verb::vv e::fve.imperative mark::comma
hūda gene he ninju niyalma be wabu ha dere ,	nv::nv verb::vv e::pst.ptcp nv::nv nv::nv cm::acc verb::vv e::pst.ptcp ptcl mark::comma
uji he baili be gūni me saha me wacihiya rakū ūn .	verb::vv e::pst.ptcp nv::nv cm::acc verb::vv e::cve verb::vv e::cve verb::vv e::npst.ptcp.neg ptcl mark::period
si facuhūn ,	pn::2sg nv::adj mark::comma
gemu liyeliye fi fudasihūn jurgan be yabu me ,	nv::nv verb::vv e::cve nv::adj nv::nv cm::acc verb::vv e::cve mark::comma
dorgi ulan i dorgi gencehen i sejen kalka faida fi ,	nv::nv nv::nv cm::gen nv::nv nv::nv cm::gen nv::nv nv::nv verb::vv e::cve mark::comma
min i beye holo ojo ro ayoo seme ulhibu mbi .	pn::1sg cm::gen nv::nv nv::nv verb::vv e::npst.ptcp nv::nv comp verb::vv e::fve.npst mark::period
ebi re be jete rakū ,	verb::vv e::npst.ptcp cm::acc verb::vv e::npst.ptcp.neg mark::comma
beile se amban sa wabu re ,	nv::nv nv::nv nv::nv nv::nv verb::vv e::npst.ptcp mark::comma
weile re alban i niyalma de juwe boso bu he ,	verb::vv e::npst.ptcp nv::nv cm::gen nv::nv cm::dat nv::nv nv::nv verb::vv e::pst.ptcp mark::comma
tere ci jilakan ai bi ,	nv::nv cm::abl nv::nv nv::nv verb::vv.npst mark::comma
tari ha jeku be tama ha manggi ,	verb::vv e::pst.ptcp nv::nv cm::acc verb::vv e::pst.ptcp nv::nv mark::comma
fujiyang de gūsita haha bu he .	nv::nv cm::dat nv::nv nv::nv verb::vv e::pst.ptcp mark::period
muse i cooha be suilabu rakū dain be ete ci ,	nv::nv cm::gen nv::nv cm::acc verb::vv e::npst.ptcp.neg nv::nv cm::acc verb::vv e::cve mark::comma
tutala tana be ainu tucibu rakū ,	nv::nv nv::nv cm::acc nv::nv verb::vv e::npst.ptcp.neg mark::comma
han de waka sabu fi weile baha fi boo yada kini ,	nv::nv cm::dat nv::adj verb::vv e::cve nv::nv verb::vv e::cve nv::nv verb::vv e::fve.opt mark::comma
kalka i beile se i ukanju tuwakiya ra saracin sa mbi ,	nv::nv cm::gen nv::nv nv::nv cm::gen nv::nv verb::vv e::npst.ptcp nv::nv verb::vv e::fve.npst mark::comma
○ orin ninggun de ,	mark::circle nv::nv nv::nv cm::dat mark::comma
ere jeku be aniya biya be ambu me hūdun doola me wacihiya ∅ ,	nv::nv nv::nv cm::acc nv::nv nv::nv cm::acc verb::vv e::cve nv::adj verb::vv e::cve verb::vv e::fve.imperative mark::comma
beile se i beye ,	nv::nv nv::nv cm::gen nv::nv mark::comma
sin be sunjaci jui obu habi kai ,	pn::2sg cm::acc nv::nv nv::nv verb::vv e::fve.prs.prf ptcl mark::comma
ehe sain be dere bani rakū ,	nv::adj nv::adj cm::acc nv::nv verb::vv e::npst.ptcp.neg mark::comma
gemu gebakū de tooda me gai ha ,	nv::nv nn::prpn.person cm::dat verb::vv e::cve verb::vv e::pst.ptcp mark::comma
ebu rakū ci muse i cooha i niyalma tere tai be saci me tuhebu kini seme hendu fi unggi he ,	verb::vv e::npst.ptcp.neg e::cve nv::nv cm::gen nv::nv cm::gen nv::nv nv::nv nv::nv cm::acc verb::vv e::cve verb::vv e::fve.opt comp verb::vv e::cve verb::vv e::pst.ptcp mark::comma
bata kimun seme gida rakū ,	nv::nv nv::nv comp verb::vv e::npst.ptcp.neg mark::comma
busan be dzung_bing_guwan i hergen obu ha ,	nn::prpn.person cm::acc nv::nv cm::gen nv::nv verb::vv e::pst.ptcp mark::comma
○ šajin niru i niyalma i sadula ha sargan jui be ,	mark::circle nv::nv nv::nv cm::gen nv::nv cm::gen verb::vv e::pst.ptcp nv::nv nv::nv cm::acc mark::comma
ilan šeo_pu de juwete niyalma ,	nv::nv nv::nv cm::dat nv::nv nv::nv mark::comma
orin emu de wasimbu ha ,	nv::nv nv::nv cm::dat verb::vv e::pst.ptcp mark::comma
han hendu me ,	nv::nv verb::vv e::cve mark::comma
emu ihan bu he .	nv::nv nv::nv verb::vv e::pst.ptcp mark::period
wan_lii i orin sunjaci aniya sunja biya i ice de baha ha ,	nn::prpn cm::gen nv::nv nv::nv nv::nv nv::nv nv::nv cm::gen nv::adj cm::dat verb::vv e::pst.ptcp mark::comma
ere yehe i gintaisi ,	nv::nv nv::nv cm::gen nn::prpn.person mark::comma
han i afabu ha jurgan be ,	nv::nv cm::gen verb::vv e::pst.ptcp nv::nv cm::acc mark::comma
na ci šanggiyan siren tuci fi abka de sucu ha bi he ,	nv::nv cm::abl nv::nv nv::nv verb::vv e::cve nv::nv cm::dat verb::vv e::pst.ptcp verb::vv e::pst.ptcp mark::comma
ebugedei juwan juwe boo ,	nn::prpn.person nv::nv nv::nv nv::nv mark::comma
○ ninggun biya de ,	mark::circle nv::nv nv::nv cm::dat mark::comma
tuba de te hei bi he de suwen de elhe akū ,	nv::nv cm::dat verb::vv e::cve verb::vv e::pst.ptcp cm::dat pn::2pl cm::dat nv::nv nv::adj mark::comma
buta ha sinda ha sinda hakū niyalma de ,	verb::vv e::pst.ptcp verb::vv e::pst.ptcp verb::vv e::pst.ptcp.neg nv::nv cm::dat mark::comma
yangsa me tuta habi ,	verb::vv e::cve verb::vv e::fve.prs.prf mark::comma
fujiyang ci fakca ha de ,	nv::nv cm::abl verb::vv e::pst.ptcp cm::dat mark::comma
loho gida ,	nv::nv nv::nv mark::comma
tuttu o ho de ,	nv::nv verb::vv e::pst.ptcp cm::dat mark::comma
gurun i doro efule re hutu kai ,	nv::nv cm::gen nv::nv verb::vv e::npst.ptcp nv::nv ptcl mark::comma
erdeni_baksi ,	nn::prpn mark::comma
jakūta de emte feye baha ha seme ,	nv::nv cm::dat nv::nv nv::nv verb::vv e::pst.ptcp comp mark::comma
nimaha ,	nv::nv mark::comma
weile ara mbi ,	nv::nv verb::vv e::fve.npst mark::comma
monggo gurun i korcin i ba i beile se be bai me ji fi bi he ,	nv::nv nv::nv cm::gen nn::prpn.plc cm::gen nv::nv cm::gen nv::nv nv::nv cm::acc verb::vv e::cve verb::vv e::cve verb::vv e::pst.ptcp mark::comma
buce ci ,	verb::vv e::cve mark::comma
be_gi_jai i niyalma be ubaša mbi seme ,	nn::prpn cm::gen nv::nv cm::acc verb::vv e::fve.npst comp mark::comma
○ ganggada i kadala ra jang_da_gung ,	mark::circle nn::prpn.person cm::gen verb::vv e::npst.ptcp nn::prpn mark::comma
unenggi gurun ejele he doro jafa ha amban mujangga ,	nv::adj nv::nv verb::vv e::pst.ptcp nv::nv verb::vv e::pst.ptcp nv::nv nv::adj mark::comma
menggun ,	nv::nv mark::comma
sonom ,	nn::prpn.person mark::comma
nene me hūlun gemu emu ici o fi ,	verb::vv e::cve nn::prpn.plc nv::nv nv::nv nv::nv verb::vv e::cve mark::comma
ajige tungken emken ,	nv::adj nv::nv nv::nv mark::comma
muse juwe gurun abka na de gashū ha ngge unenggi ,	pn::1pl.incl nv::nv nv::nv nv::nv nv::nv cm::dat verb::vv e::pst.ptcp nmlz::nmlz nv::adj mark::comma
jakūta de emu feye ,	nv::nv cm::dat nv::nv nv::nv mark::comma
juwe honin wa fi ,	nv::nv nv::nv verb::vv e::cve mark::comma
ehe_holo ,	nn::prpn mark::comma
hai_si ukan_ho_wei i du_jy_hūi_ciyanši bada i jui hūrhan ,	nn::prpn nn::prpn cm::gen nv::nv nv::adj cm::gen nv::nv nv::nv mark::comma
○ sakca be ,	mark::circle nn::prpn.person cm::acc mark::comma
han i bithe ,	nv::nv cm::gen nv::nv mark::comma
hada i gurun ,	nn::prpn.plc cm::gen nv::nv mark::comma
ai ai gisun o ci ,	nv::nv nv::nv nv::nv verb::vv e::cve mark::comma
jori ha jurgan be jurce rakū seme beiguwan obu ha .	verb::vv e::pst.ptcp nv::nv cm::acc verb::vv e::npst.ptcp.neg comp nv::nv verb::vv e::pst.ptcp mark::period
ula ,	nv::nv mark::comma
buda i jui enggelei ,	nv::nv cm::gen nv::nv nn::prpn.person mark::comma
sele_age i tofohon yan i eje he gung be jaciba ji fi faita ha .	nn::prpn cm::gen nv::nv nv::nv cm::gen verb::vv e::pst.ptcp nv::nv cm::acc nn::prpn.person verb::vv e::cve verb::vv e::pst.ptcp mark::period
jang_meng_jao ,	nn::prpn mark::comma
tuttu akū amasi ji mbi se ci ji ∅ ,	nv::nv nv::adj nv::nv verb::vv e::fve.npst verb::vv e::cve verb::vv e::fve.imperative mark::comma
ai ai buyara me gaija ra alban be nakabu ha ,	nv::nv nv::nv verb::vv e::cve verb::vv e::npst.ptcp nv::nv cm::acc verb::vv e::pst.ptcp mark::comma
cooha gene he ilaci jergi dzung_bing_guwan unege de emu temen ,	nv::nv verb::vv e::pst.ptcp nv::nv nv::nv nv::nv nn::prpn.person cm::dat nv::nv nv::nv mark::comma
mao_wen_lung ,	nn::prpn mark::comma
abka uruše fi ,	nv::nv verb::vv e::cve mark::comma
yahican ,	nn::prpn.person mark::comma
je ci ,	verb::vv e::cve mark::comma
unenggi dain o ci ,	nv::adj nv::nv verb::vv e::cve mark::comma
sele ,	nv::nv mark::comma
ulhu i haya ha jibca ilan ,	nv::nv cm::gen verb::vv e::pst.ptcp nv::nv nv::nv mark::comma
fujin i gaji ha dehi monggo be gemu bu he .	nv::nv cm::gen verb::vv e::pst.ptcp nv::nv nv::nv cm::acc nv::nv verb::vv e::pst.ptcp mark::period
ula de juwe ba langtula bu ha ,	nv::nv cm::dat nv::nv nv::nv verb::vv sfx e::pst.ptcp mark::comma
uru niyalma be urule ki se ci ,	nv::nv nv::nv cm::acc verb::vv e::fve.opt verb::vv e::cve mark::comma
dacun loho jafa habi ,	nv::adj nv::nv verb::vv e::fve.prs.prf mark::comma
be jobo kini ,	pn::1pl.excl verb::vv e::fve.opt mark::comma
tere gisun be birai_wargi ci uka me ji he niyalma gemu ala mbi ,	nv::nv nv::nv cm::acc nn::prpn cm::abl verb::vv e::cve verb::vv e::pst.ptcp nv::nv nv::nv verb::vv e::fve.npst mark::comma
nikan i uksin be gemu dasa fi bu ki .	nv::nv cm::gen nv::nv cm::acc nv::nv verb::vv e::cve verb::vv e::fve.opt mark::period
poo miyoocan emdubei sinda ci tuci rakū ,	nv::nv nv::nv nv::nv verb::vv e::cve verb::vv e::npst.ptcp.neg mark::comma
monggo gama mbi kai ,	nv::nv verb::vv e::fve.npst ptcl mark::comma
sunja tanggū juwan emu angga ,	nv::nv nv::nv nv::nv nv::nv nv::nv mark::comma
dehi jakūn se de ,	nv::nv nv::nv nv::nv cm::dat mark::comma
hoifa de emu feye ,	nn::prpn.plc cm::dat nv::nv nv::nv mark::comma
emu losa ,	nv::nv nv::nv mark::comma
bithe ara fi gaji ∅ seme hendu he manggi ,	nv::nv verb::vv e::cve verb::vv e::fve.imperative comp verb::vv e::pst.ptcp nv::nv mark::comma
hehe juse ulha be gai ci tetendere ,	nv::nv nv::nv nv::nv cm::acc verb::vv e::cve nv::nv mark::comma
kipai i jui erketu ,	nn::prpn.person cm::gen nv::nv nn::prpn.person mark::comma
guwangning ni niyalma ,	nn::prpn.plc cm::gen nv::nv mark::comma
iogi yahū ,	nv::nv nn::prpn.person mark::comma
menggun ilan minggan duin tanggū yan ,	nv::nv nv::nv nv::nv nv::nv nv::nv nv::nv mark::comma
kalka i beile se de eje he bu me ,	nv::nv cm::gen nv::nv nv::nv cm::dat verb::vv e::pst.ptcp verb::vv e::cve mark::comma
○ juwan juwe de ,	mark::circle nv::nv nv::nv cm::dat mark::comma
oihorila me jafa fi geli ukambu rahū .	verb::vv e::cve verb::vv e::cve nv::nv verb::vv e::fve.prv mark::period
buya gašan i niyalma ,	nv::adj nv::nv cm::gen nv::nv mark::comma
suwen i nikan i wan_lii_han ,	pn::2pl cm::gen nv::nv cm::gen nn::prpn mark::comma
dehi tumen monggo ,	nv::nv nv::nv nv::nv mark::comma
efu i deo manggūldai_taiji emde ji mbi ,	nv::nv cm::gen nv::nv nn::prpn nv::nv verb::vv e::fve.npst mark::comma
fujiyang yabu ci ,	nv::nv verb::vv e::cve mark::comma
tere fon de ,	nv::nv nv::nv cm::dat mark::comma
min i juse omosi jalan hala me han de gosibu me wesihun banji kini .	pn::1sg cm::gen nv::nv nv::nv nv::nv verb::vv e::cve nv::nv cm::dat verb::vv e::cve nv::nv verb::vv e::fve.opt mark::period
wangšan de bu he aha jušen be gemu gai ha ,	nn::prpn.person cm::dat verb::vv e::pst.ptcp nv::nv nv::nv cm::acc nv::nv verb::vv e::pst.ptcp mark::comma
○ ice ninggun de beide he gisun ,	mark::circle nv::adj nv::nv cm::dat verb::vv e::pst.ptcp nv::nv mark::comma
icihiya me tari mbi kai .	verb::vv e::cve verb::vv e::fve.npst ptcl mark::period
○ juwan jakūn de ,	mark::circle nv::nv nv::nv cm::dat mark::comma
○ singgiya be ,	mark::circle nn::prpn.person cm::acc mark::comma
šose ,	nn::prpn.person mark::comma
weri weile de da fi juse omosi de dain be weri re ngge ,	nv::nv nv::nv cm::dat verb::vv e::cve nv::nv nv::nv cm::dat nv::nv cm::acc verb::vv e::npst.ptcp nmlz::nmlz mark::comma
○ niowanggiyan singgeri aniya ninggun biya i orin de ,	mark::circle nv::adj nv::nv nv::nv nv::nv nv::nv cm::gen nv::nv cm::dat mark::comma
baitakū niyalma be wa ∅ ,	nv::adj nv::nv cm::acc verb::vv e::fve.imperative mark::comma
wa ha niyalma i hehe juse i etu he etuku be ume su me gaija ra ,	verb::vv e::pst.ptcp nv::nv cm::gen nv::nv nv::nv cm::gen verb::vv e::pst.ptcp nv::nv cm::acc nv::nv verb::vv e::cve verb::vv e::npst.ptcp mark::comma
sirdan ,	nv::nv mark::comma
budasiri i elcin ,	nn::prpn.person cm::gen nv::nv mark::comma
da ci batangga nikan gurun be emu hebe i daila ki se re gisun uru kai ,	nv::nv cm::abl nv::adj nv::nv nv::nv cm::acc nv::nv nv::nv cm::gen verb::vv e::fve.opt verb::vv e::npst.ptcp nv::nv nv::nv ptcl mark::comma
tere golo be gemu dahabu fi uju fusi ha ,	nv::nv nv::nv cm::acc nv::nv verb::vv e::cve nv::nv verb::vv e::pst.ptcp mark::comma
sain be sain ,	nv::adj cm::acc nv::adj mark::comma
iogi de emte minggan haha bu he ,	nv::nv cm::dat nv::nv nv::nv nv::nv verb::vv e::pst.ptcp mark::comma
○ unege be ,	mark::circle nn::prpn.person cm::acc mark::comma
beiguwan i jergi baksi ,	nv::nv cm::gen nv::nv nv::nv mark::comma
dobihi i dahū emken ,	nv::nv cm::gen nv::nv nv::nv mark::comma
imatu .	nn::prpn.person mark::period
eidu_baturu be ,	nn::prpn cm::acc mark::comma
○ eksingge_baksi de karun saikan sinda ∅ ,	mark::circle nn::prpn cm::dat nv::nv nv::adj verb::vv e::fve.imperative mark::comma
ilan biya i orin nadan de gene re de ,	nv::nv nv::nv cm::gen nv::nv nv::nv cm::dat verb::vv e::npst.ptcp cm::dat mark::comma
tanggū uksin de tanggū yan menggun šangna ∅ ,	nv::nv nv::nv cm::dat nv::nv nv::nv nv::nv verb::vv e::fve.imperative mark::comma
han i elcin waka kai ,	nv::nv cm::gen nv::nv nv::adj ptcl mark::comma
juwe losa ,	nv::nv nv::nv mark::comma
tere niyalma i emde gene he gucu ,	nv::nv nv::nv cm::gen nv::nv verb::vv e::pst.ptcp nv::nv mark::comma
○ ci_giya_pu be ,	mark::circle nn::prpn cm::acc mark::comma
monggo i cooha be taka fi ,	nv::nv cm::gen nv::nv cm::acc verb::vv e::cve mark::comma
laba bileri fulgiye me jase tuci me fude kini ,	nv::nv nv::nv verb::vv e::cve nv::nv verb::vv e::cve verb::vv e::fve.opt mark::comma
uhereme susai ilan šangna ha .	nv::nv nv::nv nv::nv verb::vv e::pst.ptcp mark::period
fejergi niyalma be jobobu me ulin gai fi ,	nv::nv nv::nv cm::acc verb::vv e::cve nv::nv verb::vv e::cve mark::comma
○ jaisai_beile de bu he ngge ,	mark::circle nn::prpn cm::dat verb::vv e::pst.ptcp nmlz::nmlz mark::comma
du_tang ,	nv::nv mark::comma
○ nacibu be ,	mark::circle nn::prpn.person cm::acc mark::comma
minggan ,	nv::nv mark::comma
bungkori in de tuhebu fi tanggū šusiha šusihala fi ,	nn::prpn.person pn::3sg cm::dat verb::vv e::cve nv::nv nv::nv verb::vv e::cve mark::comma
sunja amban be ishun de ehe acabu re ,	nv::nv nv::nv cm::acc nv::nv cm::dat nv::adj verb::vv e::npst.ptcp mark::comma
gegen be wesibu fi beiguwan i hergen bu fi ,	nn::prpn.person cm::acc verb::vv e::cve nv::nv cm::gen nv::nv verb::vv e::cve mark::comma
○ ineku tere inenggi ,	mark::circle nv::nv nv::nv nv::nv mark::comma
jase i dorgi jeku bisi re ba i gašan tolo fi ,	nv::nv cm::gen nv::nv nv::nv verb::vv e::npst.ptcp nv::nv cm::gen nv::nv verb::vv e::cve mark::comma
uji ci ojo rakū o fi wa ha .	verb::vv e::cve verb::vv e::npst.ptcp.neg verb::vv e::cve verb::vv e::pst.ptcp mark::period
ejen be ama ara fi ,	nv::nv cm::acc nv::nv verb::vv e::cve mark::comma
abka i kesi de min i beye ajigan ci tanggū minggan cooha de emhun dosi fi ,	nv::nv cm::gen nv::nv cm::dat pn::1sg cm::gen nv::nv nv::adj cm::abl nv::nv nv::nv nv::nv cm::dat nv::nv verb::vv e::cve mark::comma
gūsin etuku ,	nv::nv nv::nv mark::comma
orita yan menggun šangna me bu he ,	nv::nv nv::nv nv::nv verb::vv e::cve verb::vv e::pst.ptcp mark::comma
ume wa ra seme gemu uji he ,	nv::nv verb::vv e::npst.ptcp comp nv::nv verb::vv e::pst.ptcp mark::comma
selgio ,	nn::prpn.person mark::comma
bi geli sain banji re be buye me ,	pn::1sg nv::nv nv::adj verb::vv e::npst.ptcp cm::acc verb::vv e::cve mark::comma
dung_darhan ,	nn::prpn mark::comma
emu tanggū susai boo ,	nv::nv nv::nv nv::nv nv::nv mark::comma
olji komso o ho de ,	nv::nv nv::adj verb::vv e::pst.ptcp cm::dat mark::comma
muke i ilan tumen jušen seme mafari gisure re be donji ha bi he ,	nv::nv cm::gen nv::nv nv::nv nv::nv comp nv::nv verb::vv e::npst.ptcp cm::acc verb::vv e::pst.ptcp verb::vv e::pst.ptcp mark::comma
jai duin niyalma eigen sargan yooni ba de isi tala bene he .	nv::nv nv::nv nv::nv nv::nv nv::nv nv::nv nv::nv cm::dat verb::vv e::cve verb::vv e::pst.ptcp mark::period
men i aba cooha gene he amala ,	pn::1pl.excl cm::gen nv::nv nv::nv verb::vv e::pst.ptcp nv::nv mark::comma
muse juwe gurun sain banji ki ,	pn::1pl.incl nv::nv nv::nv nv::adj verb::vv e::fve.opt mark::comma
tangsu_mafa ,	nn::prpn mark::comma
suwen i tondo mujilen be hendu re gisun ,	pn::2pl cm::gen nv::adj nv::nv cm::acc verb::vv e::npst.ptcp nv::nv mark::comma
han i alban i ihan be ,	nv::nv cm::gen nv::nv cm::gen nv::nv cm::acc mark::comma
jargūci_beile ,	nn::prpn mark::comma
○ baisan be ,	mark::circle nn::prpn.person cm::acc mark::comma
ula de emu feye gidalabu ha ,	nv::nv cm::dat nv::nv nv::nv verb::vv e::pst.ptcp mark::comma
biya i genggiyen i ucuri ,	nv::nv cm::gen nv::adj cm::gen nv::nv mark::comma
si_mu_ceng ni julergi bejang_guwan_tun_gašan i wang_sun_el gebungge bejang gercile me unggi he bithe ,	nn::prpn cm::gen nv::nv nn::prpn cm::gen nn::prpn nv::adj nv::nv verb::vv e::cve verb::vv e::pst.ptcp nv::nv mark::comma
gali ,	nn::prpn.person mark::comma
damu orin uyun hule sunja sin bi ,	nv::nv nv::nv nv::nv nv::nv nv::nv nv::nv verb::vv.npst mark::comma
ho_šui_kiyoo_tai de bahūn_taiji aca fi han de hengkile me aca ha ,	nn::prpn cm::dat nn::prpn verb::vv e::cve nv::nv cm::dat verb::vv e::cve verb::vv e::pst.ptcp mark::comma
sin i harangga pu tun tokso i niyalma be ,	pn::2sg cm::gen nv::nv nv::nv nv::nv nv::nv cm::gen nv::nv cm::acc mark::comma
hooge_ama_beile ,	nn::prpn mark::comma
mao_wen_lung ni šusihiye re gisun de dosi fi ,	nn::prpn cm::gen verb::vv e::npst.ptcp nv::nv cm::dat verb::vv e::cve mark::comma
gemu sain seme amasi wesimbu he ,	nv::nv nv::adj comp nv::nv verb::vv e::pst.ptcp mark::comma
oose janggin ,	nn::prpn.person nv::nv mark::comma
○ ineku tere aniya ,	mark::circle nv::nv nv::nv nv::nv mark::comma
mao_wen_lung ni takūra ha niyalma i gebu jang_hūwai ,	nn::prpn cm::gen verb::vv e::pst.ptcp nv::nv cm::gen nv::nv nn::prpn mark::comma
hai_si ku_ling_wei i du_jy_hūi_ši tangkan i omolo cangtak ,	nn::prpn nn::prpn cm::gen nv::nv nv::nv cm::gen nv::nv nn::prpn.person mark::comma
ai ai jaka tuhe ke be baha ci ,	nv::nv nv::nv nv::nv verb::vv e::pst.ptcp cm::acc verb::vv e::cve mark::comma
ulin de dosi niyalma be wasibu mbi ,	nv::nv cm::dat nv::nv nv::nv cm::acc verb::vv e::fve.npst mark::comma
jamhani ,	nn::prpn.person mark::comma
uyun hala i gurun aca fi cooha ji he be abka wakala fi ,	nv::nv nv::nv cm::gen nv::nv verb::vv e::cve nv::nv verb::vv e::pst.ptcp cm::acc nv::nv verb::vv e::cve mark::comma
meni meni ejen tuwa me sinda kini ,	nv::nv nv::nv nv::nv verb::vv e::cve verb::vv e::fve.opt mark::comma
jušen i emgi kamci me te he nikasa ,	nv::nv cm::gen nv::nv verb::vv e::cve verb::vv e::pst.ptcp nv::nv mark::comma
genggiyen_han hendu me ,	nn::prpn verb::vv e::cve mark::comma
sin i baha ki seme gūni ha jaka ,	pn::2sg cm::gen verb::vv e::fve.opt comp verb::vv e::pst.ptcp nv::nv mark::comma
muse i bithe be neici_beile tuwa fi ,	nv::nv cm::gen nv::nv cm::acc nn::prpn verb::vv e::cve mark::comma
fujiyang ci fakca ha de ,	nv::nv cm::abl verb::vv e::pst.ptcp cm::dat mark::comma
sosori i niru be gai fi amin_beile de bu he ,	nn::prpn.person cm::gen nv::nv cm::acc verb::vv e::cve nn::prpn cm::dat verb::vv e::pst.ptcp mark::comma
suwen i nikan i wan_lii_han ,	pn::2pl cm::gen nv::nv cm::gen nn::prpn mark::comma
bulun i jeku be ,	nv::nv cm::gen nv::nv cm::acc mark::comma
dajuhū ,	nn::prpn.person mark::comma
jao_kindzung ama jui juwe han be baha fi ,	nn::prpn nv::nv nv::nv nv::nv nv::nv cm::acc verb::vv e::cve mark::comma
emke juwe i fakca fi ume yabu re ,	nv::nv nv::nv cm::gen verb::vv e::cve nv::nv verb::vv e::npst.ptcp mark::comma
wang_di_ming uthai emu jaha bai fi ,	nn::prpn nv::nv nv::nv nv::nv verb::vv e::cve mark::comma
hai_si mulu_šan_wei i du_jy_hūi_ciyanši naikuwa ,	nn::prpn nn::prpn cm::gen nv::nv nn::prpn.person mark::comma
ajige gurun be amban obu ci ,	nv::adj nv::nv cm::acc nv::nv verb::vv e::cve mark::comma
dobori o ci ,	nv::nv verb::vv e::cve mark::comma
etu ,	nn::prpn.person mark::comma
min i ufara ha ba be angga de bi waka mujangga seme holto me aliya me gisure re ,	pn::1sg cm::gen verb::vv e::pst.ptcp nv::nv cm::acc nv::nv cm::dat pn::1sg nv::adj nv::adj comp verb::vv e::cve verb::vv e::cve verb::vv e::npst.ptcp mark::comma
sure_kundulen_han ,	nn::prpn mark::comma
duka i niyalma ilibu rakū sinda fi dosimbu ci ,	nv::nv cm::gen nv::nv verb::vv e::npst.ptcp.neg verb::vv e::cve verb::vv e::cve mark::comma
sargan uthai loho jafa fi bata be bošo ho ngge ,	nv::nv nv::nv nv::nv verb::vv e::cve nv::nv cm::acc verb::vv e::pst.ptcp nmlz::nmlz mark::comma
ahūngga jui ajigan ci mujilen buya ,	nv::nv nv::nv nv::adj cm::abl nv::nv nv::adj mark::comma
in i ergen de gele rakū ,	pn::3sg cm::gen nv::nv cm::dat verb::vv e::npst.ptcp.neg mark::comma
tabai ,	nn::prpn.person mark::comma
tere geli ambula jobo ho kai ,	nv::nv nv::nv nv::nv verb::vv e::pst.ptcp ptcl mark::comma
giya_jing ni dehi ilaci aniya ninggun biya i orin juwe de baha ha ,	nn::prpn cm::gen nv::nv nv::nv nv::nv nv::nv nv::nv cm::gen nv::nv nv::nv cm::dat verb::vv e::pst.ptcp mark::comma
○ aisin menggun i hangna ra okto be ara me bahana ra niyalma bi ci tucinu ∅ ,	mark::circle nv::nv nv::nv cm::gen verb::vv e::npst.ptcp nv::nv cm::acc verb::vv e::cve verb::vv e::npst.ptcp nv::nv verb::vv e::cve verb::vv e::fve.imperative mark::comma
min i kadala ra emu jalan i sunja niru i cooha be fujiyang ci fakca rakū ,	pn::1sg cm::gen verb::vv e::npst.ptcp nv::nv nv::nv cm::gen nv::nv nv::nv cm::gen nv::nv cm::acc nv::nv cm::abl verb::vv e::npst.ptcp.neg mark::comma
iogi hergen be nakabu ha .	nv::nv nv::nv cm::acc verb::vv e::pst.ptcp mark::period
duin niongniyaha ,	nv::nv nv::nv mark::comma
emgeri wakala ha niyalma be jai tuwa rakū ,	nv::nv verb::vv e::pst.ptcp nv::nv cm::acc nv::nv verb::vv e::npst.ptcp.neg mark::comma
cooha i geren amban sa hecen ci tuci fi hengkile me aca ha ,	nv::nv cm::gen nv::adj nv::nv nv::nv nv::nv cm::abl verb::vv e::cve verb::vv e::cve verb::vv e::pst.ptcp mark::comma
cooha be kadala me ete mbi seme ilaci jergi dzung_bing_guwan obu ha ,	nv::nv cm::acc verb::vv e::cve verb::vv e::fve.npst comp nv::nv nv::nv nv::nv verb::vv e::pst.ptcp mark::comma
emu aniya sunja tanggū orin yan menggun ,	nv::nv nv::nv nv::nv nv::nv nv::nv nv::nv nv::nv mark::comma
emu tanggū orin ilan niyalma wa ha ,	nv::nv nv::nv nv::nv nv::nv nv::nv verb::vv e::pst.ptcp mark::comma
jombu ,	nn::prpn.person mark::comma
○ ice nadan de ,	mark::circle nv::adj nv::nv cm::dat mark::comma
suwe tuci ke ba de mujilen gūwaliya fi han i tacibu ha gisun be jurce me ,	pn::2pl verb::vv e::pst.ptcp nv::nv cm::dat nv::nv verb::vv e::cve nv::nv cm::gen verb::vv e::pst.ptcp nv::nv cm::acc verb::vv e::cve mark::comma
namu_wei i du_jy_hūi_ciyanši akuli i jui arda ,	nn::prpn cm::gen nv::nv nn::prpn.person cm::gen nv::nv nv::adj mark::comma
jaciba ,	nn::prpn.person mark::comma
irhai ,	nn::prpn.person mark::comma
cooha tuwakiya me unggi ∅ .	nv::nv verb::vv e::cve verb::vv e::fve.imperative mark::period
gemu emu han i gurun o hobi kai ,	nv::nv nv::nv nv::nv cm::gen nv::nv verb::vv e::fve.prs.prf ptcl mark::comma
○ jecen i pu tai niyalma de unggi he bithe ,	mark::circle nv::nv cm::gen nv::nv nv::nv nv::nv cm::dat verb::vv e::pst.ptcp nv::nv mark::comma
tsanjiyang yegude ,	nv::nv nn::prpn.person mark::comma
juse omosi tanggū jalan tumen aniya de isi tala ,	nv::nv nv::nv nv::nv nv::nv nv::nv nv::nv cm::dat verb::vv e::cve mark::comma
duin tanggū cooha i niyalma ,	nv::nv nv::nv nv::nv cm::gen nv::nv mark::comma
jori ha jurgan be jurce rakū seme beiguwan obu ha .	verb::vv e::pst.ptcp nv::nv cm::acc verb::vv e::npst.ptcp.neg comp nv::nv verb::vv e::pst.ptcp mark::period
sain o ci sain seme ala ∅ ,	nv::adj verb::vv e::cve nv::adj comp verb::vv e::fve.imperative mark::comma
juse suwe ,	nv::nv pn::2pl mark::comma
yafahan be ebele buksibu ∅ ,	nv::adj cm::acc nv::nv verb::vv e::fve.imperative mark::comma
niyehe ,	nv::nv mark::comma
keyen ,	nn::prpn.plc mark::comma
han de waka sabu fi ,	nv::nv cm::dat nv::adj verb::vv e::cve mark::comma
gene re niyalma bele dabsun misun be gama me ,	verb::vv e::npst.ptcp nv::nv nv::nv nv::nv nv::nv cm::acc verb::vv e::cve mark::comma
ejen i afabu ha weile be olho me gele me akūmbu rakū jurce me ,	nv::nv cm::gen verb::vv e::pst.ptcp nv::nv cm::acc verb::vv e::cve verb::vv e::cve verb::vv e::npst.ptcp.neg verb::vv e::cve mark::comma
hūlan_wei i du_jy_hūi_ciyanši silehe i omolo hūwakiya ,	nn::prpn cm::gen nv::nv nn::prpn.person cm::gen nv::nv nn::prpn.person mark::comma
ilan minggan honin ,	nv::nv nv::nv nv::nv mark::comma
hošotu_efu ,	nn::prpn mark::comma
cahar ,	nn::prpn.plc mark::comma
sio_yan i bira doo me ilan_bolikū de arbuni be bai me unggi ∅ ,	nn::prpn cm::gen nv::nv verb::vv e::cve nn::prpn cm::dat nn::prpn.person cm::acc verb::vv e::cve verb::vv e::fve.imperative mark::comma
hecen i ulan be tucibu hekū gemu wa ha ,	nv::nv cm::gen nv::nv cm::acc verb::vv e::pst.ptcp.neg nv::nv verb::vv e::pst.ptcp mark::comma
abka de hiyan dabu fi hengkile fi ,	nv::nv cm::dat nv::nv verb::vv e::cve verb::vv e::cve mark::comma
juwete boso i etuku bu he ,	nv::nv nv::nv cm::gen nv::nv verb::vv e::pst.ptcp mark::comma
unggi fi dain ji ∅ seme jasi re bi he seme gisure he bi he ,	verb::vv e::cve nv::nv verb::vv e::fve.imperative comp verb::vv e::npst.ptcp verb::vv e::pst.ptcp comp verb::vv e::pst.ptcp verb::vv e::pst.ptcp mark::comma
baduhū ,	nn::prpn.person mark::comma
in i deo i gung de weile waliya ha .	pn::3sg cm::gen nv::nv cm::gen nv::nv cm::dat nv::nv verb::vv e::pst.ptcp mark::period
aba gene fi muki gebungge ba de dedu fi ,	nv::nv verb::vv e::cve nn::prpn.plc nv::adj nv::nv cm::dat verb::vv e::cve mark::comma
sirdan i emu feye baha ha ,	nv::nv cm::gen nv::nv nv::nv verb::vv e::pst.ptcp mark::comma
tere i emu majige bisi re ngge ,	nv::nv cm::gen nv::nv nv::adj verb::vv e::npst.ptcp nmlz::nmlz mark::comma
minggan olji baha ha ,	nv::nv nv::nv verb::vv e::pst.ptcp mark::comma
tere ci amasi bedere fi ,	nv::nv cm::abl nv::nv verb::vv e::cve mark::comma
tere weile i turgun de ,	nv::nv nv::nv cm::gen nv::nv cm::dat mark::comma
han hendu me ,	nv::nv verb::vv e::cve mark::comma
tari ha jeku fangkala ,	verb::vv e::pst.ptcp nv::nv nv::adj mark::comma
○ ice uyun de ,	mark::circle nv::adj nv::nv cm::dat mark::comma
haha juse sargan juse be dabu hakūbi ,	nv::nv nv::nv nv::nv nv::nv cm::acc verb::vv e::fve.prs.prf.neg mark::comma
ninggun honin ,	nv::nv nv::nv mark::comma
lung_king ni ilaci aniya duin biya i orin sunja de baha ha ,	nn::prpn cm::gen nv::nv nv::nv nv::nv nv::nv cm::gen nv::nv nv::nv cm::dat verb::vv e::pst.ptcp mark::comma
sui be gai ha yehe de da fi min i ujalu be sucu ha ,	nv::nv cm::acc verb::vv e::pst.ptcp nv::nv cm::dat verb::vv e::cve pn::1sg cm::gen nn::prpn.plc cm::acc verb::vv e::pst.ptcp mark::comma
untuhun beye amargi ci feksi me acana ∅ ,	nv::adj nv::nv nv::nv cm::abl verb::vv e::cve verb::vv e::fve.imperative mark::comma
○ orin nadan de ,	mark::circle nv::nv nv::nv cm::dat mark::comma
ojo rakū ba bi o ,	verb::vv e::npst.ptcp.neg nv::nv verb::vv.npst ptcl mark::comma
urun ainu efule me huwekiyebu mbi ,	nv::nv nv::nv verb::vv e::cve verb::vv e::fve.npst mark::comma
emu niru i tuta ra sunjata uksin i niyalma ,	nv::nv nv::nv cm::gen verb::vv e::npst.ptcp nv::nv nv::nv cm::gen nv::nv mark::comma
meni meni baru harša ra niyalma be sain se re de ,	nv::nv nv::nv nv::nv verb::vv e::npst.ptcp nv::nv cm::acc nv::adj verb::vv e::npst.ptcp cm::dat mark::comma
ihan_alin de emu feye baha ha seme sunja yan i weile waliya mbi .	nn::prpn cm::dat nv::nv nv::nv verb::vv e::pst.ptcp comp nv::nv nv::nv cm::gen nv::nv verb::vv e::fve.npst mark::period
genggiyen_han i kundule re be sa fi ,	nn::prpn cm::gen verb::vv e::npst.ptcp cm::acc verb::vv e::cve mark::comma
jori ha jurgan be jurce rakū seme beiguwan obu ha .	verb::vv e::pst.ptcp nv::nv cm::acc verb::vv e::npst.ptcp.neg comp nv::nv verb::vv e::pst.ptcp mark::period
sure_kundulen_han geren be gai fi ,	nn::prpn nv::adj cm::acc verb::vv e::cve mark::comma
jejungge ,	nn::prpn.person mark::comma
tere gisun be mujangga seme hendu fi ,	nv::nv nv::nv cm::acc nv::adj comp verb::vv e::cve mark::comma
jakūn gūsa i siden i emu temen bu ∅ ,	nv::nv nv::nv cm::gen nv::nv cm::gen nv::nv nv::nv verb::vv e::fve.imperative mark::comma
ujen uksin etu he niyalma de ,	nv::adj nv::nv verb::vv e::pst.ptcp nv::nv cm::dat mark::comma
emu jaha i gūsin ninggun niyalma be benji he ,	nv::nv nv::nv cm::gen nv::nv nv::nv nv::nv cm::acc verb::vv e::pst.ptcp mark::comma
juwe ba de emte janggin ejen ara fi ,	nv::nv nv::nv cm::dat nv::nv nv::nv nv::nv verb::vv e::cve mark::comma
tumen hacin i gisun gisure he ngge ,	nv::nv nv::nv cm::gen nv::nv verb::vv e::pst.ptcp nmlz::nmlz mark::comma
○ du_tang ni bithe ,	mark::circle nv::nv cm::gen nv::nv mark::comma
tese be min i mangga i efule he ngge waka ,	nv::nv cm::acc pn::1sg cm::gen nv::adj cm::gen verb::vv e::pst.ptcp nmlz::nmlz nv::adj mark::comma
giyai ehe nantuhūn be icihiyabu re ,	nv::nv nv::adj nv::adj cm::acc verb::vv e::npst.ptcp mark::comma
tulergi hoton be gemu efule ki ,	nv::nv nv::nv cm::acc nv::nv verb::vv e::fve.opt mark::comma
duka ara fi niyalma be hanci dahala me bi he ,	nv::nv verb::vv e::cve nv::nv cm::acc nv::adj verb::vv e::cve verb::vv e::pst.ptcp mark::comma
julergi hecen de boo tebu fi ,	nv::nv nv::nv cm::dat nv::nv verb::vv e::cve mark::comma
morin buce he niyalma de bu ∅ ,	nv::nv verb::vv e::pst.ptcp nv::nv cm::dat verb::vv e::fve.imperative mark::comma
bi_yen ci julesi ,	nn::prpn cm::abl nv::nv mark::comma
g'ai_jeo i tung_iogi i jui ,	nn::prpn cm::gen nn::prpn cm::gen nv::nv mark::comma
emu jergi buce re weile be guwebu mbi .	nv::nv nv::nv verb::vv e::npst.ptcp nv::nv cm::acc verb::vv e::fve.npst mark::period
manggūltai_beile i gisun de ,	nn::prpn cm::gen nv::nv cm::dat mark::comma
orin haha de ,	nv::nv nv::nv cm::dat mark::comma
ciyandzung ,	nv::nv mark::comma
alimba ,	nn::prpn.person mark::comma
juwan niyalma ,	nv::nv nv::nv mark::comma
sanggarjai ,	nn::prpn.person mark::comma
boo de ji he manggi ,	nv::nv cm::dat verb::vv e::pst.ptcp nv::nv mark::comma
han hendu me ,	nv::nv verb::vv e::cve mark::comma
suwen i beye de jobolon isi mbi kai ,	pn::2pl cm::gen nv::nv cm::dat nv::nv verb::vv e::fve.npst ptcl mark::comma
abka i uttu gosi ha ba de ,	nv::nv cm::gen nv::nv verb::vv e::pst.ptcp nv::nv cm::dat mark::comma
ilan gašan i ilan boo i niyalma ubaša me gene mbi se re ,	nv::nv nv::nv cm::gen nv::nv nv::nv cm::gen nv::nv verb::vv e::cve verb::vv e::fve.npst verb::vv e::npst.ptcp mark::comma
lijuhū ,	nn::prpn.person mark::comma
abka i enduri dali fi da hakū dere ,	nv::nv cm::gen nv::nv verb::vv e::cve verb::vv e::pst.ptcp.neg ptcl mark::comma
hergen wasibu re be gemu naka ha .	nv::nv verb::vv e::npst.ptcp cm::acc nv::nv verb::vv e::pst.ptcp mark::period
uyun geo de ,	nv::nv nv::nv cm::dat mark::comma
gori_hiya uju jergi ,	nn::prpn nv::nv nv::nv mark::comma
sio_yan i nikasa jafa fi ubaša me huthu fi sejen de tebu fi gama me gene fi ,	nn::prpn cm::gen nv::nv verb::vv e::cve verb::vv e::cve verb::vv e::cve nv::nv cm::dat verb::vv e::cve verb::vv e::cve verb::vv e::cve mark::comma
yaju ,	nn::prpn.person mark::comma
salibu ha hūda be gai ha ,	verb::vv e::pst.ptcp nv::nv cm::acc verb::vv e::pst.ptcp mark::comma
afabu ha weile be mute mbi ,	verb::vv e::pst.ptcp nv::nv cm::acc verb::vv e::fve.npst mark::comma
tere ci beile se bedere he .	nv::nv cm::abl nv::nv nv::nv verb::vv e::pst.ptcp mark::period
morin akū uksin i niyalma ,	nv::nv nv::adj nv::nv cm::gen nv::nv mark::comma
haršakū niyalma harša mbi ,	nv::adj nv::nv verb::vv e::fve.npst mark::comma
ginjeo i cargi ,	nn::prpn.plc cm::gen nv::nv mark::comma
geren fujisa ,	nv::adj nv::nv mark::comma
ehe sain be dere bani rakū ,	nv::adj nv::adj cm::acc nv::nv verb::vv e::npst.ptcp.neg mark::comma
jura ka inenggi ,	verb::vv e::pst.ptcp nv::nv mark::comma
tere ci guwangning de isinji ha .	nv::nv cm::abl nn::prpn.plc cm::dat verb::vv e::pst.ptcp mark::period
tamtoke ,	nn::prpn.person mark::comma
tuttu o ci ,	nv::nv verb::vv e::cve mark::comma
jeku ,	nv::nv mark::comma
tere ci funce he ihan morin be ,	nv::nv cm::abl verb::vv e::pst.ptcp nv::nv nv::nv cm::acc mark::comma
men i cooha gene fi ,	pn::1pl.excl cm::gen nv::nv verb::vv e::cve mark::comma
han de waka sabu fi weile baha fi boo yada kini ,	nv::nv cm::dat nv::adj verb::vv e::cve nv::nv verb::vv e::cve nv::nv verb::vv e::fve.opt mark::comma
liyoha ci ebsi liyoodung ni ba i jalin de ,	nn::prpn.plc cm::abl nv::nv nn::prpn.plc cm::gen nv::nv cm::gen nv::nv cm::dat mark::comma
emu niru i tuci fi yabu re tanggū uksin i niyalma be ,	nv::nv nv::nv cm::gen verb::vv e::cve verb::vv e::npst.ptcp nv::nv nv::nv cm::gen nv::nv cm::acc mark::comma
mangga i hendu ci ,	nv::adj cm::gen verb::vv e::cve mark::comma
○ juwan juwe de ,	mark::circle nv::nv nv::nv cm::dat mark::comma
giyansi be jafa rakū ,	nv::nv cm::acc verb::vv e::npst.ptcp.neg mark::comma
seheri_hada gebungge ba de emu inenggi emu dobori abka abka fi gala ka ,	nn::prpn nv::adj nv::nv cm::dat nv::nv nv::nv nv::nv nv::nv nv::nv verb::vv e::cve verb::vv e::pst.ptcp mark::comma
abka ajigen ara fi jobobu ci ,	nv::nv nv::adj verb::vv e::cve verb::vv e::cve mark::comma
sunja biya i orin ninggun de wasimbu ha ,	nv::nv nv::nv cm::gen nv::nv nv::nv cm::dat verb::vv e::pst.ptcp mark::comma
šeo_pu ,	nv::nv mark::comma
jai niowanggiyaha ci julesi ,	nv::nv nn::prpn.plc cm::abl nv::nv mark::comma
juwe niyalma adarame baha fi wa mbi ,	nv::nv nv::nv nv::nv verb::vv e::cve verb::vv e::fve.npst mark::comma
gvlmahūn erin de ,	nv::nv nv::nv cm::dat mark::comma
cooha i niyalma be gemu uksile ∅ seme uksilebu he ,	nv::nv cm::gen nv::nv cm::acc nv::nv verb::vv e::fve.imperative comp verb::vv e::pst.ptcp mark::comma
han de niyakūra fi habša me ,	nv::nv cm::dat verb::vv e::cve verb::vv e::cve mark::comma
jase tuci me weile ara ha ehe turgun de ,	nv::nv verb::vv e::cve nv::nv verb::vv e::pst.ptcp nv::adj nv::nv cm::dat mark::comma
juwe gurun emu gurun i gese elhe taifin i banji re be buye me ,	nv::nv nv::nv nv::nv nv::nv cm::gen nv::nv nv::nv nv::adj cm::gen verb::vv e::npst.ptcp cm::acc verb::vv e::cve mark::comma
ce inu jabša hakū ,	pn::3pl nv::nv verb::vv e::pst.ptcp.neg mark::comma
tsanjiyang ,	nv::nv mark::comma
umiyesun ,	nv::nv mark::comma
šajin de duile fi wa ra weile makta fi han de ala ha ,	nv::nv cm::dat verb::vv e::cve verb::vv e::npst.ptcp nv::nv verb::vv e::cve nv::nv cm::dat verb::vv e::pst.ptcp mark::comma
minggan niyalma i baita tooka mbi kai ,	nv::nv nv::nv cm::gen nv::nv verb::vv e::fve.npst ptcl mark::comma
suwen i jeku gaibu ha niyalma de tooda me bu mbi ,	pn::2pl cm::gen nv::nv verb::vv e::pst.ptcp nv::nv cm::dat verb::vv e::cve verb::vv e::fve.npst mark::comma
soohai dzung_bing_guwan ,	nn::prpn.person nv::nv mark::comma
sontobu ,	nn::prpn.person mark::comma
emu bandi ,	nv::nv nv::nv mark::comma
emu šilang ,	nv::nv nv::nv mark::comma
afabu ha weile be mute mbi ,	verb::vv e::pst.ptcp nv::nv cm::acc verb::vv e::fve.npst mark::comma
han i fafun i tondo i kadala mbi ,	nv::nv cm::gen nv::nv cm::gen nv::adj cm::gen verb::vv e::fve.npst mark::comma
sohin gūlha ,	nv::nv nv::nv mark::comma
muke de obo me sain orho be hadu me ulebu ci ,	nv::nv cm::dat verb::vv e::cve nv::adj nv::nv cm::acc verb::vv e::cve verb::vv e::cve mark::comma
○ ice sunja de beide he weile ,	mark::circle nv::adj nv::nv cm::dat verb::vv e::pst.ptcp nv::nv mark::comma
muse i fe kooli dabgi fi dahū me hukše ∅ ,	nv::nv cm::gen nv::adj nv::nv verb::vv e::cve verb::vv e::cve verb::vv e::fve.imperative mark::comma
bisan bisa fi doo ci ojo rakū ,	nv::nv verb::vv e::cve verb::vv e::cve verb::vv e::npst.ptcp.neg mark::comma
hai_jeo ,	nn::prpn mark::comma
tuku be niru i ejen beiguwan obu ha .	nv::nv cm::acc nv::nv cm::gen nv::nv nv::nv verb::vv e::pst.ptcp mark::period
buyanggū tere gisun be ala ra jaka de ,	nn::prpn.person nv::nv nv::nv cm::acc verb::vv e::npst.ptcp nv::nv cm::dat mark::comma
meni meni cooha te he ba de acana ∅ ,	nv::nv nv::nv nv::nv verb::vv e::pst.ptcp nv::nv cm::dat verb::vv e::fve.imperative mark::comma
hiya_age seme sain o fi ,	nn::prpn comp nv::adj verb::vv e::cve mark::comma
hasitu ,	nn::prpn.person mark::comma
doro be alimbaha rakū haira me ajige mujilen i olho me gele me banji ha ,	nv::nv cm::acc verb::vv e::npst.ptcp.neg verb::vv e::cve nv::adj nv::nv cm::gen verb::vv e::cve verb::vv e::cve verb::vv e::pst.ptcp mark::comma
jahai ,	nn::prpn.person mark::comma
arbuni tsanjiyang ,	nn::prpn.person nv::nv mark::comma
korcin i sereng_taiji ,	nn::prpn.plc cm::gen nn::prpn mark::comma
abtai_nakcu ,	nn::prpn mark::comma
amasi boo de bedere fi ,	nv::nv nv::nv cm::dat verb::vv e::cve mark::comma
ahūn i gese ada fi dosi ka seme ,	nv::nv cm::gen nv::nv verb::vv e::cve verb::vv e::pst.ptcp comp mark::comma
beye be gaji ∅ se ci bu rakū o fi ,	nv::nv cm::acc verb::vv e::fve.imperative verb::vv e::cve verb::vv e::npst.ptcp.neg verb::vv e::cve mark::comma
deribu me dabsun fuifu me unggi he .	verb::vv e::cve nv::nv verb::vv e::cve verb::vv e::pst.ptcp mark::period
jori ha jurgan be jurce rakū seme beiguwan obu ha .	verb::vv e::pst.ptcp nv::nv cm::acc verb::vv e::npst.ptcp.neg comp nv::nv verb::vv e::pst.ptcp mark::period
hanci goci fi uji mbi ,	nv::adj verb::vv e::cve verb::vv e::fve.npst mark::comma
juwan nadan de ,	nv::nv nv::nv cm::dat mark::comma
juwe biya i juwan jakūn de wasimbu ha ,	nv::nv nv::nv cm::gen nv::nv nv::nv cm::dat verb::vv e::pst.ptcp mark::comma
cing_tai_ioi ,	nn::prpn mark::comma
gene he ba de jase jafa ra olho ro sere re niyalma be unggi ∅ ,	verb::vv e::pst.ptcp nv::nv cm::dat nv::nv verb::vv e::npst.ptcp verb::vv e::npst.ptcp verb::vv e::npst.ptcp nv::nv cm::acc verb::vv e::fve.imperative mark::comma
minggan niyalma be kadala ra niyalma o ci ,	nv::nv nv::nv cm::acc verb::vv e::npst.ptcp nv::nv verb::vv e::cve mark::comma
juse omosi jalan hala me gosi re doro be ume lashala ra .	nv::nv nv::nv nv::nv verb::vv e::cve verb::vv e::npst.ptcp nv::nv cm::acc nv::nv verb::vv e::npst.ptcp mark::period
emu hošo de unggi fi ,	nv::nv nv::nv cm::dat verb::vv e::cve mark::comma
mantai_han boco de amuran o fi ,	nn::prpn nv::nv cm::dat nv::adj verb::vv e::cve mark::comma
menggun fete ki se re niyalma bithe wesimbu fi ,	nv::nv verb::vv e::fve.opt verb::vv e::npst.ptcp nv::nv nv::nv verb::vv e::cve mark::comma
bojiri buce re de gele me banji re be buye me ,	nn::prpn.person verb::vv e::npst.ptcp cm::dat verb::vv e::cve verb::vv e::npst.ptcp cm::acc verb::vv e::cve mark::comma
tere nadanju niyalma be sunja biya de wa ha ,	nv::nv nv::nv nv::nv cm::acc nv::nv nv::nv cm::dat verb::vv e::pst.ptcp mark::comma
silun i dahū emke ,	nv::nv cm::gen nv::nv nv::nv mark::comma
juwan ninggun amban jakūn baksi be afabu ha ,	nv::nv nv::nv nv::nv nv::nv nv::nv cm::acc verb::vv e::pst.ptcp mark::comma
honin emu tanggū ,	nv::nv nv::nv nv::nv mark::comma
min be sinda fi min i dabali gūwa be tuwa me yabu ci ,	pn::1sg cm::acc verb::vv e::cve pn::1sg cm::gen nv::nv nv::nv cm::acc verb::vv e::cve verb::vv e::cve mark::comma
guwangning de te he cooha be ,	nn::prpn.plc cm::dat verb::vv e::pst.ptcp nv::nv cm::acc mark::comma
kio_iogi ,	nn::prpn mark::comma
ambula feye de ambula doro i ,	nv::nv nv::nv cm::dat nv::nv nv::nv cm::gen mark::comma
yaran_golo i niyalma gama ha manggi ,	nn::prpn cm::gen nv::nv verb::vv e::pst.ptcp nv::nv mark::comma
da ci kimungge nikan gurun be ,	nv::nv cm::abl nv::adj nv::nv nv::nv cm::acc mark::comma
abka i hoton ara kini seme banjibu ha alin i hoton ,	nv::nv cm::gen nv::nv verb::vv e::fve.opt comp verb::vv e::pst.ptcp nv::nv cm::gen nv::nv mark::comma
lijuhū ,	nn::prpn.person mark::comma
juwe morin be tooda me gai ha .	nv::nv nv::nv cm::acc verb::vv e::cve verb::vv e::pst.ptcp mark::period
wengkei si lišan i weri he cooha i jaka de bi ∅ ,	nn::prpn.person pn::2sg nn::prpn.person cm::gen verb::vv e::pst.ptcp nv::nv cm::gen nv::nv cm::dat verb::vv e::fve.imperative mark::comma
jakūn sin bele ,	nv::nv nv::nv nv::nv mark::comma
ice duin de isinji ha ,	nv::adj nv::nv cm::dat verb::vv e::pst.ptcp mark::comma
orin yan menggun šangna ha .	nv::nv nv::nv nv::nv verb::vv e::pst.ptcp mark::period
gisure he amin_taiji i eme ,	verb::vv e::pst.ptcp nn::prpn cm::gen nv::nv mark::comma
bata kimun seme gida rakū ,	nv::nv nv::nv comp verb::vv e::npst.ptcp.neg mark::comma
min i elcin gene he šolonggo de uka me gene he nadan niyalma be jafa fi bu he ,	pn::1sg cm::gen nv::nv verb::vv e::pst.ptcp nv::adj cm::dat verb::vv e::cve verb::vv e::pst.ptcp nv::nv nv::nv cm::acc verb::vv e::cve verb::vv e::pst.ptcp mark::comma
monggo i enggeder_taiji ,	nv::nv cm::gen nn::prpn mark::comma
bak_taiji sa kini .	nn::prpn verb::vv e::fve.opt mark::period
han i fafun i tondo i kadala mbi ,	nv::nv cm::gen nv::nv cm::gen nv::adj cm::gen verb::vv e::fve.npst mark::comma
beri jebele ashabu ∅ ,	nv::nv nv::nv verb::vv e::fve.imperative mark::comma
cooha i niyalma i gabta ha sirdan sin be taka mbi o ,	nv::nv cm::gen nv::nv cm::gen verb::vv e::pst.ptcp nv::nv pn::2sg cm::acc verb::vv e::fve.npst ptcl mark::comma
baksi seme beye i teile .	nv::nv comp nv::nv cm::gen nv::nv mark::period
kice me kadala ki ,	verb::vv e::cve verb::vv e::fve.opt mark::comma
muse be gejure me okto asara ra ,	pn::1pl.incl cm::acc verb::vv e::cve nv::nv verb::vv e::npst.ptcp mark::comma
suwe usin tari re be ume sarta ra ,	pn::2pl nv::nv verb::vv e::npst.ptcp cm::acc nv::nv verb::vv e::npst.ptcp mark::comma
emu gūsa i juwete niyalma be takūra fi unggi he .	nv::nv nv::nv cm::gen nv::nv nv::nv cm::acc verb::vv e::cve verb::vv e::pst.ptcp mark::period
min i kadala ra emu niru i cooha be iogi tsanjiyang ci fakca rakū ,	pn::1sg cm::gen verb::vv e::npst.ptcp nv::nv nv::nv cm::gen nv::nv cm::acc nv::nv nv::nv cm::abl verb::vv e::npst.ptcp.neg mark::comma
tana duin benji he .	nv::nv nv::nv verb::vv e::pst.ptcp mark::period
○ ineku tere inenggi ,	mark::circle nv::nv nv::nv nv::nv mark::comma
○ monggo i joriktu_beile i juwe niyalma uka me ji he .	mark::circle nv::nv cm::gen nn::prpn cm::gen nv::nv nv::nv verb::vv e::cve verb::vv e::pst.ptcp mark::period
tsang ni jeku hūlha ha niyalma be dele alanji hakū ,	nv::nv cm::gen nv::nv verb::vv e::pst.ptcp nv::nv cm::acc nv::nv verb::vv e::pst.ptcp.neg mark::comma
han i afabu ha jurgan be jurce rakū ,	nv::nv cm::gen verb::vv e::pst.ptcp nv::nv cm::acc verb::vv e::npst.ptcp.neg mark::comma
juwe honin ,	nv::nv nv::nv mark::comma
duin biya de bu he ,	nv::nv nv::nv cm::dat verb::vv e::pst.ptcp mark::comma
yoo_jeo ci julesi gašan i juse hehesi be g'ai_jeo de bargiya ∅ ,	nn::prpn cm::abl nv::nv nv::nv cm::gen nv::nv nv::nv cm::acc nn::prpn cm::dat verb::vv e::fve.imperative mark::comma
tung lu ,	nv::nv nv::nv mark::comma
fung_hūwang de tuta ha cooha i niyalma de wasimbu ha ,	nn::prpn cm::dat verb::vv e::pst.ptcp nv::nv cm::gen nv::nv cm::dat verb::vv e::pst.ptcp mark::comma
jurgan i gisun ,	nv::nv cm::gen nv::nv mark::comma
amba_beile hendu me ,	nn::prpn verb::vv e::cve mark::comma
jai monggo i gurbusi_taiji de ,	nv::nv nv::nv cm::gen nn::prpn cm::dat mark::comma
ju_ji_wen baica fi ,	nn::prpn verb::vv e::cve mark::comma
emu niru i susaita uksin be gai fi ,	nv::nv nv::nv cm::gen nv::nv nv::nv cm::acc verb::vv e::cve mark::comma
bata kimun seme gida rakū ,	nv::nv nv::nv comp verb::vv e::npst.ptcp.neg mark::comma
hūsitun min be wa kini ,	nv::nv pn::1sg cm::acc verb::vv e::fve.opt mark::comma
hoifa ,	nn::prpn.plc mark::comma
suwen i dulimba i aisin gurun be abka i adali banji mbi seme gūni ha bi he kai ,	pn::2pl cm::gen nv::nv cm::gen nv::nv nv::nv cm::acc nv::nv cm::gen nv::adj verb::vv e::fve.npst comp verb::vv e::pst.ptcp verb::vv e::pst.ptcp ptcl mark::comma
ulgiyan de ninggun niyalma ,	nv::nv cm::dat nv::nv nv::nv mark::comma
iogi ,	nv::nv mark::comma
tsoo_guwan_tun i liyang_tiyan_ioi ,	nn::prpn cm::gen nn::prpn mark::comma
○ juwe biya i orin duin de ,	mark::circle nv::nv nv::nv cm::gen nv::nv nv::nv cm::dat mark::comma
han i afabu ha jurgan be ,	nv::nv cm::gen verb::vv e::pst.ptcp nv::nv cm::acc mark::comma
gūwalca i boigon be ,	nn::prpn.plc cm::gen nv::nv cm::acc mark::comma
argatu_tumen seme gebu bu he ,	nn::prpn comp nv::nv verb::vv e::pst.ptcp mark::comma
jui erguwen dosi mbi o ,	nv::nv nv::nv verb::vv e::fve.npst ptcl mark::comma
hiyang_yang_sy tokso i lii_de ,	nn::prpn nv::nv cm::gen nn::prpn mark::comma
da sargan be bu hekū ji he .	nv::nv nv::nv cm::acc verb::vv e::pst.ptcp.neg verb::vv e::pst.ptcp mark::period
hamugai ,	nn::prpn.person mark::comma
weile gaija ra be gai ha kai ,	nv::nv verb::vv e::npst.ptcp cm::acc verb::vv e::pst.ptcp ptcl mark::comma
saman ,	nv::nv mark::comma
○ orin ilan de ,	mark::circle nv::nv nv::nv cm::dat mark::comma
niongniyaha ,	nv::nv mark::comma
šang koro genggiyen o ci ,	nv::nv nv::nv nv::adj verb::vv e::cve mark::comma
jeng_an_pu i tsanjiyang ,	nn::prpn cm::gen nv::nv mark::comma
dalai i deo i juwe juse de emte ihan bu he ,	nn::prpn.person cm::gen nv::nv cm::gen nv::nv nv::nv cm::dat nv::nv nv::nv verb::vv e::pst.ptcp mark::comma
○ korcin i ooba_taiji de elcin gene he jenjuken ,	mark::circle nn::prpn.plc cm::gen nn::prpn cm::dat nv::nv verb::vv e::pst.ptcp nn::prpn.person mark::comma
ice han be sin i beye ji ∅ ,	nv::adj nv::nv cm::acc pn::2sg cm::gen nv::nv verb::vv e::fve.imperative mark::comma
tsanjiyang ni beye emu ciyandzung ebše me tuci fi g'ai_jeo de isinji fi ,	nv::nv cm::gen nv::nv nv::nv nv::nv verb::vv e::cve verb::vv e::cve nn::prpn cm::dat verb::vv e::cve mark::comma
daise beiguwan emte ,	nv::nv nv::nv nv::nv mark::comma
amba_beile amasi ilan jergi han de ala me unggi he ,	nn::prpn nv::nv nv::nv nv::nv nv::nv cm::dat verb::vv e::cve verb::vv e::pst.ptcp mark::comma
otonggo ,	nn::prpn.person mark::comma
sargan ,	nv::nv mark::comma
ilan biya i juwan ilan de liyoha bira be dule ke .	nv::nv nv::nv cm::gen nv::nv nv::nv cm::dat nn::prpn.plc nv::nv cm::acc verb::vv e::pst.ptcp mark::period
dain de baturu o ci gung bu ki ,	nv::nv cm::dat nv::nv verb::vv e::cve nv::nv verb::vv e::fve.opt mark::comma
ice ilan de ,	nv::adj nv::nv cm::dat mark::comma
mao_wen_lung in i gucuse be huwekiyebu fi ,	nn::prpn pn::3sg cm::gen nv::nv cm::acc verb::vv e::cve mark::comma
juwe me waji rakū ci ,	verb::vv e::cve verb::vv e::npst.ptcp.neg e::cve mark::comma
weile bi ci šangna rakū .	nv::nv verb::vv e::cve verb::vv e::npst.ptcp.neg mark::period
minggan nikan be gai ha ,	nv::nv nv::nv cm::acc verb::vv e::pst.ptcp mark::comma
○ kakduri boo i ninggun haha ninggun hehe be ,	mark::circle nn::prpn.person nv::nv cm::gen nv::nv nv::nv nv::nv nv::nv cm::acc mark::comma
unenggi tondo be bodo ci ,	nv::adj nv::adj cm::acc verb::vv e::cve mark::comma
amasi benji re jaka de ,	nv::nv verb::vv e::npst.ptcp nv::nv cm::dat mark::comma
hūng_baturu elcin takūra fi ,	nn::prpn nv::nv verb::vv e::cve mark::comma
geli fonji mbi ,	nv::nv verb::vv e::fve.npst mark::comma
han hendu me ,	nv::nv verb::vv e::cve mark::comma
jai cimari erde juwe minggan cooha be amin_taiji gai fi geli gene he ,	nv::nv nv::nv nv::nv nv::nv nv::nv nv::nv cm::acc nn::prpn verb::vv e::cve nv::nv verb::vv e::pst.ptcp mark::comma
nadan niyalma be takūra fi ,	nv::nv nv::nv cm::acc verb::vv e::cve mark::comma
ali me gai ci gabta ra saci re de doso rakū o fi ,	verb::vv e::cve verb::vv e::cve verb::vv e::npst.ptcp verb::vv e::npst.ptcp cm::dat verb::vv e::npst.ptcp.neg verb::vv e::cve mark::comma
emu gecuheri be dabu me sunja suje ,	nv::nv nv::nv cm::acc verb::vv e::cve nv::nv nv::nv mark::comma
beile se amban sa be fejergi niyalma de ulin gaibu rakū ,	nv::nv nv::nv nv::nv nv::nv cm::acc nv::nv nv::nv cm::dat nv::nv verb::vv e::npst.ptcp.neg mark::comma
sargan ,	nv::nv mark::comma
afabu hakū ,	verb::vv e::pst.ptcp.neg mark::comma
bak ,	nn::prpn.person mark::comma
ihan eihen i boco be ,	nv::nv nv::nv cm::gen nv::nv cm::acc mark::comma
ere sunja niyalma ilaci jergi ,	nv::nv nv::nv nv::nv nv::nv nv::nv mark::comma
suwen be hūsun gai kini seme uda fi sinda ha bi he o ,	pn::2pl cm::acc nv::nv verb::vv e::fve.opt comp verb::vv e::cve verb::vv e::pst.ptcp verb::vv e::pst.ptcp ptcl mark::comma
tung_fuma ,	nn::prpn mark::comma
ula de emu feye sacibu ha ,	nv::nv cm::dat nv::nv nv::nv verb::vv e::pst.ptcp mark::comma
○ orin jakūn de ,	mark::circle nv::nv nv::nv cm::dat mark::comma
jakūn gūsa i emte amban ,	nv::nv nv::nv cm::gen nv::nv nv::nv mark::comma
○ hai_jeo i lio_tsanjiyang de wasimbu ha bithe i gisun ,	mark::circle nn::prpn cm::gen nn::prpn cm::dat verb::vv e::pst.ptcp nv::nv cm::gen nv::nv mark::comma
ama juse ,	nv::nv nv::nv mark::comma
guri me gene hekū niyalma tucibu fi ,	verb::vv e::cve verb::vv e::pst.ptcp.neg nv::nv verb::vv e::cve mark::comma
hubtu baha ki seme komso ume amca ra ,	nv::nv verb::vv e::fve.opt comp nv::adj nv::nv verb::vv e::npst.ptcp mark::comma
mandabu ,	nn::prpn.person mark::comma
min i muterei teile tondo yabu ha ,	pn::1sg cm::gen nv::nv nv::nv nv::adj verb::vv e::pst.ptcp mark::comma
suna_efu ,	nn::prpn mark::comma
amba_beile i sadun manggol_efu i ama jui ,	nn::prpn cm::gen nv::nv nn::prpn cm::gen nv::nv nv::nv mark::comma
korcin i daicing_taiji be ,	nn::prpn.plc cm::gen nn::prpn cm::acc mark::comma
sangjan janggin ,	nn::prpn.person nv::nv mark::comma
han i fafun i tondo i kadala mbi ,	nv::nv cm::gen nv::nv cm::gen nv::adj cm::gen verb::vv e::fve.npst mark::comma
suwen i beye de jobolon isi mbi kai ,	pn::2pl cm::gen nv::nv cm::dat nv::nv verb::vv e::fve.npst ptcl mark::comma
boigon i niyalma be sarila ha ,	nv::nv cm::gen nv::nv cm::acc verb::vv e::pst.ptcp mark::comma
○ jang_de_ioi be ,	mark::circle nn::prpn cm::acc mark::comma
sele ,	nv::nv mark::comma
beye be wasibu mbi ,	nv::nv cm::acc verb::vv e::fve.npst mark::comma
ilan morin ,	nv::nv nv::nv mark::comma
suwe ,	pn::2pl mark::comma
kibadarhan i beiguwan i hergen be nakabu ha .	nn::prpn.person cm::gen nv::nv cm::gen nv::nv cm::acc verb::vv e::pst.ptcp mark::period
giya_jing ni gūsin juwe ci aniya sunja biya i gūsin de baha ha ,	nn::prpn cm::gen nv::nv verb::vv e::cve nv::nv nv::nv nv::nv cm::gen nv::nv cm::dat verb::vv e::pst.ptcp mark::comma
dule tere i gese jafa fi huthu fi suwen de bene mbi kai ,	nv::nv nv::nv cm::gen nv::nv verb::vv e::cve verb::vv e::cve pn::2pl cm::dat verb::vv e::fve.npst ptcl mark::comma
hule_golo de orin jakūn niru ,	nn::prpn cm::dat nv::nv nv::nv nv::nv mark::comma
○ muse i nikan i geren hafasa ,	mark::circle nv::nv cm::gen nv::nv cm::gen nv::adj nv::nv mark::comma
yehe i niyalma be wa ha seme sunja yan i weile waliya mbi ,	nv::nv cm::gen nv::nv cm::acc verb::vv e::pst.ptcp comp nv::nv nv::nv cm::gen nv::nv verb::vv e::fve.npst mark::comma
ama mafa i giran ,	nv::nv nv::nv cm::gen nv::nv mark::comma
bayangsu ,	nn::prpn.person mark::comma
geli saiyūn .	nv::nv nv::nv mark::period
○ dalai_taiji ,	mark::circle nn::prpn mark::comma
undurakū juwe ,	nv::nv nv::nv mark::comma
hecen i tulergi ulan i dorgi be juwe gala i hūwala me bošo me gama ci ,	nv::nv cm::gen nv::nv nv::nv cm::gen nv::nv cm::acc nv::nv nv::nv cm::gen verb::vv e::cve verb::vv e::cve verb::vv e::cve mark::comma
šundui ama ,	nn::prpn.person nv::nv mark::comma
jaifiyan i ba ci ,	nv::nv cm::gen nv::nv cm::abl mark::comma
dergi_mederi hanciki hūrha gurun uba de ainu jide re bi he .	nn::prpn nv::adj nv::nv nv::nv nv::nv cm::dat nv::nv verb::vv e::npst.ptcp verb::vv e::pst.ptcp mark::period
jai sejen wan kalka niyere fangkala ,	nv::nv nv::nv nv::nv nv::nv nv::adj nv::adj mark::comma
cooha i niyalma daha me gene ∅ ,	nv::nv cm::gen nv::nv verb::vv e::cve verb::vv e::fve.imperative mark::comma
ilaci jergi iogi obu ha ,	nv::nv nv::nv nv::nv verb::vv e::pst.ptcp mark::comma
casi tuci me gene re giyansi be orin funce me baha ha ,	nv::nv verb::vv e::cve verb::vv e::npst.ptcp nv::nv cm::acc nv::nv verb::vv e::cve verb::vv e::pst.ptcp mark::comma
○ langge be ,	mark::circle nn::prpn.person cm::acc mark::comma
min i ai ai gisun be han ama de ala rakū se ci ,	pn::1sg cm::gen nv::nv nv::nv nv::nv cm::acc nv::nv nv::nv cm::dat verb::vv e::npst.ptcp.neg verb::vv e::cve mark::comma
gubci gurun be gemu baha fi ,	nv::adj nv::nv cm::acc nv::nv verb::vv e::cve mark::comma
hai_si alcu_wei i du_jy_hūi_ši adu ,	nn::prpn nn::prpn cm::gen nv::nv nn::prpn.person mark::comma
feideri de nadan niru ,	nn::prpn.plc cm::dat nv::nv nv::nv mark::comma
tere ci cooha gene fi jase dosi ka manggi ,	nv::nv cm::abl nv::nv verb::vv e::cve nv::nv verb::vv e::pst.ptcp nv::nv mark::comma
han de yangguri ,	nv::nv cm::dat nn::prpn.person mark::comma
da ci šajila me ama i weile de jui ume da ra ,	nv::nv cm::abl verb::vv e::cve nv::nv cm::gen nv::nv cm::dat nv::nv nv::nv verb::vv e::npst.ptcp mark::comma
tere i ilhi fujiyang ,	nv::nv cm::gen nv::nv nv::nv mark::comma
wan_lii i orin nadaci aniya juwe biya i ice uyun de baha ha ,	nn::prpn cm::gen nv::nv nv::nv nv::nv nv::nv nv::nv cm::gen nv::adj nv::nv cm::dat verb::vv e::pst.ptcp mark::comma
yehe ,	nv::nv mark::comma
emu niru i juwete uksin be gai fi ,	nv::nv nv::nv cm::gen nv::nv nv::nv cm::acc verb::vv e::cve mark::comma
birai_dergi ginjeo ci ice_hecen de isi tala ,	nn::prpn nn::prpn.plc cm::abl nn::prpn cm::dat verb::vv e::cve mark::comma
kubu he šanggiyan i nanjilan ,	verb::vv e::pst.ptcp nv::nv cm::gen nn::prpn.person mark::comma
ninggun tanggū yan menggun be du_tang de gana ∅ ,	nv::nv nv::nv nv::nv nv::nv cm::acc nv::nv cm::dat verb::vv e::fve.imperative mark::comma
○ ineku tere inenggi ,	mark::circle nv::nv nv::nv nv::nv mark::comma
nacibu gebungge hiya ,	nn::prpn.person nv::adj nv::nv mark::comma
jaka i furdan i duka jafa ha ejen jafa ∅ ,	nv::nv cm::gen nv::nv cm::gen nv::nv verb::vv e::pst.ptcp nv::nv verb::vv e::fve.imperative mark::comma
bayot gurun i manggūldai ,	nn::prpn.plc nv::nv cm::gen nn::prpn.person mark::comma
suwen i jide re be aliya me bi kai ,	pn::2pl cm::gen verb::vv e::npst.ptcp cm::acc verb::vv e::cve verb::vv.npst ptcl mark::comma
baha ha jaka be meni meni gai mbihe ,	verb::vv e::pst.ptcp nv::nv cm::acc nv::nv nv::nv verb::vv e::fve.pst.ipfv mark::comma
tulergi beile se i niru be icihiya me ,	nv::nv nv::nv nv::nv cm::gen nv::nv cm::acc verb::vv e::cve mark::comma
ulka_mafa ,	nn::prpn mark::comma
giya_jing ni orin duici aniya nadan biya i ice ninggun de baha ha ,	nn::prpn cm::gen nv::nv nv::nv nv::nv nv::nv nv::nv cm::gen nv::adj nv::nv cm::dat verb::vv e::pst.ptcp mark::comma
han hendu me ,	nv::nv verb::vv e::cve mark::comma
sunja niru be bošo ∅ seme sinda ha .	nv::nv nv::nv cm::acc verb::vv e::fve.imperative comp verb::vv e::pst.ptcp mark::period
tere ci yafahan cooha de afa me gene ci ,	nv::nv cm::abl nv::adj nv::nv cm::dat verb::vv e::cve verb::vv e::cve mark::comma
hūlha holo koimali jalingga ehe kiyangdu facuhūn yabu ci ,	nv::nv nv::nv nv::adj nv::adj nv::adj nv::adj nv::adj verb::vv e::cve mark::comma
suwen i geren i jalin de kai seme hendu he .	pn::2pl cm::gen nv::adj cm::gen nv::nv cm::dat ptcl comp verb::vv e::pst.ptcp mark::period
si_uli efu de wasimbu ha ,	nn::prpn nv::nv cm::dat verb::vv e::pst.ptcp mark::comma
juwan ilan temen .	nv::nv nv::nv nv::nv mark::period
sin be bi ali me gai ci ,	pn::2sg cm::acc pn::1sg verb::vv e::cve verb::vv e::cve mark::comma
dung_jeo ,	nn::prpn mark::comma
jai suwen be soli me gana fi gaji mbi dere .	nv::nv pn::2pl cm::acc verb::vv e::cve verb::vv e::cve verb::vv e::fve.npst ptcl mark::period
ula i amba gurun i dain de ,	nv::nv cm::gen nv::adj nv::nv cm::gen nv::nv cm::dat mark::comma
ehe sain be dere bani rakū ,	nv::adj nv::adj cm::acc nv::nv verb::vv e::npst.ptcp.neg mark::comma
cūhur ,	nn::prpn.person mark::comma
han i bithe ,	nv::nv cm::gen nv::nv mark::comma
sunja suje ,	nv::nv nv::nv mark::comma
amba_beile de aha bu he .	nn::prpn cm::dat nv::nv verb::vv e::pst.ptcp mark::period
ehe be ehe seme han de ala mbi ,	nv::adj cm::acc nv::adj comp nv::nv cm::dat verb::vv e::fve.npst mark::comma
tere juwe hūlha be jafa fi huthu fi ,	nv::nv nv::nv nv::nv cm::acc verb::vv e::cve verb::vv e::cve mark::comma
sin i uji he ulgiyan be ume bu re ,	pn::2sg cm::gen verb::vv e::pst.ptcp nv::nv cm::acc nv::nv verb::vv e::npst.ptcp mark::comma
jai afabu ha weile be mute mbi ,	nv::nv verb::vv e::pst.ptcp nv::nv cm::acc verb::vv e::fve.npst mark::comma
suwayan eje he de bithe ara fi doron gida fi yangguri de bu hebi .	nv::adj verb::vv e::pst.ptcp cm::dat nv::nv verb::vv e::cve nv::nv verb::vv e::cve nn::prpn.person cm::dat verb::vv e::fve.prs.prf mark::period
yehe i sirin be ,	nv::nv cm::gen nv::nv cm::acc mark::comma
○ moobari bi ,	mark::circle nn::prpn.person verb::vv.npst mark::comma
ehe be ehe seme han de ala mbi ,	nv::adj cm::acc nv::adj comp nv::nv cm::dat verb::vv e::fve.npst mark::comma
bata kimun seme gida rakū ,	nv::nv nv::nv comp verb::vv e::npst.ptcp.neg mark::comma
jai alban i gaija ra jeku de orho dahabu me gai ∅ ,	nv::nv nv::nv cm::gen verb::vv e::npst.ptcp nv::nv cm::dat nv::nv verb::vv e::cve verb::vv e::fve.imperative mark::comma
jeku ambula bisi re niyalma bithe ara me eje me gai ∅ ,	nv::nv nv::nv verb::vv e::npst.ptcp nv::nv nv::nv verb::vv e::cve verb::vv e::cve verb::vv e::fve.imperative mark::comma
jori ha jurgan be jurce rakū seme uju jergi tsanjiyang obu ha ,	verb::vv e::pst.ptcp nv::nv cm::acc verb::vv e::npst.ptcp.neg comp nv::nv nv::nv nv::nv verb::vv e::pst.ptcp mark::comma
elcin yabu re ngge naka ha bi he ,	nv::nv verb::vv e::npst.ptcp nmlz::nmlz verb::vv e::pst.ptcp verb::vv e::pst.ptcp mark::comma
han i šangna me bu re šang ,	nv::nv cm::gen verb::vv e::cve verb::vv e::npst.ptcp nv::nv mark::comma
ere ilan beile i wesimbu he bithe be ,	nv::nv nv::nv nv::nv cm::gen verb::vv e::pst.ptcp nv::nv cm::acc mark::comma
suwen i monggo i durun i tarhūn se re morin turga kai ,	pn::2pl cm::gen nv::nv cm::gen nv::nv cm::gen nv::adj verb::vv e::npst.ptcp nv::nv nv::adj ptcl mark::comma
amasi bedere fi elhe i seole fi jabu ∅ seme hendu re jaka de ,	nv::nv verb::vv e::cve nv::nv cm::gen verb::vv e::cve verb::vv e::fve.imperative comp verb::vv e::npst.ptcp nv::nv cm::dat mark::comma
jakūta de emu feye baha ha seme ,	nv::nv cm::dat nv::nv nv::nv verb::vv e::pst.ptcp comp mark::comma
nikan de šang gai me hūda hūdaša me ,	nv::nv cm::dat nv::nv verb::vv e::cve nv::nv verb::vv e::cve mark::comma
meni meni tuša ha ba be yabu rakū ,	nv::nv nv::nv verb::vv e::pst.ptcp nv::nv cm::acc verb::vv e::npst.ptcp.neg mark::comma
tere menggun ,	nv::nv nv::nv mark::comma
○ du_tang ni bithe ,	mark::circle nv::nv cm::gen nv::nv mark::comma
uhereme juwan niyalma be unggi he ,	nv::nv nv::nv nv::nv cm::acc verb::vv e::pst.ptcp mark::comma
fejergi muke i ejen muduri han ende mbi o ,	nv::nv nv::nv cm::gen nv::nv nv::nv nv::nv verb::vv e::fve.npst ptcl mark::comma
gosi re doro be ume lashala ra ,	verb::vv e::npst.ptcp nv::nv cm::acc nv::nv verb::vv e::npst.ptcp mark::comma
tere i amala šun tuhe re ergi de ,	nv::nv cm::gen nv::nv nv::nv verb::vv e::npst.ptcp nv::nv cm::dat mark::comma
○ ice ilan de ,	mark::circle nv::adj nv::nv cm::dat mark::comma
monggo gurun i barin i ba i dureng_beile i juse ayusi_taiji ,	nv::nv nv::nv cm::gen nv::nv cm::gen nv::nv cm::gen nn::prpn cm::gen nv::nv nn::prpn mark::comma
niyalma o ci ,	nv::nv verb::vv e::cve mark::comma
tiyan_šusai be baha ha niyalma de ,	nn::prpn cm::acc verb::vv e::pst.ptcp nv::nv cm::dat mark::comma
○ uju jergi hošo i amban sa beile se ,	mark::circle nv::nv nv::nv nv::nv cm::gen nv::nv nv::nv nv::nv nv::nv mark::comma
ilacin_bayan iogi i jui begei de ,	nn::prpn nv::nv cm::gen nv::nv nn::prpn.person cm::dat mark::comma
tainju fujiyang ,	nn::prpn.person nv::nv mark::comma
dube i gašan de geli ilan duin dedu fi isina mbi ,	nv::nv cm::gen nv::nv cm::dat nv::nv nv::nv nv::nv verb::vv e::cve verb::vv e::fve.npst mark::comma
jeku gai ci bire me gai cina ,	nv::nv verb::vv e::cve verb::vv e::cve verb::vv e::fve.opt mark::comma
meni meni gūni ha ba be akdula ra ngge ere inu seme ,	nv::nv nv::nv verb::vv e::pst.ptcp nv::nv cm::acc verb::vv e::npst.ptcp nmlz::nmlz nv::nv nv::nv comp mark::comma
hoifa i baindari ,	nn::prpn.plc cm::gen nn::prpn.person mark::comma
geren i ejen ci fusihūn ,	nv::adj cm::gen nv::nv cm::abl nv::adj mark::comma
min be nene me jalan jalan i koro bu re ,	pn::1sg cm::acc verb::vv e::cve nv::nv nv::nv cm::gen verb::vv sfx e::npst.ptcp mark::comma
wargi fusi ergi de karun gene he niyalma isinji fi ala me ,	nv::nv nn::prpn.plc nv::nv cm::dat nv::nv verb::vv e::pst.ptcp nv::nv verb::vv e::cve verb::vv e::cve mark::comma
tere ci ba ba i jušen gurun ,	nv::nv cm::abl nv::nv nv::nv cm::gen nv::nv nv::nv mark::comma
han de bi aika sain jaka baha ci unggi ki seme bai ci baha hakū ,	nv::nv cm::dat pn::1sg nv::nv nv::adj nv::nv verb::vv e::cve verb::vv e::fve.opt comp verb::vv e::cve verb::vv e::pst.ptcp.neg mark::comma
gese sain niyalma i waliyan gemin i jete re anggala ,	nv::nv nv::adj nv::nv cm::gen nv::nv nv::nv cm::gen verb::vv e::npst.ptcp nv::nv mark::comma
waliya fi simiyan i baru ji me hū_pi_i_pu de dedu he .	verb::vv e::cve nn::prpn.plc cm::gen nv::nv verb::vv e::cve nn::prpn cm::dat verb::vv e::pst.ptcp mark::period
argangga jalingga ulin bisi re niyalma de ulin gai fi guwebu me ,	nv::adj nv::adj nv::nv verb::vv e::npst.ptcp nv::nv cm::dat nv::nv verb::vv e::cve verb::vv e::cve mark::comma
gurun jobo mbi kai ,	nv::nv verb::vv e::fve.npst ptcl mark::comma
jeku i baksi kuri ,	nv::nv cm::gen nv::nv nv::adj mark::comma
hecen de dosi ka ,	nv::nv cm::dat verb::vv e::pst.ptcp mark::comma
ilaci jergi tsanjiyang de ilata ihan ,	nv::nv nv::nv nv::nv cm::dat nv::nv nv::nv mark::comma
dorgi_birai_golo i amban bi he ,	nn::prpn cm::gen nv::nv verb::vv e::pst.ptcp mark::comma
meni meni tolo ho gašan i niyalma be ,	nv::nv nv::nv verb::vv e::pst.ptcp nv::nv cm::gen nv::nv cm::acc mark::comma
tung_tsanjiyang si ,	nn::prpn pn::2sg mark::comma
gene he ba goro inenggi goida fi ,	verb::vv e::pst.ptcp nv::nv nv::nv nv::nv verb::vv e::cve mark::comma
aci ha morin tebu he ihan i ete rakū jobo ro jalin de ,	verb::vv e::pst.ptcp nv::nv verb::vv e::pst.ptcp nv::nv cm::gen verb::vv e::npst.ptcp.neg verb::vv e::npst.ptcp nv::nv cm::dat mark::comma
anggara min i beye i sui de wasi kini ,	nn::prpn.person pn::1sg cm::gen nv::nv cm::gen nv::nv cm::dat verb::vv e::fve.opt mark::comma
geren beile se ,	nv::adj nv::nv nv::nv mark::comma
sunja niru emu ba de aca fi ,	nv::nv nv::nv nv::nv nv::nv cm::dat verb::vv e::cve mark::comma
○ jakūn gūsa i encule he amban sa i buta ha seke uhereme ton ,	mark::circle nv::nv nv::nv cm::gen verb::vv e::pst.ptcp nv::nv nv::nv cm::gen verb::vv e::pst.ptcp nv::nv nv::nv nv::nv mark::comma
kiru tukiye fi jide re be sa ha de ,	nv::nv verb::vv e::cve verb::vv e::npst.ptcp cm::acc verb::vv e::pst.ptcp cm::dat mark::comma
jori ha jurgan be jurce rakū seme beiguwan obu ha .	verb::vv e::pst.ptcp nv::nv cm::acc verb::vv e::npst.ptcp.neg comp nv::nv verb::vv e::pst.ptcp mark::period
baita icihiya ∅ ,	nv::nv verb::vv e::fve.imperative mark::comma
jaisa ,	nn::prpn.person mark::comma
sin i beye de ainu ali habi ,	pn::2sg cm::gen nv::nv cm::dat nv::nv verb::vv e::fve.prs.prf mark::comma
beye teile o ci abka in i wakala ha be gurun ulhi rakū ojo rahū seme ,	nv::nv nv::nv verb::vv e::cve nv::nv pn::3sg cm::gen verb::vv e::pst.ptcp cm::acc nv::nv verb::vv e::npst.ptcp.neg verb::vv e::fve.prv comp mark::comma
yasutai ,	nn::prpn.person mark::comma
isina fi tuwa ci ,	verb::vv e::cve verb::vv e::cve mark::comma
sogi ,	nv::nv mark::comma
arigowan_mafa ,	nn::prpn mark::comma
suwen i uttu daila me isinji ha ba de ,	pn::2pl cm::gen nv::nv verb::vv e::cve verb::vv e::pst.ptcp nv::nv cm::dat mark::comma
○ uyun biya i orin i inenggi ,	mark::circle nv::nv nv::nv cm::gen nv::nv cm::gen nv::nv mark::comma
te sin i emgi bi he amban sa be gemu jafa fi huthu ∅ seme ,	nv::nv pn::2sg cm::gen nv::nv verb::vv e::pst.ptcp nv::nv nv::nv cm::acc nv::nv verb::vv e::cve verb::vv e::fve.imperative comp mark::comma
men i delger_taiji in i boo de feye baha fi bi se re ,	pn::1pl.excl cm::gen nn::prpn pn::3sg cm::gen nv::nv cm::dat nv::nv verb::vv e::cve verb::vv.npst verb::vv e::npst.ptcp mark::comma
hergen i loo de darhan_hiya be juwe inenggi hori ha .	nv::nv cm::gen nv::nv cm::dat nn::prpn cm::acc nv::nv nv::nv verb::vv e::pst.ptcp mark::period
arsalan i puse ,	nv::nv cm::gen nv::nv mark::comma
abka gala ka ,	nv::nv verb::vv e::pst.ptcp mark::comma
erdeni in i beye be tondo i buce mbi seme hendu he se re ,	nn::prpn.person pn::3sg cm::gen nv::nv cm::acc nv::adj cm::gen verb::vv e::fve.npst comp verb::vv e::pst.ptcp verb::vv e::npst.ptcp mark::comma
dere darama be balai ba be toko me erule fi wa ha .	nv::nv nv::nv cm::acc nv::nv nv::nv cm::acc verb::vv e::cve verb::vv e::cve verb::vv e::pst.ptcp mark::period
yaha i hoton ,	nn::prpn.plc cm::gen nv::nv mark::comma
daidu hecen be gaibu re de ,	nn::prpn.plc nv::nv cm::acc verb::vv e::npst.ptcp cm::dat mark::comma
encule me beide mbihe de ,	verb::vv e::cve verb::vv e::fve.pst.ipfv cm::dat mark::comma
alaha ,	nn::prpn.person mark::comma
han i ciha seme hendu mbi seme alanji ha ,	nv::nv cm::gen nv::nv comp verb::vv e::fve.npst comp verb::vv e::pst.ptcp mark::comma
bultu ,	nn::prpn.person mark::comma
niyalma ishun de gungne ci ,	nv::nv nv::nv cm::dat verb::vv e::cve mark::comma
kakduri ,	nn::prpn.person mark::comma
mederi dalin i jugūn be juwe ba de tuwakiyabu me unggi fi ,	nv::nv nv::nv cm::gen nv::nv cm::acc nv::nv nv::nv cm::dat verb::vv e::cve verb::vv e::cve mark::comma
cooha geren o ci ,	nv::nv nv::adj verb::vv e::cve mark::comma
○ juwan duin de ,	mark::circle nv::nv nv::nv cm::dat mark::comma
geren beile se amban sa aca fi hebde fi ,	nv::adj nv::nv nv::nv nv::nv nv::nv verb::vv e::cve verb::vv e::cve mark::comma
liyoo_yang hecen ci guri fi ,	nn::prpn nv::nv cm::abl verb::vv e::cve mark::comma
ula de emu feye baha ha ,	nv::nv cm::dat nv::nv nv::nv verb::vv e::pst.ptcp mark::comma
dule ere banji re ai tangsu ,	nv::nv nv::nv verb::vv e::npst.ptcp nv::nv nv::adj mark::comma
tere ba ci monggo i gašan be baihana fi gai me gene hei ,	nv::nv nv::nv cm::abl nv::nv cm::gen nv::nv cm::acc verb::vv e::cve verb::vv e::cve verb::vv e::cve mark::comma
dabsun juwe minggan duin tanggū gin ,	nv::nv nv::nv nv::nv nv::nv nv::nv nv::nv mark::comma
nadan yan i weile waliya mbi ,	nv::nv nv::nv cm::gen nv::nv verb::vv e::fve.npst mark::comma
sin i jui de ulha bu re be naka ∅ ,	pn::2sg cm::gen nv::nv cm::dat nv::nv verb::vv e::npst.ptcp cm::acc verb::vv e::fve.imperative mark::comma
jori ha jurgan be jurce rakū seme ,	verb::vv e::pst.ptcp nv::nv cm::acc verb::vv e::npst.ptcp.neg comp mark::comma
kalka i elcin ce nene me fusihūla me too re ,	nv::nv cm::gen nv::nv pn::3pl verb::vv e::cve verb::vv e::cve verb::vv e::npst.ptcp mark::comma
tere ba i niyalma tari ha usin ara ha boo ci axša rakū elhe banji mbi ,	nv::nv nv::nv cm::gen nv::nv verb::vv e::pst.ptcp nv::nv verb::vv e::pst.ptcp nv::nv cm::abl verb::vv e::npst.ptcp.neg nv::nv verb::vv e::fve.npst mark::comma
juwan malu arki bu he ,	nv::nv nv::nv nv::nv verb::vv e::pst.ptcp mark::comma
morin sunja tanggū uyun ,	nv::nv nv::nv nv::nv nv::nv mark::comma
juwan juwan i hoki banji fi yabu ∅ ,	nv::nv nv::nv cm::gen nv::nv verb::vv e::cve verb::vv e::fve.imperative mark::comma
amasi wesimbu ∅ seme bithe ara fi wasimbu ha .	nv::nv verb::vv e::fve.imperative comp nv::nv verb::vv e::cve verb::vv e::pst.ptcp mark::period
dalai ,	nn::prpn.person mark::comma
gašan i niyalma de gemu hūla me ,	nv::nv cm::gen nv::nv cm::dat nv::nv verb::vv e::cve mark::comma
sahaliyan_ula i bira i amargi dalin de te fi bisi re sahaliyan gurun be gai ki se ci ,	nn::prpn cm::gen nv::nv cm::gen nv::nv nv::nv cm::dat verb::vv e::cve verb::vv e::npst.ptcp nv::adj nv::nv cm::acc verb::vv e::fve.opt verb::vv e::cve mark::comma
ula gurun i dolo uhereme sunja dedu he ,	nv::nv nv::nv cm::gen nv::nv nv::nv nv::nv verb::vv e::pst.ptcp mark::comma
gurun irgen be elhe obu fi ,	nv::nv nv::nv cm::acc nv::nv verb::vv e::cve mark::comma
ula de emu feye gidalabu ha ,	nv::nv cm::dat nv::nv nv::nv verb::vv e::pst.ptcp mark::comma
sunja niru i niyalma be sin i beye ci ume faksala ra ,	nv::nv nv::nv cm::gen nv::nv cm::acc pn::2sg cm::gen nv::nv cm::abl nv::nv verb::vv e::npst.ptcp mark::comma
etuku su me gai ha ,	nv::nv verb::vv e::cve verb::vv e::pst.ptcp mark::comma
jai susai niyalma be sin i ciha i sula takūra ∅ ,	nv::nv nv::nv nv::nv cm::acc pn::2sg cm::gen nv::nv cm::gen nv::adj verb::vv e::fve.imperative mark::comma
○ šanaha i tulergi niyalma ,	mark::circle nn::prpn.plc cm::gen nv::nv nv::nv mark::comma
juwe gecuheri be dabu me ,	nv::nv nv::nv cm::acc verb::vv e::cve mark::comma
ere duin boigon be hai_jeo de tebu he .	nv::nv nv::nv nv::nv cm::acc nn::prpn cm::dat verb::vv e::pst.ptcp mark::period
umai baha hakū .	nv::nv verb::vv e::pst.ptcp.neg mark::period
karun i niyalma ,	nv::nv cm::gen nv::nv mark::comma
etuku ,	nv::nv mark::comma
yargiyan be wa mbihe de ,	nv::adj cm::acc verb::vv e::fve.pst.ipfv cm::dat mark::comma
tiyei_ling hecen be gai ha dain de ,	nn::prpn nv::nv cm::acc verb::vv e::pst.ptcp nv::nv cm::dat mark::comma
juwe eigen emu hehe be kakduri de toodabu ha ,	nv::nv nv::nv nv::nv nv::nv cm::acc nn::prpn.person cm::dat verb::vv e::pst.ptcp mark::comma
sin i g'ai_jeo ,	pn::2sg cm::gen nn::prpn mark::comma
nio_juwang ni ba i cooha i dele juwe minggan cooha gama ∅ ,	nn::prpn cm::gen nv::nv cm::gen nv::nv cm::gen nv::nv nv::nv nv::nv nv::nv verb::vv e::fve.imperative mark::comma
wan_lii i jai aniya juwan biya i ice jakūn de baha ha .	nn::prpn cm::gen nv::nv nv::nv nv::nv nv::nv cm::gen nv::adj nv::nv cm::dat verb::vv e::pst.ptcp mark::period
boo be meni meni ejete ara kini ,	nv::nv cm::acc nv::nv nv::nv nv::nv verb::vv e::fve.opt mark::comma
ubasi_taiji_dureng ,	nn::prpn mark::comma
juwan juwe tumet emu tumen ,	nv::nv nv::nv nn::prpn.plc nv::nv nv::nv mark::comma
kamci ha nikan i morin be sunja niru i morin de acabu fi ,	verb::vv e::pst.ptcp nv::nv cm::gen nv::nv cm::acc nv::nv nv::nv cm::gen nv::nv cm::dat verb::vv e::cve mark::comma
jecen i tai niyalma sa fi pan tū he ,	nv::nv cm::gen nv::nv nv::nv verb::vv e::cve nv::nv verb::vv e::pst.ptcp mark::comma
šajin i niyalma i beide he jurgan mujangga seme gai me toktobu fi ,	nv::nv cm::gen nv::nv cm::gen verb::vv e::pst.ptcp nv::nv nv::adj comp verb::vv e::cve verb::vv e::cve mark::comma
tuttu tondo i fafula rakū ehe miosihon jurgan i yabu ci ,	nv::nv nv::adj cm::gen verb::vv e::npst.ptcp.neg nv::adj nv::adj nv::nv cm::gen verb::vv e::cve mark::comma
han i beye sunja inenggi yamun de tuci fi bu he ,	nv::nv cm::gen nv::nv nv::nv nv::nv nv::nv cm::dat verb::vv e::cve verb::vv e::pst.ptcp mark::comma
wa ha niyalma i ulin ulha ai jaka be gemu bithe ara me gai fi gaji me ji ∅ ,	verb::vv e::pst.ptcp nv::nv cm::gen nv::nv nv::nv nv::nv nv::nv cm::acc nv::nv nv::nv verb::vv e::cve verb::vv e::cve verb::vv e::cve verb::vv e::fve.imperative mark::comma
šun dekde re dergi_mederi jaka i gurun be gana ha bi he .	nv::nv verb::vv e::npst.ptcp nn::prpn nv::nv cm::gen nv::nv cm::acc verb::vv e::pst.ptcp verb::vv e::pst.ptcp mark::period
danggū ,	nn::prpn.person mark::comma
malahi jibca gūsin juwe ,	nv::nv nv::nv nv::nv nv::nv mark::comma
ihan be baica fi bu rakū ,	nv::nv cm::acc verb::vv e::cve verb::vv e::npst.ptcp.neg mark::comma
yehe de hūlha me gene fi ,	nv::nv cm::dat verb::vv e::cve verb::vv e::cve mark::comma
te geli yehe i gintaisi ,	nv::nv nv::nv nv::nv cm::gen nn::prpn.person mark::comma
jaisai_beile i elcin ootamo gene he .	nn::prpn cm::gen nv::nv nn::prpn.person verb::vv e::pst.ptcp mark::period
min be albala me min i juwan niyalma be gama fi jase de wa ∅ seme wabu ha ,	pn::1sg cm::acc verb::vv e::cve pn::1sg cm::gen nv::nv nv::nv cm::acc verb::vv e::cve nv::nv cm::dat verb::vv e::fve.imperative comp verb::vv e::pst.ptcp mark::comma
fakca me yabu fi niyalma wabu ha de ,	verb::vv e::cve verb::vv e::cve nv::nv verb::vv e::pst.ptcp cm::dat mark::comma
tere i turgun be dacila me unggi he .	nv::nv cm::gen nv::nv cm::acc verb::vv e::cve verb::vv e::pst.ptcp mark::period
baising ni jui cinggil ,	nv::nv cm::gen nv::nv nn::prpn.person mark::comma
gisure fi emu hebe i aca ki ,	verb::vv e::cve nv::nv nv::nv cm::gen verb::vv e::fve.opt mark::comma
gakda bi tondo i kadala ki ,	nv::adj pn::1sg nv::adj cm::gen verb::vv e::fve.opt mark::comma
anggala i ton ,	nv::nv cm::gen nv::nv mark::comma
juwan niyalma ,	nv::nv nv::nv mark::comma
šolingho de ginjeo i beiguwan okdo fi han de hengkile he ,	nn::prpn.plc cm::dat nn::prpn.plc cm::gen nv::nv verb::vv e::cve nv::nv cm::dat verb::vv e::pst.ptcp mark::comma
tere toso ho bujantai tumen cooha be ,	nv::nv verb::vv e::pst.ptcp nn::prpn.person nv::nv nv::nv cm::acc mark::comma
daha rakū afa fi buce ci ,	verb::vv e::npst.ptcp.neg verb::vv e::cve verb::vv e::cve mark::comma
han ,	nv::nv mark::comma
amba_fujin i dolo ambula jobo mbi ,	nn::prpn cm::gen nv::nv nv::nv verb::vv e::fve.npst mark::comma
han i tacibu ha tondo fafun be jurce rakū banji ci ,	nv::nv cm::gen verb::vv e::pst.ptcp nv::adj nv::nv cm::acc verb::vv e::npst.ptcp.neg verb::vv e::cve mark::comma
amba_beile ,	nn::prpn mark::comma
fonji me ,	verb::vv e::cve mark::comma
suwen i beye be daha me gai fi yabu ∅ ,	pn::2pl cm::gen nv::nv cm::acc verb::vv e::cve verb::vv e::cve verb::vv e::fve.imperative mark::comma
suwen i bagadarhan_beile ,	pn::2pl cm::gen nn::prpn mark::comma
eihen losa uyunju jakūn ,	nv::nv nv::nv nv::nv nv::nv mark::comma
genggiyen_han ,	nn::prpn mark::comma
juwan niyalma ,	nv::nv nv::nv mark::comma
ula i mama ,	nv::nv cm::gen nv::nv mark::comma
labsihi_taiji i deo de bu he ngge ,	nn::prpn cm::gen nv::nv cm::dat verb::vv e::pst.ptcp nmlz::nmlz mark::comma
conoho ,	nn::prpn.person mark::comma
da ci daha ∅ se ci suwe daha hakū ,	nv::nv cm::abl verb::vv e::fve.imperative verb::vv e::cve pn::2pl verb::vv e::pst.ptcp.neg mark::comma
julergi_mederi jakara me te he gurun min i niyalma be wa fi ubaša me o fi guribu he ,	nn::prpn verb::vv e::cve verb::vv e::pst.ptcp nv::nv pn::1sg cm::gen nv::nv cm::acc verb::vv e::cve verb::vv e::cve verb::vv e::cve verb::vv e::pst.ptcp mark::comma
tsanjiyang iogi be aca ci ,	nv::nv nv::nv cm::acc verb::vv e::cve mark::comma
hiyang_yang_sy tun i fu_ši_keo ,	nn::prpn nv::nv cm::gen nn::prpn mark::comma
kesi akū men i dolo facuhūra fi efuje he ,	nv::nv nv::adj pn::1pl.excl cm::gen nv::nv verb::vv e::cve verb::vv e::pst.ptcp mark::comma
hūlha holo koimali jalingga akū tondo i banji ki .	nv::nv nv::nv nv::adj nv::adj nv::adj nv::adj cm::gen verb::vv e::fve.opt mark::period
kamci ha ba i ejen saikan tolo fi alanji ∅ ,	verb::vv e::pst.ptcp nv::nv cm::gen nv::nv nv::adj verb::vv e::cve verb::vv e::fve.imperative mark::comma
fujiyang lii_yung_fang ,	nv::nv nn::prpn mark::comma
jeku juwe re be aliya mbi kai ,	nv::nv verb::vv e::npst.ptcp cm::acc verb::vv e::fve.npst ptcl mark::comma
○ duin biya i ice inenggi ,	mark::circle nv::nv nv::nv cm::gen nv::adj nv::nv mark::comma
hengkile me waji ha manggi ,	verb::vv e::cve verb::vv e::pst.ptcp nv::nv mark::comma
emu haha ,	nv::nv nv::nv mark::comma
iogi tsanjiyang fakca hakū seme wesihun han de ala ∅ ,	nv::nv nv::nv verb::vv e::pst.ptcp.neg comp nv::nv nv::nv cm::dat verb::vv e::fve.imperative mark::comma
jai emu gūwalca ,	nv::nv nv::nv nn::prpn.plc mark::comma
jakūn gūsa i jakūnju dere dasa fi ,	nv::nv nv::nv cm::gen nv::nv nv::nv verb::vv e::cve mark::comma
usin acan tari ∅ ,	nv::nv nv::nv verb::vv e::fve.imperative mark::comma
abka i acabu ha hojihon jui be gosi me uji ci ,	nv::nv cm::gen verb::vv e::pst.ptcp nv::nv nv::nv cm::acc verb::vv e::cve verb::vv e::cve mark::comma
ginjeo i lio_tsanjiyang ,	nn::prpn.plc cm::gen nn::prpn mark::comma
daha ∅ seme takūra ha emu niyalma be wa ha ,	verb::vv e::fve.imperative comp verb::vv e::pst.ptcp nv::nv nv::nv cm::acc verb::vv e::pst.ptcp mark::comma
sunja niru kadala ra be nakabu ha ,	nv::nv nv::nv verb::vv e::npst.ptcp cm::acc verb::vv e::pst.ptcp mark::comma
hashū ergi gala i juwe gūsa i cooha be morin ci ebu ∅ seme hendu fi ,	nv::nv nv::nv nv::nv cm::gen nv::nv nv::nv cm::gen nv::nv cm::acc nv::nv cm::abl verb::vv e::fve.imperative comp verb::vv e::cve mark::comma
cooha i niyalma i jafa ra poo ,	nv::nv cm::gen nv::nv cm::gen verb::vv e::npst.ptcp nv::nv mark::comma
juwan ilan haha ,	nv::nv nv::nv nv::nv mark::comma
ba be sendele me fete ∅ ,	nv::nv cm::acc verb::vv e::cve verb::vv e::fve.imperative mark::comma
emu folo ho enggemu ,	nv::nv verb::vv e::pst.ptcp nv::nv mark::comma
○ tere inenggi ,	mark::circle nv::nv nv::nv mark::comma
sunjaci jergi ,	nv::nv nv::nv mark::comma
muse i gene he amala aika baita tuci ke de ,	nv::nv cm::gen verb::vv e::pst.ptcp nv::nv nv::nv nv::nv verb::vv e::pst.ptcp cm::dat mark::comma
in i juwe ahūn be min de donjibu rahū seme ,	pn::3sg cm::gen nv::nv nv::nv cm::acc pn::1sg cm::dat verb::vv e::fve.prv comp mark::comma
cooha be hūdun bošo me ilibu ∅ ,	nv::nv cm::acc nv::adj verb::vv e::cve verb::vv e::fve.imperative mark::comma
jao_hoidzung han ,	nn::prpn nv::nv mark::comma
nikan han tuttu in i cooha be ,	nv::nv nv::nv nv::nv pn::3sg cm::gen nv::nv cm::acc mark::comma
huthu fi asara ha bulehen be ,	verb::vv e::cve verb::vv e::pst.ptcp nv::nv cm::acc mark::comma
dajuhū ,	nn::prpn.person mark::comma
min be jalan jalan i korsobu ha jaisai be baha fi wa ki seme gūni fi ,	pn::1sg cm::acc nv::nv nv::nv cm::gen verb::vv e::pst.ptcp nn::prpn.person cm::acc verb::vv e::cve verb::vv e::fve.opt comp verb::vv e::cve mark::comma
emu tanggū cooha be nene me gama me ,	nv::nv nv::nv nv::nv cm::acc verb::vv e::cve verb::vv e::cve mark::comma
ba be waliya fi bai me ji he gung de ,	nv::nv cm::acc verb::vv e::cve verb::vv e::cve verb::vv e::pst.ptcp nv::nv cm::dat mark::comma
han i tacibu ha gisun be eje fi ,	nv::nv cm::gen verb::vv e::pst.ptcp nv::nv cm::acc verb::vv e::cve mark::comma
šun tuhe re baru amba nikan gurun be daila me gene ci ,	nv::nv verb::vv e::npst.ptcp nv::nv nv::adj nv::nv nv::nv cm::acc verb::vv e::cve verb::vv e::cve mark::comma
gūwa ba i niyalma ci jaci oihori ilga ∅ ,	nv::nv nv::nv cm::gen nv::nv cm::abl nv::nv nv::adj verb::vv e::fve.imperative mark::comma
niowanggiyaha i jugūn de geli cooha sabu mbi seme karun i niyalma alanji ha ,	nn::prpn.plc cm::gen nv::nv cm::dat nv::nv nv::nv verb::vv e::fve.npst comp nv::nv cm::gen nv::nv verb::vv e::pst.ptcp mark::comma
waliya ha gašan de teišun i jiha aika jaka bai me ji he be ,	verb::vv e::pst.ptcp nv::nv cm::dat nv::nv cm::gen nv::nv nv::nv nv::nv verb::vv e::cve verb::vv e::pst.ptcp cm::acc mark::comma
tongki fuka sinda ha hergen i dangse .	nv::nv nv::nv verb::vv e::pst.ptcp nv::nv cm::gen nv::nv mark::period
tongki fuka sinda ha hergen i dangse .	nv::nv nv::nv verb::vv e::pst.ptcp nv::nv cm::gen nv::nv mark::period
ice ninggun i inenggi ,	nv::adj nv::nv cm::gen nv::nv mark::comma
○ ice nadan de ,	mark::circle nv::adj nv::nv cm::dat mark::comma
bak_taiji han de juwe morin ,	nn::prpn nv::nv cm::dat nv::nv nv::nv mark::comma
bada gebungge niyalma be ,	nv::adj nv::adj nv::nv cm::acc mark::comma
omolo be gemu wa ha .	nv::nv cm::acc nv::nv verb::vv e::pst.ptcp mark::period
amba_beile ,	nn::prpn mark::comma
○ soohai min be ama be gūni me ,	mark::circle nn::prpn.person pn::1sg cm::acc nv::nv cm::acc verb::vv e::cve mark::comma
geopi be baksi seme beye i teile ,	nn::prpn.person cm::acc nv::nv comp nv::nv cm::gen nv::nv mark::comma
tuba de aca fi gene mbi ayoo seme gūni fi ,	nv::nv cm::dat verb::vv e::cve verb::vv e::fve.npst nv::nv comp verb::vv e::cve mark::comma
delger be tuwa fi gosi me in i je ke buda be duici_beile de bu fi ,	nn::prpn.person cm::acc verb::vv e::cve verb::vv e::cve pn::3sg cm::gen verb::vv e::pst.ptcp nv::nv cm::acc nn::prpn cm::dat verb::vv e::cve mark::comma
aisin han i doro be ,	nv::nv nv::nv cm::gen nv::nv cm::acc mark::comma
orin emu de cooha bedere me ,	nv::nv nv::nv cm::dat nv::nv verb::vv e::cve mark::comma
in i weile ujen amban o fi ,	pn::3sg cm::gen nv::nv nv::adj nv::nv verb::vv e::cve mark::comma
korcin i ooba_taiji ,	nn::prpn.plc cm::gen nn::prpn mark::comma
ere etuku be nimanggi de usihibu re anggala ,	nv::nv nv::nv cm::acc nv::nv cm::dat verb::vv e::npst.ptcp nv::nv mark::comma
bi ilaci jergi fujiyang ,	pn::1sg nv::nv nv::nv nv::nv mark::comma
○ kalka i dureng_beile ci ji he emu tanggū juwan juwe haha ,	mark::circle nv::nv cm::gen nn::prpn cm::abl verb::vv e::pst.ptcp nv::nv nv::nv nv::nv nv::nv nv::nv mark::comma
emu haha ji hebi seme baica ra iogi de ala ∅ ,	nv::nv nv::nv verb::vv e::fve.prs.prf comp verb::vv e::npst.ptcp nv::nv cm::dat verb::vv e::fve.imperative mark::comma
usin fehu kini ,	nv::nv verb::vv e::fve.opt mark::comma
nikan i hehe be monggo boo i dolo gama ha ,	nv::nv cm::gen nv::nv cm::acc nv::nv nv::nv cm::gen nv::nv verb::vv e::pst.ptcp mark::comma
nikan i emgi anda jafa ha de ,	nv::nv cm::gen nv::nv nv::nv verb::vv e::pst.ptcp cm::dat mark::comma
○ jai ša_ho_pu ci takūra ha gisun ,	mark::circle nv::nv nn::prpn cm::abl verb::vv e::pst.ptcp nv::nv mark::comma
orin de isinji ha ,	nv::nv cm::dat verb::vv e::pst.ptcp mark::comma
anafu cooha de ejen ara fi weri he in i deo janggiya be gaji ha seme ,	nv::nv nv::nv cm::dat nv::nv verb::vv e::cve verb::vv e::pst.ptcp pn::3sg cm::gen nv::nv nn::prpn.person cm::acc verb::vv e::pst.ptcp comp mark::comma
in i weile šajin de naka ha weile bi he ,	pn::3sg cm::gen nv::nv nv::nv cm::dat verb::vv e::pst.ptcp nv::nv verb::vv e::pst.ptcp mark::comma
hūdun gisure ∅ ,	nv::adj verb::vv e::fve.imperative mark::comma
mendu_dagan de ilata haha i jušen tokso emte ,	nn::prpn cm::dat nv::nv nv::nv cm::gen nv::nv nv::nv nv::nv mark::comma
akū seme holto ho turgun de ,	nv::adj comp verb::vv e::pst.ptcp nv::nv cm::dat mark::comma
wan_lii i orin sunjaci aniya sunja biya i ice de baha ha ,	nn::prpn cm::gen nv::nv nv::nv nv::nv nv::nv nv::nv cm::gen nv::adj cm::dat verb::vv e::pst.ptcp mark::comma
baha ha etuku be cen i canggi dende fi ,	verb::vv e::pst.ptcp nv::nv cm::acc pn::3pl cm::gen nv::nv verb::vv e::cve mark::comma
emu jergi buce re weile be guwebu mbi .	nv::nv nv::nv verb::vv e::npst.ptcp nv::nv cm::acc verb::vv e::fve.npst mark::period
inu waka be bi ainambaha fi sa ra seme hendu he manggi ,	nv::nv nv::adj cm::acc pn::1sg verb::vv e::cve verb::vv e::npst.ptcp comp verb::vv e::pst.ptcp nv::nv mark::comma
jaisanggū_age i sadun ,	nn::prpn cm::gen nv::nv mark::comma
geren de isibu re be gūni me ,	nv::adj cm::dat verb::vv e::npst.ptcp cm::acc verb::vv e::cve mark::comma
yehe i nomhon be ,	nv::nv cm::gen nv::adj cm::acc mark::comma
mandarhan ,	nn::prpn.person mark::comma
jai juwan niyalma bi seme holto me ala fi ,	nv::nv nv::nv nv::nv verb::vv.npst comp verb::vv e::cve verb::vv e::cve mark::comma
satao ,	nn::prpn.person mark::comma
mungtan fujiyang ,	nn::prpn.person nv::nv mark::comma
enggeder_efu ,	nn::prpn mark::comma
amba sarin sarila me gai ha .	nv::adj nv::nv verb::vv e::cve verb::vv e::pst.ptcp mark::period
jakūn gūsa i bithe tacibu re nikan wailan de ,	nv::nv nv::nv cm::gen nv::nv verb::vv e::npst.ptcp nv::nv nv::nv cm::dat mark::comma
abka beikuwere he manggi ,	nv::nv verb::vv e::pst.ptcp nv::nv mark::comma
hule_keo i teisu ili habi ,	nn::prpn cm::gen nv::nv verb::vv e::fve.prs.prf mark::comma
ši_ho ,	nn::prpn mark::comma
janggin ,	nv::nv mark::comma
hūlha holo ehe miosihon akū ,	nv::nv nv::nv nv::adj nv::adj nv::adj mark::comma
gama ra ulin ,	verb::vv e::npst.ptcp nv::nv mark::comma
○ du_tang ni bithe ,	mark::circle nv::nv cm::gen nv::nv mark::comma
juwe honin ,	nv::nv nv::nv mark::comma
amba_beile de ,	nn::prpn cm::dat mark::comma
min i jušen be bi fusi giyoocan de gama fi wa ha kai ,	pn::1sg cm::gen nv::nv cm::acc pn::1sg nn::prpn.plc nv::nv cm::dat verb::vv e::cve verb::vv e::pst.ptcp ptcl mark::comma
juwe ulgiyan ,	nv::nv nv::nv mark::comma
bira doo re cooha be sabu fi burula ha ,	nv::nv verb::vv e::npst.ptcp nv::nv cm::acc verb::vv e::cve verb::vv e::pst.ptcp mark::comma
fu_jeo i niyalma uba de gercile me alanji me ,	nn::prpn cm::gen nv::nv nv::nv cm::dat verb::vv e::cve verb::vv e::cve mark::comma
wan_lii i sunjaci aniya jorgon biya i orin nadan de baha ha ,	nn::prpn cm::gen nv::nv nv::nv nv::nv nv::nv cm::gen nv::nv nv::nv cm::dat verb::vv e::pst.ptcp mark::comma
han de takūra ha gisun ,	nv::nv cm::dat verb::vv e::pst.ptcp nv::nv mark::comma
hū_pi_i i cooha ,	nn::prpn cm::gen nv::nv mark::comma
sohon honin juwe aniya ,	nv::adj nv::nv nv::nv nv::nv mark::comma
du_tang ,	nv::nv mark::comma
hūsibu niru i emu niyalma ,	nn::prpn.person nv::nv cm::gen nv::nv nv::nv mark::comma
tangse de hengkile fi ,	nv::nv cm::dat verb::vv e::cve mark::comma
enggeder_efu de bu he .	nn::prpn cm::dat verb::vv e::pst.ptcp mark::period
muse i jušen be ai turgun de gese teherebu hebi ,	nv::nv cm::gen nv::nv cm::acc nv::nv nv::nv cm::dat nv::nv verb::vv e::fve.prs.prf mark::comma
bi manju be daila rakū ci ,	pn::1sg nv::nv cm::acc verb::vv e::npst.ptcp.neg e::cve mark::comma
meni meni harangga niyalma be bargiya me wacihiya rakū ,	nv::nv nv::nv nv::nv nv::nv cm::acc verb::vv e::cve verb::vv e::npst.ptcp.neg mark::comma
ilan temen de aci ha jafu ,	nv::nv nv::nv cm::dat verb::vv e::pst.ptcp nv::nv mark::comma
ere ninggun amba yamun i hafan ehe sui isi kini seme gisure fi ,	nv::nv nv::nv nv::adj nv::nv cm::gen nv::nv nv::adj nv::nv verb::vv e::fve.opt comp verb::vv e::cve mark::comma
○ ice sunja de ,	mark::circle nv::adj nv::nv cm::dat mark::comma
buya irgen jai adarame banji mbi ,	nv::adj nv::nv nv::nv nv::nv verb::vv e::fve.npst mark::comma
burga i dogon de dedu he .	nv::nv cm::gen nv::nv cm::dat verb::vv e::pst.ptcp mark::period
susai yan menggun unggi he ,	nv::nv nv::nv nv::nv verb::vv e::pst.ptcp mark::comma
saikan songko faitabu ∅ .	nv::adj nv::nv verb::vv e::fve.imperative mark::period
sunjata ihan ,	nv::nv nv::nv mark::comma
emu poo de morin juwete ,	nv::nv nv::nv cm::dat nv::nv nv::nv mark::comma
gishū ,	nn::prpn.person mark::comma
tere juwe niyalma be ,	nv::nv nv::nv nv::nv cm::acc mark::comma
cen_iogi de orin yan i weile gai ha ,	nn::prpn cm::dat nv::nv nv::nv cm::gen nv::nv verb::vv e::pst.ptcp mark::comma
han i tuttu gosi me uji re be tuwa me saikan banji rakū ,	nv::nv cm::gen nv::nv verb::vv e::cve verb::vv e::npst.ptcp cm::acc verb::vv e::cve nv::adj verb::vv e::npst.ptcp.neg mark::comma
šajin i niyalma duile fi ,	nv::nv cm::gen nv::nv verb::vv e::cve mark::comma
efi me waji ha manggi ,	verb::vv e::cve verb::vv e::pst.ptcp nv::nv mark::comma
hūdun tarhū mbi kai ,	nv::adj verb::vv e::fve.npst ptcl mark::comma
sin be hojihon obu fi uji re be ,	pn::2sg cm::acc nv::nv verb::vv e::cve verb::vv e::npst.ptcp cm::acc mark::comma
gurun inu jobo rakū o ho ,	nv::nv nv::nv verb::vv e::npst.ptcp.neg verb::vv e::pst.ptcp mark::comma
ali me gai ha ba i niyalma ,	verb::vv e::cve verb::vv e::pst.ptcp nv::nv cm::gen nv::nv mark::comma
gurun ejele he doro jafa ha beile se be šajin be jurce rakū gama ha ngge ,	nv::nv verb::vv e::pst.ptcp nv::nv verb::vv e::pst.ptcp nv::nv nv::nv cm::acc nv::nv cm::acc verb::vv e::npst.ptcp.neg verb::vv e::pst.ptcp nmlz::nmlz mark::comma
in i emgi bedere he cooha i niyalma de ,	pn::3sg cm::gen nv::nv verb::vv e::pst.ptcp nv::nv cm::gen nv::nv cm::dat mark::comma
gemu bira doo me liyoodung ni ba de genggiyen_han be bai me ji ∅ ,	nv::nv nv::nv verb::vv e::cve nn::prpn.plc cm::gen nv::nv cm::dat nn::prpn cm::acc verb::vv e::cve verb::vv e::fve.imperative mark::comma
dodo_age i looca ,	nn::prpn cm::gen nn::prpn.person mark::comma
sansi ,	nn::prpn.plc mark::comma
ulin be hūlha me ambula bu he seme ala ha manggi ,	nv::nv cm::acc verb::vv e::cve nv::nv verb::vv e::pst.ptcp comp verb::vv e::pst.ptcp nv::nv mark::comma
ihan honin dehi wa fi ,	nv::nv nv::nv nv::nv verb::vv e::cve mark::comma
sure_kundulen_han ,	nn::prpn mark::comma
meni meni hafan i boo de asara ∅ ,	nv::nv nv::nv nv::nv cm::gen nv::nv cm::dat verb::vv e::fve.imperative mark::comma
jakūn yan sunja jiha bi ,	nv::nv nv::nv nv::nv nv::nv verb::vv.npst mark::comma
emgi nukte me ulha uji me bi kini ,	nv::nv verb::vv e::cve nv::nv verb::vv e::cve verb::vv e::fve.opt mark::comma
usin jeku i jurgan i weile de yabu me ilan aniya o ho ,	nv::nv nv::nv cm::gen nv::nv cm::gen nv::nv cm::dat verb::vv e::cve nv::nv nv::nv verb::vv e::pst.ptcp mark::comma
afabu ha weile be mute mbi ,	verb::vv e::pst.ptcp nv::nv cm::acc verb::vv e::fve.npst mark::comma
han i cooha de ,	nv::nv cm::gen nv::nv cm::dat mark::comma
asan ,	nn::prpn.person mark::comma
fusi_golo i jase jakara me muse i jeku hadu re be tuwakiya ∅ seme unggi he ,	nn::prpn cm::gen nv::nv verb::vv e::cve nv::nv cm::gen nv::nv verb::vv e::npst.ptcp cm::acc verb::vv e::fve.imperative comp verb::vv e::pst.ptcp mark::comma
monggo juwan tumen cooha guwangning ni jugūn be ji mbi ,	nv::nv nv::nv nv::nv nv::nv nn::prpn.plc cm::gen nv::nv cm::acc verb::vv e::fve.npst mark::comma
orin juwe ihan gaji me uka me ji he .	nv::nv nv::nv nv::nv verb::vv e::cve verb::vv e::cve verb::vv e::pst.ptcp mark::period
bi sin be tookabu mbi ,	pn::1sg pn::2sg cm::acc verb::vv e::fve.npst mark::comma
tari ha usin ara ha boo ci axša rakū kai ,	verb::vv e::pst.ptcp nv::nv verb::vv e::pst.ptcp nv::nv cm::abl verb::vv e::npst.ptcp.neg ptcl mark::comma
emu niyalma i yabu re be jafa ha de ,	nv::nv nv::nv cm::gen verb::vv e::npst.ptcp cm::acc verb::vv e::pst.ptcp cm::dat mark::comma
manggūltai_beile ,	nn::prpn mark::comma
ula de gala sacibu ha seme uyun yan i weile waliya mbi ,	nv::nv cm::dat nv::nv verb::vv e::pst.ptcp comp nv::nv nv::nv cm::gen nv::nv verb::vv e::fve.npst mark::comma
○ gisun ,	mark::circle nv::nv mark::comma
emu tumen isi rakū cooha be juleri sinda fi tabcin feksi me jide re be ,	nv::nv nv::nv verb::vv e::npst.ptcp.neg nv::nv cm::acc nv::nv verb::vv e::cve nv::nv verb::vv e::cve verb::vv e::npst.ptcp cm::acc mark::comma
juwe ulgiyan ,	nv::nv nv::nv mark::comma
ejen akū usin be tebu me ,	nv::nv nv::adj nv::nv cm::acc verb::vv e::cve mark::comma
hūwang_ni_wa i ba be dosi ka .	nn::prpn cm::gen nv::nv cm::acc verb::vv e::pst.ptcp mark::period
( haha anggala baha ha se re ngge ,	mark::lparen nv::nv nv::nv verb::vv e::pst.ptcp verb::vv e::npst.ptcp nmlz::nmlz mark::comma
suwen i hai_jeo ,	pn::2pl cm::gen nn::prpn mark::comma
fusi emu niyalma be nikan han de takūra fi unggi he .	nn::prpn.plc nv::nv nv::nv cm::acc nv::nv nv::nv cm::dat verb::vv e::cve verb::vv e::pst.ptcp mark::period
tere beye de ali fi gūni rakū kai ,	nv::nv nv::nv cm::dat verb::vv e::cve verb::vv e::npst.ptcp.neg ptcl mark::comma
han i bu re šang ,	nv::nv cm::gen verb::vv e::npst.ptcp nv::nv mark::comma
oforo amba moohai unggi he gisun ,	nv::nv nv::adj nn::prpn.person verb::vv e::pst.ptcp nv::nv mark::comma
gosingga_amji ,	nn::prpn mark::comma
tantaiju ,	nn::prpn.person mark::comma
jai gūwa buya beile se be geli oforodo me gisure re ,	nv::nv nv::nv nv::adj nv::nv nv::nv cm::acc nv::nv verb::vv e::cve verb::vv e::npst.ptcp mark::comma
inggūldai tsanjiyang ni hergen be wasibu fi beiguwan obu ha ,	nn::prpn.person nv::nv cm::gen nv::nv cm::acc verb::vv e::cve nv::nv verb::vv e::pst.ptcp mark::comma
tere ibele me jide re cooha isinji ha manggi ,	nv::nv verb::vv e::cve verb::vv e::npst.ptcp nv::nv verb::vv e::pst.ptcp nv::nv mark::comma
mujilen bahabu me banjibu ha ,	nv::nv verb::vv e::cve verb::vv e::pst.ptcp mark::comma
amin_beile de elcin ji he .	nn::prpn cm::dat nv::nv verb::vv e::pst.ptcp mark::period
cakiri ,	nv::adj mark::comma
juwe biya i ice sunja ci dosi benji he de weile akū ,	nv::nv nv::nv cm::gen nv::adj nv::nv cm::abl nv::nv verb::vv e::pst.ptcp cm::dat nv::nv nv::adj mark::comma
medege be ala me gene ∅ seme juwan niyalma be sinda fi unggi he ,	nv::nv cm::acc verb::vv e::cve verb::vv e::fve.imperative comp nv::nv nv::nv cm::acc verb::vv e::cve verb::vv e::pst.ptcp mark::comma
○ juwan juwe de ,	mark::circle nv::nv nv::nv cm::dat mark::comma
juwan ninggun boigon be gama ha ,	nv::nv nv::nv nv::nv cm::acc verb::vv e::pst.ptcp mark::comma
joo dere ,	nv::nv ptcl mark::comma
han ,	nv::nv mark::comma
amba_beile juwe tumen cooha gai fi gene fi ,	nn::prpn nv::nv nv::nv nv::nv verb::vv e::cve verb::vv e::cve mark::comma
amin_taiji de aca rakū ci ,	nn::prpn cm::dat verb::vv e::npst.ptcp.neg e::cve mark::comma
sohin gūlha ,	nv::nv nv::nv mark::comma
bi sa mbi ,	pn::1sg verb::vv e::fve.npst mark::comma
emgeri gasabu hakū ,	nv::nv verb::vv e::pst.ptcp.neg mark::comma
abka aisila ha se re ngge tere kai ,	nv::nv verb::vv e::pst.ptcp verb::vv e::npst.ptcp nmlz::nmlz nv::nv ptcl mark::comma
gala de erihe jafa fi tolo me ,	nv::nv cm::dat nv::nv verb::vv e::cve verb::vv e::cve mark::comma
baban ,	nn::prpn.person mark::comma
○ gembulu susai niyalma be gai fi toholon muke ara ra juse bai me gene fi ,	mark::circle nn::prpn.person nv::nv nv::nv cm::acc verb::vv e::cve nv::nv nv::nv verb::vv e::npst.ptcp nv::nv verb::vv e::cve verb::vv e::cve mark::comma
liyoodung ni sunja wei niyalma ,	nn::prpn.plc cm::gen nv::nv nv::nv nv::nv mark::comma
busan be dain i jurgan de faxša ha be sa fi ,	nn::prpn.person cm::acc nv::nv cm::gen nv::nv cm::dat verb::vv e::pst.ptcp cm::acc verb::vv e::cve mark::comma
emu niru i juwete uksin i niyalma be gai fi solho i ergi de anafu te me gene he .	nv::nv nv::nv cm::gen nv::nv nv::nv cm::gen nv::nv cm::acc verb::vv e::cve nv::nv cm::gen nv::nv cm::dat nv::nv verb::vv e::cve verb::vv e::pst.ptcp mark::period
○ tung_dusy i kadala ra sioji_tun i niyan_dzai_siyang ,	mark::circle nn::prpn cm::gen verb::vv e::npst.ptcp nn::prpn cm::gen nn::prpn mark::comma
nadan jergi ci wesihun dagila ∅ ,	nv::nv nv::nv cm::abl nv::nv verb::vv e::fve.imperative mark::comma
ilduci ,	nn::prpn.person mark::comma
gūwa gercile he de ,	nv::nv verb::vv e::pst.ptcp cm::dat mark::comma
ciyandzung de juwete bu he ,	nv::nv cm::dat nv::nv verb::vv e::pst.ptcp mark::comma
han i sinda ha hafan be jafa fi bu he turgun de ,	nv::nv cm::gen verb::vv e::pst.ptcp nv::nv cm::acc verb::vv e::cve verb::vv e::pst.ptcp nv::nv cm::dat mark::comma
beye be wa ra be naka fi ,	nv::nv cm::acc verb::vv e::npst.ptcp cm::acc verb::vv e::cve mark::comma
jai gaibu fi amala tuci fi ji he hehe ala me ,	nv::nv verb::vv e::cve nv::nv verb::vv e::cve verb::vv e::pst.ptcp nv::nv verb::vv e::cve mark::comma
ere caliyan kemuni bi mbi ,	nv::nv nv::nv nv::nv verb::vv e::fve.npst mark::comma
sahaliyen_taiji ,	nn::prpn mark::comma
hailan_golo i amban bi he ,	nn::prpn cm::gen nv::nv verb::vv e::pst.ptcp mark::comma
uttu uji mbi seme gūni hakū bi he seme ,	nv::nv verb::vv e::fve.npst comp verb::vv e::pst.ptcp.neg verb::vv e::pst.ptcp comp mark::comma
abka i nimanggi nimara ra de edun furgi re ilha juwa ra gese sabu fi ,	nv::nv cm::gen nv::nv verb::vv e::npst.ptcp cm::dat nv::nv verb::vv e::npst.ptcp nv::nv verb::vv e::npst.ptcp nv::nv verb::vv e::cve mark::comma
○ yarbu be ,	mark::circle nn::prpn.person cm::acc mark::comma
sui jalin de bu rakū ,	nv::nv nv::nv cm::dat verb::vv e::npst.ptcp.neg mark::comma
○ yoo_jeo de anafu te he gulu lamun gūsa i dajuhū fujiyang ,	mark::circle nn::prpn cm::dat nv::nv verb::vv e::pst.ptcp nv::adj nv::adj nv::nv cm::gen nn::prpn.person nv::nv mark::comma
juwe bedzung ,	nv::nv nv::nv mark::comma
niowanggiyaha de gana ∅ ,	nn::prpn.plc cm::dat verb::vv e::fve.imperative mark::comma
liyoodung ,	nn::prpn.plc mark::comma
solho han si karu emu sain gisun akū ,	nv::nv nv::nv pn::2sg nv::nv nv::nv nv::adj nv::nv nv::adj mark::comma
nikan i ulin i turgun de urgūdai be bucebu ci aca mbi o ,	nv::nv cm::gen nv::nv cm::gen nv::nv cm::dat nn::prpn.person cm::acc verb::vv e::cve verb::vv e::fve.npst ptcl mark::comma
kalka de tuwa makta ra ,	nv::nv cm::dat nv::nv verb::vv e::npst.ptcp mark::comma
emgeri gisure me waji fi ,	nv::nv verb::vv e::cve verb::vv e::cve mark::comma
tere ilarsu ulan i dolo ,	nv::nv nv::nv nv::nv cm::gen nv::nv mark::comma
ula be gai ha de emu feye baha ha ,	nv::nv cm::acc verb::vv e::pst.ptcp cm::dat nv::nv nv::nv verb::vv e::pst.ptcp mark::comma
isamu ,	nn::prpn.person mark::comma
hai_jeo ,	nn::prpn mark::comma
samsu i teleri ,	nv::nv cm::gen nv::nv mark::comma
meni meni beye be tucibu me baica ra iogi hafan de ala ∅ ,	nv::nv nv::nv nv::nv cm::acc verb::vv e::cve verb::vv e::npst.ptcp nv::nv nv::nv cm::dat verb::vv e::fve.imperative mark::comma
niyalma i banji re boigon de ,	nv::nv cm::gen verb::vv e::npst.ptcp nv::nv cm::dat mark::comma
hūla me bu re šang ni dabala ,	verb::vv e::cve verb::vv e::npst.ptcp nv::nv cm::gen ptcl mark::comma
hūrha_golo i minggan cooha ji he seme donji fi ,	nn::prpn cm::gen nv::nv nv::nv verb::vv e::pst.ptcp comp verb::vv e::cve mark::comma
jalingga koimali mujilen jafa fi tob seme gisure rakū ci ,	nv::adj nv::adj nv::nv verb::vv e::cve nv::adj comp verb::vv e::npst.ptcp.neg e::cve mark::comma
guile he emu ajige nionioru benji he ,	verb::vv e::pst.ptcp nv::nv nv::adj nv::nv verb::vv e::pst.ptcp mark::comma
eiten enduri yasa be gida ci o mbi o ,	nv::adj nv::nv nv::nv cm::acc verb::vv e::cve verb::vv e::fve.npst ptcl mark::comma
odzy i karu baili seme ji hebi dere ,	nn::prpn.plc cm::gen nv::nv nv::nv comp verb::vv e::fve.prs.prf ptcl mark::comma
ehe gūni fi daila ra jaka de ,	nv::adj verb::vv e::cve verb::vv e::npst.ptcp nv::nv cm::dat mark::comma
alanji ha juwe niyalma be beiguwan obu ha ,	verb::vv e::pst.ptcp nv::nv nv::nv cm::acc nv::nv verb::vv e::pst.ptcp mark::comma
hangki janggin sa mbi ,	nv::nv nv::nv verb::vv e::fve.npst mark::comma
uyunju ilan seke ,	nv::nv nv::nv nv::nv mark::comma
tere be sin i sarkū aibi ,	nv::nv cm::acc pn::2sg cm::gen nv::nv nv::nv mark::comma
enggeder_taiji ,	nn::prpn mark::comma
haha nadanju juwe ,	nv::nv nv::nv nv::nv mark::comma
han gosi fi juse i gese obu ha ,	nv::nv verb::vv e::cve nv::nv cm::gen nv::nv verb::vv e::pst.ptcp mark::comma
juwe hafan de ,	nv::nv nv::nv cm::dat mark::comma
korcin i ooba_hūwang_taiji de bithe hūla me gebu bu he bithe i gisun ,	nn::prpn.plc cm::gen nn::prpn cm::dat nv::nv verb::vv e::cve nv::nv verb::vv e::pst.ptcp nv::nv cm::gen nv::nv mark::comma
alin de jaila mbi seme ,	nv::nv cm::dat verb::vv e::fve.npst comp mark::comma
jeku akū niyalma i jergi de obu ∅ .	nv::nv nv::adj nv::nv cm::gen nv::nv cm::dat verb::vv e::fve.imperative mark::period
susai niyalma be gama fi ,	nv::nv nv::nv cm::acc verb::vv e::cve mark::comma
○ ice de ,	mark::circle nv::adj cm::dat mark::comma
iogi de duile mbi ,	nv::nv cm::dat verb::vv e::fve.npst mark::comma
morin ,	nv::nv mark::comma
jai min de ume hendu re ,	nv::nv pn::1sg cm::dat nv::nv verb::vv e::npst.ptcp mark::comma
jori ha jurgan be jurce rakū seme beiguwan obu ha .	verb::vv e::pst.ptcp nv::nv cm::acc verb::vv e::npst.ptcp.neg comp nv::nv verb::vv e::pst.ptcp mark::period
karai gulhun hai_si lolike_wei i du_jy_hūi_ciyanši idar i omolo isi ka ,	nn::prpn.person nv::adj nn::prpn nn::prpn cm::gen nv::nv nn::prpn.person cm::gen nv::nv verb::vv e::pst.ptcp mark::comma
bi inu abka de bai mbi ,	pn::1sg nv::nv nv::nv cm::dat verb::vv e::fve.npst mark::comma
cooha i niyalma ,	nv::nv cm::gen nv::nv mark::comma
ula ,	nv::nv mark::comma
○ usitai be ,	mark::circle nn::prpn.person cm::acc mark::comma
han i cira be tuwa fi han i gisun be donji fi ji he de bi ebu re seme hendu fi artasi be acabu me unggi he ,	nv::nv cm::gen nv::nv cm::acc verb::vv e::cve nv::nv cm::gen nv::nv cm::acc verb::vv e::cve verb::vv e::pst.ptcp cm::dat pn::1sg verb::vv e::npst.ptcp comp verb::vv e::cve nn::prpn.person cm::acc verb::vv e::cve verb::vv e::pst.ptcp mark::comma
bithe jafa fi benji me jide re be ,	nv::nv verb::vv e::cve verb::vv e::cve verb::vv e::npst.ptcp cm::acc mark::comma
suwen i beile se i beye sa ci ,	pn::2pl cm::gen nv::nv nv::nv cm::gen nv::nv verb::vv e::cve mark::comma
sin i gaibu ha daidu hoton gūsin tumen monggo i gurun be gai ha bi ci sin i ere gisun hendu re ngge mujangga kai ,	pn::2sg cm::gen verb::vv e::pst.ptcp nn::prpn.plc nv::nv nv::nv nv::nv nv::nv cm::gen nv::nv cm::acc verb::vv e::pst.ptcp verb::vv e::cve pn::2sg cm::gen nv::nv nv::nv verb::vv e::npst.ptcp nmlz::nmlz nv::adj ptcl mark::comma
han i pai be gai fi ,	nv::nv cm::gen nv::nv cm::acc verb::vv e::cve mark::comma
ulin gaija ra weile baha ha seme ulin gaija rakū ,	nv::nv verb::vv e::npst.ptcp nv::nv verb::vv e::pst.ptcp comp nv::nv verb::vv e::npst.ptcp.neg mark::comma
šose be ,	nn::prpn.person cm::acc mark::comma
nikan i hafasa ,	nv::nv cm::gen nv::nv mark::comma
siyoo_cing_yūn ,	nn::prpn mark::comma
jori ha jurgan be jurce rakū seme beiguwan obu ha .	verb::vv e::pst.ptcp nv::nv cm::acc verb::vv e::npst.ptcp.neg comp nv::nv verb::vv e::pst.ptcp mark::period
meni meni ba i niyalma be ejen ara fi gaji ha kai ,	nv::nv nv::nv nv::nv cm::gen nv::nv cm::acc nv::nv verb::vv e::cve verb::vv e::pst.ptcp ptcl mark::comma
darhan_hiya emu gūsa i juwete niyalma be gai fi gene re de ,	nn::prpn nv::nv nv::nv cm::gen nv::nv nv::nv cm::acc verb::vv e::cve verb::vv e::npst.ptcp cm::dat mark::comma
duin ihan ,	nv::nv nv::nv mark::comma
ilaci jergi enggede ,	nv::nv nv::nv nn::prpn.person mark::comma
wan_lii i orin emuci aniya uyun biya i orin ilan de baha ha ,	nn::prpn cm::gen nv::nv nv::nv nv::nv nv::nv nv::nv cm::gen nv::nv nv::nv cm::dat verb::vv e::pst.ptcp mark::comma
bata kimun seme gida rakū ,	nv::nv nv::nv comp verb::vv e::npst.ptcp.neg mark::comma
amba genggiyen_han tede koro fi cooha unggi he ,	nv::adj nn::prpn nv::nv verb::vv e::cve nv::nv verb::vv e::pst.ptcp mark::comma
cooha i morin be usin i niowanggiyan jeku de ulebu me ,	nv::nv cm::gen nv::nv cm::acc nv::nv cm::gen nv::adj nv::nv cm::dat verb::vv e::cve mark::comma
tuttu tondo i fafula rakū ehe miosihon jurgan i yabu ci ,	nv::nv nv::adj cm::gen verb::vv e::npst.ptcp.neg nv::adj nv::adj nv::nv cm::gen verb::vv e::cve mark::comma
g'arma ,	nn::prpn.person mark::comma
coko wa fi šolo me jete re be ,	nv::nv verb::vv e::cve verb::vv e::cve verb::vv e::npst.ptcp cm::acc mark::comma
yaran de emu feye baha ha seme nadan niyalma i caliyan ,	nn::prpn.plc cm::dat nv::nv nv::nv verb::vv e::pst.ptcp comp nv::nv nv::nv cm::gen nv::nv mark::comma
sure_kundulen_han sadula ha jui be ,	nn::prpn verb::vv e::pst.ptcp nv::nv cm::acc mark::comma
han i beye ,	nv::nv cm::gen nv::nv mark::comma
gusantai_efu de unggi he ,	nn::prpn cm::dat verb::vv e::pst.ptcp mark::comma
hutu i mujilen be jafa ra jaka de ,	nv::nv cm::gen nv::nv cm::acc verb::vv e::npst.ptcp nv::nv cm::dat mark::comma
sure_kundulen_han i elcin de bu me ,	nn::prpn cm::gen nv::nv cm::dat verb::vv e::cve mark::comma
tere tuba de alana kini ,	nv::nv nv::nv cm::dat verb::vv e::fve.opt mark::comma
emu niyalma de bithe jafabu fi unggi he bithe i gisun ,	nv::nv nv::nv cm::dat nv::nv verb::vv e::cve verb::vv e::pst.ptcp nv::nv cm::gen nv::nv mark::comma
emu niru be kadala ∅ seme afabu ha šusai gebungge niyalma ,	nv::nv nv::nv cm::acc verb::vv e::fve.imperative comp verb::vv e::pst.ptcp nv::nv nv::adj nv::nv mark::comma
si_uli efu i ama ,	nn::prpn nv::nv cm::gen nv::nv mark::comma
ere ci amasi dain cooha de o ci ,	nv::nv cm::abl nv::nv nv::nv nv::nv cm::dat verb::vv e::cve mark::comma
nikan be ume gidaša ra ,	nv::nv cm::acc nv::nv verb::vv e::npst.ptcp mark::comma
ere jide re cooha de muse i cooha okdo me gene hebi ,	nv::nv verb::vv e::npst.ptcp nv::nv cm::dat nv::nv cm::gen nv::nv verb::vv e::cve verb::vv e::fve.prs.prf mark::comma
morin ci ebu fi moo sebderi de te he ,	nv::nv cm::abl verb::vv e::cve nv::nv nv::nv cm::dat verb::vv e::pst.ptcp mark::comma
geren i wa fi juwe niyalma ali me gai habi ayoo ,	nv::adj cm::gen verb::vv e::cve nv::nv nv::nv verb::vv e::cve verb::vv e::fve.prs.prf nv::nv mark::comma
○ i_jeo hecen i niyalma ,	mark::circle nn::prpn nv::nv cm::gen nv::nv mark::comma
teleri ,	nv::nv mark::comma
i gūni ci ,	pn::3sg verb::vv e::cve mark::comma
ulin be ume gūni re ,	nv::nv cm::acc nv::nv verb::vv e::npst.ptcp mark::comma
xušalan be orin sunja yan i weile ara ha ,	nn::prpn.person cm::acc nv::nv nv::nv nv::nv cm::gen nv::nv verb::vv e::pst.ptcp mark::comma
tere usin be dosimbu me ,	nv::nv nv::nv cm::acc verb::vv e::cve mark::comma
bai hū ha dahū emke ,	nv::nv verb::vv e::pst.ptcp nv::nv nv::nv mark::comma
sin i akū se re gisun ,	pn::2sg cm::gen nv::adj verb::vv e::npst.ptcp nv::nv mark::comma
orin emu yan i weile waliya mbi ,	nv::nv nv::nv nv::nv cm::gen nv::nv verb::vv e::fve.npst mark::comma
g'ai_jeo hecen i šun dekde re julergi gašan gašan de baica fi funce he jeku ,	nn::prpn nv::nv cm::gen nv::nv verb::vv e::npst.ptcp nv::nv nv::nv nv::nv cm::dat verb::vv e::cve verb::vv e::pst.ptcp nv::nv mark::comma
kubut_wei i du_jy_hūi_tungjy sasa i omolo mahana ,	nn::prpn cm::gen nv::nv nv::nv cm::gen nv::nv nn::prpn.person mark::comma
angga_beile i sargan ,	nn::prpn cm::gen nv::nv mark::comma
tofohoci jergi ,	nv::nv nv::nv mark::comma
cohoro ,	nn::prpn.person mark::comma
gašan gašan i funce he jeku ,	nv::nv nv::nv cm::gen verb::vv e::pst.ptcp nv::nv mark::comma
emu niyalma be jafa fi ,	nv::nv nv::nv cm::acc verb::vv e::cve mark::comma
cilin i hecen be efule he ,	nv::nv cm::gen nv::nv cm::acc verb::vv e::pst.ptcp mark::comma
ula i jeku ,	nv::nv cm::gen nv::nv mark::comma
jai geli tanggū isi me jaha mederi de amasi julesi yabu mbi seme alanji ha .	nv::nv nv::nv nv::nv verb::vv e::cve nv::nv nv::nv cm::dat nv::nv nv::nv verb::vv e::fve.npst comp verb::vv e::pst.ptcp mark::period
tere gemu aisin gurun i niyalma ,	nv::nv nv::nv nv::nv nv::nv cm::gen nv::nv mark::comma
ba ba de simne me unggi he ,	nv::nv nv::nv cm::dat verb::vv e::cve verb::vv e::pst.ptcp mark::comma
fu_jeo de anafu te he morin i cooha be ebsi g'ai_jeo de acabu fi tere emu minggan cooha de ,	nn::prpn cm::dat nv::nv verb::vv e::pst.ptcp nv::nv cm::gen nv::nv cm::acc nv::nv nn::prpn cm::dat verb::vv e::cve nv::nv nv::nv nv::nv nv::nv cm::dat mark::comma
geren cooha gemu morin ci ebu fi dasa me ili ha ,	nv::adj nv::nv nv::nv nv::nv cm::abl verb::vv e::cve verb::vv e::cve verb::vv e::pst.ptcp mark::comma
○ ninggun biya i juwan de ,	mark::circle nv::nv nv::nv cm::gen nv::nv cm::dat mark::comma
tutala gūsin ulgiyan i yali be si emhun ainu gai mbi ,	nv::nv nv::nv nv::nv cm::gen nv::nv cm::acc pn::2sg nv::nv nv::nv verb::vv e::fve.npst mark::comma
cahar han i emde cooha gene mbi se re jaka de ,	nn::prpn.plc nv::nv cm::gen nv::nv nv::nv verb::vv e::fve.npst verb::vv e::npst.ptcp nv::nv cm::dat mark::comma
gene he niyalma de weile ,	verb::vv e::pst.ptcp nv::nv cm::dat nv::nv mark::comma
han de ala ra jaka de ,	nv::nv cm::dat verb::vv e::npst.ptcp nv::nv cm::dat mark::comma
gese amban ,	nv::nv nv::nv mark::comma
han i fafun i tondo i kadala mbi ,	nv::nv cm::gen nv::nv cm::gen nv::adj cm::gen verb::vv e::fve.npst mark::comma
muse i jušen juse hehesi de ana me ulhibu me hendu ∅ ,	nv::nv cm::gen nv::nv nv::nv nv::nv cm::dat verb::vv e::cve verb::vv e::cve verb::vv e::fve.imperative mark::comma
kibtar ,	nn::prpn.person mark::comma
i_jeo i emu wei be ,	nn::prpn cm::gen nv::nv nv::nv cm::acc mark::comma
min i dele ilan jergi amban bi ,	pn::1sg cm::gen nv::nv nv::nv nv::nv nv::nv verb::vv.npst mark::comma
emu jergi buce re weile be guwebu mbi .	nv::nv nv::nv verb::vv e::npst.ptcp nv::nv cm::acc verb::vv e::fve.npst mark::period
sunja tanggū kadala ra niyalma ,	nv::nv nv::nv verb::vv e::npst.ptcp nv::nv mark::comma
ganggada i iogi i hergen be efule fi ,	nn::prpn.person cm::gen nv::nv cm::gen nv::nv cm::acc verb::vv e::cve mark::comma
han de waka sabu fi weile baha fi boo yada kini ,	nv::nv cm::dat nv::adj verb::vv e::cve nv::nv verb::vv e::cve nv::nv verb::vv e::fve.opt mark::comma
uhereme mocin samsu sunja tanggū .	nv::nv nv::nv nv::nv nv::nv nv::nv mark::period
wan_lii i duici aniya duin biya i tofohon de baha ha ,	nn::prpn cm::gen nv::nv nv::nv nv::nv nv::nv cm::gen nv::nv cm::dat verb::vv e::pst.ptcp mark::comma
bulakan i hergen be efule he .	nn::prpn.person cm::gen nv::nv cm::acc verb::vv e::pst.ptcp mark::period
han ci fusihūn ,	nv::nv cm::abl nv::adj mark::comma
in i irgen be i wa ha seme min be basu rakū ūn ,	pn::3sg cm::gen nv::nv cm::acc cm::gen verb::vv e::pst.ptcp comp pn::1sg cm::acc verb::vv e::npst.ptcp.neg ptcl mark::comma
sure_kundulen_han i deo šurgaci_beile be ,	nn::prpn cm::gen nv::nv nn::prpn cm::acc mark::comma
dain i medege be sin i beye donji fi amasi bedere fi dacila rakū ,	nv::nv cm::gen nv::nv cm::acc pn::2sg cm::gen nv::nv verb::vv e::cve nv::nv verb::vv e::cve verb::vv e::npst.ptcp.neg mark::comma
juwe niyalma be erule he ,	nv::nv nv::nv cm::acc verb::vv e::pst.ptcp mark::comma
jibca ilan ,	nv::nv nv::nv mark::comma
kemuni arga jali be dele ara fi banji ci ,	nv::nv nv::nv nv::nv cm::acc nv::nv verb::vv e::cve verb::vv e::cve mark::comma
hasi ,	nv::nv mark::comma
ehede ,	nn::prpn.person mark::comma
encu golo de sin i beye be amban seme šeri me ainu takūra ha seme weile ara fi ,	nv::nv nv::nv cm::dat pn::2sg cm::gen nv::nv cm::acc nv::nv comp verb::vv e::cve nv::nv verb::vv e::pst.ptcp comp nv::nv verb::vv e::cve mark::comma
šanaha ci casi ,	nn::prpn.plc cm::abl nv::nv mark::comma
isirhan ,	nn::prpn.person mark::comma
beile be daha me buce mbi seme gisure he inu mujangga ,	nv::nv cm::acc verb::vv e::cve verb::vv e::fve.npst comp verb::vv e::pst.ptcp nv::nv nv::adj mark::comma
suwen i beye de jobolon isi mbi kai ,	pn::2pl cm::gen nv::nv cm::dat nv::nv verb::vv e::fve.npst ptcl mark::comma
tofohon de liyoha dalin de isinji mbi ,	nv::nv cm::dat nn::prpn.plc nv::nv cm::dat verb::vv e::fve.npst mark::comma
nikan i karun juwe ilan jergi hūlha me tuwanji fi ,	nv::nv cm::gen nv::nv nv::nv nv::nv nv::nv verb::vv e::cve verb::vv e::cve mark::comma
hūsiri ,	nn::prpn.person mark::comma
manduhū ,	nn::prpn.person mark::comma
wan_lii i orin nadaci aniya juwe biya i ice uyun de baha ha ,	nn::prpn cm::gen nv::nv nv::nv nv::nv nv::nv nv::nv cm::gen nv::adj nv::nv cm::dat verb::vv e::pst.ptcp mark::comma
ya funce he tuta ha niyalma bi ci ,	nv::nv verb::vv e::pst.ptcp verb::vv e::pst.ptcp nv::nv verb::vv e::cve mark::comma
losa hūlha ha seme orin nadan šusiha šusihala ha ,	nv::nv verb::vv e::pst.ptcp comp nv::nv nv::nv nv::nv verb::vv e::pst.ptcp mark::comma
te muse i tukiye fi ciyandzung ara ha niyalma ,	nv::nv nv::nv cm::gen verb::vv e::cve nv::nv verb::vv e::pst.ptcp nv::nv mark::comma
cargi dube de yabu ∅ se mbi kai ,	nv::nv nv::nv cm::dat verb::vv e::fve.imperative verb::vv e::fve.npst ptcl mark::comma
gosingga_amji be ,	nn::prpn cm::acc mark::comma
gin_iogi baica fi ,	nn::prpn verb::vv e::cve mark::comma
doro be dasa rakū o fi ,	nv::nv cm::acc verb::vv e::npst.ptcp.neg verb::vv e::cve mark::comma
jai jergi uka ka be ,	nv::nv nv::nv verb::vv e::pst.ptcp cm::acc mark::comma
gašan i boo be tuwa sinda ra ngge ,	nv::nv cm::gen nv::nv cm::acc nv::nv verb::vv e::npst.ptcp nmlz::nmlz mark::comma
ere jaisai_beile be ,	nv::nv nn::prpn cm::acc mark::comma
muse i cooha alin i dergi be gai fi wasihūn dosi me gida ∅ ,	nv::nv cm::gen nv::nv nv::nv cm::gen nv::nv cm::acc verb::vv e::cve nv::nv verb::vv e::cve verb::vv e::fve.imperative mark::comma
gurun i jalin de jobo rakū ,	nv::nv cm::gen nv::nv cm::dat verb::vv e::npst.ptcp.neg mark::comma
mao_jiyanggiyūn sin be bi genggiyen seme gūni ha bi he ,	nn::prpn pn::2sg cm::acc pn::1sg nv::adj comp verb::vv e::pst.ptcp verb::vv e::pst.ptcp mark::comma
dalingho i emu beiguwan ,	nn::prpn.plc cm::gen nv::nv nv::nv mark::comma
in i tere boo taktu nene me ara me waji ha bi he ,	pn::3sg cm::gen nv::nv nv::nv nv::nv verb::vv e::cve verb::vv e::cve verb::vv e::pst.ptcp verb::vv e::pst.ptcp mark::comma
○ omšon biya de ,	mark::circle nv::nv nv::nv cm::dat mark::comma
han gosi fi daju min de beiguwan i hergen bu hebi ,	nv::nv verb::vv e::cve nn::prpn.person pn::1sg cm::dat nv::nv cm::gen nv::nv verb::vv e::fve.prs.prf mark::comma
fujiyang ni hergen obu ha bi he ,	nv::nv cm::gen nv::nv verb::vv e::pst.ptcp verb::vv e::pst.ptcp mark::comma
damu maksi hakū jalin de adarame wa ra seme hendu re jaka de ,	nv::nv verb::vv e::pst.ptcp.neg nv::nv cm::dat nv::nv verb::vv e::npst.ptcp comp verb::vv e::npst.ptcp nv::nv cm::dat mark::comma
min i beye de banji ha duin jui gese tukiye fi ,	pn::1sg cm::gen nv::nv cm::dat verb::vv e::pst.ptcp nv::nv nv::nv nv::nv verb::vv e::cve mark::comma
han ,	nv::nv mark::comma
suwe gemu tere emu gūsa i cooha waka o ,	pn::2pl nv::nv nv::nv nv::nv nv::nv cm::gen nv::nv nv::nv ptcl mark::comma
nikan ,	nv::nv mark::comma
afabu ha weile be mute mbi ,	verb::vv e::pst.ptcp nv::nv cm::acc verb::vv e::fve.npst mark::comma
umai axša rakū afa ra de ,	nv::nv verb::vv e::npst.ptcp.neg verb::vv e::npst.ptcp cm::dat mark::comma
han i tacibu ha tondo fafun be jurce rakū banji ci ,	nv::nv cm::gen verb::vv e::pst.ptcp nv::adj nv::nv cm::acc verb::vv e::npst.ptcp.neg verb::vv e::cve mark::comma
ehe be ehe seme han de ala mbi ,	nv::adj cm::acc nv::adj comp nv::nv cm::dat verb::vv e::fve.npst mark::comma
efule he niyalma be abka wakala fi jobobu kini ,	verb::vv e::pst.ptcp nv::nv cm::acc nv::nv verb::vv e::cve verb::vv e::fve.opt mark::comma
sain be sain ,	nv::adj cm::acc nv::adj mark::comma
gemu amasi bederebu ∅ ,	nv::nv nv::nv verb::vv e::fve.imperative mark::comma
afabu ha weile be mute mbi ,	verb::vv e::pst.ptcp nv::nv cm::acc verb::vv e::fve.npst mark::comma
○ juwan nadan de ,	mark::circle nv::nv nv::nv cm::dat mark::comma
ice duin de dung_cang_pu de isina ∅ ,	nv::adj nv::nv cm::dat nn::prpn cm::dat verb::vv e::fve.imperative mark::comma
mao_wen_lung be bu mbi o bu rakū ūn seme fonji ∅ ,	nn::prpn cm::acc verb::vv e::fve.npst ptcl verb::vv e::npst.ptcp.neg ptcl comp verb::vv e::fve.imperative mark::comma
cilin jakūn amba ba be abka na min de bu he kai ,	nv::nv nv::nv nv::adj nv::nv cm::acc nv::nv nv::nv pn::1sg cm::dat verb::vv e::pst.ptcp ptcl mark::comma
aha be gosi ∅ ,	nv::nv cm::acc verb::vv e::fve.imperative mark::comma
muse i nikan seme akda fi balai samsi me ume jide re ,	nv::nv cm::gen nv::nv comp verb::vv e::cve nv::nv verb::vv e::cve nv::nv verb::vv e::npst.ptcp mark::comma
in be jafa fi fonji me ,	pn::3sg cm::acc verb::vv e::cve verb::vv e::cve mark::comma
geren beiguwan de kiru ilata juru ,	nv::adj nv::nv cm::dat nv::nv nv::nv nv::nv mark::comma
hai_si kubuni_ho_wei i du_jy_hūi_ciyanši hasali i jui tungdaiši ,	nn::prpn nn::prpn cm::gen nv::nv nn::prpn.person cm::gen nv::nv nn::prpn.person mark::comma
beye inu jobo rakū kai ,	nv::nv nv::nv verb::vv e::npst.ptcp.neg ptcl mark::comma
tongki fuka sinda ha hergen i dangse .	nv::nv nv::nv verb::vv e::pst.ptcp nv::nv cm::gen nv::nv mark::period
ilan bedzung de ilata niyalma ,	nv::nv nv::nv cm::dat nv::nv nv::nv mark::comma
emu jergi buce re weile be guwebu mbi .	nv::nv nv::nv verb::vv e::npst.ptcp nv::nv cm::acc verb::vv e::fve.npst mark::period
ilan minggan cooha gama me ,	nv::nv nv::nv nv::nv verb::vv e::cve mark::comma
minggan niyalma i baita tooka mbi kai ,	nv::nv nv::nv cm::gen nv::nv verb::vv e::fve.npst ptcl mark::comma
julergi alin de emu dobori dedu ci ,	nv::nv nv::nv cm::dat nv::nv nv::nv verb::vv e::cve mark::comma
juse omosi jalan hala me gosi me uji ∅ .	nv::nv nv::nv nv::nv verb::vv e::cve verb::vv e::cve verb::vv e::fve.imperative mark::period
fujiyang ,	nv::nv mark::comma
efu i mujilen be sulakan obu rakū jobobu ci ,	nv::nv cm::gen nv::nv cm::acc nv::adj verb::vv e::npst.ptcp.neg verb::vv e::cve mark::comma
dung_ging ni hecen ci morin erin de tuci fi hai_jeo i baru jura ka ,	nn::prpn cm::gen nv::nv cm::abl nv::nv nv::nv cm::dat verb::vv e::cve nn::prpn cm::gen nv::nv verb::vv e::pst.ptcp mark::comma
ere bithe be wasi ka seme ,	nv::nv nv::nv cm::acc verb::vv e::pst.ptcp comp mark::comma
beri bošo ro ejen de afabu ha ,	nv::nv verb::vv e::npst.ptcp nv::nv cm::dat verb::vv e::pst.ptcp mark::comma
ilan niyalma be nadanju ilata šusihala fi oforo šan toko ho ,	nv::nv nv::nv cm::acc nv::nv nv::nv verb::vv e::cve nv::nv nv::nv verb::vv e::pst.ptcp mark::comma
be jafa fi suwen de bu re seme ,	pn::1pl.excl verb::vv e::cve pn::2pl cm::dat verb::vv e::npst.ptcp comp mark::comma
tere gung de ,	nv::nv nv::nv cm::dat mark::comma
genggiyen_han ,	nn::prpn mark::comma
meihe erin de hūwang_ni_wa i ergi ci poo jing sinda mbi seme alanji re jaka de ,	nv::nv nv::nv cm::dat nn::prpn cm::gen nv::nv cm::abl nv::nv nv::nv verb::vv e::fve.npst comp verb::vv e::npst.ptcp nv::nv cm::dat mark::comma
jui de sunja tanggū nikan bu he ,	nv::nv cm::dat nv::nv nv::nv nv::nv verb::vv e::pst.ptcp mark::comma
abka de akdula me gashū fi ,	nv::nv cm::dat verb::vv e::cve verb::vv e::cve mark::comma
○ ice uyun de ,	mark::circle nv::adj nv::nv cm::dat mark::comma
tuttu o ci ,	nv::nv verb::vv e::cve mark::comma
jafu bithe be amban sa ali me gai ci ,	nv::nv nv::nv cm::acc nv::nv nv::nv verb::vv e::cve verb::vv e::cve mark::comma
ere uheri emu minggan sunja tanggū orin ninggun ihan gene he ,	nv::nv nv::nv nv::nv nv::nv nv::nv nv::nv nv::nv nv::nv nv::nv verb::vv e::pst.ptcp mark::comma
jori ha jurgan be jurce rakū seme beiguwan obu ha .	verb::vv e::pst.ptcp nv::nv cm::acc verb::vv e::npst.ptcp.neg comp nv::nv verb::vv e::pst.ptcp mark::period
men i anafu te he cooha i amban sa men de inu weile o mbi kai ,	pn::1pl.excl cm::gen nv::nv verb::vv e::pst.ptcp nv::nv cm::gen nv::nv nv::nv pn::1pl.excl cm::dat nv::nv nv::nv verb::vv e::fve.npst ptcl mark::comma
tongki fuka sinda ha hergen i dangse .	nv::nv nv::nv verb::vv e::pst.ptcp nv::nv cm::gen nv::nv mark::period
suwen i mujilen i tuwa fi sain ba be jori me fonji cina seme hendu ci ,	pn::2pl cm::gen nv::nv cm::gen verb::vv e::cve nv::adj nv::nv cm::acc verb::vv e::cve verb::vv e::fve.opt comp verb::vv e::cve mark::comma
nikan i amba cooha ji hebi seme urkila fi ,	nv::nv cm::gen nv::adj nv::nv verb::vv e::fve.prs.prf comp verb::vv e::cve mark::comma
pan_deng_k'o ,	nn::prpn mark::comma
ji he boigon i te he boo ,	verb::vv e::pst.ptcp nv::nv cm::gen verb::vv e::pst.ptcp nv::nv mark::comma
wan_lii i orin nadaci aniya juwe biya i ice uyun de baha ha ,	nn::prpn cm::gen nv::nv nv::nv nv::nv nv::nv nv::nv cm::gen nv::adj nv::nv cm::dat verb::vv e::pst.ptcp mark::comma
ilan inenggi erule me asara fi wa ha ,	nv::nv nv::nv verb::vv e::cve verb::vv e::cve verb::vv e::pst.ptcp mark::comma
jang_i_jan i baru aba sinda fi gene re de ,	nn::prpn cm::gen nv::nv nv::nv verb::vv e::cve verb::vv e::npst.ptcp cm::dat mark::comma
ici ergi duin gūsa i cooha be ,	nv::nv nv::nv nv::nv nv::nv cm::gen nv::nv cm::acc mark::comma
emu ciyandzung de duin niyalma ,	nv::nv nv::nv cm::dat nv::nv nv::nv mark::comma
ehe lifa ra ba be ulan fete me kiyoo ca me dasa fi olhon obu ha ,	nv::adj verb::vv e::npst.ptcp nv::nv cm::acc nv::nv verb::vv e::cve nv::nv verb::vv e::cve verb::vv e::cve nv::nv verb::vv e::pst.ptcp mark::comma
mujilen o kini .	nv::nv verb::vv e::fve.opt mark::period
nikan hafasa de ,	nv::nv nv::nv cm::dat mark::comma
kiyoo_bang_kui de hebe daha ha gašan i niyalma be ,	nn::prpn cm::dat nv::nv verb::vv e::pst.ptcp nv::nv cm::gen nv::nv cm::acc mark::comma
amba hecen be efule fi ,	nv::adj nv::nv cm::acc verb::vv e::cve mark::comma
gida ha aika jaka be gemu gai fi uyun yan i weile ara ha .	verb::vv e::pst.ptcp nv::nv nv::nv cm::acc nv::nv verb::vv e::cve nv::nv nv::nv cm::gen nv::nv verb::vv e::pst.ptcp mark::period
guwangning de anafu te he dzung_bing_guwan amba_efu ,	nn::prpn.plc cm::dat nv::nv verb::vv e::pst.ptcp nv::nv nn::prpn mark::comma
min be nadan amba koro koro bu fi ,	pn::1sg cm::acc nv::nv nv::adj nv::nv verb::vv sfx e::cve mark::comma
○ juwan duin de ,	mark::circle nv::nv nv::nv cm::dat mark::comma
dergi_mederi ci wasihūn ,	nn::prpn cm::abl nv::nv mark::comma
ji he niyalma gemu se jalgan golmin taifin jirga me banji kini ,	verb::vv e::pst.ptcp nv::nv nv::nv nv::nv nv::nv nv::adj nv::adj verb::vv e::cve verb::vv e::fve.opt mark::comma
golju ,	nn::prpn.person mark::comma
jaisai niyalma akū bi he ,	nn::prpn.person nv::nv nv::adj verb::vv e::pst.ptcp mark::comma
○ tulešen_mafa ,	mark::circle nn::prpn mark::comma
fulu holto me hūlha me gaija rakū .	nv::nv verb::vv e::cve verb::vv e::cve verb::vv e::npst.ptcp.neg mark::period
han sabu fi ,	nv::nv verb::vv e::cve mark::comma
○ nikari ,	mark::circle nn::prpn.person mark::comma
bata kimun seme gida rakū ,	nv::nv nv::nv comp verb::vv e::npst.ptcp.neg mark::comma
orin ninggun de wasimbu ha ,	nv::nv nv::nv cm::dat verb::vv e::pst.ptcp mark::comma
wan_lii i uyuci aniya duin biya i orin jakūn de baha ha .	nn::prpn cm::gen nv::nv nv::nv nv::nv nv::nv cm::gen nv::nv nv::nv cm::dat verb::vv e::pst.ptcp mark::period
daha ∅ se ci daha rakū o fi ,	verb::vv e::fve.imperative verb::vv e::cve verb::vv e::npst.ptcp.neg verb::vv e::cve mark::comma
tere ci buya juse emke emken i han be tebeliye me aca ha ,	nv::nv cm::abl nv::adj nv::nv nv::nv nv::nv cm::gen nv::nv cm::acc verb::vv e::cve verb::vv e::pst.ptcp mark::comma
tuba de bisi re niyalma ,	nv::nv cm::dat verb::vv e::npst.ptcp nv::nv mark::comma
nikan i cooha i ishun okdo me ,	nv::nv cm::gen nv::nv cm::gen nv::nv verb::vv e::cve mark::comma
siraba ,	nn::prpn.person mark::comma
abka ,	nv::nv mark::comma
morin ,	nv::nv mark::comma
gemu suwen i monggo ai jalin de gama mbi ,	nv::nv pn::2pl cm::gen nv::nv nv::nv nv::nv cm::dat verb::vv e::fve.npst mark::comma
men i cooha ,	pn::1pl.excl cm::gen nv::nv mark::comma
wa ha manggi ,	verb::vv e::pst.ptcp nv::nv mark::comma
duin temen gai ha ,	nv::nv nv::nv verb::vv e::pst.ptcp mark::comma
aba cooha i gisun donji ci ,	nv::nv nv::nv cm::gen nv::nv verb::vv e::cve mark::comma
amba_beile i boo de ,	nn::prpn cm::gen nv::nv cm::dat mark::comma
wan_lii i gūsin nadaci aniya omšon biya i orin sunja de baha ha ,	nn::prpn cm::gen nv::nv nv::nv nv::nv nv::nv nv::nv cm::gen nv::nv nv::nv cm::dat verb::vv e::pst.ptcp mark::comma
jušen i emu gūsa de juwete iogi ,	nv::nv cm::gen nv::nv nv::nv cm::dat nv::nv nv::nv mark::comma
hoton hecen pu šancin o ci ,	nv::nv nv::nv nv::nv nv::nv verb::vv e::cve mark::comma
suwen i niyalma tucibu fi tuwakiyabu ∅ ,	pn::2pl cm::gen nv::nv verb::vv e::cve verb::vv e::fve.imperative mark::comma
suwen i kadala ha niru tome bayara emke jušen sunja tucibu fi ,	pn::2pl cm::gen verb::vv e::pst.ptcp nv::nv nv::nv nv::nv nv::nv nv::nv nv::nv verb::vv e::cve mark::comma
amba jaha ara fi mederi onggolo be doo fi ,	nv::adj nv::nv verb::vv e::cve nv::nv nv::nv cm::acc verb::vv e::cve mark::comma
○ nomhon be ,	mark::circle nv::adj cm::acc mark::comma
jori ha jurgan be jurce rakū seme beiguwan obu ha .	verb::vv e::pst.ptcp nv::nv cm::acc verb::vv e::npst.ptcp.neg comp nv::nv verb::vv e::pst.ptcp mark::period
karun i ejen arbuha gebungge niyalma ,	nv::nv cm::gen nv::nv nn::prpn.person nv::adj nv::nv mark::comma
( ocirsang ,	mark::lparen nn::prpn.person mark::comma
sirhūnak ,	nn::prpn.person mark::comma
dobi ,	nv::nv mark::comma
nadanju ilan niyalma tuci fi jodo ho gecuheri suje puse be han tuwa fi ,	nv::nv nv::nv nv::nv verb::vv e::cve verb::vv e::pst.ptcp nv::nv nv::nv nv::nv cm::acc nv::nv verb::vv e::cve mark::comma
ilan_muhaliyan emu ubu .	nn::prpn nv::nv nv::nv mark::period
tenteke weile baha ha niyalma be tuwa fi bu ci baha ra niyalma o ci ,	nv::nv nv::nv verb::vv e::pst.ptcp nv::nv cm::acc verb::vv e::cve verb::vv e::cve verb::vv e::npst.ptcp nv::nv verb::vv e::cve mark::comma
suwen i juse sargan ,	pn::2pl cm::gen nv::nv nv::nv mark::comma
tucibu me ala rakū holto ro niyalma be ,	verb::vv e::cve verb::vv e::npst.ptcp.neg verb::vv e::npst.ptcp nv::nv cm::acc mark::comma
emu losa šangna ha ,	nv::nv nv::nv verb::vv e::pst.ptcp mark::comma
duin janggin duin gašan bošokū be sinda fi ,	nv::nv nv::nv nv::nv nv::nv nv::nv cm::acc verb::vv e::cve mark::comma
gurun jobo mbi seme emu niru i juwan haha duin ihan be siden de tucibu fi ,	nv::nv verb::vv e::fve.npst comp nv::nv nv::nv cm::gen nv::nv nv::nv nv::nv nv::nv cm::acc nv::nv cm::dat verb::vv e::cve mark::comma
suwen i juwe nofi ,	pn::2pl cm::gen nv::nv nv::nv mark::comma
muwa moo be suhe i saci me ,	nv::adj nv::nv cm::acc nv::nv cm::gen verb::vv e::cve mark::comma
○ jase i jakara me te he niyalma de wasimbu ha ,	mark::circle nv::nv cm::gen verb::vv e::cve verb::vv e::pst.ptcp nv::nv cm::dat verb::vv e::pst.ptcp mark::comma
dain de gene he muse i cooha ,	nv::nv cm::dat verb::vv e::pst.ptcp nv::nv cm::gen nv::nv mark::comma
juwan isi me guwanggusa bi he ,	nv::nv verb::vv e::cve nv::nv verb::vv e::pst.ptcp mark::comma
han ama ,	nv::nv nv::nv mark::comma
hai_si irkuli_wei i du_jy_hūi_tungjy bilini i omolo giohoo ,	nn::prpn nn::prpn cm::gen nv::nv nn::prpn.person cm::gen nv::nv nn::prpn.person mark::comma
ice ara ra hecen de ,	nv::adj verb::vv e::npst.ptcp nv::nv cm::dat mark::comma
mocin i ojin de ulhun undurakū sinda ∅ .	nv::nv cm::gen nv::nv cm::dat nv::nv nv::nv verb::vv e::fve.imperative mark::period
ihan duin tanggū ,	nv::nv nv::nv nv::nv mark::comma
julergi duin wei niyalma ,	nv::nv nv::nv nv::nv nv::nv mark::comma
hoo_šeobei i kadala ra hooguwan_tun i hoo_jy_jing ,	nn::prpn cm::gen verb::vv e::npst.ptcp nn::prpn cm::gen nn::prpn mark::comma
i_lu ,	nn::prpn mark::comma
jori ha jurgan be jurce rakū seme beiguwan obu ha .	verb::vv e::pst.ptcp nv::nv cm::acc verb::vv e::npst.ptcp.neg comp nv::nv verb::vv e::pst.ptcp mark::period
men i niyalma be taka fi ,	pn::1pl.excl cm::gen nv::nv cm::acc verb::vv e::cve mark::comma
tosi ,	nv::adj mark::comma
du_tang ni bithe ,	nv::nv cm::gen nv::nv mark::comma
sain gisun be tacibu me selgiye fi ,	nv::adj nv::nv cm::acc verb::vv e::cve verb::vv e::cve mark::comma
tuttu o ho manggi ,	nv::nv verb::vv e::pst.ptcp nv::nv mark::comma
ice nikasa be toktobu me ,	nv::adj nv::nv cm::acc verb::vv e::cve mark::comma
○ jarut ba i jaisang_keoken i emu niyalma ,	mark::circle nn::prpn.plc nv::nv cm::gen nn::prpn cm::gen nv::nv nv::nv mark::comma
gene ci yamji ha seme amasi dung_ging hecen de gaji fi dedubu he ,	verb::vv e::cve verb::vv e::pst.ptcp comp nv::nv nn::prpn nv::nv cm::dat verb::vv e::cve verb::vv e::pst.ptcp mark::comma
han ,	nv::nv mark::comma
ucara fi yaka ehe mujilengge niyalma ,	verb::vv e::cve nv::nv nv::adj nv::adj nv::nv mark::comma
uici ,	nn::prpn.person mark::comma
namu_ho_wei i du_jy_hūi_ciyanši dasigan i omolo udaha ,	nn::prpn cm::gen nv::nv nn::prpn.person cm::gen nv::nv nn::prpn.person mark::comma
jibca dahū uyunju emu ,	nv::nv nv::nv nv::nv nv::nv mark::comma
○ ninggun biya i ice duin de ,	mark::circle nv::nv nv::nv cm::gen nv::adj nv::nv cm::dat mark::comma
aja_wei i du_jy_hūi_ciyanši goho i omolo tarda ,	nn::prpn cm::gen nv::nv nn::prpn.plc cm::gen nv::nv nn::prpn.person mark::comma
lefu aidagan be nene me gabta ha niyalma ,	nv::nv nv::nv cm::acc verb::vv e::cve verb::vv e::pst.ptcp nv::nv mark::comma
tongki fuka sinda ha hergen i dangse .	nv::nv nv::nv verb::vv e::pst.ptcp nv::nv cm::gen nv::nv mark::period
tolo ho gašan i niyalma ,	verb::vv e::pst.ptcp nv::nv cm::gen nv::nv mark::comma
tere ci amba_beile ,	nv::nv cm::abl nn::prpn mark::comma
boo i elben be gemu kola ha ,	nv::nv cm::gen nv::nv cm::acc nv::nv verb::vv e::pst.ptcp mark::comma
tofohon de jura mbi seme alanji ha ,	nv::nv cm::dat verb::vv e::fve.npst comp verb::vv e::pst.ptcp mark::comma
ši_ho_i hecen de niyalma bi o akū ūn seme hūlha me tuwanggi ∅ .	nn::prpn nv::nv cm::dat nv::nv verb::vv.npst ptcl nv::nv ptcl comp verb::vv e::cve verb::vv e::fve.imperative mark::period
horonggo okto angga de gosihon gojime ,	nv::adj nv::nv nv::nv cm::dat nv::adj nv::nv mark::comma
medege alanji ∅ seme bithe unggi he .	nv::nv verb::vv e::fve.imperative comp nv::nv verb::vv e::pst.ptcp mark::period
emu feye gabtabu ha seme ,	nv::nv nv::nv verb::vv e::pst.ptcp comp mark::comma
min i juse omosi jalan hala me han de gosibu me wesihun banji kini .	pn::1sg cm::gen nv::nv nv::nv nv::nv verb::vv e::cve nv::nv cm::dat verb::vv e::cve nv::nv verb::vv e::fve.opt mark::period
giya_jing ni dehici aniya nadan biya i orin uyun de baha ha ,	nn::prpn cm::gen nv::nv nv::nv nv::nv nv::nv cm::gen nv::nv nv::nv cm::dat verb::vv e::pst.ptcp mark::comma
ineku daihal heture fi jafa fi ,	nv::nv nn::prpn.person verb::vv e::cve verb::vv e::cve mark::comma
○ fukana be ,	mark::circle nn::prpn.person cm::acc mark::comma
tere ci jase tuci fi ninggun dedu me olji icihiya fi ,	nv::nv cm::abl nv::nv verb::vv e::cve nv::nv verb::vv e::cve nv::nv verb::vv e::cve mark::comma
tucibu fi benji rakū o fi gūwa gercile me ala ha de ,	verb::vv e::cve verb::vv e::npst.ptcp.neg verb::vv e::cve nv::nv verb::vv e::cve verb::vv e::pst.ptcp cm::dat mark::comma
omi fi niyalma i emgi becunu he ,	verb::vv e::cve nv::nv cm::gen nv::nv verb::vv e::pst.ptcp mark::comma
tuttu orin aniya o tolo asara ha sargan jui be ,	nv::nv nv::nv nv::nv verb::vv e::cve verb::vv e::pst.ptcp nv::nv nv::nv cm::acc mark::comma
han de ala ra jaka de ,	nv::nv cm::dat verb::vv e::npst.ptcp nv::nv cm::dat mark::comma
bu re jeku akū ,	verb::vv e::npst.ptcp nv::nv nv::adj mark::comma
han donji fi inje me hendu me ,	nv::nv verb::vv e::cve verb::vv e::cve verb::vv e::cve mark::comma
tumen ulha be dali me banji re niyalma ,	nv::nv nv::nv cm::acc verb::vv e::cve verb::vv e::npst.ptcp nv::nv mark::comma
muse juwe gurun emu hebe o fi nikan de usha ki se mbi o ,	pn::1pl.incl nv::nv nv::nv nv::nv nv::nv verb::vv e::cve nv::nv cm::dat verb::vv e::fve.opt verb::vv e::fve.npst ptcl mark::comma
cooha i morin tarhūn o ci ,	nv::nv cm::gen nv::nv nv::adj verb::vv e::cve mark::comma
hacin hacin i ehe gisun ,	nv::nv nv::nv cm::gen nv::adj nv::nv mark::comma
jakūn biya i juwan uyun de isina fi ,	nv::nv nv::nv cm::gen nv::nv nv::nv cm::dat verb::vv e::cve mark::comma
ama han de duin sunja jergi gashū ha gisun be gūwaliya fi ,	nv::nv nv::nv cm::dat nv::nv nv::nv nv::nv verb::vv e::pst.ptcp nv::nv cm::acc verb::vv e::cve mark::comma
cang_diyan ,	nn::prpn mark::comma
suwen i liyoodung ni ba i niyalma sarta me gūni fi ,	pn::2pl cm::gen nn::prpn.plc cm::gen nv::nv cm::gen nv::nv verb::vv e::cve verb::vv e::cve mark::comma
duici_beile ,	nn::prpn mark::comma
men i juwe gurun emu hebe o mbi seme ,	pn::1pl.excl cm::gen nv::nv nv::nv nv::nv nv::nv verb::vv e::fve.npst comp mark::comma
orin emu de muduri erin de ,	nv::nv nv::nv cm::dat nv::nv nv::nv cm::dat mark::comma
○ ilaci mukūn i ningguci tatan ,	mark::circle nv::nv nv::nv cm::gen nv::nv nv::nv mark::comma
joriktu ,	nn::prpn.person mark::comma
tohoci ,	nn::prpn.person mark::comma
sonjo fi tucibu he moringga mangga cooha amca fi tala de wa ha ,	verb::vv e::cve verb::vv e::pst.ptcp nv::adj nv::adj nv::nv verb::vv e::cve nv::nv cm::dat verb::vv e::pst.ptcp mark::comma
emu majige andan i jili de men de akda rakū ,	nv::nv nv::adj nv::nv cm::gen nv::nv cm::dat pn::1pl.excl cm::dat verb::vv e::npst.ptcp.neg mark::comma
fakūna ,	nn::prpn.person mark::comma
xi_san_šan ci dalingho ,	nn::prpn cm::abl nn::prpn.plc mark::comma
duici_beile be nene me ji ∅ ,	nn::prpn cm::acc verb::vv e::cve verb::vv e::fve.imperative mark::comma
lio_fujiyang niyalma takūra fi gai fi bu kini .	nn::prpn nv::nv verb::vv e::cve verb::vv e::cve verb::vv e::fve.opt mark::period
bada ,	nv::adj mark::comma
ujula ha ehe ahadai be wa ha ,	verb::vv e::pst.ptcp nv::adj nn::prpn.person cm::acc verb::vv e::pst.ptcp mark::comma
○ juwan juwe de ,	mark::circle nv::nv nv::nv cm::dat mark::comma
uhereme ninggun beile ,	nv::nv nv::nv nv::nv mark::comma
sio_yan i ergi de te he cooha ibe me ,	nn::prpn cm::gen nv::nv cm::dat verb::vv e::pst.ptcp nv::nv verb::vv e::cve mark::comma
ji he elcin aina ra ,	verb::vv e::pst.ptcp nv::nv verb::vv e::npst.ptcp mark::comma
usin jeku baha hakūbi seme juwe jergi habšanji re jaka de ,	nv::nv nv::nv verb::vv e::fve.prs.prf.neg comp nv::nv nv::nv verb::vv e::npst.ptcp nv::nv cm::dat mark::comma
suila ha ,	verb::vv e::pst.ptcp mark::comma
juwe ulgiyan ,	nv::nv nv::nv mark::comma
juwe ba i niyalma sasari alanji ha manggi ,	nv::nv nv::nv cm::gen nv::nv nv::nv verb::vv e::pst.ptcp nv::nv mark::comma
guwangning de te he cooha i amban sa ,	nn::prpn.plc cm::dat verb::vv e::pst.ptcp nv::nv cm::gen nv::nv nv::nv mark::comma
fakca rakū ci ,	verb::vv e::npst.ptcp.neg e::cve mark::comma
wa ra be wa ra ,	verb::vv e::npst.ptcp cm::acc verb::vv e::npst.ptcp mark::comma
sure_kundulen_han ,	nn::prpn mark::comma
santan be beiguwan i hergen be efule fi niru ci hokobu ha ,	nn::prpn.person cm::acc nv::nv cm::gen nv::nv cm::acc verb::vv e::cve nv::nv cm::abl verb::vv e::pst.ptcp mark::comma
fiongdon_jargūci be ,	nn::prpn cm::acc mark::comma
nadan biya i juwan uyun de cooha jura fi ,	nv::nv nv::nv cm::gen nv::nv nv::nv cm::dat nv::nv verb::vv e::cve mark::comma
○ orin ilan de ,	mark::circle nv::nv nv::nv cm::dat mark::comma
tu be saikan dagilabu fi ,	nv::nv cm::acc nv::adj verb::vv e::cve mark::comma
baindai ,	nn::prpn.person mark::comma
emu hule be simiyan i tsang de bene ∅ ,	nv::nv nv::nv cm::acc nn::prpn.plc cm::gen nv::nv cm::dat verb::vv e::fve.imperative mark::comma
geren gemu emu adali uhe ume ara ra ,	nv::adj nv::nv nv::nv nv::adj nv::nv nv::nv verb::vv e::npst.ptcp mark::comma
tanggūdai ,	nn::prpn.person mark::comma
han ama ,	nv::nv nv::nv mark::comma
fujiyang fakca hakū seme wesihun han de ala ∅ ,	nv::nv verb::vv e::pst.ptcp.neg comp nv::nv nv::nv cm::dat verb::vv e::fve.imperative mark::comma
da ci dain daila ra de ,	nv::nv cm::abl nv::nv verb::vv e::npst.ptcp cm::dat mark::comma
niyaman hūncihin seme harša rakū ,	nv::nv nv::nv comp verb::vv e::npst.ptcp.neg mark::comma
ere giranggi gese giranggi šara me buce kini ,	nv::nv nv::nv nv::nv nv::nv verb::vv e::cve verb::vv e::fve.opt mark::comma
šun tuhe re amargi hošo de emu jergi afanji fi bedere he ,	nv::nv verb::vv e::npst.ptcp nv::nv nv::nv cm::dat nv::nv nv::nv verb::vv e::cve verb::vv e::pst.ptcp mark::comma
weihu gai ha ,	nv::nv verb::vv e::pst.ptcp mark::comma
jori ha jurgan be jurce rakū seme beiguwan obu ha .	verb::vv e::pst.ptcp nv::nv cm::acc verb::vv e::npst.ptcp.neg comp nv::nv verb::vv e::pst.ptcp mark::period
jeng_an_pu i tsanjiyang de wasimbu ha ,	nn::prpn cm::gen nv::nv cm::dat verb::vv e::pst.ptcp mark::comma
dung_jeo ,	nn::prpn mark::comma
jori ha jurgan be jurce rakū seme beiguwan obu ha .	verb::vv e::pst.ptcp nv::nv cm::acc verb::vv e::npst.ptcp.neg comp nv::nv verb::vv e::pst.ptcp mark::period
julesi nukte ci sasa ,	nv::nv verb::vv e::cve nv::nv mark::comma
tondo i afa ki ,	nv::adj cm::gen verb::vv e::fve.opt mark::comma
sattar_taiji ,	nn::prpn mark::comma
emu minggan sunja tanggū cooha be gai fi ,	nv::nv nv::nv nv::nv nv::nv nv::nv cm::acc verb::vv e::cve mark::comma
tere boigon i niyalma amasi bedere he se re ,	nv::nv nv::nv cm::gen nv::nv nv::nv verb::vv e::pst.ptcp verb::vv e::npst.ptcp mark::comma
○ yungšun ,	mark::circle nn::prpn.person mark::comma
han te he soorin ci ili fi yamun ci tuci fi ,	nv::nv verb::vv e::pst.ptcp nv::nv cm::abl verb::vv e::cve nv::nv cm::abl verb::vv e::cve mark::comma
suwen i solho gurun be hafira me gai fi wa rahū seme unggi rakū tebu hebi ,	pn::2pl cm::gen nv::nv nv::nv cm::acc verb::vv e::cve verb::vv e::cve verb::vv e::fve.prv comp verb::vv e::npst.ptcp.neg verb::vv e::fve.prs.prf mark::comma
da de yehe ,	nv::nv cm::dat nv::nv mark::comma
kutule yafahan niyalma be šusihala ra jaka de ,	nv::nv nv::adj nv::nv cm::acc verb::vv e::npst.ptcp nv::nv cm::dat mark::comma
losa hūlha ha seme weile ara fi ,	nv::nv verb::vv e::pst.ptcp comp nv::nv verb::vv e::cve mark::comma
afabu ha weile be mute mbi ,	verb::vv e::pst.ptcp nv::nv cm::acc verb::vv e::fve.npst mark::comma
jakūn ihan ,	nv::nv nv::nv mark::comma
boitohoi de juwanta yan i weile ara ha bi he ,	nn::prpn.person cm::dat nv::nv nv::nv cm::gen nv::nv verb::vv e::pst.ptcp verb::vv e::pst.ptcp mark::comma
uthai waji ∅ ,	nv::nv verb::vv e::fve.imperative mark::comma
○ hūsitun be ,	mark::circle nv::nv cm::acc mark::comma
jeku bai me emu tanggū sejen unggi he bi he ,	nv::nv verb::vv e::cve nv::nv nv::nv nv::nv verb::vv e::pst.ptcp verb::vv e::pst.ptcp mark::comma
fusi ,	nn::prpn.plc mark::comma
ere unggi he menggun be kūrcan si ali me gai fi ,	nv::nv verb::vv e::pst.ptcp nv::nv cm::acc nv::nv pn::2sg verb::vv e::cve verb::vv e::cve mark::comma
susai morin be benji me hengkile me aca me ji he bi he ,	nv::nv nv::nv cm::acc verb::vv e::cve verb::vv e::cve verb::vv e::cve verb::vv e::pst.ptcp verb::vv e::pst.ptcp mark::comma
saci me efule re be naka fi ,	verb::vv e::cve verb::vv e::npst.ptcp cm::acc verb::vv e::cve mark::comma
○ iogi bangsun ,	mark::circle nv::nv nn::prpn.person mark::comma
○ orin duin de ,	mark::circle nv::nv nv::nv cm::dat mark::comma
nikan i buya hafasa ,	nv::nv cm::gen nv::adj nv::nv mark::comma
meni meni emte bithe ara ∅ ,	nv::nv nv::nv nv::nv nv::nv verb::vv e::fve.imperative mark::comma
cen_hūng_ioi ,	nn::prpn mark::comma
ume algiša ra ,	nv::nv verb::vv e::npst.ptcp mark::comma
oode juwe niru be han in i jaka de gaji ha ,	nn::prpn.person nv::nv nv::nv cm::acc nv::nv pn::3sg cm::gen nv::nv cm::dat verb::vv e::pst.ptcp mark::comma
juo_han doro akū ehe o fi ,	nn::prpn.person nv::nv nv::adj nv::adj verb::vv e::cve mark::comma
ere karun i te he niyalma ,	nv::nv nv::nv cm::gen verb::vv e::pst.ptcp nv::nv mark::comma
jeku akū nikan be wa ha .	nv::nv nv::adj nv::nv cm::acc verb::vv e::pst.ptcp mark::period
emu jergi gaija ra weile be waliya mbi .	nv::nv nv::nv verb::vv e::npst.ptcp nv::nv cm::acc verb::vv e::fve.npst mark::period
juwe cimari de use hekūbi ,	nv::nv nv::nv cm::dat verb::vv e::fve.prs.prf.neg mark::comma
○ juwan ninggun de ,	mark::circle nv::nv nv::nv cm::dat mark::comma
burula me amcabu rakū o fi ,	verb::vv e::cve verb::vv e::npst.ptcp.neg verb::vv e::cve mark::comma
wan_lii i orin nadaci aniya juwe biya i ice uyun de baha ha ,	nn::prpn cm::gen nv::nv nv::nv nv::nv nv::nv nv::nv cm::gen nv::adj nv::nv cm::dat verb::vv e::pst.ptcp mark::comma
manggo ,	nv::nv mark::comma
gerci niyalma ala ci ,	nv::nv nv::nv verb::vv e::cve mark::comma
šajin de beide fi ,	nv::nv cm::dat verb::vv e::cve mark::comma
abka na de gashū ki ,	nv::nv nv::nv cm::dat verb::vv e::fve.opt mark::comma
iberi šabtun wacan faita ∅ ,	nv::nv nv::nv nv::nv verb::vv e::fve.imperative mark::comma
○ ice jakūn de ,	mark::circle nv::adj nv::nv cm::dat mark::comma
eigen sargan be ume faksala ra ,	nv::nv nv::nv cm::acc nv::nv verb::vv e::npst.ptcp mark::comma
han de waka sabu fi weile baha fi boo yada kini ,	nv::nv cm::dat nv::adj verb::vv e::cve nv::nv verb::vv e::cve nv::nv verb::vv e::fve.opt mark::comma
dergi niyalma de dere ara fi gai fi benji ci ,	nv::nv nv::nv cm::dat nv::nv verb::vv e::cve verb::vv e::cve verb::vv e::cve mark::comma
min i kadala ra emu gala i cooha be han i fafun i tondo i kadala mbi ,	pn::1sg cm::gen verb::vv e::npst.ptcp nv::nv nv::nv cm::gen nv::nv cm::acc nv::nv cm::gen nv::nv cm::gen nv::adj cm::gen verb::vv e::fve.npst mark::comma
ilan tasha i sukū benji he .	nv::nv nv::nv cm::gen nv::nv verb::vv e::pst.ptcp mark::period
nikan cooha amasi bedere he ,	nv::nv nv::nv nv::nv verb::vv e::pst.ptcp mark::comma
manggūldai i gucuse de bu he ngge ,	nn::prpn.person cm::gen nv::nv cm::dat verb::vv e::pst.ptcp nmlz::nmlz mark::comma
dehi duin niyalma wa ha ,	nv::nv nv::nv nv::nv verb::vv e::pst.ptcp mark::comma
horho ,	nv::nv mark::comma
bata kimun seme gida rakū ,	nv::nv nv::nv comp verb::vv e::npst.ptcp.neg mark::comma
an_jing_jin ,	nn::prpn mark::comma
tuttu tere dele sain ba de sin i buya juse be gai fi ,	nv::nv nv::nv nv::nv nv::adj nv::nv cm::dat pn::2sg cm::gen nv::adj nv::nv cm::acc verb::vv e::cve mark::comma
darhan_hiya i bithe be jafa fi ,	nn::prpn cm::gen nv::nv cm::acc verb::vv e::cve mark::comma
si sarkū ara fi emu niyalma emu ulha be amasi benji hekū ,	pn::2sg nv::nv verb::vv e::cve nv::nv nv::nv nv::nv nv::nv cm::acc nv::nv verb::vv e::pst.ptcp.neg mark::comma
amba genggiyen_han i hūda unggi he niyalma be wa fi ubaša ra jaka de ,	nv::adj nn::prpn cm::gen nv::nv verb::vv e::pst.ptcp nv::nv cm::acc verb::vv e::cve verb::vv e::npst.ptcp nv::nv cm::dat mark::comma
sun_iogi be unggi he .	nn::prpn cm::acc verb::vv e::pst.ptcp mark::period
encu arbungga ba de te ,	nv::nv nv::adj nv::nv cm::dat nv::nv mark::comma
aika medege o ci ,	nv::nv nv::nv verb::vv e::cve mark::comma
ehe sain be dere bani rakū ,	nv::adj nv::adj cm::acc nv::nv verb::vv e::npst.ptcp.neg mark::comma
ba na gaibu ha kai ,	nv::nv nv::nv verb::vv e::pst.ptcp ptcl mark::comma
○ yengge de ,	mark::circle nv::nv cm::dat mark::comma
ging_jeo hecen de isina fi ,	nn::prpn nv::nv cm::dat verb::vv e::cve mark::comma
wesibu fi beiguwan i hergen bu he ,	verb::vv e::cve nv::nv cm::gen nv::nv verb::vv e::pst.ptcp mark::comma
yehe ci burula me ji he niyalma ,	nv::nv cm::abl verb::vv e::cve verb::vv e::pst.ptcp nv::nv mark::comma
tere ilan ,	nv::nv nv::nv mark::comma
darhan_hiya ,	nn::prpn mark::comma
inu jeku bisi re niyalma i ton de dosimbu ∅ ,	nv::nv nv::nv verb::vv e::npst.ptcp nv::nv cm::gen nv::nv cm::dat verb::vv e::fve.imperative mark::comma
tsanjiyang ,	nv::nv mark::comma
juwan niyalma ,	nv::nv nv::nv mark::comma
suwe cooha i niyalma geli waka ,	pn::2pl nv::nv cm::gen nv::nv nv::nv nv::adj mark::comma
jušen i hafasa ulin gai mbi o ,	nv::nv cm::gen nv::nv nv::nv verb::vv e::fve.npst ptcl mark::comma
duin biya ci ebsi ,	nv::nv nv::nv cm::abl nv::nv mark::comma
beiguwan i hergen efule he .	nv::nv cm::gen nv::nv verb::vv e::pst.ptcp mark::period
afabu ha weile be mute mbi ,	verb::vv e::pst.ptcp nv::nv cm::acc verb::vv e::fve.npst mark::comma
mahala ,	nv::nv mark::comma
geren i jergi de te kini ,	nv::adj cm::gen nv::nv cm::dat verb::vv e::fve.opt mark::comma
iogi ,	nv::nv mark::comma
min i ufara ha ba be onggo rakū gūni mbi ,	pn::1sg cm::gen verb::vv e::pst.ptcp nv::nv cm::acc verb::vv e::npst.ptcp.neg verb::vv e::fve.npst mark::comma
boigon i nikan i hehe be duri me dedu he seme ,	nv::nv cm::gen nv::nv cm::gen nv::nv cm::acc verb::vv e::cve verb::vv e::pst.ptcp comp mark::comma
mao_wen_lung ni beye i teile tuci fi burula ha ,	nn::prpn cm::gen nv::nv cm::gen nv::nv verb::vv e::cve verb::vv e::pst.ptcp mark::comma
han i tacibu ha tondo fafun be jurce rakū banji ci ,	nv::nv cm::gen verb::vv e::pst.ptcp nv::adj nv::nv cm::acc verb::vv e::npst.ptcp.neg verb::vv e::cve mark::comma
fujin i baru hendu me ,	nv::nv cm::gen nv::nv verb::vv e::cve mark::comma
han hendu me ,	nv::nv verb::vv e::cve mark::comma
yehe te monggo de bu ci ,	nv::nv nv::nv nv::nv cm::dat verb::vv e::cve mark::comma
tere hala ra de ,	nv::nv verb::vv e::npst.ptcp cm::dat mark::comma
ilaci jergi iogi de emte bu he ,	nv::nv nv::nv nv::nv cm::dat nv::nv verb::vv e::pst.ptcp mark::comma
guwangning ni emu wei be ,	nn::prpn.plc cm::gen nv::nv nv::nv cm::acc mark::comma
jori ha jurgan be jurce rakū seme ilaci jergi iogi obu ha ,	verb::vv e::pst.ptcp nv::nv cm::acc verb::vv e::npst.ptcp.neg comp nv::nv nv::nv nv::nv verb::vv e::pst.ptcp mark::comma
emu tanggū gūsin ba i dube be hetu aktala me ,	nv::nv nv::nv nv::nv nv::nv cm::gen nv::nv cm::acc nv::adj verb::vv e::cve mark::comma
men i juwe nofi afa me tuci fi gene re ba akū o fi ,	pn::1pl.excl cm::gen nv::nv nv::nv verb::vv e::cve verb::vv e::cve verb::vv e::npst.ptcp nv::nv nv::adj verb::vv e::cve mark::comma
morin ehe niyalma ,	nv::nv nv::adj nv::nv mark::comma
jonggodoi ,	nn::prpn.person mark::comma
ehe i hala mbi kai ,	nv::adj cm::gen verb::vv e::fve.npst ptcl mark::comma
na de hendu fi ainu nakabu hakū ,	nv::nv cm::dat verb::vv e::cve nv::nv verb::vv e::pst.ptcp.neg mark::comma
doro ,	nv::nv mark::comma
gasacun i doro de asuru ambula sinagala ra doro mangga kai ,	nv::nv cm::gen nv::nv cm::dat nv::nv nv::nv verb::vv e::npst.ptcp nv::nv nv::adj ptcl mark::comma
lung_king ni ilaci aniya duin biya i orin sunja de baha ha ,	nn::prpn cm::gen nv::nv nv::nv nv::nv nv::nv cm::gen nv::nv nv::nv cm::dat verb::vv e::pst.ptcp mark::comma
sirai boo i aha anakū be hūlha fi ,	nn::prpn.person nv::nv cm::gen nv::nv nv::nv cm::acc verb::vv e::cve mark::comma
ginjeo ,	nn::prpn.plc mark::comma
langgida iogi daise fujiyang ,	nn::prpn.person nv::nv nv::nv nv::nv mark::comma
hoton i dorgi ,	nv::nv cm::gen nv::nv mark::comma
da ci kimun de mangga ,	nv::nv cm::abl nv::nv cm::dat nv::adj mark::comma
ebu fi afa ∅ seme amba_beile i beye gene fi hendu ci ,	verb::vv e::cve verb::vv e::fve.imperative comp nn::prpn cm::gen nv::nv verb::vv e::cve verb::vv e::cve mark::comma
min i beye encule me weile ara hakū bi he ,	pn::1sg cm::gen nv::nv verb::vv e::cve nv::nv verb::vv e::pst.ptcp.neg verb::vv e::pst.ptcp mark::comma
jafa ha niyalma be guwangse sangse etubu re ,	verb::vv e::pst.ptcp nv::nv cm::acc nv::nv nv::nv verb::vv e::npst.ptcp mark::comma
yasa tuwa hai fusi ho_keo_tai de dosimbu ha ,	nv::nv verb::vv e::cve nn::prpn.plc nn::prpn cm::dat verb::vv e::pst.ptcp mark::comma
tere ci funce he cooha be amasi liyoodung de unggi ∅ ,	nv::nv cm::abl verb::vv e::pst.ptcp nv::nv cm::acc nv::nv nn::prpn.plc cm::dat verb::vv e::fve.imperative mark::comma
susai haha i jušen gai ha ,	nv::nv nv::nv cm::gen nv::nv verb::vv e::pst.ptcp mark::comma
afa me feye baha ha niyalma de dacila me fonji fi ,	verb::vv e::cve nv::nv verb::vv e::pst.ptcp nv::nv cm::dat verb::vv e::cve verb::vv e::cve mark::comma
min i nikan gurun amban ,	pn::1sg cm::gen nv::nv nv::nv nv::nv mark::comma
ete hekū wabu ha ba de ,	verb::vv e::pst.ptcp.neg verb::vv e::pst.ptcp nv::nv cm::dat mark::comma
menggun gūsin yan benji he ,	nv::nv nv::nv nv::nv verb::vv e::pst.ptcp mark::comma
nikan i gasa ha gisun be donji fi menggun unggi hekū bi he ,	nv::nv cm::gen verb::vv e::pst.ptcp nv::nv cm::acc verb::vv e::cve nv::nv verb::vv e::pst.ptcp.neg verb::vv e::pst.ptcp mark::comma
emu niru i emu tanggū uksin i niyalma be ,	nv::nv nv::nv cm::gen nv::nv nv::nv nv::nv cm::gen nv::nv cm::acc mark::comma
uka me tuci fi amasi dosi ka seme ,	verb::vv e::cve verb::vv e::cve nv::nv verb::vv e::pst.ptcp comp mark::comma
hoko ho jui be ume wa ra seme hendu he manggi ,	verb::vv e::pst.ptcp nv::nv cm::acc nv::nv verb::vv e::npst.ptcp comp verb::vv e::pst.ptcp nv::nv mark::comma
amala sure_han ,	nv::nv nn::prpn mark::comma
cooha i niyalma be uksilebu fi ,	nv::nv cm::gen nv::nv cm::acc verb::vv e::cve mark::comma
ikiri buren burde he de ,	nv::adj nv::nv verb::vv e::pst.ptcp cm::dat mark::comma
dosi balai arca me feksi ci ,	nv::nv nv::nv verb::vv e::cve verb::vv e::cve mark::comma
yūn_nan ,	nn::prpn mark::comma
juwe minggan morin ,	nv::nv nv::nv nv::nv mark::comma
minggan poo sinda ra niyalma gaji ∅ ,	nv::nv nv::nv verb::vv e::npst.ptcp nv::nv verb::vv e::fve.imperative mark::comma
niyakūra fi hengkile fi jugūn de gaitai aca ha de ,	verb::vv e::cve verb::vv e::cve nv::nv cm::dat nv::nv verb::vv e::pst.ptcp cm::dat mark::comma
daila fi baha ha emu niyalma be ainu bederebu mbi ,	verb::vv e::cve verb::vv e::pst.ptcp nv::nv nv::nv cm::acc nv::nv verb::vv e::fve.npst mark::comma
juwan emu yan i weile waliya mbi ,	nv::nv nv::nv nv::nv cm::gen nv::nv verb::vv e::fve.npst mark::comma
liyoodung ni tung_iogi ,	nn::prpn.plc cm::gen nn::prpn mark::comma
ehe o ci ,	nv::adj verb::vv e::cve mark::comma
○ ineku tere inenggi beide he weile ,	mark::circle nv::nv nv::nv nv::nv verb::vv e::pst.ptcp nv::nv mark::comma
boitohoi ,	nn::prpn.person mark::comma
yordo ,	nn::prpn.person mark::comma
han i beye taigiyan sinda fi ulin gai me ,	nv::nv cm::gen nv::nv nv::nv verb::vv e::cve nv::nv verb::vv e::cve mark::comma
han i hūturi de sain i yabu ha seme jabu ha ,	nv::nv cm::gen nv::nv cm::dat nv::adj cm::gen verb::vv e::pst.ptcp comp verb::vv e::pst.ptcp mark::comma
nadaci de dodo_age ,	nv::nv cm::dat nn::prpn mark::comma
○ borjin_hiya ,	mark::circle nn::prpn mark::comma
han i baru fusi_efu jabu me ,	nv::nv cm::gen nv::nv nn::prpn verb::vv e::cve mark::comma
hai_jeo ci erde tuci fi ,	nn::prpn cm::abl nv::nv verb::vv e::cve mark::comma
abka i kesi de arbuša me tuwa ra bi he kai seme hendu fi ,	nv::nv cm::gen nv::nv cm::dat verb::vv e::cve verb::vv e::npst.ptcp verb::vv e::pst.ptcp ptcl comp verb::vv e::cve mark::comma
ama mafa i giran ,	nv::nv nv::nv cm::gen nv::nv mark::comma
efule he niyalma be abka wakaša me ubiya ra da de ubiya kini ,	verb::vv e::pst.ptcp nv::nv cm::acc nv::nv verb::vv e::cve verb::vv e::npst.ptcp nv::nv cm::dat verb::vv e::fve.opt mark::comma
alin i han ,	nv::nv cm::gen nv::nv mark::comma
kadala ∅ seme bu he jušen be gemu gai ha ,	verb::vv e::fve.imperative comp verb::vv e::pst.ptcp nv::nv cm::acc nv::nv verb::vv e::pst.ptcp mark::comma
niyang_niyang_gung ni dogon ci ebsi tofohon ba i dube de ,	nn::prpn cm::gen nv::nv cm::abl nv::nv nv::nv nv::nv cm::gen nv::nv cm::dat mark::comma
muse i nukte re monggo ,	nv::nv cm::gen verb::vv e::npst.ptcp nv::nv mark::comma
ginjeo i niyalma be ,	nn::prpn.plc cm::gen nv::nv cm::acc mark::comma
usin i jurgan deb i ,	nv::nv cm::gen nv::nv nv::nv cm::gen mark::comma
ai ai banji re jurgan gemu emu gurun i adali kai ,	nv::nv nv::nv verb::vv e::npst.ptcp nv::nv nv::nv nv::nv nv::nv cm::gen nv::adj ptcl mark::comma
batangga gurun i ulin be gai me banji ci antaka ,	nv::adj nv::nv cm::gen nv::nv cm::acc verb::vv e::cve verb::vv e::cve nv::nv mark::comma
han i bu he amba gebu be gūni rakū ,	nv::nv cm::gen verb::vv e::pst.ptcp nv::adj nv::nv cm::acc verb::vv e::npst.ptcp.neg mark::comma
si ulin jafa fi suje gecuheri gai ci ,	pn::2sg nv::nv verb::vv e::cve nv::nv nv::nv verb::vv e::cve mark::comma
weile ara mbi kai ,	nv::nv verb::vv e::fve.npst ptcl mark::comma
jakūn wang argangga jalingga niyalma be amasi bederebu ∅ ,	nv::nv nv::nv nv::adj nv::adj nv::nv cm::acc nv::nv verb::vv e::fve.imperative mark::comma
han i te re ilan boo ara ra ba be futala me waji ha manggi ,	nv::nv cm::gen verb::vv e::npst.ptcp nv::nv nv::nv verb::vv e::npst.ptcp nv::nv cm::acc verb::vv e::cve verb::vv e::pst.ptcp nv::nv mark::comma
be_tu_cang ni jase jaka i jeku de ,	nn::prpn cm::gen nv::nv nv::nv cm::gen nv::nv cm::dat mark::comma
jori ha jurgan be jurce rakū seme beiguwan obu ha ,	verb::vv e::pst.ptcp nv::nv cm::acc verb::vv e::npst.ptcp.neg comp nv::nv verb::vv e::pst.ptcp mark::comma
jori ha jurgan be jurce rakū seme beiguwan obu ha .	verb::vv e::pst.ptcp nv::nv cm::acc verb::vv e::npst.ptcp.neg comp nv::nv verb::vv e::pst.ptcp mark::period
han de fonji fi ,	nv::nv cm::dat verb::vv e::cve mark::comma
beiguwan i hergen be wasibu fi ciyandzung ni hergen bu he .	nv::nv cm::gen nv::nv cm::acc verb::vv e::cve nv::nv cm::gen nv::nv verb::vv e::pst.ptcp mark::period
ihan ,	nv::nv mark::comma
ama i gung de beiguwan obu ha ,	nv::nv cm::gen nv::nv cm::dat nv::nv verb::vv e::pst.ptcp mark::comma
ho_ši_ling_tun i gašan i ioi_giya_šo_tun gašan i lio_i_na i guile he emu kuwangse .	nn::prpn cm::gen nv::nv cm::gen nn::prpn nv::nv cm::gen nn::prpn cm::gen verb::vv e::pst.ptcp nv::nv nv::nv mark::period
wan_lii i orin nadaci aniya juwe biya i ice uyun de baha ha ,	nn::prpn cm::gen nv::nv nv::nv nv::nv nv::nv nv::nv cm::gen nv::adj nv::nv cm::dat verb::vv e::pst.ptcp mark::comma
ere fusi iogi be umesi akūmbu me uji ki ,	nv::nv nn::prpn.plc nv::nv cm::acc nv::nv verb::vv e::cve verb::vv e::fve.opt mark::comma
○ guyeng_baturu ,	mark::circle nn::prpn mark::comma
dergi niyalma de dere gai me ulin bai re o ci ,	nv::nv nv::nv cm::dat nv::nv verb::vv e::cve nv::nv verb::vv e::npst.ptcp verb::vv e::cve mark::comma
tofohon ihan gaji me uka me ji he bi he ,	nv::nv nv::nv verb::vv e::cve verb::vv e::cve verb::vv e::pst.ptcp verb::vv e::pst.ptcp mark::comma
cin_san ,	nn::prpn mark::comma
fu_jeo i fe jeku isi rakū ci ,	nn::prpn cm::gen nv::adj nv::nv verb::vv e::npst.ptcp.neg e::cve mark::comma
sahalca seke haya ha seke i doko noho hū ha jibca ,	nv::nv nv::nv verb::vv e::pst.ptcp nv::nv cm::gen nv::nv nv::nv verb::vv e::pst.ptcp nv::nv mark::comma
han hendu me ,	nv::nv verb::vv e::cve mark::comma
in i hamuk cooha fakca ha manggi ,	pn::3sg cm::gen nv::nv nv::nv verb::vv e::pst.ptcp nv::nv mark::comma
uju jergi amban sa gemu dosi fi bi he ba de han i jaka de alana ha manggi ,	nv::nv nv::nv nv::nv nv::nv nv::nv verb::vv e::cve verb::vv e::pst.ptcp nv::nv cm::dat nv::nv cm::gen nv::nv cm::dat verb::vv e::pst.ptcp nv::nv mark::comma
bi ,	verb::vv.npst mark::comma
tere gurun i amban sa ,	nv::nv nv::nv cm::gen nv::nv nv::nv mark::comma
si uji he ama amha de untuhuri hihanakū sabu mbi kai ,	pn::2sg verb::vv e::pst.ptcp nv::nv nv::nv cm::dat nv::nv nv::nv verb::vv e::fve.npst ptcl mark::comma
duin beile duin temen bu he ,	nv::nv nv::nv nv::nv nv::nv verb::vv e::pst.ptcp mark::comma
si ainu gai mbi seme ,	pn::2sg nv::nv verb::vv e::fve.npst comp mark::comma
han i tacibu ha tondo fafun be jurce rakū banji ci ,	nv::nv cm::gen verb::vv e::pst.ptcp nv::adj nv::nv cm::acc verb::vv e::npst.ptcp.neg verb::vv e::cve mark::comma
šan_yang_ioi i ba be ciha i tari ∅ ,	nn::prpn cm::gen nv::nv cm::acc nv::nv cm::gen verb::vv e::fve.imperative mark::comma
girin_hada i ninggu i yafahan cooha ,	nn::prpn cm::gen nv::nv cm::gen nv::adj nv::nv mark::comma
juwe jugūn cooha ,	nv::nv nv::nv nv::nv mark::comma
hai_si tomo_wei i du_jy_hūi yendahūn i jui ulina ,	nn::prpn nn::prpn cm::gen nv::nv nn::prpn.person cm::gen nv::nv nn::prpn.person mark::comma
cananggi menggun urebu re ba i niyalma ,	nv::nv nv::nv verb::vv e::npst.ptcp nv::nv cm::gen nv::nv mark::comma
šangna me bu he jaka be gemu gai ha .	verb::vv e::cve verb::vv e::pst.ptcp nv::nv cm::acc nv::nv verb::vv e::pst.ptcp mark::period
juwe ihan ,	nv::nv nv::nv mark::comma
suwen i yuwanšuwai be unggi re ,	pn::2pl cm::gen nv::nv cm::acc verb::vv e::npst.ptcp mark::comma
monggo i jase i jecen de gene fi ili ∅ ,	nv::nv cm::gen nv::nv cm::gen nv::nv cm::dat verb::vv e::cve verb::vv e::fve.imperative mark::comma
han i beye tuci fi ,	nv::nv cm::gen nv::nv verb::vv e::cve mark::comma
ici ergi gala i cooha i beile se amban sa sabu rakū o fi ,	nv::nv nv::nv nv::nv cm::gen nv::nv cm::gen nv::nv nv::nv nv::nv nv::nv verb::vv e::npst.ptcp.neg verb::vv e::cve mark::comma
saimbulu ,	nn::prpn.person mark::comma
tulergi cooha be isabu me hoton de dosimbu me ,	nv::nv nv::nv cm::acc verb::vv e::cve nv::nv cm::dat verb::vv e::cve mark::comma
sidar ,	nn::prpn.person mark::comma
tarbahi ,	nv::nv mark::comma
tere ji he amban sa cooha i niyalma duin biya de hala me gene mbi .	nv::nv verb::vv e::pst.ptcp nv::nv nv::nv nv::nv cm::gen nv::nv nv::nv nv::nv cm::dat verb::vv e::cve verb::vv e::fve.npst mark::period
okdo fi afa ki seme jura ka bi he ,	verb::vv e::cve verb::vv e::fve.opt comp verb::vv e::pst.ptcp verb::vv e::pst.ptcp mark::comma
iogi be wesibu fi tsanjiyang obu ha ,	nv::nv cm::acc verb::vv e::cve nv::nv verb::vv e::pst.ptcp mark::comma
jai cimari ice sunja i inenggi ,	nv::nv nv::nv nv::adj nv::nv cm::gen nv::nv mark::comma
dung_ging hecen i du_tang ni yamun de habšanji ∅ ,	nn::prpn nv::nv cm::gen nv::nv cm::gen nv::nv cm::dat verb::vv e::fve.imperative mark::comma
eidu_baturu ,	nn::prpn mark::comma
torocin i elcin ,	nn::prpn.person cm::gen nv::nv mark::comma
umai dasa hakūbi ,	nv::nv verb::vv e::fve.prs.prf.neg mark::comma
nene me isina fi gai ha ,	verb::vv e::cve verb::vv e::cve verb::vv e::pst.ptcp mark::comma
nikan bu rakū o fi ,	nv::nv verb::vv e::npst.ptcp.neg verb::vv e::cve mark::comma
jai morin ,	nv::nv nv::nv mark::comma
cen i cisu i tafula fi unggi hebi ,	pn::3pl cm::gen nv::nv cm::gen verb::vv e::cve verb::vv e::fve.prs.prf mark::comma
○ juwan juwe de ,	mark::circle nv::nv nv::nv cm::dat mark::comma
da ci beliyen seme wa ra be naka fi ,	nv::nv cm::abl nv::adj comp verb::vv e::npst.ptcp cm::acc verb::vv e::cve mark::comma
guri me waji ha manggi ,	verb::vv e::cve verb::vv e::pst.ptcp nv::nv mark::comma
eihen ,	nv::nv mark::comma
ememu duka de tanggū haha bi ,	nv::nv nv::nv cm::dat nv::nv nv::nv verb::vv.npst mark::comma
han be gejure re ehe hūlha ,	nv::nv cm::acc verb::vv e::npst.ptcp nv::adj nv::nv mark::comma
wangde ,	nn::prpn.person mark::comma
han ,	nv::nv mark::comma
○ ice uyun de ,	mark::circle nv::adj nv::nv cm::dat mark::comma
○ sirin ,	mark::circle nv::nv mark::comma
nikan gurun be sin i jobobu ha be bi donji ha ,	nv::nv nv::nv cm::acc pn::2sg cm::gen verb::vv e::pst.ptcp cm::acc pn::1sg verb::vv e::pst.ptcp mark::comma
mucu emu fan benji he ,	nv::nv nv::nv nv::nv verb::vv e::pst.ptcp mark::comma
sain be sain ,	nv::adj cm::acc nv::adj mark::comma
ilan dzung_bing_guwan gai fi jase bitu me te hebi ,	nv::nv nv::nv verb::vv e::cve nv::nv verb::vv e::cve verb::vv e::fve.prs.prf mark::comma
solho han si emu mao_wen_lung be ali me gai fi bi he seme ai tusa ,	nv::nv nv::nv pn::2sg nv::nv nn::prpn cm::acc verb::vv e::cve verb::vv e::cve verb::vv e::pst.ptcp comp nv::nv nv::nv mark::comma
jeng_dze_io be ,	nn::prpn cm::acc mark::comma
abka han i gosi ha beye be tenteke ehe hūlha de bi ainu latuna mbi ,	nv::nv nv::nv cm::gen verb::vv e::pst.ptcp nv::nv cm::acc nv::nv nv::adj nv::nv cm::dat pn::1sg nv::nv verb::vv e::fve.npst mark::comma
omšon biya i ice inenggi ,	nv::nv nv::nv cm::gen nv::adj nv::nv mark::comma
jai afabu ha weile be mute mbi ,	nv::nv verb::vv e::pst.ptcp nv::nv cm::acc verb::vv e::fve.npst mark::comma
jai geli takūra me be daha ra ,	nv::nv nv::nv verb::vv e::cve nv::nv verb::vv e::npst.ptcp mark::comma
fusi_efu ,	nn::prpn mark::comma
šorhoi i beiguwan i hergen be wesibu fi iogi obu ha ,	nn::prpn.person cm::gen nv::nv cm::gen nv::nv cm::acc verb::vv e::cve nv::nv verb::vv e::pst.ptcp mark::comma
eitere ci buce re ngge seme ,	verb::vv e::cve verb::vv e::npst.ptcp nmlz::nmlz comp mark::comma
aika gisun hūla ra hendu re medege bi ,	nv::nv nv::nv verb::vv e::npst.ptcp verb::vv e::npst.ptcp nv::nv verb::vv.npst mark::comma
banirke eme i gisun be gai fi ,	nv::nv nv::nv cm::gen nv::nv cm::acc verb::vv e::cve mark::comma
dehi coko ,	nv::nv nv::nv mark::comma
goroki jeku be tū ∅ seme ,	nv::adj nv::nv cm::acc verb::vv e::fve.imperative comp mark::comma
juwan uyun de ,	nv::nv nv::nv cm::dat mark::comma
jui be benji he ama eme bayan wesihun banji mbi kai ,	nv::nv cm::acc verb::vv e::pst.ptcp nv::nv nv::nv nv::adj nv::nv verb::vv e::fve.npst ptcl mark::comma
doksoho ,	nn::prpn.person mark::comma
susai yan i cara ,	nv::nv nv::nv cm::gen nv::nv mark::comma
meni meni kadala ra gašan i cooha i agūra be baica me gemu gana fi ,	nv::nv nv::nv verb::vv e::npst.ptcp nv::nv cm::gen nv::nv cm::gen nv::nv cm::acc verb::vv e::cve nv::nv verb::vv e::cve mark::comma
min i jui be yordo hakū ,	pn::1sg cm::gen nv::nv cm::acc verb::vv e::pst.ptcp.neg mark::comma
su_iogi ,	nn::prpn mark::comma
tere emu gisun jabu me jabšabu ha turgun de ,	nv::nv nv::nv nv::nv verb::vv e::cve verb::vv e::pst.ptcp nv::nv cm::dat mark::comma
tede aba abala ra de ,	nv::nv nv::nv verb::vv e::npst.ptcp cm::dat mark::comma
amba_fujin i mujilen ,	nn::prpn cm::gen nv::nv mark::comma
○ ice ilan de ,	mark::circle nv::adj nv::nv cm::dat mark::comma
bonio aniya ninggun biya i orin i inenggi ,	nv::nv nv::nv nv::nv nv::nv cm::gen nv::nv cm::gen nv::nv mark::comma
dzung_bing_guwan ,	nv::nv mark::comma
suwen de akda fi fe kooli niyaman hūncihin seme yabu mbi dere ,	pn::2pl cm::dat verb::vv e::cve nv::adj nv::nv nv::nv nv::nv comp verb::vv e::fve.npst ptcl mark::comma
dooha ,	nn::prpn.person mark::comma
te sin de coho me gebu neme me hvwai_yuwan_jiyanggiyūn ineku wei de dosimbu fi ,	nv::nv pn::2sg cm::dat verb::vv e::cve nv::nv verb::vv e::cve nn::prpn nv::nv nv::nv cm::dat verb::vv e::cve mark::comma
jafa ha niyalma be unggi ∅ .	verb::vv e::pst.ptcp nv::nv cm::acc verb::vv e::fve.imperative mark::period
ehe facuhūn be ilibu me ete ki ,	nv::adj nv::adj cm::acc verb::vv e::cve verb::vv e::fve.opt mark::comma
afabu ha weile be mute mbi ,	verb::vv e::pst.ptcp nv::nv cm::acc verb::vv e::fve.npst mark::comma
weilengge fujin be wa mbi ,	nv::adj nv::nv cm::acc verb::vv e::fve.npst mark::comma
minggan_mafa i elcin ,	nn::prpn cm::gen nv::nv mark::comma
ilan gurun i ehe guwanggun hūlha ai jobo ho ,	nv::nv nv::nv cm::gen nv::adj nv::nv nv::nv nv::nv verb::vv e::pst.ptcp mark::comma
afabu ha weile be mute mbi ,	verb::vv e::pst.ptcp nv::nv cm::acc verb::vv e::fve.npst mark::comma
tongki fuka sinda ha hergen i dangse .	nv::nv nv::nv verb::vv e::pst.ptcp nv::nv cm::gen nv::nv mark::period
○ kubu he suwayan i gūsa i bargiya ra ba ,	mark::circle verb::vv e::pst.ptcp nv::adj cm::gen nv::nv cm::gen verb::vv e::npst.ptcp nv::nv mark::comma
yabu fi ulha jafan bu he sargan jui be ,	verb::vv e::cve nv::nv nv::nv verb::vv e::pst.ptcp nv::nv nv::nv cm::acc mark::comma
loho gida ,	nv::nv nv::nv mark::comma
anafu cooha de takūra ci akdun ,	nv::nv nv::nv cm::dat verb::vv e::cve nv::adj mark::comma
erdeni_baksi amasi boo de gene he manggi ,	nn::prpn nv::nv nv::nv cm::dat verb::vv e::pst.ptcp nv::nv mark::comma
ere cooha jaisai cooha se re ,	nv::nv nv::nv nn::prpn.person nv::nv verb::vv e::npst.ptcp mark::comma
sure_kundulen_han sin de enteheme akda fi banji ki ,	nn::prpn pn::2sg cm::dat nv::nv verb::vv e::cve verb::vv e::fve.opt mark::comma
ilaci idu de yangguri ,	nv::nv nv::nv cm::dat nn::prpn.person mark::comma
gisure ci men i ama jui gisure mbi dere ,	verb::vv e::cve pn::1pl.excl cm::gen nv::nv nv::nv verb::vv e::fve.npst ptcl mark::comma
dehi boigon gaji me uka me ji he .	nv::nv nv::nv verb::vv e::cve verb::vv e::cve verb::vv e::pst.ptcp mark::period
jakūnju nadan haha ,	nv::nv nv::nv nv::nv mark::comma
abka na de gashū ha gisun be suwe efule he ,	nv::nv nv::nv cm::dat verb::vv e::pst.ptcp nv::nv cm::acc pn::2pl verb::vv e::pst.ptcp mark::comma
amba_fujin de gele me ala hakū bi he ni ,	nn::prpn cm::dat verb::vv e::cve verb::vv e::pst.ptcp.neg verb::vv e::pst.ptcp nv::nv mark::comma
juwe nikan ,	nv::nv nv::nv mark::comma
haha ,	nv::nv mark::comma
nadan hehe ,	nv::nv nv::nv mark::comma
manggūldai i jui manjusiri ,	nn::prpn.person cm::gen nv::nv nv::nv mark::comma
lii_yung_fang si akda rakū nikai ,	nn::prpn pn::2sg verb::vv e::npst.ptcp.neg ptcl mark::comma
sebun_beile be tucibu fi unggi re de ,	nn::prpn cm::acc verb::vv e::cve verb::vv e::npst.ptcp cm::dat mark::comma
han i beye ,	nv::nv cm::gen nv::nv mark::comma
wang_iogi gai fi du_tang de bene he ,	nn::prpn verb::vv e::cve nv::nv cm::dat verb::vv e::pst.ptcp mark::comma
ūljeitu ,	nn::prpn.person mark::comma
ai ai banji re de tondo i banji mbi seme bithe ara fi beile se amban sa de tuwabu fi ,	nv::nv nv::nv verb::vv e::npst.ptcp cm::dat nv::adj cm::gen verb::vv e::fve.npst comp nv::nv verb::vv e::cve nv::nv nv::nv nv::nv nv::nv cm::dat verb::vv e::cve mark::comma
umai dalji akū obu ha bi he ,	nv::nv nv::nv nv::adj verb::vv e::pst.ptcp verb::vv e::pst.ptcp mark::comma
min i dere banji me naka ha seme gūni re ,	pn::1sg cm::gen nv::nv verb::vv e::cve verb::vv e::pst.ptcp comp verb::vv e::npst.ptcp mark::comma
šajin de duile fi ,	nv::nv cm::dat verb::vv e::cve mark::comma
amin_beile ,	nn::prpn mark::comma
wesibu fi limu hafan obu ha ,	verb::vv e::cve nv::nv nv::nv verb::vv e::pst.ptcp mark::comma
daha ∅ se ci daha hakū o fi ,	verb::vv e::fve.imperative verb::vv e::cve verb::vv e::pst.ptcp.neg verb::vv e::cve mark::comma
lalin ci bai me ji he gung de ,	nv::adj cm::abl verb::vv e::cve verb::vv e::pst.ptcp nv::nv cm::dat mark::comma
juhe sinda fi in i jafa ra erin de jafa ha ,	nv::nv verb::vv e::cve pn::3sg cm::gen verb::vv e::npst.ptcp nv::nv cm::dat verb::vv e::pst.ptcp mark::comma
ilaci jergi sangsina ,	nv::nv nv::nv nn::prpn.person mark::comma
sele ,	nv::nv mark::comma
hūng_dzui ci uka me gene re juwe tanggū niyalma be amca fi gemu baha fi gaji ha ,	nn::prpn cm::abl verb::vv e::cve verb::vv e::npst.ptcp nv::nv nv::nv nv::nv cm::acc verb::vv e::cve nv::nv verb::vv e::cve verb::vv e::pst.ptcp mark::comma
simiyan de juwe morin ili fi aliya ∅ ,	nn::prpn.plc cm::dat nv::nv nv::nv verb::vv e::cve verb::vv e::fve.imperative mark::comma
han hendu me ,	nv::nv verb::vv e::cve mark::comma
ere fon i monggo de cooha gene fi min i baha ha ngge ci ,	nv::nv nv::nv cm::gen nv::nv cm::dat nv::nv verb::vv e::cve pn::1sg cm::gen verb::vv e::pst.ptcp nmlz::nmlz cm::abl mark::comma
wargi fusi_golo be amba cooha ji mbi ,	nv::nv nn::prpn cm::acc nv::adj nv::nv verb::vv e::fve.npst mark::comma
niru de uji ∅ seme sala ha ihan be ,	nv::nv cm::dat verb::vv e::fve.imperative comp verb::vv e::pst.ptcp nv::nv cm::acc mark::comma
han hendu me ,	nv::nv verb::vv e::cve mark::comma
adun ulha be gaji me ubaša me ji he .	nv::nv nv::nv cm::acc verb::vv e::cve verb::vv e::cve verb::vv e::pst.ptcp mark::period
gemu juse omosi jalan hala me alban de ume dabu re ,	nv::nv nv::nv nv::nv nv::nv verb::vv e::cve nv::nv cm::dat nv::nv verb::vv e::npst.ptcp mark::comma
fe kemuni hafasa de hergen bu fi uji mbi ,	nv::adj nv::nv nv::nv cm::dat nv::nv verb::vv e::cve verb::vv e::fve.npst mark::comma
hūdun tari ∅ ,	nv::adj verb::vv e::fve.imperative mark::comma
○ ineku tere inenggi ,	mark::circle nv::nv nv::nv nv::nv mark::comma
ai ai jaka be ainu duri mbi ,	nv::nv nv::nv nv::nv cm::acc nv::nv verb::vv e::fve.npst mark::comma
mao_wen_lung de niyalma takūra fi ,	nn::prpn cm::dat nv::nv verb::vv e::cve mark::comma
sunjata honin bu he ,	nv::nv nv::nv verb::vv e::pst.ptcp mark::comma
jai afabu ha weile be mute mbi ,	nv::nv verb::vv e::pst.ptcp nv::nv cm::acc verb::vv e::fve.npst mark::comma
○ fulgiyan tasha aniya anagan i ninggun biya i orin i inenggi ,	mark::circle nv::nv nv::nv nv::nv nv::nv cm::gen nv::nv nv::nv cm::gen nv::nv cm::gen nv::nv mark::comma
ginggule ∅ ,	verb::vv e::fve.imperative mark::comma
yaya wesihun fusihūn akū ,	nv::nv nv::nv nv::adj nv::adj mark::comma
monggo i buya taiji sa i sargata be sujubu me gaibu ha ,	nv::nv cm::gen nv::adj nv::nv nv::nv cm::gen nv::nv cm::acc verb::vv e::cve verb::vv e::pst.ptcp mark::comma
juse omosi jalan hala me gosi re doro be ume lashala ra .	nv::nv nv::nv nv::nv verb::vv e::cve verb::vv e::npst.ptcp nv::nv cm::acc nv::nv verb::vv e::npst.ptcp mark::period
suwe han i tukiye he niyalma o ho de ,	pn::2pl nv::nv cm::gen verb::vv e::pst.ptcp nv::nv verb::vv e::pst.ptcp cm::dat mark::comma
men de gala bi kai ,	pn::1pl.excl cm::dat nv::nv verb::vv.npst ptcl mark::comma
beiguwan i hergen bu he ,	nv::nv cm::gen nv::nv verb::vv e::pst.ptcp mark::comma
juwe biya i juwan duin de munggatu de wasimbu ha ,	nv::nv nv::nv cm::gen nv::nv nv::nv cm::dat nn::prpn.person cm::dat verb::vv e::pst.ptcp mark::comma
hashū ergi ilan tumen gurun gemu sin de bi o ,	nv::nv nv::nv nv::nv nv::nv nv::nv nv::nv pn::2sg cm::dat verb::vv.npst ptcl mark::comma
monggo_taiji i emgi sain niyalma be sonjo fi gaji me ji ∅ ,	nn::prpn cm::gen nv::nv nv::adj nv::nv cm::acc verb::vv e::cve verb::vv e::cve verb::vv e::fve.imperative mark::comma
min i juse omosi jalan hala me han de gosibu me wesihun banji kini .	pn::1sg cm::gen nv::nv nv::nv nv::nv verb::vv e::cve nv::nv cm::dat verb::vv e::cve nv::nv verb::vv e::fve.opt mark::period
dehi yan menggun šangna ha .	nv::nv nv::nv nv::nv verb::vv e::pst.ptcp mark::period
bedzung ,	nv::nv mark::comma
juwe honin ,	nv::nv nv::nv mark::comma
julge men i aisin han ,	nv::nv pn::1pl.excl cm::gen nv::nv nv::nv mark::comma
emu niru i liyoodung de te he haha be dabu me ,	nv::nv nv::nv cm::gen nn::prpn.plc cm::dat verb::vv e::pst.ptcp nv::nv cm::acc verb::vv e::cve mark::comma
tanggū ba i dube de juwe dedu me okdo fi ,	nv::nv nv::nv cm::gen nv::nv cm::dat nv::nv verb::vv e::cve verb::vv e::cve mark::comma
i_jeo hecen i niyalma be šanaha i dolo dosinu ∅ seme takūra ha ,	nn::prpn nv::nv cm::gen nv::nv cm::acc nn::prpn.plc cm::gen nv::nv verb::vv e::fve.imperative comp verb::vv e::pst.ptcp mark::comma
baduhū ,	nn::prpn.person mark::comma
jaifiyan i bira i julergi ala ∅ de okdo fi han de hengkile me aca ha ,	nv::nv cm::gen nv::nv cm::gen nv::nv verb::vv e::fve.imperative cm::dat verb::vv e::cve nv::nv cm::dat verb::vv e::cve verb::vv e::pst.ptcp mark::comma
fanggina de beiguwan i hergen bu he .	nn::prpn.person cm::dat nv::nv cm::gen nv::nv verb::vv e::pst.ptcp mark::period
ping_hing_fan ,	nn::prpn mark::comma
usin boo bu mbi ,	nv::nv nv::nv verb::vv e::fve.npst mark::comma
jaisanggū ,	nn::prpn.person mark::comma
manggiya ,	nn::prpn.person mark::comma
temujin be saiša fi ,	nn::prpn.person cm::acc verb::vv e::cve mark::comma
wesibu fi beiguwan hafan obu ha bi he ,	verb::vv e::cve nv::nv nv::nv verb::vv e::pst.ptcp verb::vv e::pst.ptcp mark::comma
han bedere fi hūnta i baru hendu me ,	nv::nv verb::vv e::cve nv::nv cm::gen nv::nv verb::vv e::cve mark::comma
jeku uyun tanggū orin sunja hule ,	nv::nv nv::nv nv::nv nv::nv nv::nv nv::nv mark::comma
jakūn gūsa i jakūn ihan wa fi sarila ha .	nv::nv nv::nv cm::gen nv::nv nv::nv verb::vv e::cve verb::vv e::pst.ptcp mark::period
ci_giya_pu ,	nn::prpn mark::comma
○ ice uyun de ,	mark::circle nv::adj nv::nv cm::dat mark::comma
beiguwan obu ha .	nv::nv verb::vv e::pst.ptcp mark::period
ula de gida i juwe feye ,	nv::nv cm::dat nv::nv cm::gen nv::nv nv::nv mark::comma
fanaha i ba de gene he seme šeo_pu i hergen bu he ,	nn::prpn.plc cm::gen nv::nv cm::dat verb::vv e::pst.ptcp comp nv::nv cm::gen nv::nv verb::vv e::pst.ptcp mark::comma
niru i ejen be nakabu ha .	nv::nv cm::gen nv::nv cm::acc verb::vv e::pst.ptcp mark::period
nikan gurun i šusihiye he gisun be gai fi ,	nv::nv nv::nv cm::gen verb::vv e::pst.ptcp nv::nv cm::acc verb::vv e::cve mark::comma
morin i cooha ili ha ba be yafahan de ejebu ∅ ,	nv::nv cm::gen nv::nv verb::vv e::pst.ptcp nv::nv cm::acc nv::adj cm::dat verb::vv e::fve.imperative mark::comma
min i jui manggūltai be tuwakiya me daha me yabu kini seme afabu ha amban ,	pn::1sg cm::gen nv::nv nn::prpn.person cm::acc verb::vv e::cve verb::vv e::cve verb::vv e::fve.opt comp verb::vv e::pst.ptcp nv::nv mark::comma
jakūmu ,	nn::prpn.plc mark::comma
han hendu me ,	nv::nv verb::vv e::cve mark::comma
ula i amba hecen i amargi ba ,	nv::nv cm::gen nv::adj nv::nv cm::gen nv::nv nv::nv mark::comma
min i gebu be girubu me gisun akū gene he emu ,	pn::1sg cm::gen nv::nv cm::acc verb::vv e::cve nv::nv nv::adj verb::vv e::pst.ptcp nv::nv mark::comma
degelei_taiji ,	nn::prpn mark::comma
○ iogi babuhū ,	mark::circle nv::nv nn::prpn.person mark::comma
tere aniya ,	nv::nv nv::nv mark::comma
g'ai_jeo de unggi he gisun ,	nn::prpn cm::dat verb::vv e::pst.ptcp nv::nv mark::comma
juwe minggan uyun tanggū ,	nv::nv nv::nv nv::nv nv::nv mark::comma
morin de orho bu ∅ ,	nv::nv cm::dat nv::nv verb::vv e::fve.imperative mark::comma
beye i ehe de wasi kini .	nv::nv cm::gen nv::adj cm::dat verb::vv e::fve.opt mark::period
tuci re cooha i niyalma be ume daha ra ,	verb::vv e::npst.ptcp nv::nv cm::gen nv::nv cm::acc nv::nv verb::vv e::npst.ptcp mark::comma
banji ci ojo rakū seme gungju ,	verb::vv e::cve verb::vv e::npst.ptcp.neg comp nv::nv mark::comma
min i juse omosi jalan hala me han de gosibu me wesihun banji kini .	pn::1sg cm::gen nv::nv nv::nv nv::nv verb::vv e::cve nv::nv cm::dat verb::vv e::cve nv::nv verb::vv e::fve.opt mark::period
ere nikan gurun min i aina ha seme hoko rakū nikai seme ,	nv::nv nv::nv nv::nv pn::1sg cm::gen verb::vv e::pst.ptcp comp verb::vv e::npst.ptcp.neg ptcl comp mark::comma
wan_lii i orin nadaci aniya juwe biya i ice uyun de baha ha ,	nn::prpn cm::gen nv::nv nv::nv nv::nv nv::nv nv::nv cm::gen nv::adj nv::nv cm::dat verb::vv e::pst.ptcp mark::comma
gūwa gašan de ainu unggi mbi ,	nv::nv nv::nv cm::dat nv::nv verb::vv e::fve.npst mark::comma
aisin tiyan_hūi_han i ilaci aniya ara ha jung benji re be aca fi ,	nv::nv nn::prpn cm::gen nv::nv nv::nv verb::vv e::pst.ptcp nv::nv verb::vv e::npst.ptcp cm::acc verb::vv e::cve mark::comma
ilan haha de emu cimari alban usin weilebu mbi ,	nv::nv nv::nv cm::dat nv::nv nv::nv nv::nv nv::nv verb::vv e::fve.npst mark::comma
daise tsanjiyang uju jergi beiguwan i caliyan ,	nv::nv nv::nv nv::nv nv::nv nv::nv cm::gen nv::nv mark::comma
dodo_age ,	nn::prpn mark::comma
han i ere šangna ra de baha rakū o fi ,	nv::nv cm::gen nv::nv verb::vv e::npst.ptcp cm::dat verb::vv e::npst.ptcp.neg verb::vv e::cve mark::comma
han ,	nv::nv mark::comma
tere gisun de ,	nv::nv nv::nv cm::dat mark::comma
ere duin niyalma tofohoci jergi ,	nv::nv nv::nv nv::nv nv::nv nv::nv mark::comma
solho ,	nv::nv mark::comma
ula_bira i ebergi cikin de ebu fi te he ,	nn::prpn cm::gen nv::nv nv::nv cm::dat verb::vv e::cve verb::vv e::pst.ptcp mark::comma
mao_wen_lung ni šusihiye me takūra ha niyalma be baica kini ,	nn::prpn cm::gen verb::vv e::cve verb::vv e::pst.ptcp nv::nv cm::acc verb::vv e::fve.opt mark::comma
ere gemu uka ka niyalma in i beye be singgebu kini seme holto me bele he gisun kai ,	nv::nv nv::nv verb::vv e::pst.ptcp nv::nv pn::3sg cm::gen nv::nv cm::acc verb::vv e::fve.opt comp verb::vv e::cve verb::vv e::pst.ptcp nv::nv ptcl mark::comma
juwan i hoki banji fi yabu ci ,	nv::nv cm::gen nv::nv verb::vv e::cve verb::vv e::cve mark::comma
dongsingga ba i hibsu_hada i tai niyalma ,	nn::prpn.plc nv::nv cm::gen nn::prpn cm::gen nv::nv nv::nv mark::comma
geren gemu emu hebe i banji ci ,	nv::adj nv::nv nv::nv nv::nv cm::gen verb::vv e::cve mark::comma
alban i tumen sejen jeku juwe re ngge ,	nv::nv cm::gen nv::nv nv::nv nv::nv verb::vv e::npst.ptcp nmlz::nmlz mark::comma
fucihi be gūni me sargan gaija rakū ,	nv::nv cm::acc verb::vv e::cve nv::nv verb::vv e::npst.ptcp.neg mark::comma
sin be afa fi te uthai wa mbi seme hendu fi tere arki be omi ha ,	pn::2sg cm::acc verb::vv e::cve nv::nv nv::nv verb::vv e::fve.npst comp verb::vv e::cve nv::nv nv::nv cm::acc verb::vv e::pst.ptcp mark::comma
morin ci ebu fi kalka hūwaita fi hecen de sinda fi ,	nv::nv cm::abl verb::vv e::cve nv::nv verb::vv e::cve nv::nv cm::dat verb::vv e::cve mark::comma
fiongdon_jargūci ,	nn::prpn mark::comma
○ fung_hūwang_ceng ,	mark::circle nn::prpn mark::comma
anafu cooha i niyalma de hendu hebi .	nv::nv nv::nv cm::gen nv::nv cm::dat verb::vv e::fve.prs.prf mark::period
fanaha ,	nn::prpn.plc mark::comma
○ fukca be ,	mark::circle nn::prpn.person cm::acc mark::comma
sebun min be tucibu fi unggi mbi ,	nn::prpn.person pn::1sg cm::acc verb::vv e::cve verb::vv e::fve.npst mark::comma
yahican daise fujiyang ,	nn::prpn.person nv::nv nv::nv mark::comma
liyoodung ni tsang de sinda ∅ ,	nn::prpn.plc cm::gen nv::nv cm::dat verb::vv e::fve.imperative mark::comma
jai idu de darhan_efu ,	nv::nv nv::nv cm::dat nn::prpn mark::comma
cooha morin isabu ∅ seme hūla ha ,	nv::nv nv::nv verb::vv e::fve.imperative comp verb::vv e::pst.ptcp mark::comma
○ orin duin de ,	mark::circle nv::nv nv::nv cm::dat mark::comma
suwan de jakūn niru ,	nv::nv cm::dat nv::nv nv::nv mark::comma
niowanggiyaha i niyalma be ,	nn::prpn.plc cm::gen nv::nv cm::acc mark::comma
emu ubu be nio_juwang de tebu ∅ ,	nv::nv nv::nv cm::acc nn::prpn cm::dat verb::vv e::fve.imperative mark::comma
ninggun biya i orin uyun de unggi he ,	nv::nv nv::nv cm::gen nv::nv nv::nv cm::dat verb::vv e::pst.ptcp mark::comma
ukšan i elcin ,	nn::prpn.person cm::gen nv::nv mark::comma
cooha i niyalma gene fi ,	nv::nv cm::gen nv::nv verb::vv e::cve mark::comma
han i pai be gai fi ,	nv::nv cm::gen nv::nv cm::acc verb::vv e::cve mark::comma
udahai min be wa kini ,	nn::prpn.person pn::1sg cm::acc verb::vv e::fve.opt mark::comma
goida me gai fi te fi unggi re fon de ,	verb::vv e::cve verb::vv e::cve verb::vv e::cve verb::vv e::npst.ptcp nv::nv cm::dat mark::comma
jakūta_golo i niyalma bi he ,	nn::prpn cm::gen nv::nv verb::vv e::pst.ptcp mark::comma
fu_jeo ,	nn::prpn mark::comma
gurun i doro be efule me gisure re ,	nv::nv cm::gen nv::nv cm::acc verb::vv e::cve verb::vv e::npst.ptcp mark::comma
○ tere hūrha gurun daha fi ,	mark::circle nv::nv nv::nv nv::nv verb::vv e::cve mark::comma
ho_ši_ling ba i ling_giya_tun gašan i ling_lio i guile he juwe sin ,	nn::prpn nv::nv cm::gen nn::prpn nv::nv cm::gen nn::prpn cm::gen verb::vv e::pst.ptcp nv::nv nv::nv mark::comma
gio_ceng_wei i du_jy_hūi_ciyanši nujuku i jui najubu ,	nn::prpn cm::gen nv::nv nn::prpn.person cm::gen nv::nv nn::prpn.person mark::comma
abutu_baturu cergei ,	nn::prpn nn::prpn.person mark::comma
gūwa be takūra ci ulin gai me ojo rahū ,	nv::nv cm::acc verb::vv e::cve nv::nv verb::vv e::cve verb::vv e::fve.prv mark::comma
na de sahaliyan ihan wa me ,	nv::nv cm::dat nv::adj nv::nv verb::vv e::cve mark::comma
gūwa de kora ka de ,	nv::nv cm::dat verb::vv e::pst.ptcp cm::dat mark::comma
hoifa ,	nn::prpn.plc mark::comma
bileri ,	nv::nv mark::comma
nikan i emu dusy ili fi ,	nv::nv cm::gen nv::nv nv::nv verb::vv e::cve mark::comma
hecen i dorgi nikan be daha ∅ seme takūra ci ,	nv::nv cm::gen nv::nv nv::nv cm::acc verb::vv e::fve.imperative comp verb::vv e::cve mark::comma
ere ci amasi fukca bi ,	nv::nv cm::abl nv::nv nn::prpn.person verb::vv.npst mark::comma
han i baru hendu me ,	nv::nv cm::gen nv::nv verb::vv e::cve mark::comma
geren de alanji hakū amca ha seme langjuhū be jafa me gana habi .	nv::adj cm::dat verb::vv e::pst.ptcp.neg verb::vv e::pst.ptcp comp nn::prpn.person cm::acc verb::vv e::cve verb::vv e::fve.prs.prf mark::period
men i aisin dai_ding_han hendu me ,	pn::1pl.excl cm::gen nv::nv nn::prpn verb::vv e::cve mark::comma
dulga niyalma be wa habi ,	nv::adj nv::nv cm::acc verb::vv e::fve.prs.prf mark::comma
jori ha jurgan be jurce rakū seme ,	verb::vv e::pst.ptcp nv::nv cm::acc verb::vv e::npst.ptcp.neg comp mark::comma
wa mbi kai ,	verb::vv e::fve.npst ptcl mark::comma
jaisanggū ,	nn::prpn.person mark::comma
juwe biya i ice nadan de aita fujiyang de wasimbu ha ,	nv::nv nv::nv cm::gen nv::adj nv::nv cm::dat nn::prpn.person nv::nv cm::dat verb::vv e::pst.ptcp mark::comma
cagan gebungge juwe jui ,	nv::nv nv::adj nv::nv nv::nv mark::comma
uji ci aca ra niyalma be uji fi ,	verb::vv e::cve verb::vv e::npst.ptcp nv::nv cm::acc verb::vv e::cve mark::comma
jori ha jurgan be jurce rakū seme beiguwan obu ha .	verb::vv e::pst.ptcp nv::nv cm::acc verb::vv e::npst.ptcp.neg comp nv::nv verb::vv e::pst.ptcp mark::period
hithai ,	nn::prpn.person mark::comma
holto me boo te he gebu ara me ,	verb::vv e::cve nv::nv verb::vv e::pst.ptcp nv::nv verb::vv e::cve mark::comma
juwe minggan funce me gama ra niyalma be amasi baha fi gaji ha ,	nv::nv nv::nv verb::vv e::cve verb::vv e::npst.ptcp nv::nv cm::acc nv::nv verb::vv e::cve verb::vv e::pst.ptcp mark::comma
honin emke de emu sin bu ∅ ,	nv::nv nv::nv cm::dat nv::nv nv::nv verb::vv e::fve.imperative mark::comma
○ solho i ilan jergi elcin ji he hafan i han de gaji ha menggun ,	mark::circle nv::nv cm::gen nv::nv nv::nv nv::nv verb::vv e::pst.ptcp nv::nv cm::gen nv::nv cm::dat verb::vv e::pst.ptcp nv::nv mark::comma
julge ci ebsi ,	nv::nv cm::abl nv::nv mark::comma
jeku hūlha ha mujangga ,	nv::nv verb::vv e::pst.ptcp nv::adj mark::comma
min i juse omosi jalan hala me han de gosibu me wesihun banji kini .	pn::1sg cm::gen nv::nv nv::nv nv::nv verb::vv e::cve nv::nv cm::dat verb::vv e::cve nv::nv verb::vv e::fve.opt mark::period
niya ha orho juwan tumen ninggun minggan emu tanggū duin fulmiyen .	verb::vv e::pst.ptcp nv::nv nv::nv nv::nv nv::nv nv::nv nv::nv nv::nv nv::nv nv::nv mark::period
ajigen_mergen be akdula me asara ∅ seme asarabu ha .	nn::prpn cm::acc verb::vv e::cve verb::vv e::fve.imperative comp verb::vv e::pst.ptcp mark::period
uji re da de uji kini ,	verb::vv e::npst.ptcp nv::nv cm::dat verb::vv e::fve.opt mark::comma
bata kimun seme gida rakū ,	nv::nv nv::nv comp verb::vv e::npst.ptcp.neg mark::comma
suwen i nikan be daila ha ,	pn::2pl cm::gen nv::nv cm::acc verb::vv e::pst.ptcp mark::comma
○ du_tang ni bithe ,	mark::circle nv::nv cm::gen nv::nv mark::comma
ula de emu feye baha ha seme sunjata yan i weile waliya mbi ,	nv::nv cm::dat nv::nv nv::nv verb::vv e::pst.ptcp comp nv::nv nv::nv cm::gen nv::nv verb::vv e::fve.npst mark::comma
yehe i bujai ,	nv::nv cm::gen nn::prpn.person mark::comma
○ kitanggūr be ,	mark::circle nn::prpn.person cm::acc mark::comma
waka uru be dacila fi ,	nv::adj nv::nv cm::acc verb::vv e::cve mark::comma
solho i emu hafan ,	nv::nv cm::gen nv::nv nv::nv mark::comma
han i hecen i dorgi irgen i juwe boo tuwa daha ∅ manggi ,	nv::nv cm::gen nv::nv cm::gen nv::nv nv::nv cm::gen nv::nv nv::nv nv::nv verb::vv e::fve.imperative nv::nv mark::comma
han de juwe ihan benji he .	nv::nv cm::dat nv::nv nv::nv verb::vv e::pst.ptcp mark::period
acan ilan ihan bu he ,	nv::nv nv::nv nv::nv verb::vv e::pst.ptcp mark::comma
han dedu hebi seme amba_beile de ala ha manggi ,	nv::nv verb::vv e::fve.prs.prf comp nn::prpn cm::dat verb::vv e::pst.ptcp nv::nv mark::comma
emu tanggū gūsin yan menggun gama ha ,	nv::nv nv::nv nv::nv nv::nv nv::nv verb::vv e::pst.ptcp mark::comma
○ monggo i beile se de emte temen bu he .	mark::circle nv::nv cm::gen nv::nv nv::nv cm::dat nv::nv nv::nv verb::vv e::pst.ptcp mark::period
ama i gung de wesibu fi ,	nv::nv cm::gen nv::nv cm::dat verb::vv e::cve mark::comma
uyuci jergi ,	nv::nv nv::nv mark::comma
ehe mujilen jafa fi wasi ka efuje he kooli ,	nv::adj nv::nv verb::vv e::cve verb::vv e::pst.ptcp verb::vv e::pst.ptcp nv::nv mark::comma
wan_lii i orin sunjaci aniya sunja biya i ice de baha ha ,	nn::prpn cm::gen nv::nv nv::nv nv::nv nv::nv nv::nv cm::gen nv::adj cm::dat verb::vv e::pst.ptcp mark::comma
tuttu o ci ,	nv::nv verb::vv e::cve mark::comma
han de ala ra jaka de ,	nv::nv cm::dat verb::vv e::npst.ptcp nv::nv cm::dat mark::comma
○ ooba_hūwang_taiji gashū ha gisun ,	mark::circle nn::prpn verb::vv e::pst.ptcp nv::nv mark::comma
tolo me gai fi bu ∅ .	verb::vv e::cve verb::vv e::cve verb::vv e::fve.imperative mark::period
tondo mujilen jafa fi jurce rakū kice me banji ki .	nv::adj nv::nv verb::vv e::cve verb::vv e::npst.ptcp.neg verb::vv e::cve verb::vv e::fve.opt mark::period
fujiyang busan ,	nv::nv nn::prpn.person mark::comma
○ juwe biya i tofohon de ,	mark::circle nv::nv nv::nv cm::gen nv::nv cm::dat mark::comma
min de šang ambula bu fi ,	pn::1sg cm::dat nv::nv nv::nv verb::vv e::cve mark::comma
min i emgi banji re mujilen akū o fi ,	pn::1sg cm::gen nv::nv verb::vv e::npst.ptcp nv::nv nv::adj verb::vv e::cve mark::comma
han teni boo de amasi bedere he ,	nv::nv nv::nv nv::nv cm::dat nv::nv verb::vv e::pst.ptcp mark::comma
ejen akū orho be hūdun baica fi ,	nv::nv nv::adj nv::nv cm::acc nv::adj verb::vv e::cve mark::comma
unege ,	nn::prpn.person mark::comma
tese de abka i gashan bi dere ,	nv::nv cm::dat nv::nv cm::gen nv::nv verb::vv.npst ptcl mark::comma
donggo_šan_wei i du_jy_hūi_ciyanši hūsitun i omolo baha ha ,	nn::prpn cm::gen nv::nv nv::nv cm::gen nv::nv verb::vv e::pst.ptcp mark::comma
○ amba_beile ,	mark::circle nn::prpn mark::comma
han ,	nv::nv mark::comma
han be abka na ,	nv::nv cm::acc nv::nv nv::nv mark::comma
han i hecen be men i cooha baha ha ,	nv::nv cm::gen nv::nv cm::acc pn::1pl.excl cm::gen nv::nv verb::vv e::pst.ptcp mark::comma
beiguwan be wesibu fi ilaci jergi tsanjiyang ni hergen bu he ,	nv::nv cm::acc verb::vv e::cve nv::nv nv::nv nv::nv cm::gen nv::nv verb::vv e::pst.ptcp mark::comma
alanji ha manggi ,	verb::vv e::pst.ptcp nv::nv mark::comma
monggo i cooha dosi re ba be fonji me ,	nv::nv cm::gen nv::nv verb::vv e::npst.ptcp nv::nv cm::acc verb::vv e::cve mark::comma
ama aja be faksala rakū sunja tanggū boigon ara ∅ ,	nv::nv nv::nv cm::acc verb::vv e::npst.ptcp.neg nv::nv nv::nv nv::nv verb::vv e::fve.imperative mark::comma
hoton ci tuci fi dehi ba i dube ci amasi bedere he ,	nv::nv cm::abl verb::vv e::cve nv::nv nv::nv cm::gen nv::nv cm::abl nv::nv verb::vv e::pst.ptcp mark::comma
amba_beile be tuwa me arbuša ra be ,	nn::prpn cm::acc verb::vv e::cve verb::vv e::npst.ptcp cm::acc mark::comma
wang_beiguwan be iogi hergen bu he ,	nn::prpn cm::acc nv::nv nv::nv verb::vv e::pst.ptcp mark::comma
emu jergi buce re weile be guwebu mbi .	nv::nv nv::nv verb::vv e::npst.ptcp nv::nv cm::acc verb::vv e::fve.npst mark::period
nikan ,	nv::nv mark::comma
eye ci tucibu fi miyali ci atanggi waji mbi ,	nv::nv cm::abl verb::vv e::cve verb::vv e::cve nv::nv verb::vv e::fve.npst mark::comma
han hendu me ,	nv::nv verb::vv e::cve mark::comma
beile se geli tafula ha manggi ,	nv::nv nv::nv nv::nv verb::vv e::pst.ptcp nv::nv mark::comma
jase tuci fi cooha tuwakiya me te fi ,	nv::nv verb::vv e::cve nv::nv verb::vv e::cve verb::vv e::cve mark::comma
jase i dorgi ba tari ki se ci ,	nv::nv cm::gen nv::nv nv::nv verb::vv e::fve.opt verb::vv e::cve mark::comma
tuibala ha duin ulgiyan ,	verb::vv e::pst.ptcp nv::nv nv::nv mark::comma
uju jergi beiguwan i caliyan ,	nv::nv nv::nv nv::nv cm::gen nv::nv mark::comma
jušen nikan gemu emu han i gurun kai ,	nv::nv nv::nv nv::nv nv::nv nv::nv cm::gen nv::nv ptcl mark::comma
○ hūsitun ,	mark::circle nv::nv mark::comma
inu nikan i ulin ,	nv::nv nv::nv cm::gen nv::nv mark::comma
bi te re seme hendu he manggi ,	pn::1sg verb::vv e::npst.ptcp comp verb::vv e::pst.ptcp nv::nv mark::comma
bata kimun seme gida rakū ,	nv::nv nv::nv comp verb::vv e::npst.ptcp.neg mark::comma
tuba ci daha me ji he niyalma be ,	nv::nv cm::abl verb::vv e::cve verb::vv e::pst.ptcp nv::nv cm::acc mark::comma
suwe beile se i hendu fi unggi he gisun be ainu jurce he seme ,	pn::2pl nv::nv nv::nv cm::gen verb::vv e::cve verb::vv e::pst.ptcp nv::nv cm::acc nv::nv verb::vv e::pst.ptcp comp mark::comma
emu morin be gaji ha be nikan sa hakūbi ,	nv::nv nv::nv cm::acc verb::vv e::pst.ptcp cm::acc nv::nv verb::vv e::fve.prs.prf.neg mark::comma
afabu ha weile be mute mbi ,	verb::vv e::pst.ptcp nv::nv cm::acc verb::vv e::fve.npst mark::comma
šanggiyan_hada i emu beiguwan ,	nn::prpn cm::gen nv::nv nv::nv mark::comma
ba be waliya fi daha me ji he gung ,	nv::nv cm::acc verb::vv e::cve verb::vv e::cve verb::vv e::pst.ptcp nv::nv mark::comma
morin bu hekū ,	nv::nv verb::vv e::pst.ptcp.neg mark::comma
abka de elje re gese cooha tuci kebi kai ,	nv::nv cm::dat verb::vv e::npst.ptcp nv::nv nv::nv verb::vv e::fve.prs.prf ptcl mark::comma
han i bu re šang ni dabala ,	nv::nv cm::gen verb::vv e::npst.ptcp nv::nv cm::gen ptcl mark::comma
gūsin ba i dube de gene fi ,	nv::nv nv::nv cm::gen nv::nv cm::dat verb::vv e::cve mark::comma
gisun uru o fi ,	nv::nv nv::nv verb::vv e::cve mark::comma
ehe_kuren_golo i amban bi he ,	nn::prpn cm::gen nv::nv verb::vv e::pst.ptcp mark::comma
hecen ara ki seme toktobu ha ,	nv::nv verb::vv e::fve.opt comp verb::vv e::pst.ptcp mark::comma
anduhūri ainu gisure he seme jakūn du_tang be weile ara fi ,	nv::adj nv::nv verb::vv e::pst.ptcp comp nv::nv nv::nv cm::acc nv::nv verb::vv e::cve mark::comma
eidu_baturu de waliya me gene he bi he ,	nn::prpn cm::dat verb::vv e::cve verb::vv e::pst.ptcp verb::vv e::pst.ptcp mark::comma
han hendu me ,	nv::nv verb::vv e::cve mark::comma
dada i sunja jui emu sargan ,	nn::prpn.person cm::gen nv::nv nv::nv nv::nv nv::nv mark::comma
liyoodung ni niyalma suwen i dolo aikabade nikan be enteheme ,	nn::prpn.plc cm::gen nv::nv pn::2pl cm::gen nv::nv nv::nv nv::nv cm::acc nv::nv mark::comma
gūsa doo me jakūn gūsa i beile se de ainu bai mbi ,	nv::nv verb::vv e::cve nv::nv nv::nv cm::gen nv::nv nv::nv cm::dat nv::nv verb::vv e::fve.npst mark::comma
asidarhan ,	nn::prpn.person mark::comma
dogo ,	nv::adj mark::comma
juwan duin de takūrsi be takūra fi unggi he .	nv::nv nv::nv cm::dat nv::nv cm::acc verb::vv e::cve verb::vv e::pst.ptcp mark::period
ninggun saca ,	nv::nv nv::nv mark::comma
bi hiyoošula ra deocile re doro i gaji fi sarila mbi seme hendu fi ,	pn::1sg verb::vv e::npst.ptcp verb::vv e::npst.ptcp nv::nv cm::gen verb::vv e::cve verb::vv e::fve.npst comp verb::vv e::cve mark::comma
juwan niyalma de emken bu he ,	nv::nv nv::nv cm::dat nv::nv verb::vv e::pst.ptcp mark::comma
manggol_efu ,	nn::prpn mark::comma
han de ba be kadala ra hafan baihanji re jaka de ,	nv::nv cm::dat nv::nv cm::acc verb::vv e::npst.ptcp nv::nv verb::vv e::npst.ptcp nv::nv cm::dat mark::comma
uju fusi fi hūdun daha cina ,	nv::nv verb::vv e::cve nv::adj verb::vv e::fve.opt mark::comma
suwan_i_efu i jui tohoi ,	nn::prpn cm::gen nv::nv nn::prpn.person mark::comma
oode sin de hergen bu ci aca rakū ,	nn::prpn.person pn::2sg cm::dat nv::nv verb::vv e::cve verb::vv e::npst.ptcp.neg mark::comma
sucungga de weile gai mbi ,	nv::nv cm::dat nv::nv verb::vv e::fve.npst mark::comma
jafuni ,	nn::prpn.person mark::comma
mohori_ho_wei i du_jy_hūi_ciyanši taburu i omolo altaisi ,	nn::prpn cm::gen nv::nv nn::prpn.person cm::gen nv::nv nn::prpn.person mark::comma
hai_si uje_wei i du_jy_hūi_ciyanši ungsi i omolo cingsahū ,	nn::prpn nn::prpn cm::gen nv::nv nn::prpn.person cm::gen nv::nv nn::prpn.person mark::comma
boo ci ji he anggala be bodo fi bu ∅ ,	nv::nv cm::abl verb::vv e::pst.ptcp nv::nv cm::acc verb::vv e::cve verb::vv e::fve.imperative mark::comma
hūlha holo akū ,	nv::nv nv::nv nv::adj mark::comma
fejergi giri re jalan i niyalma be asuru ambula giribu re ,	nv::nv verb::vv e::npst.ptcp nv::nv cm::gen nv::nv cm::acc nv::nv nv::nv verb::vv e::npst.ptcp mark::comma
tere hecen i leose i dele tafa fi te he ,	nv::nv nv::nv cm::gen nv::nv cm::gen nv::nv verb::vv e::cve verb::vv e::pst.ptcp mark::comma
pan tū me ulan ulan i šun alin ci tuci fi mukde re onggolo han i hecen de isinji ha ,	nv::nv verb::vv e::cve nv::nv nv::nv cm::gen nv::nv nv::nv cm::abl verb::vv e::cve verb::vv e::npst.ptcp nv::nv nv::nv cm::gen nv::nv cm::dat verb::vv e::pst.ptcp mark::comma
yafan i jeku aika jaka be nungne rahū ,	nv::nv cm::gen nv::nv nv::nv nv::nv cm::acc verb::vv e::fve.prv mark::comma
basabulu ,	nn::prpn.person mark::comma
kadala me fafula me mute rakū ,	verb::vv e::cve verb::vv e::cve verb::vv e::npst.ptcp.neg mark::comma
nikan cooha kuren hada fi poo miyoocan ilan jergi faida fi ili ha ,	nv::nv nv::nv nv::adj verb::vv e::cve nv::nv nv::nv nv::nv nv::nv verb::vv e::cve verb::vv e::pst.ptcp mark::comma
○ duin biya i ice ilan de ,	mark::circle nv::nv nv::nv cm::gen nv::adj nv::nv cm::dat mark::comma
fejergi buya niyalma i gisun de dosi fi ,	nv::nv nv::adj nv::nv cm::gen nv::nv cm::dat verb::vv e::cve mark::comma
ere nadan jaka de ,	nv::nv nv::nv nv::nv cm::dat mark::comma
jori ha jurgan be jurce rakū seme ,	verb::vv e::pst.ptcp nv::nv cm::acc verb::vv e::npst.ptcp.neg comp mark::comma
elu ,	nv::nv mark::comma
○ fu_jeo ,	mark::circle nn::prpn mark::comma
ninggun gūsa i cooha uksin etu fi gūsa dasa fi gala jafa fi buren burde me ,	nv::nv nv::nv cm::gen nv::nv nv::nv verb::vv e::cve nv::nv verb::vv e::cve nv::nv verb::vv e::cve nv::nv verb::vv e::cve mark::comma
tongki fuka sinda ha hergen i dangse .	nv::nv nv::nv verb::vv e::pst.ptcp nv::nv cm::gen nv::nv mark::period
min i juse omosi jalan hala me han de gosibu me wesihun banji kini .	pn::1sg cm::gen nv::nv nv::nv nv::nv verb::vv e::cve nv::nv cm::dat verb::vv e::cve nv::nv verb::vv e::fve.opt mark::period
gemu meni meni hanciki pu de dosimbu ∅ ,	nv::nv nv::nv nv::nv nv::adj nv::nv cm::dat verb::vv e::fve.imperative mark::comma
fusi hecen de bi he ,	nn::prpn.plc nv::nv cm::dat verb::vv e::pst.ptcp mark::comma
bobung ,	nn::prpn.person mark::comma
muse i gebu de sain kai seme bithe ara fi gaji me jide re de ,	nv::nv cm::gen nv::nv cm::dat nv::adj ptcl comp nv::nv verb::vv e::cve verb::vv e::cve verb::vv e::npst.ptcp cm::dat mark::comma
si min be ji he de ebu re se mbi seme hendu re jaka de ,	pn::2sg pn::1sg cm::acc verb::vv e::pst.ptcp cm::dat verb::vv e::npst.ptcp verb::vv e::fve.npst comp verb::vv e::npst.ptcp nv::nv cm::dat mark::comma
uju jergi jargūci hiya de emte gecuheri ,	nv::nv nv::nv nv::nv nv::nv cm::dat nv::nv nv::nv mark::comma
sunjata poo sinda habi ,	nv::nv nv::nv verb::vv e::fve.prs.prf mark::comma
na de sahaliyan ihan wa fi ,	nv::nv cm::dat nv::adj nv::nv verb::vv e::cve mark::comma
in i juwe jui de ,	pn::3sg cm::gen nv::nv nv::nv cm::dat mark::comma
dodo ,	nn::prpn.person mark::comma
wan_lii i orin nadaci aniya juwe biya i ice uyun de baha ha ,	nn::prpn cm::gen nv::nv nv::nv nv::nv nv::nv nv::nv cm::gen nv::adj nv::nv cm::dat verb::vv e::pst.ptcp mark::comma
ginjeo i lio_fujiyang de ,	nn::prpn.plc cm::gen nn::prpn cm::dat mark::comma
emu temen yaru me ,	nv::nv nv::nv verb::vv e::cve mark::comma
akdun akū niyalma be bargiyabu ∅ ,	nv::adj nv::adj nv::nv cm::acc verb::vv e::fve.imperative mark::comma
ai ai furdehe ,	nv::nv nv::nv nv::nv mark::comma
ujula ha niyalma de jakūta yan ,	verb::vv e::pst.ptcp nv::nv cm::dat nv::nv nv::nv mark::comma
beile se i weile be han beide kini ,	nv::nv nv::nv cm::gen nv::nv cm::acc nv::nv verb::vv e::fve.opt mark::comma
jori ha jurgan be jurce rakū seme beiguwan obu ha .	verb::vv e::pst.ptcp nv::nv cm::acc verb::vv e::npst.ptcp.neg comp nv::nv verb::vv e::pst.ptcp mark::period
waka uru be duile fi beide rakū ,	nv::adj nv::nv cm::acc verb::vv e::cve verb::vv e::npst.ptcp.neg mark::comma
waka be ali me gaija rakū kemuni akū se ci ,	nv::adj cm::acc verb::vv e::cve verb::vv e::npst.ptcp.neg nv::nv nv::adj verb::vv e::cve mark::comma
emu dere be susaita da dasa ∅ seme hendu he bi he ,	nv::nv nv::nv cm::acc nv::nv nv::nv verb::vv e::fve.imperative comp verb::vv e::pst.ptcp verb::vv e::pst.ptcp mark::comma
tuttu tondo i fafula rakū ehe miosihon jurgan i banji ci ,	nv::nv nv::adj cm::gen verb::vv e::npst.ptcp.neg nv::adj nv::adj nv::nv cm::gen verb::vv e::cve mark::comma
babai_taiji ,	nn::prpn mark::comma
○ yahican be ,	mark::circle nn::prpn.person cm::acc mark::comma
emke juwe i fakca rahū ,	nv::nv nv::nv cm::gen verb::vv e::fve.prv mark::comma
sese ara ra ,	nv::nv verb::vv e::npst.ptcp mark::comma
tondo beide mbi ,	nv::adj verb::vv e::fve.npst mark::comma
tai de wasimbu ha bithe ,	nv::nv cm::dat verb::vv e::pst.ptcp nv::nv mark::comma
lii_diyan_kui hendu me ,	nn::prpn verb::vv e::cve mark::comma
dabsun i alban be ainu hūdun bošo fi unggi rakū ,	nv::nv cm::gen nv::nv cm::acc nv::nv nv::adj verb::vv e::cve verb::vv e::npst.ptcp.neg mark::comma
○ balan be ,	mark::circle nn::prpn.person cm::acc mark::comma
hairakan suje seme hendu re jaka de ,	nv::adj nv::nv comp verb::vv e::npst.ptcp nv::nv cm::dat mark::comma
cargi niyalma i hebe i gisun i bithe kemuni dube lakca rakū ji mbi seme ,	nv::nv nv::nv cm::gen nv::nv cm::gen nv::nv cm::gen nv::nv nv::nv nv::nv verb::vv e::npst.ptcp.neg verb::vv e::fve.npst comp mark::comma
amban sa inu wesihun banji mbi kai ,	nv::nv nv::nv nv::nv nv::nv verb::vv e::fve.npst ptcl mark::comma
tere be umai yangsa ha weile hekūbi ,	nv::nv cm::acc nv::nv verb::vv e::pst.ptcp verb::vv e::fve.prs.prf.neg mark::comma
beile se fulu gosi mbi dere seme gūni mbi kai ,	nv::nv nv::nv nv::nv verb::vv e::fve.npst ptcl comp verb::vv e::fve.npst ptcl mark::comma
iogi ,	nv::nv mark::comma
gaha ,	nv::nv mark::comma
geren beile se ,	nv::adj nv::nv nv::nv mark::comma
nikan i jao_hoidzung ,	nv::nv cm::gen nn::prpn mark::comma
mafa suwen de aika ehe mujilen bi ci ,	nv::nv pn::2pl cm::dat nv::nv nv::adj nv::nv verb::vv e::cve mark::comma
g'ai_jeo ci ,	nn::prpn cm::abl mark::comma
dzung_bing_guwan ci fusihūn ,	nv::nv cm::abl nv::adj mark::comma
iogi tsanjiyang fakca hakū seme wesihun han de ala ∅ ,	nv::nv nv::nv verb::vv e::pst.ptcp.neg comp nv::nv nv::nv cm::dat verb::vv e::fve.imperative mark::comma
abka i ciha kai ,	nv::nv cm::gen nv::nv ptcl mark::comma
na de sahaliyan ihan wa fi ,	nv::nv cm::dat nv::adj nv::nv verb::vv e::cve mark::comma
si_ning_pu de te he niyalma inu ere adali saikan olho me suwele ∅ .	nn::prpn cm::dat verb::vv e::pst.ptcp nv::nv nv::nv nv::nv nv::adj nv::adj verb::vv e::cve verb::vv e::fve.imperative mark::period
manju i han de aca me ji fi ,	nv::nv cm::gen nv::nv cm::dat verb::vv e::cve verb::vv e::cve mark::comma
ula de juwe feye gidalabu ha ,	nv::nv cm::dat nv::nv nv::nv verb::vv e::pst.ptcp mark::comma
iogi hergen bu he ,	nv::nv nv::nv verb::vv e::pst.ptcp mark::comma
suwayan morin ,	nv::adj nv::nv mark::comma
○ inggūldai be ,	mark::circle nn::prpn.person cm::acc mark::comma
suwe beye jobo mbi seme ume banda ra ,	pn::2pl nv::nv verb::vv e::fve.npst comp nv::nv verb::vv e::npst.ptcp mark::comma
han i pai be gai fi ,	nv::nv cm::gen nv::nv cm::acc verb::vv e::cve mark::comma
juwe ubu be ,	nv::nv nv::nv cm::acc mark::comma
niru kadala ra beiguwan de ,	nv::nv verb::vv e::npst.ptcp nv::nv cm::dat mark::comma
joriktu_ecike de dehi bu he ,	nn::prpn cm::dat nv::nv verb::vv e::pst.ptcp mark::comma
eje he dangse faita ha ,	verb::vv e::pst.ptcp nv::nv verb::vv e::pst.ptcp mark::comma
dehi nadan morin ,	nv::nv nv::nv nv::nv mark::comma
jai emu akta ,	nv::nv nv::nv nv::adj mark::comma
han de waka sabu fi weile baha fi boo yada kini ,	nv::nv cm::dat nv::adj verb::vv e::cve nv::nv verb::vv e::cve nv::nv verb::vv e::fve.opt mark::comma
wei_ning ni ebele amba jugūn de butule me wa habi seme alanji re jaka de ,	nn::prpn.plc cm::gen nv::nv nv::adj nv::nv cm::dat verb::vv e::cve verb::vv e::fve.prs.prf comp verb::vv e::npst.ptcp nv::nv cm::dat mark::comma
morin juwanta ,	nv::nv nv::nv mark::comma
holbi ,	nn::prpn.person mark::comma
seke i jibca ,	nv::nv cm::gen nv::nv mark::comma
nadan_fere ,	nn::prpn mark::comma
hūlha fi benji he sunja ulha be ,	verb::vv e::cve verb::vv e::pst.ptcp nv::nv nv::nv cm::acc mark::comma
abka na saiša fi ,	nv::nv nv::nv verb::vv e::cve mark::comma
jai wa fi je ∅ ,	nv::nv verb::vv e::cve verb::vv e::fve.imperative mark::comma
○ han i ku de sinda ra iletu alban gaija ra jaka be ekiyembu rakū madabu rakū ,	mark::circle nv::nv cm::gen nv::nv cm::dat verb::vv e::npst.ptcp nv::adj nv::nv verb::vv e::npst.ptcp nv::nv cm::acc verb::vv e::npst.ptcp.neg verb::vv e::npst.ptcp.neg mark::comma
tere hehe uyun biya i ice ilan de ,	nv::nv nv::nv nv::nv nv::nv cm::gen nv::adj nv::nv cm::dat mark::comma
tere jakūn amban i fejile ,	nv::nv nv::nv nv::nv cm::gen nv::nv mark::comma
si baica fi jafa ha de ,	pn::2sg verb::vv e::cve verb::vv e::pst.ptcp cm::dat mark::comma
iogi sa i fejergi jung giyūn ,	nv::nv nv::nv cm::gen nv::nv nv::nv nv::nv mark::comma
hohori ,	nv::nv mark::comma
ji he monggo beile be yamun i dolo tebu fi ,	verb::vv e::pst.ptcp nv::nv nv::nv cm::acc nv::nv cm::gen nv::nv verb::vv e::cve mark::comma
tere nikan cooha jase tuci ke be ,	nv::nv nv::nv nv::nv nv::nv verb::vv e::pst.ptcp cm::acc mark::comma
suwen i gurun i niyalma ,	pn::2pl cm::gen nv::nv cm::gen nv::nv mark::comma
bak_taiji ,	nn::prpn mark::comma
juwe yarha i sukū ,	nv::nv nv::nv cm::gen nv::nv mark::comma
○ orin jakūn de ,	mark::circle nv::nv nv::nv cm::dat mark::comma
tung_jeng_guwe de menggun jakūnju yan ,	nn::prpn cm::dat nv::nv nv::nv nv::nv mark::comma
dorji ,	nn::prpn.person mark::comma
yoo_jeo ,	nn::prpn mark::comma
○ sahaliyan singgeri aniya ,	mark::circle nv::adj nv::nv nv::nv mark::comma
han nene me kiru jafabu fi ume wa ra seme takūra ha ,	nv::nv verb::vv e::cve nv::nv verb::vv e::cve nv::nv verb::vv e::npst.ptcp comp verb::vv e::pst.ptcp mark::comma
min i gaji ha jeku be ainu bu mbi seme hendu mbi dere ,	pn::1sg cm::gen verb::vv e::pst.ptcp nv::nv cm::acc nv::nv verb::vv e::fve.npst comp verb::vv e::fve.npst ptcl mark::comma
ce gemu ulin gida ha manggi ,	pn::3pl nv::nv nv::nv verb::vv e::pst.ptcp nv::nv mark::comma
tere ci in be baica fi baha fi ,	nv::nv cm::abl pn::3sg cm::acc verb::vv e::cve verb::vv e::cve mark::comma
da ci dube de isi tala ehe akū banji ci ,	nv::nv cm::abl nv::nv cm::dat verb::vv e::cve nv::adj nv::adj verb::vv e::cve mark::comma
icihiya me funce he ulgiyan ,	verb::vv e::cve verb::vv e::pst.ptcp nv::nv mark::comma
boihon sihabu hakū ,	nv::nv verb::vv e::pst.ptcp.neg mark::comma
si balai ume jabu re ,	pn::2sg nv::nv nv::nv verb::vv e::npst.ptcp mark::comma
suje i sijigiyan ,	nv::nv cm::gen nv::nv mark::comma
hing_šan ,	nn::prpn mark::comma
sin be ehe seme ara ha bithe ere inu ,	pn::2sg cm::acc nv::adj comp verb::vv e::pst.ptcp nv::nv nv::nv nv::nv mark::comma
han hendu me ,	nv::nv verb::vv e::cve mark::comma
ama eme ahūn deo de ehe o ho ,	nv::nv nv::nv nv::nv nv::nv cm::dat nv::adj verb::vv e::pst.ptcp mark::comma
jai muse i ujalu gebungge gašan be sucu ha ,	nv::nv nv::nv cm::gen nn::prpn.plc nv::adj nv::nv cm::acc verb::vv e::pst.ptcp mark::comma
ilan ciyandzung de juwanta yan i weile ara fi gung faita ha ,	nv::nv nv::nv cm::dat nv::nv nv::nv cm::gen nv::nv verb::vv e::cve nv::nv verb::vv e::pst.ptcp mark::comma
deo burhanggū_beile be uji fi in i efu amba_beile de bu he ,	nv::nv nn::prpn cm::acc verb::vv e::cve pn::3sg cm::gen nv::nv nn::prpn cm::dat verb::vv e::pst.ptcp mark::comma
wei_giya_ling ,	nn::prpn mark::comma
gemu ishun de gosi me haira me genggiyen i dasa me banji ci ,	nv::nv nv::nv cm::dat verb::vv e::cve verb::vv e::cve nv::adj cm::gen verb::vv e::cve verb::vv e::cve mark::comma
duile he weile ,	verb::vv e::pst.ptcp nv::nv mark::comma
juwan juwe de medege alanji ha .	nv::nv nv::nv cm::dat nv::nv verb::vv e::pst.ptcp mark::period
tooda me guri me gene he ba i tsang ni jeku be gai fi je kini ,	verb::vv e::cve verb::vv e::cve verb::vv e::pst.ptcp nv::nv cm::gen nv::nv cm::gen nv::nv cm::acc verb::vv e::cve verb::vv e::fve.opt mark::comma
ula ,	nv::nv mark::comma
hai_jeo de te he jarku de bithe jafabu fi unggi he ,	nn::prpn cm::dat verb::vv e::pst.ptcp nn::prpn.person cm::dat nv::nv verb::vv e::cve verb::vv e::pst.ptcp mark::comma
abka ,	nv::nv mark::comma
boso sala ha pu de emu tuwa bi ,	nv::nv verb::vv e::pst.ptcp nv::nv cm::dat nv::nv nv::nv verb::vv.npst mark::comma
bohori ,	nv::nv mark::comma
hacin hacin i efin efi me sarin sarila me ,	nv::nv nv::nv cm::gen nv::nv verb::vv e::cve nv::nv verb::vv e::cve mark::comma
ehe be ehe seme han de ala mbi ,	nv::adj cm::acc nv::adj comp nv::nv cm::dat verb::vv e::fve.npst mark::comma
beile se i emgi bisi re sonjo ho sain cooha ,	nv::nv nv::nv cm::gen nv::nv verb::vv e::npst.ptcp verb::vv e::pst.ptcp nv::adj nv::nv mark::comma
je ke puseli ejen be eje me gai ∅ ,	verb::vv e::pst.ptcp nv::nv nv::nv cm::acc verb::vv e::cve verb::vv e::fve.imperative mark::comma
tongki fuka sinda ha hergen i dangse .	nv::nv nv::nv verb::vv e::pst.ptcp nv::nv cm::gen nv::nv mark::period
jui be weile ara fi ,	nv::nv cm::acc nv::nv verb::vv e::cve mark::comma
tere wa ra de uyun niyalma tuci fi wa ha medege be ninggun biya i orin jakūn de donji ha ,	nv::nv verb::vv e::npst.ptcp cm::dat nv::nv nv::nv verb::vv e::cve verb::vv e::pst.ptcp nv::nv cm::acc nv::nv nv::nv cm::gen nv::nv nv::nv cm::dat verb::vv e::pst.ptcp mark::comma
niowanggiyan moro ,	nv::adj nv::nv mark::comma
yahican ,	nn::prpn.person mark::comma
beiguwan obu ha .	nv::nv verb::vv e::pst.ptcp mark::period
bu he manggi ,	verb::vv e::pst.ptcp nv::nv mark::comma
juwe niyalma be saci me tuhebu he ,	nv::nv nv::nv cm::acc verb::vv e::cve verb::vv e::pst.ptcp mark::comma
○ sunja biya ,	mark::circle nv::nv nv::nv mark::comma
ula de emu feye baha ha seme nadan yan i weile waliya mbi ,	nv::nv cm::dat nv::nv nv::nv verb::vv e::pst.ptcp comp nv::nv nv::nv cm::gen nv::nv verb::vv e::fve.npst mark::comma
ahūta be sinda fi ,	nv::nv cm::acc verb::vv e::cve mark::comma
darhan_hiya ,	nn::prpn mark::comma
ligiya ,	nn::prpn.plc mark::comma
( munggu be jalingga oliha seme wa ha .	mark::lparen nn::prpn.person cm::acc nv::adj nv::adj comp verb::vv e::pst.ptcp mark::period
○ kotan ,	mark::circle nn::prpn.person mark::comma
dzung_bing_guwan ci fusihūn ,	nv::nv cm::abl nv::adj mark::comma
○ orin ilan de ,	mark::circle nv::nv nv::nv cm::dat mark::comma
tere ci jai cimari ,	nv::nv cm::abl nv::nv nv::nv mark::comma
dahi re jaka de ,	verb::vv e::npst.ptcp nv::nv cm::dat mark::comma
afabu ha weile be mute mbi ,	verb::vv e::pst.ptcp nv::nv cm::acc verb::vv e::fve.npst mark::comma
han hendu me ,	nv::nv verb::vv e::cve mark::comma
bi nongku i emgi aibide latu ha ,	pn::1sg nn::prpn.person cm::gen nv::nv nv::nv verb::vv e::pst.ptcp mark::comma
fujiyang ci fakca ha de ,	nv::nv cm::abl verb::vv e::pst.ptcp cm::dat mark::comma
omai ,	nn::prpn.person mark::comma
jeng_giyang hecen i ejen tung_iogi ,	nn::prpn nv::nv cm::gen nv::nv nn::prpn mark::comma
suwen de unggi he juwe tanggū yan menggun de ,	pn::2pl cm::dat verb::vv e::pst.ptcp nv::nv nv::nv nv::nv nv::nv cm::dat mark::comma
samsu i etuku jakūnju ninggun ,	nv::nv cm::gen nv::nv nv::nv nv::nv mark::comma
daha ha niyalma be wa ha seme ,	verb::vv e::pst.ptcp nv::nv cm::acc verb::vv e::pst.ptcp comp mark::comma
cilbana ,	nn::prpn.person mark::comma
mao_wen_lung ni jafu bithe benji he niyalma be jafa fi benji he seme ,	nn::prpn cm::gen nv::nv nv::nv verb::vv e::pst.ptcp nv::nv cm::acc verb::vv e::cve verb::vv e::pst.ptcp comp mark::comma
○ ice ninggun de ,	mark::circle nv::adj nv::nv cm::dat mark::comma
yaki ucika ,	nv::nv nv::nv mark::comma
tuttu o ci ,	nv::nv verb::vv e::cve mark::comma
waka be beye de ali me gai ha ,	nv::adj cm::acc nv::nv cm::dat verb::vv e::cve verb::vv e::pst.ptcp mark::comma
uttu abka i mujilen de acabu me ,	nv::nv nv::nv cm::gen nv::nv cm::dat verb::vv e::cve mark::comma
○ munggatu ,	mark::circle nn::prpn.person mark::comma
hondai ,	nn::prpn.person mark::comma
duhūcan ,	nn::prpn.person mark::comma
yamun i duka i siden be fulgiyan jafu akūmbu me sekte fi ,	nv::nv cm::gen nv::nv cm::gen nv::nv cm::acc nv::nv nv::nv verb::vv e::cve verb::vv e::cve mark::comma
te he boo ,	verb::vv e::pst.ptcp nv::nv mark::comma
jai sure_kundulen_han i bu he sargan jui onje_gege be ,	nv::nv nn::prpn cm::gen verb::vv e::pst.ptcp nv::nv nv::nv nn::prpn cm::acc mark::comma
niyaman hūncihin seme harša rakū ,	nv::nv nv::nv comp verb::vv e::npst.ptcp.neg mark::comma
emu inde me amba sarin sarila me ,	nv::nv verb::vv e::cve nv::adj nv::nv verb::vv e::cve mark::comma
ere aniya nadan biya de hergen nakabu ha ,	nv::nv nv::nv nv::nv nv::nv cm::dat nv::nv verb::vv e::pst.ptcp mark::comma
amba dain minggan ba de senggi eye mbi .	nv::adj nv::nv nv::nv nv::nv cm::dat nv::nv verb::vv e::fve.npst mark::period
makuwalsai gu_ho i niyalma de ,	nn::prpn.plc nn::prpn cm::gen nv::nv cm::dat mark::comma
jai io_tun_wei beiguwan de ,	nv::nv nn::prpn nv::nv cm::dat mark::comma
wargi alin de emu dobori dedu ∅ ,	nv::nv nv::nv cm::dat nv::nv nv::nv verb::vv e::fve.imperative mark::comma
muse i cooha gemu bedere he manggi ,	nv::nv cm::gen nv::nv nv::nv verb::vv e::pst.ptcp nv::nv mark::comma
emu jergi buce re weile be guwebu mbi .	nv::nv nv::nv verb::vv e::npst.ptcp nv::nv cm::acc verb::vv e::fve.npst mark::period
han i beye ,	nv::nv cm::gen nv::nv mark::comma
menggun emu minggan ilan tanggū ninju jakūn yan sunja jiha ,	nv::nv nv::nv nv::nv nv::nv nv::nv nv::nv nv::nv nv::nv nv::nv nv::nv mark::comma
akšan ,	nv::nv mark::comma
aha ,	nv::nv mark::comma
tere fon de wa ki ,	nv::nv nv::nv cm::dat verb::vv e::fve.opt mark::comma
amasi bedere re de ,	nv::nv verb::vv e::npst.ptcp cm::dat mark::comma
ili_wei i du_jy_hūi_ciyanši guluma i jui naimida ,	nn::prpn cm::gen nv::nv nn::prpn.person cm::gen nv::nv nn::prpn.person mark::comma
jui weihe nime re de tanta fi latubu ki seme bai re jaka de ,	nv::nv nv::nv verb::vv e::npst.ptcp cm::dat verb::vv e::cve verb::vv e::fve.opt comp verb::vv e::npst.ptcp nv::nv cm::dat mark::comma
be_tu_cang de gene ∅ ,	nn::prpn cm::dat verb::vv e::fve.imperative mark::comma
morin ambula uda habi ,	nv::nv nv::nv verb::vv e::fve.prs.prf mark::comma
duin tatan i niyalma idu bodo me gese weile me ,	nv::nv nv::nv cm::gen nv::nv nv::nv verb::vv e::cve nv::nv verb::vv e::cve mark::comma
tere jeku orho de ulha tarhūbu ki se re cihangga niyalma tede gene ∅ ,	nv::nv nv::nv nv::nv cm::dat nv::nv verb::vv e::fve.opt verb::vv e::npst.ptcp nv::adj nv::nv nv::nv verb::vv e::fve.imperative mark::comma
anja gaji me guri me lioi_yang_i de ji fi te ,	nv::nv verb::vv e::cve verb::vv e::cve nn::prpn cm::dat verb::vv e::cve nv::nv mark::comma
saikan bekile me hendu rakū o fi ,	nv::adj verb::vv e::cve verb::vv e::npst.ptcp.neg verb::vv e::cve mark::comma
jai cimari gere ke manggi ,	nv::nv nv::nv verb::vv e::pst.ptcp nv::nv mark::comma
sunja ba i dube de fude me gene fi ,	nv::nv nv::nv cm::gen nv::nv cm::dat verb::vv e::cve verb::vv e::cve mark::comma
kadala me fafula me yabu ki ,	verb::vv e::cve verb::vv e::cve verb::vv e::fve.opt mark::comma
ihan morin eihen losa be ,	nv::nv nv::nv nv::nv nv::nv cm::acc mark::comma
saikan hendu ∅ .	nv::adj verb::vv e::fve.imperative mark::period
hoton de afa fi ete rakū bedere ci ,	nv::nv cm::dat verb::vv e::cve verb::vv e::npst.ptcp.neg verb::vv e::cve mark::comma
ehe miosihon weile be harša me beide re ,	nv::adj nv::adj nv::nv cm::acc verb::vv e::cve verb::vv e::npst.ptcp mark::comma
hū_pi_i hecen i juleri juwan ba i dube i amba jugūn i šun dekde re ergi alin i ninggu de dedu he ,	nn::prpn nv::nv cm::gen nv::nv nv::nv nv::nv cm::gen nv::nv cm::gen nv::adj nv::nv cm::gen nv::nv verb::vv e::npst.ptcp nv::nv nv::nv cm::gen nv::nv cm::dat verb::vv e::pst.ptcp mark::comma
yehe ,	nv::nv mark::comma
emte debsiku ,	nv::nv nv::nv mark::comma
) han i sui be ,	mark::rparen nv::nv cm::gen nv::nv cm::acc mark::comma
jori ha jurgan be jurce rakū seme beiguwan obu ha .	verb::vv e::pst.ptcp nv::nv cm::acc verb::vv e::npst.ptcp.neg comp nv::nv verb::vv e::pst.ptcp mark::period
ere gung be cenoi eje he de ara habi .	nv::nv nv::nv cm::acc nn::prpn.person verb::vv e::pst.ptcp cm::dat verb::vv e::fve.prs.prf mark::period
ulgiyan be ,	nv::nv cm::acc mark::comma
gese yabubu ha ,	nv::nv verb::vv e::pst.ptcp mark::comma
hai_jeo ,	nn::prpn mark::comma
han hendu me ,	nv::nv verb::vv e::cve mark::comma
ulin ,	nv::nv mark::comma
birai_dergi niyalma birai_wargi de uka me gene fi ala me ,	nn::prpn nv::nv nn::prpn cm::dat verb::vv e::cve verb::vv e::cve verb::vv e::cve mark::comma
emhe ,	nv::nv mark::comma
suwe jakūn beile i boo i nimaha bai re niyalma be ,	pn::2pl nv::nv nv::nv cm::gen nv::nv cm::gen nv::nv verb::vv e::npst.ptcp nv::nv cm::acc mark::comma
suwen i ere jaisai ,	pn::2pl cm::gen nv::nv nn::prpn.person mark::comma
jai gurun i dolo yabu re niyalma ,	nv::nv nv::nv cm::gen nv::nv verb::vv e::npst.ptcp nv::nv mark::comma
sin i niyalma takūra ∅ ,	pn::2sg cm::gen nv::nv verb::vv e::fve.imperative mark::comma
suje i teleri ,	nv::nv cm::gen nv::nv mark::comma
gemu lakca me waji ha ,	nv::nv verb::vv e::cve verb::vv e::pst.ptcp mark::comma
ba be waliya fi bai me ji he gung ,	nv::nv cm::acc verb::vv e::cve verb::vv e::cve verb::vv e::pst.ptcp nv::nv mark::comma
emu sese ,	nv::nv nv::nv mark::comma
dzung_bing_guwan ci fusihūn ,	nv::nv cm::abl nv::adj mark::comma
moobari ,	nn::prpn.person mark::comma
emu niru i emu janggin gai fi morin adula ∅ ,	nv::nv nv::nv cm::gen nv::nv nv::nv verb::vv e::cve nv::nv verb::vv e::fve.imperative mark::comma
○ juwan ilan de ,	mark::circle nv::nv nv::nv cm::dat mark::comma
hada de emu feye baha ha seme sunja yan i weile ,	nn::prpn.plc cm::dat nv::nv nv::nv verb::vv e::pst.ptcp comp nv::nv nv::nv cm::gen nv::nv mark::comma
yasa akū sirdan de goi ci ,	nv::nv nv::adj nv::nv cm::dat verb::vv e::cve mark::comma
○ orin jakūn de ,	mark::circle nv::nv nv::nv cm::dat mark::comma
juwan suje ,	nv::nv nv::nv mark::comma
ihan emu tanggū dehi ilan ,	nv::nv nv::nv nv::nv nv::nv nv::nv mark::comma
anafu te he bi he ,	nv::nv verb::vv e::pst.ptcp verb::vv e::pst.ptcp mark::comma
te he boo ,	verb::vv e::pst.ptcp nv::nv mark::comma
hecen i ninggu de šanggiyan jafu sekte fi ,	nv::nv cm::gen nv::nv cm::dat nv::nv nv::nv verb::vv e::cve mark::comma
ufara ha kooli inu bi ,	verb::vv e::pst.ptcp nv::nv nv::nv verb::vv.npst mark::comma
suwen de gung kai .	pn::2pl cm::dat nv::nv ptcl mark::period
○ degelei_age ,	mark::circle nn::prpn mark::comma
weile baha fi boo yada kini ,	nv::nv verb::vv e::cve nv::nv verb::vv e::fve.opt mark::comma
tarhūn morin i tofohon niyalma be tucibu fi ,	nv::adj nv::nv cm::gen nv::nv nv::nv cm::acc verb::vv e::cve mark::comma
mocin i sijigiyan ,	nv::nv cm::gen nv::nv mark::comma
wa ra be naka ∅ seme nakabu fi ,	verb::vv e::npst.ptcp cm::acc verb::vv e::fve.imperative comp verb::vv e::cve mark::comma
amba gurun i cooha hūlha me tuci fi emu erin hono ojo rakū amasi bedere ci ,	nv::adj nv::nv cm::gen nv::nv verb::vv e::cve verb::vv e::cve nv::nv nv::nv nv::nv verb::vv e::npst.ptcp.neg nv::nv verb::vv e::cve mark::comma
gūsin haha ,	nv::nv nv::nv mark::comma
yargiyan medege be amala unggi mbi .	nv::adj nv::nv cm::acc nv::nv verb::vv e::fve.npst mark::period
ula i niyalma dali fi gama ci ,	nv::nv cm::gen nv::nv verb::vv e::cve verb::vv e::cve mark::comma
bejang sinda ha ngge ,	nv::nv verb::vv e::pst.ptcp nmlz::nmlz mark::comma
yehe i beile se duin jalan hala me gurun de han seme banji ha doro be ,	nv::nv cm::gen nv::nv nv::nv nv::nv nv::nv verb::vv e::cve nv::nv cm::dat nv::nv comp verb::vv e::pst.ptcp nv::nv cm::acc mark::comma
abka be den ,	nv::nv cm::acc nv::adj mark::comma
ahūn i gung ,	nv::nv cm::gen nv::nv mark::comma
hūlha holo mujilen jafa fi sula heolen o ci ,	nv::nv nv::nv nv::nv verb::vv e::cve nv::adj nv::adj verb::vv e::cve mark::comma
fu_jeo i usin i jeku de kamci fi tomso kini ,	nn::prpn cm::gen nv::nv cm::gen nv::nv cm::dat verb::vv e::cve verb::vv e::fve.opt mark::comma
jai suwen i aika jobo ro suila ra ba bi ci ,	nv::nv pn::2pl cm::gen nv::nv verb::vv e::npst.ptcp verb::vv e::npst.ptcp nv::nv verb::vv e::cve mark::comma
weile be sa me ainu ara mbi seme hendu me bithe ara fi unggi he ,	nv::nv cm::acc verb::vv e::cve nv::nv verb::vv e::fve.npst comp verb::vv e::cve nv::nv verb::vv e::cve verb::vv e::pst.ptcp mark::comma
duin ihan ,	nv::nv nv::nv mark::comma
hūda fulu bu me hūlha me gai ci ,	nv::nv nv::nv verb::vv e::cve verb::vv e::cve verb::vv e::cve mark::comma
yaran de buce he seme ,	nn::prpn.plc cm::dat verb::vv e::pst.ptcp comp mark::comma
in i cisu i hūlha me nikan be sucu ha seme weile ara fi ,	pn::3sg cm::gen nv::nv cm::gen verb::vv e::cve nv::nv cm::acc verb::vv e::pst.ptcp comp nv::nv verb::vv e::cve mark::comma
inenggi o ci jeku tū ∅ ,	nv::nv verb::vv e::cve nv::nv verb::vv e::fve.imperative mark::comma
han i geren fujisa ,	nv::nv cm::gen nv::adj nv::nv mark::comma
nacin beiguwan be wa ra weile ara fi wa hakū uji he ,	nv::nv nv::nv cm::acc verb::vv e::npst.ptcp nv::nv verb::vv e::cve verb::vv e::pst.ptcp.neg verb::vv e::pst.ptcp mark::comma
gurgu arca me feksi re gese feksi me gene fi ,	nv::nv verb::vv e::cve verb::vv e::npst.ptcp nv::nv verb::vv e::cve verb::vv e::cve mark::comma
fujisa ,	nv::nv mark::comma
buyandai ,	nn::prpn.person mark::comma
ish'ab ,	nn::prpn.person mark::comma
hasa amasi bu ∅ seme elcin takūra ci ,	nv::nv nv::nv verb::vv e::fve.imperative comp nv::nv verb::vv e::cve mark::comma
jai juwan niyalma juwe sejen kalka ,	nv::nv nv::nv nv::nv nv::nv nv::nv nv::nv mark::comma
liyoodung ,	nn::prpn.plc mark::comma
giyang de emu feye baha ha seme ,	nv::nv cm::dat nv::nv nv::nv verb::vv e::pst.ptcp comp mark::comma
ahūn beile i baru hendu me ,	nv::nv nv::nv cm::gen nv::nv verb::vv e::cve mark::comma
doro be kice me dasa mbi ,	nv::nv cm::acc verb::vv e::cve verb::vv e::fve.npst mark::comma
sarin de dere de te rakū ,	nv::nv cm::dat nv::nv cm::dat verb::vv e::npst.ptcp.neg mark::comma
juwe kuwangse guile he benji he ,	nv::nv nv::nv verb::vv e::pst.ptcp verb::vv e::pst.ptcp mark::comma
tuttu tondo i fafula rakū ehe miosihon jurgan i yabu ci ,	nv::nv nv::adj cm::gen verb::vv e::npst.ptcp.neg nv::adj nv::adj nv::nv cm::gen verb::vv e::cve mark::comma
nio_juwang ni ergi de anafu cooha be hala me gene he .	nn::prpn cm::gen nv::nv cm::dat nv::nv nv::nv cm::acc verb::vv e::cve verb::vv e::pst.ptcp mark::period
julergi de anafu te me gene he ba de ukanju uka kabi seme ,	nv::nv cm::dat nv::nv verb::vv e::cve verb::vv e::pst.ptcp nv::nv cm::dat nv::nv verb::vv e::fve.prs.prf comp mark::comma
angga be wa ha jalin de gisure ci ,	nv::nv cm::acc verb::vv e::pst.ptcp nv::nv cm::dat verb::vv e::cve mark::comma
○ orin emu de ,	mark::circle nv::nv nv::nv cm::dat mark::comma
angga jaya fi ,	nv::nv verb::vv e::cve mark::comma
saikan gida me dasi ∅ seme geren de hendu ∅ ,	nv::adj verb::vv e::cve verb::vv e::fve.imperative comp nv::adj cm::dat verb::vv e::fve.imperative mark::comma
yanggiya ,	nn::prpn.person mark::comma
si gene fi beile i gala be jafa fi ebubu me gana ∅ seme hendu fi unggi he ,	pn::2sg verb::vv e::cve nv::nv cm::gen nv::nv cm::acc verb::vv e::cve verb::vv e::cve verb::vv e::fve.imperative comp verb::vv e::cve verb::vv e::pst.ptcp mark::comma
hecen de dosi ka ,	nv::nv cm::dat verb::vv e::pst.ptcp mark::comma
monggo be ucara fi afa fi juwan morin gaibu habi ,	nv::nv cm::acc verb::vv e::cve verb::vv e::cve nv::nv nv::nv verb::vv e::fve.prs.prf mark::comma
mocin i ojin de undurakū ulhun bu he ,	nv::nv cm::gen nv::nv cm::dat nv::nv nv::nv verb::vv e::pst.ptcp mark::comma
geren ci tuci fi juleri niyakūra ha manggi ,	nv::adj cm::abl verb::vv e::cve nv::nv verb::vv e::pst.ptcp nv::nv mark::comma
buya koro be ya be hendu re ,	nv::adj nv::nv cm::acc nv::nv cm::acc verb::vv e::npst.ptcp mark::comma
ajige_age_beile ninggun niyalma juleri isina fi gabta me afa ra ba de ,	nn::prpn nv::nv nv::nv nv::nv verb::vv e::cve verb::vv e::cve verb::vv e::npst.ptcp nv::nv cm::dat mark::comma
wei_ning_ing de unggi ∅ ,	nn::prpn cm::dat verb::vv e::fve.imperative mark::comma
in i cisu i amasi bedere he ,	pn::3sg cm::gen nv::nv cm::gen nv::nv verb::vv e::pst.ptcp mark::comma
fujiyang urgūdai be ,	nv::nv nn::prpn.person cm::acc mark::comma
han i juleri morin yalu hai ji fi ,	nv::nv cm::gen nv::nv nv::nv verb::vv e::cve verb::vv e::cve mark::comma
deo i habša ha gisun be ,	nv::nv cm::gen verb::vv e::pst.ptcp nv::nv cm::acc mark::comma
manggūldai i sargan de emu gecuheri ,	nn::prpn.person cm::gen nv::nv cm::dat nv::nv nv::nv mark::comma
taifin doro be buye rakū ehe doro be gūni ci ,	nv::adj nv::nv cm::acc verb::vv e::npst.ptcp.neg nv::adj nv::nv cm::acc verb::vv e::cve mark::comma
sin i jaka de gaji fi tebu ∅ se he bi he ,	pn::2sg cm::gen nv::nv cm::dat verb::vv e::cve verb::vv e::fve.imperative verb::vv e::pst.ptcp verb::vv e::pst.ptcp mark::comma
men i aisin gurun i dube i jalan i han ,	pn::1pl.excl cm::gen nv::nv nv::nv cm::gen nv::nv cm::gen nv::nv cm::gen nv::nv mark::comma
emu janggin usin bošo me weilebu ∅ .	nv::nv nv::nv nv::nv verb::vv e::cve verb::vv e::fve.imperative mark::period
sejen kalka dagila fi ,	nv::nv nv::nv verb::vv e::cve mark::comma
ehe sain be dere bani rakū ,	nv::adj nv::adj cm::acc nv::nv verb::vv e::npst.ptcp.neg mark::comma
toktoi jase de ji fi ,	nn::prpn.person nv::nv cm::dat verb::vv e::cve mark::comma
emu doron bu fi unggi he .	nv::nv nv::nv verb::vv e::cve verb::vv e::pst.ptcp mark::period
dajuhū bi ,	nn::prpn.person verb::vv.npst mark::comma
beiguwan ,	nv::nv mark::comma
beiguwan de juwete bu he ,	nv::nv cm::dat nv::nv verb::vv e::pst.ptcp mark::comma
cooha be sabubu rakū nuhaliyan dalda ba de somi fi ,	nv::nv cm::acc verb::vv e::npst.ptcp.neg nv::adj nv::nv nv::nv cm::dat verb::vv e::cve mark::comma
○ mafuta be ,	mark::circle nv::nv cm::acc mark::comma
meni meni amban sa kai ,	nv::nv nv::nv nv::nv nv::nv ptcl mark::comma
min i elcin be jing toso fi wa ci ,	pn::1sg cm::gen nv::nv cm::acc nv::nv verb::vv e::cve verb::vv e::cve mark::comma
dobori inenggi akū hūdun bošo me kiyoo cabu ∅ ,	nv::nv nv::nv nv::adj nv::adj verb::vv e::cve nv::nv verb::vv e::fve.imperative mark::comma
○ orin ilan de ,	mark::circle nv::nv nv::nv cm::dat mark::comma
ahūtu fonji fi ,	nn::prpn.person verb::vv e::cve mark::comma
○ tainca ,	mark::circle nn::prpn.person mark::comma
giya_šan de emu ciyandzung ,	nn::prpn cm::dat nv::nv nv::nv mark::comma
sin i anggala ,	pn::2sg cm::gen nv::nv mark::comma
tere cooha de baha ha jakūn minggan olji be ,	nv::nv nv::nv cm::dat verb::vv e::pst.ptcp nv::nv nv::nv nv::nv cm::acc mark::comma
haisangga ,	nn::prpn.person mark::comma
jai emu beile i juwe boo ,	nv::nv nv::nv nv::nv cm::gen nv::nv nv::nv mark::comma
tanggūt gurun i niyalma ,	nv::nv nv::nv cm::gen nv::nv mark::comma
abatai_age ,	nn::prpn mark::comma
kalka i nangnuk_beile i juwan ninggun niyalma yafahan uka me ji he .	nv::nv cm::gen nn::prpn cm::gen nv::nv nv::nv nv::nv nv::adj verb::vv e::cve verb::vv e::pst.ptcp mark::period
○ kubu he fulgiyan de ,	mark::circle verb::vv e::pst.ptcp nv::nv cm::dat mark::comma
uttu ehe kecun gisun be si ainu gisure mbi ,	nv::nv nv::adj nv::nv nv::nv cm::acc pn::2sg nv::nv verb::vv e::fve.npst mark::comma
afabu ha weile be mute mbi ,	verb::vv e::pst.ptcp nv::nv cm::acc verb::vv e::fve.npst mark::comma
emu ciyandzung de duin niyalma ,	nv::nv nv::nv cm::dat nv::nv nv::nv mark::comma
ejen de ala fi tere gurgu i yali be amca fi wa ha niyalma gulhun gai ∅ seme šajila ha .	nv::nv cm::dat verb::vv e::cve nv::nv nv::nv cm::gen nv::nv cm::acc verb::vv e::cve verb::vv e::pst.ptcp nv::nv nv::adj verb::vv e::fve.imperative comp verb::vv e::pst.ptcp mark::period
juwan duin de gene he .	nv::nv nv::nv cm::dat verb::vv e::pst.ptcp mark::period
ere ci julesi hūlha holo koimali jalingga akū ,	nv::nv cm::abl nv::nv nv::nv nv::nv nv::adj nv::adj nv::adj mark::comma
menggun duin yan baha ha ,	nv::nv nv::nv nv::nv verb::vv e::pst.ptcp mark::comma
jakūmu ,	nn::prpn.plc mark::comma
sibe ci gaji me ji he niyalma be ,	nv::nv cm::abl verb::vv e::cve verb::vv e::pst.ptcp nv::nv cm::acc mark::comma
jodofu ,	nn::prpn.person mark::comma
hoošan herge re ,	nv::nv verb::vv e::npst.ptcp mark::comma
nikan be daila ki seme beile se amban sa i emgi hebde me waji fi ,	nv::nv cm::acc verb::vv e::fve.opt comp nv::nv nv::nv nv::nv nv::nv cm::gen nv::nv verb::vv e::cve verb::vv e::cve mark::comma
g'ai_jeo i iogi jang_ioi_wei benji he ngge ,	nn::prpn cm::gen nv::nv nn::prpn verb::vv e::pst.ptcp nmlz::nmlz mark::comma
angkūn ,	nn::prpn.person mark::comma
jai suwen i emgi gene he emu tanggū uksin be ,	nv::nv pn::2pl cm::gen nv::nv verb::vv e::pst.ptcp nv::nv nv::nv nv::nv cm::acc mark::comma
nikan ,	nv::nv mark::comma
waji rakū ci julergi hecen de inu tebu ∅ ,	verb::vv e::npst.ptcp.neg e::cve nv::nv nv::nv cm::dat nv::nv verb::vv e::fve.imperative mark::comma
solho ,	nv::nv mark::comma
gisure re gisun gemu tondo uru be gisure mbi ,	verb::vv e::npst.ptcp nv::nv nv::nv nv::adj nv::nv cm::acc verb::vv e::fve.npst mark::comma
hai_si ku_ling_wei i du_jy_hūi_ši cangtai i omolo hūsiba ,	nn::prpn nn::prpn cm::gen nv::nv nn::prpn.person cm::gen nv::nv nn::prpn.person mark::comma
han i cooha ice sunja de sahaliyan_ula be doo me ,	nv::nv cm::gen nv::nv nv::adj nv::nv cm::dat nn::prpn cm::acc verb::vv e::cve mark::comma
tutala morin macu me untuhuri yabu ha kai seme wakala fi ,	nv::nv nv::nv verb::vv e::cve nv::nv verb::vv e::pst.ptcp ptcl comp verb::vv e::cve mark::comma
nikan umesi lakca mbi kai ,	nv::nv nv::nv verb::vv e::fve.npst ptcl mark::comma
ninggun biya de da jecen i hoton de bargiya ha juse hehesi be ,	nv::nv nv::nv cm::dat nv::nv nv::nv cm::gen nv::nv cm::dat verb::vv e::pst.ptcp nv::nv nv::nv cm::acc mark::comma
han i hecen be baha ha bi he ,	nv::nv cm::gen nv::nv cm::acc verb::vv e::pst.ptcp verb::vv e::pst.ptcp mark::comma
si ainu bedere rakū seme gūni re o seme ,	pn::2sg nv::nv verb::vv e::npst.ptcp.neg comp verb::vv e::npst.ptcp ptcl comp mark::comma
○ amba_beile ,	mark::circle nn::prpn mark::comma
○ juwe biya de ,	mark::circle nv::nv nv::nv cm::dat mark::comma
tiyan_šui_jan i ba i niyalma ,	nn::prpn cm::gen nv::nv cm::gen nv::nv mark::comma
šolingho_wei i du_jy_hūi_ciyanši aguna i omolo nukui ,	nn::prpn cm::gen nv::nv nn::prpn.person cm::gen nv::nv nn::prpn.person mark::comma
jase i tule mujakū goro ba de usin tari me ,	nv::nv cm::gen nv::nv nv::nv nv::nv nv::nv cm::dat nv::nv verb::vv e::cve mark::comma
baibi sain niyalma de suwe buye me ehe o ci ,	nv::nv nv::adj nv::nv cm::dat pn::2pl verb::vv e::cve nv::adj verb::vv e::cve mark::comma
geren i ejen ci fusihūn ,	nv::adj cm::gen nv::nv cm::abl nv::adj mark::comma
suwe hehe i mujilen i gese kai seme weile ara fi ,	pn::2pl nv::nv cm::gen nv::nv cm::gen nv::nv ptcl comp nv::nv verb::vv e::cve mark::comma
fusi_efu ,	nn::prpn mark::comma
wekji akū bolgo weile fi ,	nv::nv nv::adj nv::adj verb::vv e::cve mark::comma
juwe suwayan tu juwe fulgiyan tu i nikan i emu minggan cooha ,	nv::nv nv::adj nv::nv nv::nv nv::nv nv::nv cm::gen nv::nv cm::gen nv::nv nv::nv nv::nv mark::comma
ice ninggun de ,	nv::adj nv::nv cm::dat mark::comma
tere muse i nende he aisin gurun i agūda mafa i deo i da gebu ukimai han ,	nv::nv nv::nv cm::gen verb::vv e::pst.ptcp nv::nv nv::nv cm::gen nn::prpn.person nv::nv cm::gen nv::nv cm::gen nv::nv nv::nv nn::prpn.person nv::nv mark::comma
ere gemu korcin i beile se .	nv::nv nv::nv nn::prpn.plc cm::gen nv::nv nv::nv mark::period
badana akū o ho manggi ,	nn::prpn.person nv::adj verb::vv e::pst.ptcp nv::nv mark::comma
dahabu ,	nn::prpn.person mark::comma
uji he ujima i dabala ,	verb::vv e::pst.ptcp nv::nv cm::gen ptcl mark::comma
cahar ,	nn::prpn.plc mark::comma
duin ihan wa fi ,	nv::nv nv::nv verb::vv e::cve mark::comma
morin akū niyalma yafahan meni meni teisu gašan i dube de ilina fi ,	nv::nv nv::adj nv::nv nv::adj nv::nv nv::nv nv::nv nv::nv cm::gen nv::nv cm::dat verb::vv e::cve mark::comma
emu minggan nadan tanggū kadala ra niyalma ,	nv::nv nv::nv nv::nv nv::nv verb::vv e::npst.ptcp nv::nv mark::comma
niru i niyalma i wece he mete he de gama fi ulebu ∅ ,	nv::nv cm::gen nv::nv cm::gen verb::vv e::pst.ptcp verb::vv e::pst.ptcp cm::dat verb::vv e::cve verb::vv e::fve.imperative mark::comma
orin de ,	nv::nv cm::dat mark::comma
šangna ra dangse beile se de akū ,	verb::vv e::npst.ptcp nv::nv nv::nv nv::nv cm::dat nv::adj mark::comma
sahalca i seke haya ha seke i doko i hū ha jibca uyun ,	nv::nv cm::gen nv::nv verb::vv e::pst.ptcp nv::nv cm::gen nv::nv cm::gen verb::vv e::pst.ptcp nv::nv nv::nv mark::comma
jaha šuru re niyalma be isi re be tuwa me gai mbi ,	nv::nv verb::vv e::npst.ptcp nv::nv cm::acc verb::vv e::npst.ptcp cm::acc verb::vv e::cve verb::vv e::fve.npst mark::comma
nadan amban koro i gisun i bithe jafabu fi amasi sinda fi unggi he ,	nv::nv nv::nv nv::nv cm::gen nv::nv cm::gen nv::nv verb::vv e::cve nv::nv verb::vv e::cve verb::vv e::pst.ptcp mark::comma
daimbu ,	nn::prpn.person mark::comma
○ orin emu de ,	mark::circle nv::nv nv::nv cm::dat mark::comma
min i jui be beye jobo ro ba de bu rakū ,	pn::1sg cm::gen nv::nv cm::acc nv::nv verb::vv e::npst.ptcp nv::nv cm::dat verb::vv e::npst.ptcp.neg mark::comma
han de isina fi ,	nv::nv cm::dat verb::vv e::cve mark::comma
korcin de da me cooha jura ka ,	nn::prpn.plc cm::dat verb::vv e::cve nv::nv verb::vv e::pst.ptcp mark::comma
sin i jeku kai ,	pn::2sg cm::gen nv::nv ptcl mark::comma
cooha i niyalma be afa ra aika jaka be dagilabu fi afabu ha ,	nv::nv cm::gen nv::nv cm::acc verb::vv e::npst.ptcp nv::nv nv::nv cm::acc verb::vv e::cve verb::vv e::pst.ptcp mark::comma
jaisai_beile i beye i funde benji re juse be ,	nn::prpn cm::gen nv::nv cm::gen nv::nv verb::vv e::npst.ptcp nv::nv cm::acc mark::comma
hai_si taibu_wei i du_jy_hūi_ciyanši ceke i jui dungbolot ,	nn::prpn nn::prpn cm::gen nv::nv nv::nv cm::gen nv::nv nn::prpn.person mark::comma
cooha i niyalma teni alin i dergi be gai ki seme wesihun gene me axša ra de ,	nv::nv cm::gen nv::nv nv::nv nv::nv cm::gen nv::nv cm::acc verb::vv e::fve.opt comp nv::nv verb::vv e::cve verb::vv e::npst.ptcp cm::dat mark::comma
niman ,	nv::nv mark::comma
han i etu he ilan tana sinda ha šerin hada ha mahala be etubu he ,	nv::nv cm::gen verb::vv e::pst.ptcp nv::nv nv::nv verb::vv e::pst.ptcp nv::nv verb::vv e::pst.ptcp nv::nv cm::acc verb::vv e::pst.ptcp mark::comma
tuwa bošo ro niyalma de weile .	nv::nv verb::vv e::npst.ptcp nv::nv cm::dat nv::nv mark::period
emu gecuheri ,	nv::nv nv::nv mark::comma
daha ha irgen i aika jaka be nungne re ,	verb::vv e::pst.ptcp nv::nv cm::gen nv::nv nv::nv cm::acc verb::vv e::npst.ptcp mark::comma
han i beye juwe amji de aniya baha ha doro i emgeri hengkile he ,	nv::nv cm::gen nv::nv nv::nv nv::nv cm::dat nv::nv verb::vv e::pst.ptcp nv::nv cm::gen nv::nv verb::vv e::pst.ptcp mark::comma
nimaha buta ra niyalma juwan ,	nv::nv verb::vv e::npst.ptcp nv::nv nv::nv mark::comma
gūwa niyalma be si halbu fi ,	nv::nv nv::nv cm::acc pn::2sg verb::vv e::cve mark::comma
jori ha jurgan be jurce rakū seme beiguwan obu ha .	verb::vv e::pst.ptcp nv::nv cm::acc verb::vv e::npst.ptcp.neg comp nv::nv verb::vv e::pst.ptcp mark::period
gūwa gemu meni meni usin weile re ba de gene fi usin weile ∅ ,	nv::nv nv::nv nv::nv nv::nv nv::nv verb::vv e::npst.ptcp nv::nv cm::dat verb::vv e::cve nv::nv verb::vv e::fve.imperative mark::comma
gemu suwe dali ha boigon i ulgiyan ci wesihun ,	nv::nv pn::2pl verb::vv e::pst.ptcp nv::nv cm::gen nv::nv cm::abl nv::nv mark::comma
nikan baha ha bi ci ,	nv::nv verb::vv e::pst.ptcp verb::vv e::cve mark::comma
langse ,	nv::adj mark::comma
min i sain gebu amaga jalan de tuta mbi seme hendu me ,	pn::1sg cm::gen nv::adj nv::nv nv::adj nv::nv cm::dat verb::vv e::fve.npst comp verb::vv e::cve mark::comma
duin tanggū ihan be urut ci ji he beile se de icihiya me bu ∅ ,	nv::nv nv::nv nv::nv cm::acc nn::prpn.plc cm::abl verb::vv e::pst.ptcp nv::nv nv::nv cm::dat verb::vv e::cve verb::vv e::fve.imperative mark::comma
gung bi seme sinda ha ,	nv::nv verb::vv.npst comp verb::vv e::pst.ptcp mark::comma
ere gisun be jurce me ,	nv::nv nv::nv cm::acc verb::vv e::cve mark::comma
kūbai juwe tanggū cooha be jakūmu de gai fi te mbi ,	nn::prpn.person nv::nv nv::nv nv::nv cm::acc nn::prpn.plc cm::dat verb::vv e::cve verb::vv e::fve.npst mark::comma
ere be aika weile tucibu fi wa ki seme hendu re jaka de ,	nv::nv cm::acc nv::nv nv::nv verb::vv e::cve verb::vv e::fve.opt comp verb::vv e::npst.ptcp nv::nv cm::dat mark::comma
emu jergi buce re weile be guwebu mbi .	nv::nv nv::nv verb::vv e::npst.ptcp nv::nv cm::acc verb::vv e::fve.npst mark::period
si mute rakū bi me ali me gai ci ,	pn::2sg verb::vv e::npst.ptcp.neg verb::vv e::cve verb::vv e::cve verb::vv e::cve mark::comma
be tere i gisun be akda rakū ,	pn::1pl.excl nv::nv cm::gen nv::nv cm::acc verb::vv e::npst.ptcp.neg mark::comma
juwe biya i juwan emu de ,	nv::nv nv::nv cm::gen nv::nv nv::nv cm::dat mark::comma
dain naka rakū aina ha ,	nv::nv verb::vv e::npst.ptcp.neg verb::vv e::pst.ptcp mark::comma
○ fung_ji_pu de ,	mark::circle nn::prpn cm::dat mark::comma
min be wa ki seme gūni ha be ,	pn::1sg cm::acc verb::vv e::fve.opt comp verb::vv e::pst.ptcp cm::acc mark::comma
min i cooha ji he ngge waka o kini ,	pn::1sg cm::gen nv::nv verb::vv e::pst.ptcp nmlz::nmlz nv::adj verb::vv e::fve.opt mark::comma
ilan inenggi bošo me emke tucibu hekū gemu wa ha ,	nv::nv nv::nv verb::vv e::cve nv::nv verb::vv e::pst.ptcp.neg nv::nv verb::vv e::pst.ptcp mark::comma
suwe uji he baili be gūni me ,	pn::2pl verb::vv e::pst.ptcp nv::nv cm::acc verb::vv e::cve mark::comma
suwe min be bai me ji he niyalma ,	pn::2pl pn::1sg cm::acc verb::vv e::cve verb::vv e::pst.ptcp nv::nv mark::comma
juwe mukūn i giyansi tanggū bi ,	nv::nv nv::nv cm::gen nv::nv nv::nv verb::vv.npst mark::comma
sin i beye gese baturu akū ,	pn::2sg cm::gen nv::nv nv::nv nv::nv nv::adj mark::comma
tere be nakabu fi weile ara ki se hebi .	nv::nv cm::acc verb::vv e::cve nv::nv verb::vv e::fve.opt verb::vv e::fve.prs.prf mark::period
tere ci han gene fi alin be abala ci ,	nv::nv cm::abl nv::nv verb::vv e::cve nv::nv cm::acc verb::vv e::cve mark::comma
alin hada de samsi fi beye somi me bi he niyalma ,	nv::nv nv::nv cm::dat verb::vv e::cve nv::nv verb::vv e::cve verb::vv e::pst.ptcp nv::nv mark::comma
ši_lii_ho de aca fi ,	nn::prpn cm::dat verb::vv e::cve mark::comma
han i gisun be tuwa ∅ .	nv::nv cm::gen nv::nv cm::acc verb::vv e::fve.imperative mark::period
wan_lii i jai aniya juwan biya i ice jakūn de baha ha ,	nn::prpn cm::gen nv::nv nv::nv nv::nv nv::nv cm::gen nv::adj nv::nv cm::dat verb::vv e::pst.ptcp mark::comma
ilan biya i orin de waji ha seme ,	nv::nv nv::nv cm::gen nv::nv cm::dat verb::vv e::pst.ptcp comp mark::comma
emu tanggū juwe hailun ,	nv::nv nv::nv nv::nv nv::nv mark::comma
jaisai inu in i beye be niyalma seme gūni rakū bi he ,	nn::prpn.person nv::nv pn::3sg cm::gen nv::nv cm::acc nv::nv comp verb::vv e::npst.ptcp.neg verb::vv e::pst.ptcp mark::comma
juwe gūsa acan emu fujiyang ,	nv::nv nv::nv nv::nv nv::nv nv::nv mark::comma
fudara me weile ara ha niyalma i jabša ha be geli sa ha o ,	verb::vv e::cve nv::nv verb::vv e::pst.ptcp nv::nv cm::gen verb::vv e::pst.ptcp cm::acc nv::nv verb::vv e::pst.ptcp ptcl mark::comma
juwe niyalma be yasa toko fi ,	nv::nv nv::nv cm::acc nv::nv verb::vv e::cve mark::comma
in i cisu i wasi mbi kai seme takūra fi unggi he ,	pn::3sg cm::gen nv::nv cm::gen verb::vv e::fve.npst ptcl comp verb::vv e::cve verb::vv e::pst.ptcp mark::comma
monggo i gaji ha ulha be monggo unca kini ,	nv::nv cm::gen verb::vv e::pst.ptcp nv::nv cm::acc nv::nv verb::vv e::fve.opt mark::comma
bata kimun seme gida rakū ,	nv::nv nv::nv comp verb::vv e::npst.ptcp.neg mark::comma
ninggun niyalma ,	nv::nv nv::nv mark::comma
ere acuhiyan ehe be isebu me wa rakū ,	nv::nv nv::adj nv::adj cm::acc verb::vv e::cve verb::vv e::npst.ptcp.neg mark::comma
dube i jalan de gurun facuhūra ha manggi ,	nv::nv cm::gen nv::nv cm::dat nv::nv verb::vv e::pst.ptcp nv::nv mark::comma
ehe be ehe seme han de ala mbi ,	nv::adj cm::acc nv::adj comp nv::nv cm::dat verb::vv e::fve.npst mark::comma
ume wa ra ,	nv::nv verb::vv e::npst.ptcp mark::comma
genggiyen_han i tacibu ha gisun gemu inu kai ,	nn::prpn cm::gen verb::vv e::pst.ptcp nv::nv nv::nv nv::nv ptcl mark::comma
uka me gene ci ,	verb::vv e::cve verb::vv e::cve mark::comma
fusi_golo be simiyan i baru tabcin unggi ∅ ,	nn::prpn cm::acc nn::prpn.plc cm::gen nv::nv nv::nv verb::vv e::fve.imperative mark::comma
ere dain be we buye hebi ,	nv::nv nv::nv cm::acc nv::nv verb::vv e::fve.prs.prf mark::comma
poo ,	nv::nv mark::comma
šun dekde re ergi mederi de ,	nv::nv verb::vv e::npst.ptcp nv::nv nv::nv cm::dat mark::comma
tere gurun i kuren se re ngge ,	nv::nv nv::nv cm::gen nv::adj verb::vv e::npst.ptcp nmlz::nmlz mark::comma
tari re usin akū o fi ,	verb::vv e::npst.ptcp nv::nv nv::adj verb::vv e::cve mark::comma
juwe hehe gaji ha ,	nv::nv nv::nv verb::vv e::pst.ptcp mark::comma
jai sangtu i ama jongnon ,	nv::nv nn::prpn.person cm::gen nv::nv nn::prpn.person mark::comma
○ du_tang ni bithe ,	mark::circle nv::nv cm::gen nv::nv mark::comma
encule me cooha afabu ha de mute rakū ayoo seme ume olho ro ,	verb::vv e::cve nv::nv verb::vv e::pst.ptcp cm::dat verb::vv e::npst.ptcp.neg nv::nv comp nv::nv verb::vv e::npst.ptcp mark::comma
sain sonjo ho cooha tuci fi ,	nv::adj verb::vv e::pst.ptcp nv::nv verb::vv e::cve mark::comma
tere hehesi jalin de ,	nv::nv nv::nv nv::nv cm::dat mark::comma
fi ,	nv::nv mark::comma
○ juwan jakūn de ,	mark::circle nv::nv nv::nv cm::dat mark::comma
tafula ci ojo rakū o ci gercile ∅ ,	verb::vv e::cve verb::vv e::npst.ptcp.neg verb::vv e::cve verb::vv e::fve.imperative mark::comma
morin ihan be gemu gai fi ,	nv::nv nv::nv cm::acc nv::nv verb::vv e::cve mark::comma
morin šusihala me jide re cooha i ishun dosi ka ,	nv::nv verb::vv e::cve verb::vv e::npst.ptcp nv::nv cm::gen nv::nv verb::vv e::pst.ptcp mark::comma
han i pai be gai fi ,	nv::nv cm::gen nv::nv cm::acc verb::vv e::cve mark::comma
gemu gūwa i gung be ,	nv::nv nv::nv cm::gen nv::nv cm::acc mark::comma
emte ihan ,	nv::nv nv::nv mark::comma
juwan ilan de wasimbu ha ,	nv::nv nv::nv cm::dat verb::vv e::pst.ptcp mark::comma
sunja biya i ice ilan de ,	nv::nv nv::nv cm::gen nv::adj nv::nv cm::dat mark::comma
minggan i ilan jui angkūn ,	nv::nv cm::gen nv::nv nv::nv nn::prpn.person mark::comma
ehe sain be dere bani rakū ,	nv::adj nv::adj cm::acc nv::nv verb::vv e::npst.ptcp.neg mark::comma
hūlha holo koimali jalingga ehe kiyangdu mujilen jafa fi doosi miosihon banji ci ,	nv::nv nv::nv nv::adj nv::adj nv::adj nv::adj nv::nv verb::vv e::cve nv::adj nv::adj verb::vv e::cve mark::comma
tiyan_hūi_han i ilaci aniya ara ha seme hendu hebi ,	nn::prpn cm::gen nv::nv nv::nv verb::vv e::pst.ptcp comp verb::vv e::fve.prs.prf mark::comma
ume heolede re de isi tala tacibu ha gisun be ,	nv::nv verb::vv e::npst.ptcp cm::dat verb::vv e::cve verb::vv e::pst.ptcp nv::nv cm::acc mark::comma
hecen weile me hūlaša me jide re sejen de tebu fi gaji kini .	nv::nv verb::vv e::cve verb::vv e::cve verb::vv e::npst.ptcp nv::nv cm::dat verb::vv e::cve verb::vv e::fve.opt mark::period
doro aca ha amala ,	nv::nv verb::vv e::pst.ptcp nv::nv mark::comma
g'ai_jeo ci casi ,	nn::prpn cm::abl nv::nv mark::comma
jeng_i ,	nn::prpn mark::comma
tanggū dere dasa fi ,	nv::nv nv::nv verb::vv e::cve mark::comma
tondo i kice me akūmbu ki ,	nv::adj cm::gen verb::vv e::cve verb::vv e::fve.opt mark::comma
šose ,	nn::prpn.person mark::comma
jao_kindzung ,	nn::prpn mark::comma
amba genggiyen_han de dain ji he fon de ,	nv::adj nn::prpn cm::dat nv::nv verb::vv e::pst.ptcp nv::nv cm::dat mark::comma
monggo cinggis_han i hengkile me ji he niyalma be ,	nv::nv nn::prpn cm::gen verb::vv e::cve verb::vv e::pst.ptcp nv::nv cm::acc mark::comma
sahalca_ecike de juwanta bu he ,	nn::prpn cm::dat nv::nv verb::vv e::pst.ptcp mark::comma
ninggute yan i weile waliya mbi ,	nv::nv nv::nv cm::gen nv::nv verb::vv e::fve.npst mark::comma
cooha i ejen bokdo_beile i ama jui be gemu wa ha ,	nv::nv cm::gen nv::nv nn::prpn cm::gen nv::nv nv::nv cm::acc nv::nv verb::vv e::pst.ptcp mark::comma
boo gemu tuwa sinda ∅ ,	nv::nv nv::nv nv::nv verb::vv e::fve.imperative mark::comma
emu jiha bu ∅ ,	nv::nv nv::nv verb::vv e::fve.imperative mark::comma
tere habša ha gisun de ,	nv::nv verb::vv e::pst.ptcp nv::nv cm::dat mark::comma
hehe sunja ,	nv::nv nv::nv mark::comma
gio_ta_wei i du_jy_hūi_ši dobuha i jui daiši ,	nn::prpn cm::gen nv::nv nn::prpn.person cm::gen nv::nv nn::prpn.person mark::comma
○ ineku tere inenggi ,	mark::circle nv::nv nv::nv nv::nv mark::comma
bi muke i dele ili habi ,	pn::1sg nv::nv cm::gen nv::nv verb::vv e::fve.prs.prf mark::comma
silun ,	nv::nv mark::comma
juwete mocin bu he ,	nv::nv nv::nv verb::vv e::pst.ptcp mark::comma
jušen de daya fi banji ki se re niyalma o ci ,	nv::nv cm::dat verb::vv e::cve verb::vv e::fve.opt verb::vv e::npst.ptcp nv::nv verb::vv e::cve mark::comma
han i bu re šang ,	nv::nv cm::gen verb::vv e::npst.ptcp nv::nv mark::comma
han i fafun i tondo i kadala mbi ,	nv::nv cm::gen nv::nv cm::gen nv::adj cm::gen verb::vv e::fve.npst mark::comma
duici_beile hendu me ,	nn::prpn verb::vv e::cve mark::comma
morin ,	nv::nv mark::comma
in i juse be saikan uji kini seme jortai sadun seme hendu hebi .	pn::3sg cm::gen nv::nv cm::acc nv::adj verb::vv e::fve.opt comp nv::nv nv::nv comp verb::vv e::fve.prs.prf mark::period
monggo bagadarhan_beile i amba haha jui manggūldai_taiji de bu mbi seme donji fi ,	nv::nv nn::prpn cm::gen nv::adj nv::nv nv::nv nn::prpn cm::dat verb::vv e::fve.npst comp verb::vv e::cve mark::comma
○ ilan biya i ice inenggi ,	mark::circle nv::nv nv::nv cm::gen nv::adj nv::nv mark::comma
niyalma i hanci dahala me bi he ,	nv::nv cm::gen nv::adj verb::vv e::cve verb::vv e::pst.ptcp mark::comma
sahaliyan dobihi mahala bu he ,	nv::adj nv::nv nv::nv verb::vv e::pst.ptcp mark::comma
ningguri janggin ,	nn::prpn.person nv::nv mark::comma
misun ,	nv::nv mark::comma
tere be hele sa mbi ,	nv::nv cm::acc nv::nv verb::vv e::fve.npst mark::comma
○ orin uyun de ,	mark::circle nv::nv nv::nv cm::dat mark::comma
○ orin sunja de ,	mark::circle nv::nv nv::nv cm::dat mark::comma
julesi amba weile ai de mute mbi ,	nv::nv nv::adj nv::nv nv::nv cm::dat verb::vv e::fve.npst mark::comma
tuttu o ci ,	nv::nv verb::vv e::cve mark::comma
ehe_holo ci ebsi ,	nn::prpn cm::abl nv::nv mark::comma
weile naka ∅ ,	nv::nv verb::vv e::fve.imperative mark::comma
○ baintu be ,	mark::circle nn::prpn.person cm::acc mark::comma
ning_dung_pu de ing hada ha cooha ,	nn::prpn cm::dat nv::nv verb::vv e::pst.ptcp nv::nv mark::comma
sain morin ume bu re ,	nv::adj nv::nv nv::nv verb::vv e::npst.ptcp mark::comma
susai mocin ,	nv::nv nv::nv mark::comma
yangguri ,	nn::prpn.person mark::comma
gūna de juwan yan ,	nv::nv cm::dat nv::nv nv::nv mark::comma
men i ere nadan gašan i niyalma uka me gene mbi seme hebde he mujangga bi he ,	pn::1pl.excl cm::gen nv::nv nv::nv nv::nv cm::gen nv::nv verb::vv e::cve verb::vv e::fve.npst comp verb::vv e::pst.ptcp nv::adj verb::vv e::pst.ptcp mark::comma
jušen ,	nv::nv mark::comma
han i tacibu ha tondo fafun be jurce rakū banji ci ,	nv::nv cm::gen verb::vv e::pst.ptcp nv::adj nv::nv cm::acc verb::vv e::npst.ptcp.neg verb::vv e::cve mark::comma
tondo mujilen i geren gemu emu adali ubu i gai ki ubu i baha ki dere ,	nv::adj nv::nv cm::gen nv::adj nv::nv nv::nv nv::adj nv::nv cm::gen verb::vv e::fve.opt nv::nv cm::gen verb::vv e::fve.opt ptcl mark::comma
sunjaci ,	nv::nv mark::comma
alin i da de ili hai tuta ha ,	nv::nv cm::gen nv::nv cm::dat verb::vv e::cve verb::vv e::pst.ptcp mark::comma
orin yan i weile ara fi ,	nv::nv nv::nv cm::gen nv::nv verb::vv e::cve mark::comma
jori ha jurgan be jurce rakū seme beiguwan obu ha ,	verb::vv e::pst.ptcp nv::nv cm::acc verb::vv e::npst.ptcp.neg comp nv::nv verb::vv e::pst.ptcp mark::comma
jui be min de ana ∅ ,	nv::nv cm::acc pn::1sg cm::dat verb::vv e::fve.imperative mark::comma
yecen i iogi i hergen be nakabu fi beiguwan obu ha ,	nn::prpn.person cm::gen nv::nv cm::gen nv::nv cm::acc verb::vv e::cve nv::nv verb::vv e::pst.ptcp mark::comma
ehe guwanggun hūlha ,	nv::adj nv::nv nv::nv mark::comma
orin de emgeri ,	nv::nv cm::dat nv::nv mark::comma
abai ,	nn::prpn.person mark::comma
alamu ,	nn::prpn.person mark::comma
logi ,	nn::prpn.person mark::comma
tere inenggi ,	nv::nv nv::nv mark::comma
jaisanggū_age ,	nn::prpn mark::comma
amban sa i beye donji fi meni meni jalan de bedere fi ,	nv::nv nv::nv cm::gen nv::nv verb::vv e::cve nv::nv nv::nv nv::nv cm::dat verb::vv e::cve mark::comma
niyaman hūncihin seme harša rakū ,	nv::nv nv::nv comp verb::vv e::npst.ptcp.neg mark::comma
coko ,	nv::nv mark::comma
hai_jeo i hecen i guwali be dabu rakū futala fi ,	nn::prpn cm::gen nv::nv cm::gen nv::nv cm::acc verb::vv e::npst.ptcp.neg verb::vv e::cve mark::comma
muke tuwa i gese hūdun gisure ∅ ,	nv::nv nv::nv cm::gen nv::nv nv::adj verb::vv e::fve.imperative mark::comma
cing_tai_ioi ,	nn::prpn mark::comma
han de waka sabu fi weile baha fi boo yada kini ,	nv::nv cm::dat nv::adj verb::vv e::cve nv::nv verb::vv e::cve nv::nv verb::vv e::fve.opt mark::comma
suwe doro i jalin de gūni me ,	pn::2pl nv::nv cm::gen nv::nv cm::dat verb::vv e::cve mark::comma
bu rakū ci jafa fi habša ∅ ,	verb::vv e::npst.ptcp.neg e::cve verb::vv e::cve verb::vv e::fve.imperative mark::comma
šun tuhe re amargi hošo i ergi ci ,	nv::nv verb::vv e::npst.ptcp nv::nv nv::nv cm::gen nv::nv cm::abl mark::comma
amargi ci ilan jalan i takūra ha niyalma isina tala ,	nv::nv cm::abl nv::nv nv::nv cm::gen verb::vv e::pst.ptcp nv::nv verb::vv e::cve mark::comma
baicuka gene he .	nn::prpn.person verb::vv e::pst.ptcp mark::period
wan_lii i te he aniya ninggun biya i juwan duin de baha ha ,	nn::prpn cm::gen verb::vv e::pst.ptcp nv::nv nv::nv nv::nv cm::gen nv::nv nv::nv cm::dat verb::vv e::pst.ptcp mark::comma
tere ci julesi ibe me gene hei ,	nv::nv cm::abl nv::nv verb::vv e::cve verb::vv e::cve mark::comma
babuhū min i olji beye be tukiye fi hergen bu fi uji he ,	nn::prpn.person pn::1sg cm::gen nv::nv nv::nv cm::acc verb::vv e::cve nv::nv verb::vv e::cve verb::vv e::pst.ptcp mark::comma
jakdan ,	nv::nv mark::comma
juwan juwe ci jergi ,	nv::nv verb::vv e::cve nv::nv mark::comma
emu jergi buce re weile be guwebu mbi .	nv::nv nv::nv verb::vv e::npst.ptcp nv::nv cm::acc verb::vv e::fve.npst mark::period
cahar kalka i emgi aca ci ,	nn::prpn.plc nv::nv cm::gen nv::nv verb::vv e::cve mark::comma
han i tacibu ha tondo fafun be jurce rakū banji ci ,	nv::nv cm::gen verb::vv e::pst.ptcp nv::adj nv::nv cm::acc verb::vv e::npst.ptcp.neg verb::vv e::cve mark::comma
juwe daise ,	nv::nv nv::nv mark::comma
samhatu ,	nn::prpn.person mark::comma
min be geren i juleri wa mbi ,	pn::1sg cm::acc nv::adj cm::gen nv::nv verb::vv e::fve.npst mark::comma
bila ha alban i niyalma be unggi hekū seme weile ara fi ,	verb::vv e::pst.ptcp nv::nv cm::gen nv::nv cm::acc verb::vv e::pst.ptcp.neg comp nv::nv verb::vv e::cve mark::comma
yoo_jeo de sabu mbi se he cuwan bedere he seme alanji ha ,	nn::prpn cm::dat verb::vv e::fve.npst verb::vv e::pst.ptcp nv::nv verb::vv e::pst.ptcp comp verb::vv e::pst.ptcp mark::comma
emu tanggū gūsin honin gaji me uka me ji he .	nv::nv nv::nv nv::nv nv::nv verb::vv e::cve verb::vv e::cve verb::vv e::pst.ptcp mark::period
fejergi niyalma de ulin gaibu rakū ,	nv::nv nv::nv cm::dat nv::nv verb::vv e::npst.ptcp.neg mark::comma
orin ihan wa me amba sarin sarila ra de ,	nv::nv nv::nv verb::vv e::cve nv::adj nv::nv verb::vv e::npst.ptcp cm::dat mark::comma
abka gosi me ,	nv::nv verb::vv e::cve mark::comma
hai_jeo i harangga niyalma ,	nn::prpn cm::gen nv::nv nv::nv mark::comma
deku_mergen be bulehen de afabu fi gene fi ,	nn::prpn cm::acc nv::nv cm::dat verb::vv e::cve verb::vv e::cve mark::comma
yasun ,	nn::prpn.person mark::comma
alibi ,	nn::prpn.person mark::comma
jecen i niyalma min be aika seme ba i ejen mafa sin be šun i gese gūni me ,	nv::nv cm::gen nv::nv pn::1sg cm::acc nv::nv comp nv::nv cm::gen nv::nv nv::nv pn::2sg cm::acc nv::nv cm::gen nv::nv verb::vv e::cve mark::comma
damu ninggun tumen burula me tuci ke seme donji ha ,	nv::nv nv::nv nv::nv verb::vv e::cve verb::vv e::pst.ptcp comp verb::vv e::pst.ptcp mark::comma
ejen ,	nv::nv mark::comma
niyang_niyang_gung ni ba i liyoha bitu me te he gašan gašan i hehe juse be ,	nn::prpn cm::gen nv::nv cm::gen nn::prpn.plc verb::vv e::cve verb::vv e::pst.ptcp nv::nv nv::nv cm::gen nv::nv nv::nv cm::acc mark::comma
○ jang_da_hiyūn ciyandzung emu feye gabtabu habi ,	mark::circle nn::prpn nv::nv nv::nv nv::nv verb::vv e::fve.prs.prf mark::comma
gaji ha ihan wa fi ,	verb::vv e::pst.ptcp nv::nv verb::vv e::cve mark::comma
dedu he ba ci teni axša fi julesi afa me gene me juranda ra de ,	verb::vv e::pst.ptcp nv::nv cm::abl nv::nv verb::vv e::cve nv::nv verb::vv e::cve verb::vv e::cve verb::vv e::npst.ptcp cm::dat mark::comma
hai_si tam_šo_wei i du_jy_hūi_ciyanši todai i jui samha ,	nn::prpn nn::prpn cm::gen nv::nv nv::nv cm::gen nv::nv nv::nv mark::comma
abka na i adali šajin akdun mujilen tondo de ,	nv::nv nv::nv cm::gen nv::adj nv::nv nv::adj nv::nv nv::adj cm::dat mark::comma
in i niyamangga niyalma i weile be gida ha seme ,	pn::3sg cm::gen nv::nv nv::nv cm::gen nv::nv cm::acc verb::vv e::pst.ptcp comp mark::comma
ere gisun be jurce me nikan be jušen gidaša me gejure ci ,	nv::nv nv::nv cm::acc verb::vv e::cve nv::nv cm::acc nv::nv verb::vv e::cve verb::vv e::cve mark::comma
guwangning ni okdo ko hafasa be gemu tukiye fi hergen bu he ,	nn::prpn.plc cm::gen verb::vv e::pst.ptcp nv::nv cm::acc nv::nv verb::vv e::cve nv::nv verb::vv e::pst.ptcp mark::comma
suwen be uji fi dain de afa ∅ se mbi o ,	pn::2pl cm::acc verb::vv e::cve nv::nv cm::dat verb::vv e::fve.imperative verb::vv e::fve.npst ptcl mark::comma
juwe suwayan i duin tanggū uksin be mina gai fi te mbi .	nv::nv nv::adj cm::gen nv::nv nv::nv nv::nv cm::acc nn::prpn.person verb::vv e::cve verb::vv e::fve.npst mark::period
genggiyen_han hendu me ,	nn::prpn verb::vv e::cve mark::comma
luwan_jeo hecen i julergi duka de emu jergi afanji fi bedere he ,	nn::prpn nv::nv cm::gen nv::nv nv::nv cm::dat nv::nv nv::nv verb::vv e::cve verb::vv e::pst.ptcp mark::comma
han ,	nv::nv mark::comma
nacin i nikan be goho de bu he .	nv::nv cm::gen nv::nv cm::acc nn::prpn.plc cm::dat verb::vv e::pst.ptcp mark::period
han gosi me juse i gese obu ha ,	nv::nv verb::vv e::cve nv::nv cm::gen nv::nv verb::vv e::pst.ptcp mark::comma
han hendu me ,	nv::nv verb::vv e::cve mark::comma
deo beile dain de gene fi ,	nv::nv nv::nv nv::nv cm::dat verb::vv e::cve mark::comma
amban nimaha juwe ,	nv::nv nv::nv nv::nv mark::comma
dalingho i ergi de karun unggi fi ,	nn::prpn.plc cm::gen nv::nv cm::dat nv::nv verb::vv e::cve mark::comma
emu angga de sunja sin bisi re niyalma be ,	nv::nv nv::nv cm::dat nv::nv nv::nv verb::vv e::npst.ptcp nv::nv cm::acc mark::comma
jušen i isina hakū ba i jeku orho be gai fi jalgiya rakū ci cooha i morin de ai ulebu mbi ,	nv::nv cm::gen verb::vv e::pst.ptcp.neg nv::nv cm::gen nv::nv nv::nv cm::acc verb::vv e::cve verb::vv e::npst.ptcp.neg e::cve nv::nv cm::gen nv::nv cm::dat nv::nv verb::vv e::fve.npst mark::comma
duin tanggū cooha be duin ba de buksi fi ,	nv::nv nv::nv nv::nv cm::acc nv::nv nv::nv cm::dat verb::vv e::cve mark::comma
aniya giyala rakū han de hengkile me ,	nv::nv verb::vv e::npst.ptcp.neg nv::nv cm::dat verb::vv e::cve mark::comma
loho ,	nv::nv mark::comma
coko aniya anagan i ilan biya ci casi ,	nv::nv nv::nv nv::nv cm::gen nv::nv nv::nv cm::abl nv::nv mark::comma
○ namtai ,	mark::circle nn::prpn.person mark::comma
juwan ilaci jergi ,	nv::nv nv::nv nv::nv mark::comma
bolo_wei i du_jy_hūi_ciyanši mungki i omolo turda ,	nn::prpn cm::gen nv::nv nn::prpn.person cm::gen nv::nv nn::prpn.person mark::comma
gisha iogi gene he .	nn::prpn.person nv::nv verb::vv e::pst.ptcp mark::period
dulga niyalma gama ra be men i cooha i niyalma sa fi ,	nv::adj nv::nv verb::vv e::npst.ptcp cm::acc pn::1pl.excl cm::gen nv::nv cm::gen nv::nv verb::vv e::cve mark::comma
šun tuhe re jaka de pu de isinji ha ,	nv::nv verb::vv e::npst.ptcp nv::nv cm::dat nv::nv cm::dat verb::vv e::pst.ptcp mark::comma
casi jeku gana me gene re niyalma de ,	nv::nv nv::nv verb::vv e::cve verb::vv e::npst.ptcp nv::nv cm::dat mark::comma
ere duin ba i nikan usin tari hakū boo ara hakū seme tuwa me gene he .	nv::nv nv::nv nv::nv cm::gen nv::nv nv::nv verb::vv e::pst.ptcp.neg nv::nv verb::vv e::pst.ptcp.neg comp verb::vv e::cve verb::vv e::pst.ptcp mark::period
si wa cina ,	pn::2sg verb::vv e::fve.opt mark::comma
fung_hūwang_ceng ni ba de maltu i komso be sa fi ,	nn::prpn cm::gen nv::nv cm::dat nn::prpn.person cm::gen nv::adj cm::acc verb::vv e::cve mark::comma
ilan tanggū haha be duin janggin ubu sinda me dende fi tatan banjibu fi ai ai weile weile cibe ,	nv::nv nv::nv nv::nv cm::acc nv::nv nv::nv nv::nv verb::vv e::cve verb::vv e::cve nv::nv verb::vv e::cve nv::nv nv::nv nv::nv verb::vv e::cve mark::comma
suijan ,	nn::prpn.person mark::comma
han de hengkile me aca ha ,	nv::nv cm::dat verb::vv e::cve verb::vv e::pst.ptcp mark::comma
wan_lii i orin sunjaci aniya sunja biya i ice de baha ha ,	nn::prpn cm::gen nv::nv nv::nv nv::nv nv::nv nv::nv cm::gen nv::adj cm::dat verb::vv e::pst.ptcp mark::comma
da ci ,	verb::vv e::cve mark::comma
g'ai_jeo ,	nn::prpn mark::comma
ihan dehi sunja ,	nv::nv nv::nv nv::nv mark::comma
šajin de ,	nv::nv cm::dat mark::comma
geren i beide mbi ,	nv::adj cm::gen verb::vv e::fve.npst mark::comma
ehe kiyangdu mujilen jafa fi hūlha holo o ci ,	nv::adj nv::adj nv::nv verb::vv e::cve nv::nv nv::nv verb::vv e::cve mark::comma
jai emu tanggū yan menggun be ,	nv::nv nv::nv nv::nv nv::nv nv::nv cm::acc mark::comma
si ere be ainu gama mbi seme nakabu fi amasi unggi he ,	pn::2sg nv::nv cm::acc nv::nv verb::vv e::fve.npst comp verb::vv e::cve nv::nv verb::vv e::pst.ptcp mark::comma
ilan bedzung de ilata niyalma ,	nv::nv nv::nv cm::dat nv::nv nv::nv mark::comma
šundui bi tondo i kice me akūmbu ki ,	nn::prpn.person pn::1sg nv::adj cm::gen verb::vv e::cve verb::vv e::fve.opt mark::comma
anio de guwangning de šangna ha šang tofohoto yan i weile gai ha ,	nn::prpn.person cm::dat nn::prpn.plc cm::dat verb::vv e::pst.ptcp nv::nv nv::nv nv::nv cm::gen nv::nv verb::vv e::pst.ptcp mark::comma
jeku weile cibe ,	nv::nv verb::vv e::cve mark::comma
julge suwen i nikan gurun bayan niyalma ,	nv::nv pn::2pl cm::gen nv::nv nv::nv nv::adj nv::nv mark::comma
nikan bu ci kadala ci aca rakū ,	nv::nv verb::vv e::cve verb::vv e::cve verb::vv e::npst.ptcp.neg mark::comma
yegude ,	nn::prpn.person mark::comma
suwen i sunja tatan i beile se ,	pn::2pl cm::gen nv::nv nv::nv cm::gen nv::nv nv::nv mark::comma
fanduri ,	nn::prpn.person mark::comma
geren de emu ubu goibu ∅ ,	nv::adj cm::dat nv::nv nv::nv verb::vv e::fve.imperative mark::comma
duka i niyalma jafa fi ,	nv::nv cm::gen nv::nv verb::vv e::cve mark::comma
baduri juwe amban de unggi he bithe ,	nn::prpn.person nv::nv nv::nv cm::dat verb::vv e::pst.ptcp nv::nv mark::comma
lii_cing_sai ,	nn::prpn mark::comma
ere juwan beile ,	nv::nv nv::nv nv::nv mark::comma
mantai ,	nn::prpn.person mark::comma
jai cimari cooha i niyalma tuci re onggolo ,	nv::nv nv::nv nv::nv cm::gen nv::nv verb::vv e::npst.ptcp nv::nv mark::comma
han i bu re šang ,	nv::nv cm::gen verb::vv e::npst.ptcp nv::nv mark::comma
uhereme emu tanggū susai niyalma be weihun jafa ha ,	nv::nv nv::nv nv::nv nv::nv nv::nv cm::acc nv::adj verb::vv e::pst.ptcp mark::comma
sunja morin ,	nv::nv nv::nv mark::comma
juwan juwe ci jergi ,	nv::nv verb::vv e::cve nv::nv mark::comma
han i jui ,	nv::nv cm::gen nv::nv mark::comma
songko baha ha manggi ,	nv::nv verb::vv e::pst.ptcp nv::nv mark::comma
yaya dain sabu ha seme ,	nv::nv nv::nv verb::vv e::pst.ptcp comp mark::comma
○ iogi unahalai ,	mark::circle nv::nv nn::prpn.person mark::comma
tere cooha ainci duin tumen bi dere seme ala ha manggi ,	nv::nv nv::nv nv::nv nv::nv nv::nv verb::vv.npst ptcl comp verb::vv e::pst.ptcp nv::nv mark::comma
tere elemangga abka de amba gung ,	nv::nv nv::nv nv::nv cm::dat nv::adj nv::nv mark::comma
min i takūra ha niyalma be jafa fi guwangning de bene he ,	pn::1sg cm::gen verb::vv e::pst.ptcp nv::nv cm::acc verb::vv e::cve nn::prpn.plc cm::dat verb::vv e::pst.ptcp mark::comma
jori ha jurgan be jurce rakū seme beiguwan obu ha .	verb::vv e::pst.ptcp nv::nv cm::acc verb::vv e::npst.ptcp.neg comp nv::nv verb::vv e::pst.ptcp mark::period
○ juwan ninggun de ,	mark::circle nv::nv nv::nv cm::dat mark::comma
emu ubu be sin i emgi hai_jeo de tebu ∅ ,	nv::nv nv::nv cm::acc pn::2sg cm::gen nv::nv nn::prpn cm::dat verb::vv e::fve.imperative mark::comma
han i baru ehe gūni rakū seme hendu hebi ,	nv::nv cm::gen nv::nv nv::adj verb::vv e::npst.ptcp.neg comp verb::vv e::fve.prs.prf mark::comma
seogen mujangga se he manggi ,	nn::prpn.person nv::adj verb::vv e::pst.ptcp nv::nv mark::comma
sunjata yan i weile waliya mbi ,	nv::nv nv::nv cm::gen nv::nv verb::vv e::fve.npst mark::comma
soohai ,	nn::prpn.person mark::comma
sirana niru i yarga gebungge niyalma be ,	nn::prpn.person nv::nv cm::gen nv::nv nv::adj nv::nv cm::acc mark::comma
tere dain de aisin menggun suje gecuheri be ,	nv::nv nv::nv cm::dat nv::nv nv::nv nv::nv nv::nv cm::acc mark::comma
haha be muse i amban sa saikan akdula me asara ∅ ,	nv::nv cm::acc nv::nv cm::gen nv::nv nv::nv nv::adj verb::vv e::cve verb::vv e::fve.imperative mark::comma
niyalma yordo fi buce he seme šajin de beide fi ,	nv::nv verb::vv e::cve verb::vv e::pst.ptcp comp nv::nv cm::dat verb::vv e::cve mark::comma
jaisanggū i non be bu he bi he ,	nn::prpn.person cm::gen nv::nv cm::acc verb::vv e::pst.ptcp verb::vv e::pst.ptcp mark::comma
ula i gurun ,	nv::nv cm::gen nv::nv mark::comma
suwen i isibu ∅ se he gisun be han de elcin i gisun isibu ha ,	pn::2pl cm::gen verb::vv e::fve.imperative verb::vv e::pst.ptcp nv::nv cm::acc nv::nv cm::dat nv::nv cm::gen nv::nv verb::vv e::pst.ptcp mark::comma
geodene ,	nn::prpn.person mark::comma
jili banji me hendu he ngge .	nv::nv verb::vv e::cve verb::vv e::pst.ptcp nmlz::nmlz mark::period
min i yehe de bisi re jui be baha ha manggi ,	pn::1sg cm::gen nv::nv cm::dat verb::vv e::npst.ptcp nv::nv cm::acc verb::vv e::pst.ptcp nv::nv mark::comma
sara kiru be jailabu fi beye i teile aca ∅ ,	nv::nv nv::nv cm::acc verb::vv e::cve nv::nv cm::gen nv::nv verb::vv e::fve.imperative mark::comma
han hendu me ,	nv::nv verb::vv e::cve mark::comma
agūda be ,	nn::prpn.person cm::acc mark::comma
tuttu akū ci ,	nv::nv verb::vv e::cve mark::comma
yafahan cooha be beiguwan gai fi ,	nv::adj nv::nv cm::acc nv::nv verb::vv e::cve mark::comma
juwe tanggū orin anggala ,	nv::nv nv::nv nv::nv nv::nv mark::comma
) yeršen iogi ,	mark::rparen nn::prpn.person nv::nv mark::comma
laisun ,	nn::prpn.person mark::comma
giya_jing ni dehi duici aniya uyun biya i juwan ilan de baha ha ,	nn::prpn cm::gen nv::nv nv::nv nv::nv nv::nv nv::nv cm::gen nv::nv nv::nv cm::dat verb::vv e::pst.ptcp mark::comma
tung_yan ,	nn::prpn mark::comma
yahican hergen be efule he ,	nn::prpn.person nv::nv cm::acc verb::vv e::pst.ptcp mark::comma
○ juwan nadan de ,	mark::circle nv::nv nv::nv cm::dat mark::comma
ilhi ilhi boigon i niyalma i baitala ra jaka be gemu yooni jalukiya me bu he .	nv::nv nv::nv nv::nv cm::gen nv::nv cm::gen verb::vv e::npst.ptcp nv::nv cm::acc nv::nv nv::nv verb::vv e::cve verb::vv e::pst.ptcp mark::period
dain cooha gene ci aca mbi dere ,	nv::nv nv::nv verb::vv e::cve verb::vv e::fve.npst ptcl mark::comma
men i uba de cooha i niyalma morin i jete re ngge hono akū ,	pn::1pl.excl cm::gen nv::nv cm::dat nv::nv cm::gen nv::nv nv::nv cm::gen verb::vv e::npst.ptcp nmlz::nmlz nv::nv nv::adj mark::comma
ihan be juleri unggi fi ,	nv::nv cm::acc nv::nv verb::vv e::cve mark::comma
fu_jeo de te he monggo jeku akū niyalma be ,	nn::prpn cm::dat verb::vv e::pst.ptcp nv::nv nv::nv nv::adj nv::nv cm::acc mark::comma
baha ha olji niyalma ,	verb::vv e::pst.ptcp nv::nv nv::nv mark::comma
tere be geli aina mbi ,	nv::nv cm::acc nv::nv verb::vv e::fve.npst mark::comma
ere juwan ninggun niyalma ,	nv::nv nv::nv nv::nv nv::nv mark::comma
liyoodung ni šurde me jušen i kamci ha ba i niyalma ,	nn::prpn.plc cm::gen verb::vv e::cve nv::nv cm::gen verb::vv e::pst.ptcp nv::nv cm::gen nv::nv mark::comma
dain be sa ha manggi ,	nv::nv cm::acc verb::vv e::pst.ptcp nv::nv mark::comma
jaisa ,	nn::prpn.person mark::comma
ukanda ra ubaša ra be sa fi gercile me alanji rakū ,	verb::vv e::npst.ptcp verb::vv e::npst.ptcp cm::acc verb::vv e::cve verb::vv e::cve verb::vv e::npst.ptcp.neg mark::comma
○ orin ilan de nio_juwang ci niyang_niyang_gung ni baru ninju ba i dube de te he hūng_tsoo_doo ,	mark::circle nv::nv nv::nv cm::dat nn::prpn cm::abl nn::prpn cm::gen nv::nv nv::nv nv::nv cm::gen nv::nv cm::dat verb::vv e::pst.ptcp nn::prpn mark::comma
min be abka gosi me ,	pn::1sg cm::acc nv::nv verb::vv e::cve mark::comma
ku de isabu ha jeku orho ,	nv::nv cm::dat verb::vv e::pst.ptcp nv::nv nv::nv mark::comma
ing be gai fi yabu kini ,	nv::nv cm::acc verb::vv e::cve verb::vv e::fve.opt mark::comma
guwangning ni isabu ha jeku be ,	nn::prpn.plc cm::gen verb::vv e::pst.ptcp nv::nv cm::acc mark::comma
in i ejen be gūni rakū ,	pn::3sg cm::gen nv::nv cm::acc verb::vv e::npst.ptcp.neg mark::comma
jušen i emu cooha be gai fi ,	nv::nv cm::gen nv::nv nv::nv cm::acc verb::vv e::cve mark::comma
tere ci cooha bargiya fi ,	nv::nv cm::abl nv::nv verb::vv e::cve mark::comma
sunja ulgiyan ,	nv::nv nv::nv mark::comma
isinji ha doro i sarin sarila ha ,	verb::vv e::pst.ptcp nv::nv cm::gen nv::nv verb::vv e::pst.ptcp mark::comma
juwe ilan inenggi dube de baica me waji ha manggi ,	nv::nv nv::nv nv::nv nv::nv cm::dat verb::vv e::cve verb::vv e::pst.ptcp nv::nv mark::comma
jang_ciowan jabu me ,	nn::prpn verb::vv e::cve mark::comma
han ,	nv::nv mark::comma
emhe tang_ši ,	nv::nv nn::prpn mark::comma
ice uyun de anafu tene he .	nv::adj nv::nv cm::dat nv::nv verb::vv e::pst.ptcp mark::period
geren niru i ejete beiguwan de mocin i kurume gai fi ,	nv::adj nv::nv cm::gen nv::nv nv::nv cm::dat nv::nv cm::gen nv::nv verb::vv e::cve mark::comma
ilduci ,	nn::prpn.person mark::comma
sunja niru de gene re ejen ,	nv::nv nv::nv cm::dat verb::vv e::npst.ptcp nv::nv mark::comma
○ jeng_giyang de morin ulebu me ,	mark::circle nn::prpn cm::dat nv::nv verb::vv e::cve mark::comma
jaisai_beile i emgi jafabu ha monggo i beile se ,	nn::prpn cm::gen nv::nv verb::vv e::pst.ptcp nv::nv cm::gen nv::nv nv::nv mark::comma
beye de banji ha doro jafa ha beile se ,	nv::nv cm::dat verb::vv e::pst.ptcp nv::nv verb::vv e::pst.ptcp nv::nv nv::nv mark::comma
nikan de jaha de te fi muke i gene re be ,	nv::nv cm::dat nv::nv cm::dat verb::vv e::cve nv::nv cm::gen verb::vv e::npst.ptcp cm::acc mark::comma
julge ci ebsi ,	nv::nv cm::abl nv::nv mark::comma
ilarsu hoton be ara ha ,	nv::nv nv::nv cm::acc verb::vv e::pst.ptcp mark::comma
barin i ebugedei_beile i bayangga i juleri gisure fi ,	nv::nv cm::gen nn::prpn cm::gen nn::prpn.person cm::gen nv::nv verb::vv e::cve mark::comma
jaisanggū_age ,	nn::prpn mark::comma
dorgi ulan de orho moo fihebu me afa me bisi re de ,	nv::nv nv::nv cm::dat nv::nv nv::nv verb::vv e::cve verb::vv e::cve verb::vv e::npst.ptcp cm::dat mark::comma
ekiyehun bu re be bu he ,	nv::adj verb::vv e::npst.ptcp cm::acc verb::vv e::pst.ptcp mark::comma
sargan ,	nv::nv mark::comma
ere juwan emu boigon be yoo_jeo de tebu he .	nv::nv nv::nv nv::nv nv::nv cm::acc nn::prpn cm::dat verb::vv e::pst.ptcp mark::period
haha be wa fi ,	nv::nv cm::acc verb::vv e::cve mark::comma
duin biya i ice ninggun de wasimbu ha ,	nv::nv nv::nv cm::gen nv::adj nv::nv cm::dat verb::vv e::pst.ptcp mark::comma
tere gisun de amasi unggi he bithe ,	nv::nv nv::nv cm::dat nv::nv verb::vv e::pst.ptcp nv::nv mark::comma
abka de elje re gese fudara me ainu banji mbi ,	nv::nv cm::dat verb::vv e::npst.ptcp nv::nv verb::vv e::cve nv::nv verb::vv e::fve.npst mark::comma
suwe abala ci ,	pn::2pl verb::vv e::cve mark::comma
beiguwan ci wesihun ,	nv::nv cm::abl nv::nv mark::comma
susai uksin ,	nv::nv nv::nv mark::comma
beye buce he seme gung ara rakū ,	nv::nv verb::vv e::pst.ptcp comp nv::nv verb::vv e::npst.ptcp.neg mark::comma
○ ice jakūn de ,	mark::circle nv::adj nv::nv cm::dat mark::comma
gama me yabu ∅ seme gama ha bi he ,	verb::vv e::cve verb::vv e::fve.imperative comp verb::vv e::pst.ptcp verb::vv e::pst.ptcp mark::comma
wan_lii i orin nadaci aniya juwe biya i ice uyun de baha ha ,	nn::prpn cm::gen nv::nv nv::nv nv::nv nv::nv nv::nv cm::gen nv::adj nv::nv cm::dat verb::vv e::pst.ptcp mark::comma
isina hai teile uthai gabta me saci me dosi fi ,	verb::vv e::cve nv::nv nv::nv verb::vv e::cve verb::vv e::cve verb::vv e::cve mark::comma
indahūci deo baban ,	nn::prpn.person nv::nv nn::prpn.person mark::comma
fete me gai fi oilo sinda ∅ ,	verb::vv e::cve verb::vv e::cve nv::nv verb::vv e::fve.imperative mark::comma
dung_ging hecen de tebu ∅ ,	nn::prpn nv::nv cm::dat verb::vv e::fve.imperative mark::comma
○ juwan duin de ,	mark::circle nv::nv nv::nv cm::dat mark::comma
gemu bithe ara fi wesimbu ∅ ,	nv::nv nv::nv verb::vv e::cve verb::vv e::fve.imperative mark::comma
inu baha mbi dere ,	nv::nv verb::vv e::fve.npst ptcl mark::comma
ujula ha amban sa gemu ehe jurgan i banji re ba de ,	verb::vv e::pst.ptcp nv::nv nv::nv nv::nv nv::adj nv::nv cm::gen verb::vv e::npst.ptcp nv::nv cm::dat mark::comma
tondo mujilen jafa fi jurce rakū kice me banji ki .	nv::adj nv::nv verb::vv e::cve verb::vv e::npst.ptcp.neg verb::vv e::cve verb::vv e::fve.opt mark::period
wan_lii i juwan uyuci aniya ninggun biya i orin duin de baha ha ,	nn::prpn cm::gen nv::nv nv::nv nv::nv nv::nv nv::nv cm::gen nv::nv nv::nv cm::dat verb::vv e::pst.ptcp mark::comma
amba doro be jafabu ci ,	nv::adj nv::nv cm::acc verb::vv e::cve mark::comma
suwe sio_yan i beiguwan kiyoo_bang_kui i uksun ahūta deote be gemu jafa fi gaji me ji ∅ ,	pn::2pl nn::prpn cm::gen nv::nv nn::prpn cm::gen nv::nv nv::nv nv::nv cm::acc nv::nv verb::vv e::cve verb::vv e::cve verb::vv e::fve.imperative mark::comma
wan_lii i duici aniya duin biya i tofohon de baha ha ,	nn::prpn cm::gen nv::nv nv::nv nv::nv nv::nv cm::gen nv::nv cm::dat verb::vv e::pst.ptcp mark::comma
maca alban gai fi je mbi seme donji fi jafa me gana ha ,	nv::nv nv::nv verb::vv e::cve verb::vv e::fve.npst comp verb::vv e::cve verb::vv e::cve verb::vv e::pst.ptcp mark::comma
emu jergi buce re weile be guwebu mbi ,	nv::nv nv::nv verb::vv e::npst.ptcp nv::nv cm::acc verb::vv e::fve.npst mark::comma
ilaci jergi iogi obu ha ,	nv::nv nv::nv nv::nv verb::vv e::pst.ptcp mark::comma
ere juwan emu hoton be bargiya mbi .	nv::nv nv::nv nv::nv nv::nv cm::acc verb::vv e::fve.npst mark::period
han ,	nv::nv mark::comma
ebsi gaji ci ojo ro hanci ba i jeku be ume neci re ,	nv::nv verb::vv e::cve verb::vv e::npst.ptcp nv::adj nv::nv cm::gen nv::nv cm::acc nv::nv verb::vv e::npst.ptcp mark::comma
amba_beile ,	nn::prpn mark::comma
kubu he šanggiyan i gūsa i tanggū uksin be menggušen gai fi te mbi .	verb::vv e::pst.ptcp nv::nv cm::gen nv::nv cm::gen nv::nv nv::nv cm::acc nn::prpn.person verb::vv e::cve verb::vv e::fve.npst mark::period
gemu amasi gaji fi ,	nv::nv nv::nv verb::vv e::cve mark::comma
fu_ning ni ergi ci cooha ji fi ,	nn::prpn cm::gen nv::nv cm::abl nv::nv verb::vv e::cve mark::comma
han hendu me ,	nv::nv verb::vv e::cve mark::comma
nikan i kiyangdu hoki aca fi duri me cuwangna me yabu re ngge be ,	nv::nv cm::gen nv::adj nv::nv verb::vv e::cve verb::vv e::cve verb::vv e::cve verb::vv e::npst.ptcp nmlz::nmlz cm::acc mark::comma
duin jaha i solho han de gisun i bithe bene me gene me ,	nv::nv nv::nv cm::gen nv::nv nv::nv cm::dat nv::nv cm::gen nv::nv verb::vv e::cve verb::vv e::cve mark::comma
ula ,	nv::nv mark::comma
enggeder_efu ,	nn::prpn mark::comma
nadata juru kiru ,	nv::nv nv::nv nv::nv mark::comma
daise tsanjiyang uju jergi beiguwan i caliyan ,	nv::nv nv::nv nv::nv nv::nv nv::nv cm::gen nv::nv mark::comma
men i ba de ji fi yabu me ,	pn::1pl.excl cm::gen nv::nv cm::dat verb::vv e::cve verb::vv e::cve mark::comma
mocin i kurume juwe ,	nv::nv cm::gen nv::nv nv::nv mark::comma
tanggū yan menggun šangna ha ,	nv::nv nv::nv nv::nv verb::vv e::pst.ptcp mark::comma
i_jeo de te he manggi ,	nn::prpn cm::dat verb::vv e::pst.ptcp nv::nv mark::comma
jafa fi tanta ra o ci ,	verb::vv e::cve verb::vv e::npst.ptcp verb::vv e::cve mark::comma
tongki fuka sinda ha hergen i dangse .	nv::nv nv::nv verb::vv e::pst.ptcp nv::nv cm::gen nv::nv mark::period
amba jui in i duin gucu i baru hebde me ,	nv::adj nv::nv pn::3sg cm::gen nv::nv nv::nv cm::gen nv::nv verb::vv e::cve mark::comma
tere gisun be temujin donji fi ,	nv::nv nv::nv cm::acc nn::prpn.person verb::vv e::cve mark::comma
wan_lii i orin sunjaci aniya sunja biya i ice de baha ha ,	nn::prpn cm::gen nv::nv nv::nv nv::nv nv::nv nv::nv cm::gen nv::adj cm::dat verb::vv e::pst.ptcp mark::comma
nene me uka me ji he monggoso de etubu he songko i ,	verb::vv e::cve verb::vv e::cve verb::vv e::pst.ptcp nv::nv cm::dat verb::vv e::pst.ptcp nv::nv cm::gen mark::comma
han i tacibu ha tondo fafun be jurce rakū banji ci ,	nv::nv cm::gen verb::vv e::pst.ptcp nv::adj nv::nv cm::acc verb::vv e::npst.ptcp.neg verb::vv e::cve mark::comma
dain i niyalma i gabta ha sirdan saci ha loho toko ho gida be ,	nv::nv cm::gen nv::nv cm::gen verb::vv e::pst.ptcp nv::nv verb::vv e::pst.ptcp nv::nv verb::vv e::pst.ptcp nv::nv cm::acc mark::comma
te gemu jiramin sain suje funce fi ,	nv::nv nv::nv nv::adj nv::adj nv::nv verb::vv e::cve mark::comma
hafasa ,	nv::nv mark::comma
hoifa de emu feye baha ha ,	nn::prpn.plc cm::dat nv::nv nv::nv verb::vv e::pst.ptcp mark::comma
amba_beile nene me hengkile he ,	nn::prpn verb::vv e::cve verb::vv e::pst.ptcp mark::comma
unege_baksi de bu he orita etuku ,	nn::prpn cm::dat verb::vv e::pst.ptcp nv::nv nv::nv mark::comma
tambai ,	nn::prpn.person mark::comma
jai nene me wa ha mu_šu_ioi gašan i ho_jio_cang ,	nv::nv verb::vv e::cve verb::vv e::pst.ptcp nn::prpn nv::nv cm::gen nn::prpn mark::comma
boo i ai jaka be gemu gai ha ,	nv::nv cm::gen nv::nv nv::nv cm::acc nv::nv verb::vv e::pst.ptcp mark::comma
honin tanggū ,	nv::nv nv::nv mark::comma
jeku ,	nv::nv mark::comma
goida hakū beye manggala fi nime re de ,	verb::vv e::pst.ptcp.neg nv::nv verb::vv e::cve verb::vv e::npst.ptcp cm::dat mark::comma
udaha ,	nn::prpn.person mark::comma
suijan ,	nn::prpn.person mark::comma
baha ha nikan i etuku su me gai fi jide re de ,	verb::vv e::pst.ptcp nv::nv cm::gen nv::nv verb::vv e::cve verb::vv e::cve verb::vv e::npst.ptcp cm::dat mark::comma
han donji fi ,	nv::nv verb::vv e::cve mark::comma
weile he jeku i dabala ,	verb::vv e::pst.ptcp nv::nv cm::gen ptcl mark::comma
sunjaci jergi ,	nv::nv nv::nv mark::comma
ilan morin be ulebu re emu niyere me niyalma gama me gene ∅ ,	nv::nv nv::nv cm::acc verb::vv e::npst.ptcp nv::nv verb::vv e::cve nv::nv verb::vv e::cve verb::vv e::fve.imperative mark::comma
juwan morin ,	nv::nv nv::nv mark::comma
han tuci fi yamun de te fi ,	nv::nv verb::vv e::cve nv::nv cm::dat verb::vv e::cve mark::comma
fu_jeo i wang_beiguwan de afabu ha .	nn::prpn cm::gen nn::prpn cm::dat verb::vv e::pst.ptcp mark::period
ula ,	nv::nv mark::comma
tuba de min be šangna ra bi he o seme hendu me bu he ,	nv::nv cm::dat pn::1sg cm::acc verb::vv e::npst.ptcp verb::vv e::pst.ptcp ptcl comp verb::vv e::cve verb::vv e::pst.ptcp mark::comma
ice_hecen ara ra ba de gama fi amba sarin sarila ha .	nn::prpn verb::vv e::npst.ptcp nv::nv cm::dat verb::vv e::cve nv::adj nv::nv verb::vv e::pst.ptcp mark::period
han i tacibu ha tondo fafun be jurce rakū banji ci ,	nv::nv cm::gen verb::vv e::pst.ptcp nv::adj nv::nv cm::acc verb::vv e::npst.ptcp.neg verb::vv e::cve mark::comma
orin cimari alban ningge ,	nv::nv nv::nv nv::nv nv::nv mark::comma
kalka i dureng_hūng_baturu ,	nv::nv cm::gen nn::prpn mark::comma
tahai ,	nn::prpn.person mark::comma
eshete ahūta de nene me hengkile fi ,	nv::nv nv::nv cm::dat verb::vv e::cve verb::vv e::cve mark::comma
tere i amala yehe i dergi hoton i burhanggū_beile ,	nv::nv cm::gen nv::nv nv::nv cm::gen nv::nv nv::nv cm::gen nn::prpn mark::comma
geli ala hakūbi ,	nv::nv verb::vv e::fve.prs.prf.neg mark::comma
si emu encu gurun waka o ,	pn::2sg nv::nv nv::nv nv::nv nv::nv ptcl mark::comma
dergi jalafungga abka i hesebun i abka i fejergi amba na de wesihun sain fulehe use ci banjina ha teheren akū han i hūncihin o ho ,	nv::nv nv::adj nv::nv cm::gen nv::nv cm::gen nv::nv cm::gen nv::nv nv::adj nv::nv cm::dat nv::nv nv::adj nv::nv nv::nv cm::abl verb::vv e::pst.ptcp nv::nv nv::adj nv::nv cm::gen nv::nv verb::vv e::pst.ptcp mark::comma
ice jakūn de ,	nv::adj nv::nv cm::dat mark::comma
du_tang ,	nv::nv mark::comma
monggo adai ilaci jergi tsanjiyang be wesibu fi uju jergi tsanjiyang obu ha .	nv::nv nn::prpn.person nv::nv nv::nv nv::nv cm::acc verb::vv e::cve nv::nv nv::nv nv::nv verb::vv e::pst.ptcp mark::period
juwan juwe ci jergi ,	nv::nv verb::vv e::cve nv::nv mark::comma
○ iogi yambulu ,	mark::circle nv::nv nn::prpn.person mark::comma
yaya ba i niyalma ,	nv::nv nv::nv cm::gen nv::nv mark::comma
bodohū i ninju ihan be dehi ninggun ihan benji hebi ,	nn::prpn.person cm::gen nv::nv nv::nv cm::acc nv::nv nv::nv nv::nv verb::vv e::fve.prs.prf mark::comma
beye buce kini ,	nv::nv verb::vv e::fve.opt mark::comma
hūlha me ara fi ,	verb::vv e::cve verb::vv e::cve mark::comma
uda ha niyalma de weile ,	verb::vv e::pst.ptcp nv::nv cm::dat nv::nv mark::comma
beiguwan ,	nv::nv mark::comma
wangšan_ecike ,	nn::prpn mark::comma
min be suwe uji fi banji ci ,	pn::1sg cm::acc pn::2pl verb::vv e::cve verb::vv e::cve mark::comma
niru i ejen ,	nv::nv cm::gen nv::nv mark::comma
○ beiguwan detde ,	mark::circle nv::nv nn::prpn.person mark::comma
jete re jeku ,	verb::vv e::npst.ptcp nv::nv mark::comma
min i dehi uksin be dehi morin de aci fi benji ∅ seme ,	pn::1sg cm::gen nv::nv nv::nv cm::acc nv::nv nv::nv cm::dat verb::vv e::cve verb::vv e::fve.imperative comp mark::comma
akdun akdun be gaji fi ,	nv::adj nv::adj cm::acc verb::vv e::cve mark::comma
fakca rakū ci ,	verb::vv e::npst.ptcp.neg e::cve mark::comma
juse akū seme efule he ,	nv::nv nv::adj comp verb::vv e::pst.ptcp mark::comma
jase i tule alin holo de te he nikasa ,	nv::nv cm::gen nv::nv nv::nv nv::nv cm::dat verb::vv e::pst.ptcp nv::nv mark::comma
emu ciyandzung de duin niyalma ,	nv::nv nv::nv cm::dat nv::nv nv::nv mark::comma
suwen be min i jui emu hontoho ,	pn::2pl cm::acc pn::1sg cm::gen nv::nv nv::nv nv::nv mark::comma
geren beile se amban sa i baru hendu me ,	nv::adj nv::nv nv::nv nv::nv nv::nv cm::gen nv::nv verb::vv e::cve mark::comma
juwan niyalma be tuci fi ,	nv::nv nv::nv cm::acc verb::vv e::cve mark::comma
sarin de baitangga niyalma o ci sarin de afabu ki ,	nv::nv cm::dat nv::adj nv::nv verb::vv e::cve nv::nv cm::dat verb::vv e::fve.opt mark::comma
aci ha ulin i teile gai ha ,	verb::vv e::pst.ptcp nv::nv cm::gen nv::nv verb::vv e::pst.ptcp mark::comma
oilo angga i holto me sain gisun gisure he bi ci ,	nv::nv nv::nv cm::gen verb::vv e::cve nv::adj nv::nv verb::vv e::pst.ptcp verb::vv e::cve mark::comma
gangguri ,	nn::prpn.person mark::comma
tere fon de yargiyan ton baha mbi kai ,	nv::nv nv::nv cm::dat nv::adj nv::nv verb::vv e::fve.npst ptcl mark::comma
suwe ume ebše re ,	pn::2pl nv::nv verb::vv e::npst.ptcp mark::comma
isun be beidesi ci nakabu ha ,	nn::prpn.person cm::acc nv::nv cm::abl verb::vv e::pst.ptcp mark::comma
jangkio ,	nn::prpn.person mark::comma
jirgalang_age ,	nn::prpn mark::comma
bambu ,	nn::prpn.person mark::comma
meni meni moo i ejen nikasa de hendu fi ,	nv::nv nv::nv nv::nv cm::gen nv::nv nv::nv cm::dat verb::vv e::cve mark::comma
afabu ha weile be bahana rakū bi cibe ,	verb::vv e::pst.ptcp nv::nv cm::acc verb::vv e::npst.ptcp.neg verb::vv e::cve mark::comma
uttu ehe mujilen jafa mbi dere ,	nv::nv nv::adj nv::nv verb::vv e::fve.npst ptcl mark::comma
geren beile se amban sa de hebde hekū ,	nv::adj nv::nv nv::nv nv::nv nv::nv cm::dat verb::vv e::pst.ptcp.neg mark::comma
juwe tanggū morin de baha ha olji enggemu hadala toho fi ,	nv::nv nv::nv nv::nv cm::dat verb::vv e::pst.ptcp nv::nv nv::nv nv::nv verb::vv e::cve mark::comma
jeku bisi re niyalma i ton de dosimbu ∅ ,	nv::nv verb::vv e::npst.ptcp nv::nv cm::gen nv::nv cm::dat verb::vv e::fve.imperative mark::comma
ume banda ra ,	nv::nv verb::vv e::npst.ptcp mark::comma
○ ice juwe de ,	mark::circle nv::adj nv::nv cm::dat mark::comma
sunja ba i dube de ihan honin wa me okdo fi ,	nv::nv nv::nv cm::gen nv::nv cm::dat nv::nv nv::nv verb::vv e::cve verb::vv e::cve mark::comma
ba ba i niyalma muse i jušen be oktolo ho wa ha be suwe sa rakū ūn .	nv::nv nv::nv cm::gen nv::nv nv::nv cm::gen nv::nv cm::acc verb::vv e::pst.ptcp verb::vv e::pst.ptcp cm::acc pn::2pl verb::vv e::npst.ptcp.neg ptcl mark::period
han hendu me ,	nv::nv verb::vv e::cve mark::comma
bayot gurun i sereng_beile i tofohon haha ,	nn::prpn.plc nv::nv cm::gen nn::prpn cm::gen nv::nv nv::nv mark::comma
nikari gebungge juwe amban de ,	nn::prpn.person nv::adj nv::nv nv::nv cm::dat mark::comma
te takūra ha niyalma amasi alanji me ,	nv::nv verb::vv e::pst.ptcp nv::nv nv::nv verb::vv e::cve mark::comma
geli jase i tulergi encu gurun i weile de da fi ,	nv::nv nv::nv cm::gen nv::nv nv::nv nv::nv cm::gen nv::nv cm::dat verb::vv e::cve mark::comma
munggatu fujiyang ,	nn::prpn.person nv::nv mark::comma
abka i siren ,	nv::nv cm::gen nv::nv mark::comma
ehe sain be dere bani rakū ,	nv::adj nv::adj cm::acc nv::nv verb::vv e::npst.ptcp.neg mark::comma
jai emu tanggū jušen cooha be ,	nv::nv nv::nv nv::nv nv::nv nv::nv cm::acc mark::comma
ya niyalma nungne ci ,	nv::nv nv::nv verb::vv e::cve mark::comma
ehe gūnin jafa fi yabu ci ,	nv::adj nv::nv verb::vv e::cve verb::vv e::cve mark::comma
hai_si namu_wei i du_jy_hūi_ši aisibu i jui badatai ,	nn::prpn nn::prpn cm::gen nv::nv nn::prpn.person cm::gen nv::nv nn::prpn.person mark::comma
tere niyalma inu boobai kai ,	nv::nv nv::nv nv::nv nv::nv ptcl mark::comma
men i aisin gurun i daila ra fon de ,	pn::1pl.excl cm::gen nv::nv nv::nv cm::gen verb::vv e::npst.ptcp nv::nv cm::dat mark::comma
suwen i da ra be aina ra ,	pn::2pl cm::gen verb::vv e::npst.ptcp cm::acc verb::vv e::npst.ptcp mark::comma
cooha be kadala me ete mbi seme ,	nv::nv cm::acc verb::vv e::cve verb::vv e::fve.npst comp mark::comma
dorji ,	nn::prpn.person mark::comma
juwe tumen sunja tanggū susai .	nv::nv nv::nv nv::nv nv::nv nv::nv mark::period
han i jui huhun ulebu re hehe de latu ha seme wa ha .	nv::nv cm::gen nv::nv nv::nv verb::vv e::npst.ptcp nv::nv cm::dat verb::vv e::pst.ptcp comp verb::vv e::pst.ptcp mark::period
ere unggi re cooha be jušen nikan i hafasaingge ,	nv::nv verb::vv e::npst.ptcp nv::nv cm::acc nv::nv nv::nv cm::gen nv::nv mark::comma
juwe niyalma be weihun jafa fi lenggeri benji me ji he .	nv::nv nv::nv cm::acc nv::adj verb::vv e::cve nv::nv verb::vv e::cve verb::vv e::pst.ptcp mark::period
tere i sira me han i jui dorgon_age de ,	nv::nv cm::gen verb::vv e::cve nv::nv cm::gen nv::nv nn::prpn cm::dat mark::comma
cing_togon_wei i du_jy_hūi_tungjy bulu i jui daimbulu ,	nn::prpn cm::gen nv::nv nn::prpn.person cm::gen nv::nv nn::prpn.person mark::comma
cecike_mergen ,	nn::prpn mark::comma
mederi tun de bi o ,	nv::nv nv::nv cm::dat verb::vv.npst ptcl mark::comma
gūwa nikan baha habi seme duin biya i juwan ninggun de alanji re jaka de ,	nv::nv nv::nv verb::vv e::fve.prs.prf comp nv::nv nv::nv cm::gen nv::nv nv::nv cm::dat verb::vv e::npst.ptcp nv::nv cm::dat mark::comma
giyahūn makta me ,	nv::nv verb::vv e::cve mark::comma
jeng_an_pu sin i harangga ba i niyalma kemuni te fi bi ∅ ,	nn::prpn pn::2sg cm::gen nv::nv nv::nv cm::gen nv::nv nv::nv verb::vv e::cve verb::vv e::fve.imperative mark::comma
juwete ihan bu he ,	nv::nv nv::nv verb::vv e::pst.ptcp mark::comma
orin honin gaji me uka me ji he .	nv::nv nv::nv verb::vv e::cve verb::vv e::cve verb::vv e::pst.ptcp mark::period
tebu re juwan juwe cooha i niyalma be sonjo me sain ba tuwa fi tebu ∅ ,	verb::vv e::npst.ptcp nv::nv nv::nv nv::nv cm::gen nv::nv cm::acc verb::vv e::cve nv::adj nv::nv verb::vv e::cve verb::vv e::fve.imperative mark::comma
○ orin de ,	mark::circle nv::nv cm::dat mark::comma
umai jaka be acinggiya hakū uji he ,	nv::nv nv::nv cm::acc verb::vv e::pst.ptcp.neg verb::vv e::pst.ptcp mark::comma
jai nadan niyalma de juwete guise ,	nv::nv nv::nv nv::nv cm::dat nv::nv nv::nv mark::comma
sonom_taiji de unggi he bithe ,	nn::prpn cm::dat verb::vv e::pst.ptcp nv::nv mark::comma
dube de emgeri alanji ∅ ,	nv::nv cm::dat nv::nv verb::vv e::fve.imperative mark::comma
amban sa bisi rakū buce mbi ,	nv::nv nv::nv verb::vv e::npst.ptcp.neg verb::vv e::fve.npst mark::comma
tuba ci uba de jide re ukanju be ume sartabu re seme hendu he mujangga ,	nv::nv cm::abl nv::nv cm::dat verb::vv e::npst.ptcp nv::nv cm::acc nv::nv verb::vv e::npst.ptcp comp verb::vv e::pst.ptcp nv::adj mark::comma
ala ha gisun be beile se min de wesimbu hekū ,	verb::vv e::pst.ptcp nv::nv cm::acc nv::nv nv::nv pn::1sg cm::dat verb::vv e::pst.ptcp.neg mark::comma
coko erin de gidanji fi emu niyalma wa habi ,	nv::nv nv::nv cm::dat verb::vv e::cve nv::nv nv::nv verb::vv e::fve.prs.prf mark::comma
orin emu de ,	nv::nv nv::nv cm::dat mark::comma
bi juwan morin de enggemu hadala toho fi ,	pn::1sg nv::nv nv::nv cm::dat nv::nv nv::nv verb::vv e::cve mark::comma
han i afabu ha jurgan be ,	nv::nv cm::gen verb::vv e::pst.ptcp nv::nv cm::acc mark::comma
juwe tanggū aniya o tolo ,	nv::nv nv::nv nv::nv verb::vv e::cve mark::comma
sunja nikan ,	nv::nv nv::nv mark::comma
kara ,	nn::prpn.person mark::comma
tere adula ra niyalma de olji ci tulgiyen tucibu me gai fi ,	nv::nv verb::vv e::npst.ptcp nv::nv cm::dat nv::nv cm::abl nv::nv verb::vv e::cve verb::vv e::cve mark::comma
jušen i iogi ,	nv::nv cm::gen nv::nv mark::comma
sain be sain ,	nv::adj cm::acc nv::adj mark::comma
nende he han aca ki seme elcin lakca hakū ,	verb::vv e::pst.ptcp nv::nv verb::vv e::fve.opt comp nv::nv verb::vv e::pst.ptcp.neg mark::comma
beile se asuru ume girubu re ,	nv::nv nv::nv nv::nv nv::nv verb::vv e::npst.ptcp mark::comma
warka de gene he gartai takūra ha bithe i gisun ,	nn::prpn.plc cm::dat verb::vv e::pst.ptcp nn::prpn.person verb::vv e::pst.ptcp nv::nv cm::gen nv::nv mark::comma
waji ha seme bithe wesimbu ∅ ,	verb::vv e::pst.ptcp comp nv::nv verb::vv e::fve.imperative mark::comma
ere ba ba de abka i min be gosi re be ,	nv::nv nv::nv nv::nv cm::dat nv::nv cm::gen pn::1sg cm::acc verb::vv e::npst.ptcp cm::acc mark::comma
tere dain be gida fi geli dahabu ha se re ,	nv::nv nv::nv cm::acc verb::vv e::cve nv::nv verb::vv e::pst.ptcp verb::vv e::npst.ptcp mark::comma
bu he jaka be hihala rakū ci tetendere ,	verb::vv e::pst.ptcp nv::nv cm::acc verb::vv e::npst.ptcp.neg e::cve nv::nv mark::comma
hife_baksi ,	nn::prpn mark::comma
sunja yan i weile waliya mbi ,	nv::nv nv::nv cm::gen nv::nv verb::vv e::fve.npst mark::comma
daya i beye amca ha bi he ,	nn::prpn.person cm::gen nv::nv verb::vv e::pst.ptcp verb::vv e::pst.ptcp mark::comma
surma loho asha fi morin yalu fi gene he ,	nn::prpn.person nv::nv verb::vv e::cve nv::nv verb::vv e::cve verb::vv e::pst.ptcp mark::comma
gin_ta_sy ,	nn::prpn mark::comma
monggo i hafasa de dergi ci fusihūn ,	nv::nv cm::gen nv::nv cm::dat nv::nv cm::abl nv::adj mark::comma
beile se emu yan menggun bu mbi ,	nv::nv nv::nv nv::nv nv::nv nv::nv verb::vv e::fve.npst mark::comma
tarhū de fonji ci ,	nn::prpn.person cm::dat verb::vv e::cve mark::comma
ahai janggin ,	nn::prpn.person nv::nv mark::comma
beile se ,	nv::nv nv::nv mark::comma
tsang ni jeku be miyali me gai fi je ∅ ,	nv::nv cm::gen nv::nv cm::acc verb::vv e::cve verb::vv e::cve verb::vv e::fve.imperative mark::comma
bi ere hecen de ainambaha fi tafa ra bi he seme hendu fi ,	pn::1sg nv::nv nv::nv cm::dat verb::vv e::cve verb::vv e::npst.ptcp verb::vv e::pst.ptcp comp verb::vv e::cve mark::comma
da_diyan i juwe tanggū nadan ,	nn::prpn cm::gen nv::nv nv::nv nv::nv mark::comma
orin jakūn i inenggi ,	nv::nv nv::nv cm::gen nv::nv mark::comma
yamburi i gung ni sunja tanggū nikan be ,	nn::prpn.person cm::gen nv::nv cm::gen nv::nv nv::nv nv::nv cm::acc mark::comma
○ juwan juwe de ,	mark::circle nv::nv nv::nv cm::dat mark::comma
nadan boigon be weri fi dehi yan menggun be gai fi ,	nv::nv nv::nv cm::acc verb::vv e::cve nv::nv nv::nv nv::nv cm::acc verb::vv e::cve mark::comma
iogi nanjilan ,	nv::nv nn::prpn.person mark::comma
hūda hūdaša me banji ci tetendere ,	nv::nv verb::vv e::cve verb::vv e::cve nv::nv mark::comma
○ orin ninggun de ,	mark::circle nv::nv nv::nv cm::dat mark::comma
weri he morin de emu gūsa i emte daise beiguwan be weri ∅ ,	verb::vv e::pst.ptcp nv::nv cm::dat nv::nv nv::nv cm::gen nv::nv nv::nv nv::nv cm::acc verb::vv e::fve.imperative mark::comma
○ ubahai ,	mark::circle nn::prpn.person mark::comma
enggeder_efu manggūldai nukte re ba ci ji fi han de aca ha ,	nn::prpn nn::prpn.person verb::vv e::npst.ptcp nv::nv cm::abl verb::vv e::cve nv::nv cm::dat verb::vv e::pst.ptcp mark::comma
tere unggi he bithe amasi unggi hekū .	nv::nv verb::vv e::pst.ptcp nv::nv nv::nv verb::vv e::pst.ptcp.neg mark::period
jirgalang_beile ,	nn::prpn mark::comma
han i jete re tubihe moo be uji me te .	nv::nv cm::gen verb::vv e::npst.ptcp nv::nv nv::nv cm::acc verb::vv e::cve nv::nv mark::period
jang_ciowan be futa i tata me wa fi ,	nn::prpn cm::acc nv::nv cm::gen verb::vv e::cve verb::vv e::cve mark::comma
uji he ujima ,	verb::vv e::pst.ptcp nv::nv mark::comma
gaji ha manggi ,	verb::vv e::pst.ptcp nv::nv mark::comma
weile udu waka bi cibe ,	nv::nv nv::nv nv::adj verb::vv e::cve mark::comma
in i hecen i buya hafasa be gai fi ,	pn::3sg cm::gen nv::nv cm::gen nv::adj nv::nv cm::acc verb::vv e::cve mark::comma
jaseheo_mafa ,	nn::prpn mark::comma
men i niyalma i baha ha ngge be suwe ainu duri me gai mbi ,	pn::1pl.excl cm::gen nv::nv cm::gen verb::vv e::pst.ptcp nmlz::nmlz cm::acc pn::2pl nv::nv verb::vv e::cve verb::vv e::fve.npst mark::comma
jori ha jurgan be jurce rakū seme beiguwan obu ha .	verb::vv e::pst.ptcp nv::nv cm::acc verb::vv e::npst.ptcp.neg comp nv::nv verb::vv e::pst.ptcp mark::period
○ orin uyun de ,	mark::circle nv::nv nv::nv cm::dat mark::comma
lumbu ,	nv::adj mark::comma
ere ci amasi tusa ara ki seme ara ∅ ,	nv::nv cm::abl nv::nv nv::nv verb::vv e::fve.opt comp verb::vv e::fve.imperative mark::comma
○ muhaliyan be ,	mark::circle nv::nv cm::acc mark::comma
tai kadala ra emu nikan be tutabu ha ngge uthai bi kini ,	nv::nv verb::vv e::npst.ptcp nv::nv nv::nv cm::acc verb::vv e::pst.ptcp nmlz::nmlz nv::nv verb::vv e::fve.opt mark::comma
afabu ha jurgan be tondo i banji ki ,	verb::vv e::pst.ptcp nv::nv cm::acc nv::adj cm::gen verb::vv e::fve.opt mark::comma
dain de baha fi wa ra beye be uji fi ,	nv::nv cm::dat verb::vv e::cve verb::vv e::npst.ptcp nv::nv cm::acc verb::vv e::cve mark::comma
mao_wen_lung be tabcila fi gaji ha tumen olji isinji ha ,	nn::prpn cm::acc verb::vv e::cve verb::vv e::pst.ptcp nv::nv nv::nv verb::vv e::pst.ptcp mark::comma
jakūn gūsa i yanai jergi emte beiguwan ,	nv::nv nv::nv cm::gen nn::prpn.person nv::nv nv::nv nv::nv mark::comma
○ jingsengge be ,	mark::circle nn::prpn.person cm::acc mark::comma
emu horho ,	nv::nv nv::nv mark::comma
jušen i hafan sa i kadala ra nikasa de hendu he gisun ,	nv::nv cm::gen nv::nv nv::nv cm::gen verb::vv e::npst.ptcp nv::nv cm::dat verb::vv e::pst.ptcp nv::nv mark::comma
jai amba edun de yamun yamun i amba moo fulehe suwaliya me ukca ha ,	nv::nv nv::adj nv::nv cm::dat nv::nv nv::nv cm::gen nv::adj nv::nv nv::nv verb::vv e::cve verb::vv e::pst.ptcp mark::comma
kanjibu ,	nn::prpn.person mark::comma
isi_mergen be takūra ha .	nn::prpn cm::acc verb::vv e::pst.ptcp mark::period
menggun fete me ,	nv::nv verb::vv e::cve mark::comma
gūsin mocin šangna me bu he .	nv::nv nv::nv verb::vv e::cve verb::vv e::pst.ptcp mark::period
hūwang_hai_doo_golo de ,	nn::prpn cm::dat mark::comma
ere gisun be jurce ci ,	nv::nv nv::nv cm::acc verb::vv e::cve mark::comma
aniyadari ukanda ra ubaša ra ,	nv::nv verb::vv e::npst.ptcp verb::vv e::npst.ptcp mark::comma
jai nikan han i cooha i niyalma de wasimbu ha uyun tanggū yan menggun be gida ha niyalma be gercile fi wa ha ,	nv::nv nv::nv nv::nv cm::gen nv::nv cm::gen nv::nv cm::dat verb::vv e::pst.ptcp nv::nv nv::nv nv::nv nv::nv cm::acc verb::vv e::pst.ptcp nv::nv cm::acc verb::vv e::cve verb::vv e::pst.ptcp mark::comma
○ gangguri ,	mark::circle nn::prpn.person mark::comma
hergen i bodo me orin yan i menggun gai fi ,	nv::nv cm::gen verb::vv e::cve nv::nv nv::nv cm::gen nv::nv verb::vv e::cve mark::comma
○ duin biya de ,	mark::circle nv::nv nv::nv cm::dat mark::comma
juwe karun aca fi afanu ci ,	nv::nv nv::nv verb::vv e::cve verb::vv e::cve mark::comma
tuttu tondo i fafula rakū ehe miosihon jurgan i yabu ci ,	nv::nv nv::adj cm::gen verb::vv e::npst.ptcp.neg nv::adj nv::adj nv::nv cm::gen verb::vv e::cve mark::comma
julge dailiyoo gurun i han ,	nv::nv nn::prpn.plc nv::nv cm::gen nv::nv mark::comma
han i beye tuci fi ,	nv::nv cm::gen nv::nv verb::vv e::cve mark::comma
suwen i gama ha men i nikan i eihen losa ci wesihun ,	pn::2pl cm::gen verb::vv e::pst.ptcp pn::1pl.excl cm::gen nv::nv cm::gen nv::nv nv::nv cm::abl nv::nv mark::comma
mandulai ,	nn::prpn.person mark::comma
simiyan i bele gai fi yamun de okdo ko .	nn::prpn.plc cm::gen nv::nv verb::vv e::cve nv::nv cm::dat verb::vv e::pst.ptcp mark::period
jeku ambula bisi re niyalma in i niyaman hūncihin be uji ki se ci ,	nv::nv nv::nv verb::vv e::npst.ptcp nv::nv pn::3sg cm::gen nv::nv nv::nv cm::acc verb::vv e::fve.opt verb::vv e::cve mark::comma
○ elki be ,	mark::circle nn::prpn.person cm::acc mark::comma
niyehe ,	nv::nv mark::comma
hife bele juwe hule unggi he .	nv::nv nv::nv nv::nv nv::nv verb::vv e::pst.ptcp mark::period
duin gio ,	nv::nv nv::nv mark::comma
sunja niru i nikan be uhe baica me yabu ∅ ,	nv::nv nv::nv cm::gen nv::nv cm::acc nv::nv verb::vv e::cve verb::vv e::fve.imperative mark::comma
juwanta yan gai ha ,	nv::nv nv::nv verb::vv e::pst.ptcp mark::comma
han i jaka de ji fi hendu me ,	nv::nv cm::gen nv::nv cm::dat verb::vv e::cve verb::vv e::cve mark::comma
han ,	nv::nv mark::comma
je ke muke be waliya fi ,	verb::vv e::pst.ptcp nv::nv cm::acc verb::vv e::cve mark::comma
te bi cibe ,	nv::nv verb::vv e::cve mark::comma
juwe tanggū monggo ji he be ,	nv::nv nv::nv nv::nv verb::vv e::pst.ptcp cm::acc mark::comma
duici jergi harao ,	nv::nv nv::nv nn::prpn.person mark::comma
han ,	nv::nv mark::comma
funce he tuta ha niyalma bi ci ,	verb::vv e::pst.ptcp verb::vv e::pst.ptcp nv::nv verb::vv e::cve mark::comma
liyoodung ci ebsi šangna me bu he aika jaka be gemu gai ha ,	nn::prpn.plc cm::abl nv::nv verb::vv e::cve verb::vv e::pst.ptcp nv::nv nv::nv cm::acc nv::nv verb::vv e::pst.ptcp mark::comma
uyun eihen gaji ha ,	nv::nv nv::nv verb::vv e::pst.ptcp mark::comma
juse hehesi gene he manggi ,	nv::nv nv::nv verb::vv e::pst.ptcp nv::nv mark::comma
wan sinda fi hecen i keremu be efule fi uthai daba ha ,	nv::nv verb::vv e::cve nv::nv cm::gen nv::nv cm::acc verb::vv e::cve nv::nv verb::vv e::pst.ptcp mark::comma
hendu me hūdun hūdaša fi unggi ∅ .	verb::vv e::cve nv::adj verb::vv e::cve verb::vv e::fve.imperative mark::period
han de ainu ala hakū seme juwanta šusiha šusihala ha .	nv::nv cm::dat nv::nv verb::vv e::pst.ptcp.neg comp nv::nv nv::nv verb::vv e::pst.ptcp mark::period
sin i anggala ,	pn::2sg cm::gen nv::nv mark::comma
coko aniya juwe biya de ,	nv::nv nv::nv nv::nv nv::nv cm::dat mark::comma
warka de gene he borjin_hiya de takūra ha bithe i gisun ,	nn::prpn.plc cm::dat verb::vv e::pst.ptcp nn::prpn cm::dat verb::vv e::pst.ptcp nv::nv cm::gen nv::nv mark::comma
kamci ha boo i nikan be jafabu fi orho jeku be juwebu mbi se re ,	verb::vv e::pst.ptcp nv::nv cm::gen nv::nv cm::acc verb::vv e::cve nv::nv nv::nv cm::acc verb::vv e::fve.npst verb::vv e::npst.ptcp mark::comma
suje i etuku emu tanggū nadanju emu ,	nv::nv cm::gen nv::nv nv::nv nv::nv nv::nv nv::nv mark::comma
( ere gemu monggo gurun ci uka me ji he beile se ,	mark::lparen nv::nv nv::nv nv::nv nv::nv cm::abl verb::vv e::cve verb::vv e::pst.ptcp nv::nv nv::nv mark::comma
tangse de hengkilene fi ,	nv::nv cm::dat verb::vv e::cve mark::comma
kiru be jailabu fi ,	nv::nv cm::acc verb::vv e::cve mark::comma
tuttu o ci ,	nv::nv verb::vv e::cve mark::comma
ere senggi gese senggi tuci me ,	nv::nv nv::nv nv::nv nv::nv verb::vv e::cve mark::comma
sebun de gecuheri goksi ,	nn::prpn.person cm::dat nv::nv nv::nv mark::comma
ya be ,	nv::nv cm::acc mark::comma
gemu geren i dende me gai ha ubu i teile tondo i baha habi o ,	nv::nv nv::adj cm::gen verb::vv e::cve verb::vv e::pst.ptcp nv::nv cm::gen nv::nv nv::adj cm::gen verb::vv e::fve.prs.prf ptcl mark::comma
○ du_tang ni bithe ,	mark::circle nv::nv cm::gen nv::nv mark::comma
jori ha jurgan be jurce rakū seme beiguwan obu ha .	verb::vv e::pst.ptcp nv::nv cm::acc verb::vv e::npst.ptcp.neg comp nv::nv verb::vv e::pst.ptcp mark::period
tsanjiyang ni hergen be nakabu ha ,	nv::nv cm::gen nv::nv cm::acc verb::vv e::pst.ptcp mark::comma
monggo i morin tarhū re onggolo ,	nv::nv cm::gen nv::nv verb::vv e::npst.ptcp nv::nv mark::comma
yehe i narimbulu ,	nv::nv cm::gen nn::prpn.person mark::comma
alin i wesihun afa me gene fi ,	nv::nv cm::gen nv::nv verb::vv e::cve verb::vv e::cve mark::comma
isamu isinji ha .	nn::prpn.person verb::vv e::pst.ptcp mark::period
○ cahar i jalbu_taiji ,	mark::circle nn::prpn.plc cm::gen nn::prpn mark::comma
sanggina ,	nn::prpn.person mark::comma
bi uttu gūni me ,	pn::1sg nv::nv verb::vv e::cve mark::comma
jaisai monggo sunja tanggū boo ji hebi ,	nn::prpn.person nv::nv nv::nv nv::nv nv::nv verb::vv e::fve.prs.prf mark::comma
ehe sain be dere bani rakū ,	nv::adj nv::adj cm::acc nv::nv verb::vv e::npst.ptcp.neg mark::comma
tuttu tašan o ho manggi ,	nv::nv nv::nv verb::vv e::pst.ptcp nv::nv mark::comma
imahū_šan_wei i du_jy_hūi_ciyanši bolot i jui dajuhū ,	nn::prpn cm::gen nv::nv nn::prpn.person cm::gen nv::nv nn::prpn.person mark::comma
emu niyalma i weile be ala rakū ci o mbi o ,	nv::nv nv::nv cm::gen nv::nv cm::acc verb::vv e::npst.ptcp.neg e::cve verb::vv e::fve.npst ptcl mark::comma
uttu abka na de gashū ha gisun be efule me ,	nv::nv nv::nv nv::nv cm::dat verb::vv e::pst.ptcp nv::nv cm::acc verb::vv e::cve mark::comma
yasun ,	nn::prpn.person mark::comma
suwen de te re boo ,	pn::2pl cm::dat verb::vv e::npst.ptcp nv::nv mark::comma
hai_si cangkut_šan_wei i du_jy_hūi_tungjy oliha i omolo cadao ,	nn::prpn nn::prpn cm::gen nv::nv nn::prpn.person cm::gen nv::nv nn::prpn.person mark::comma
nikan i elcin lii_tsanjiyang sunja niyalma isinji ha ,	nv::nv cm::gen nv::nv nn::prpn nv::nv nv::nv verb::vv e::pst.ptcp mark::comma
uju jergi iogi obu ha ,	nv::nv nv::nv nv::nv verb::vv e::pst.ptcp mark::comma
te ci ume latubu re ,	nv::nv cm::abl nv::nv verb::vv e::npst.ptcp mark::comma
naiman i elcin gene he .	nn::prpn.plc cm::gen nv::nv verb::vv e::pst.ptcp mark::period
keyen i hoton de muhaliya fi sinda ha uksin ,	nn::prpn.plc cm::gen nv::nv cm::dat verb::vv e::cve verb::vv e::pst.ptcp nv::nv mark::comma
han i sinda ha amban sa se re ngge ,	nv::nv cm::gen verb::vv e::pst.ptcp nv::nv nv::nv verb::vv e::npst.ptcp nmlz::nmlz mark::comma
○ sengge_tabunang ,	mark::circle nn::prpn mark::comma
nikan be abka wakala ha ,	nv::nv cm::acc nv::nv verb::vv e::pst.ptcp mark::comma
taka te he jeng_dooli ,	nv::nv verb::vv e::pst.ptcp nn::prpn mark::comma
bethe be giyabala me erule he seme habša fi ,	nv::nv cm::acc verb::vv e::cve verb::vv e::pst.ptcp comp verb::vv e::cve mark::comma
pijan de tebu he si rakū buyara me jaka tuhebu fi waliyabu ha bi he ,	nv::nv cm::dat verb::vv e::pst.ptcp verb::vv e::npst.ptcp.neg verb::vv e::cve nv::nv verb::vv e::cve verb::vv e::pst.ptcp verb::vv e::pst.ptcp mark::comma
ehe be ehe seme han de ala mbi ,	nv::adj cm::acc nv::adj comp nv::nv cm::dat verb::vv e::fve.npst mark::comma
giyamcan ,	nn::prpn.plc mark::comma
fonji ci ,	verb::vv e::cve mark::comma
hūwa_i_tang ,	nn::prpn mark::comma
susai morin ,	nv::nv nv::nv mark::comma
gasha buta ra niyalma juwan ,	nv::nv verb::vv e::npst.ptcp nv::nv nv::nv mark::comma
ihan de halhan ofoho ,	nv::nv cm::dat nv::nv nv::nv mark::comma
šanggiyan_hada ,	nn::prpn mark::comma
gisan ,	nv::nv mark::comma
○ beile se hendu me ,	mark::circle nv::nv nv::nv verb::vv e::cve mark::comma
○ liyoodung ni hecen be orin de gai ha ,	mark::circle nn::prpn.plc cm::gen nv::nv cm::acc nv::nv cm::dat verb::vv e::pst.ptcp mark::comma
tere dobori yehe i karun i niyalma ,	nv::nv nv::nv nv::nv cm::gen nv::nv cm::gen nv::nv mark::comma
min i emu ama ,	pn::1sg cm::gen nv::nv nv::nv mark::comma
min i doro šajin genggiyen tondo be ,	pn::1sg cm::gen nv::nv nv::nv nv::adj nv::adj cm::acc mark::comma
solohi ,	nv::nv mark::comma
usin i holo de siyoo dekde mbi ,	nv::nv cm::gen nv::nv cm::dat nv::nv verb::vv e::fve.npst mark::comma
gūsin yan menggun bu he ,	nv::nv nv::nv nv::nv verb::vv e::pst.ptcp mark::comma
cooha i niyalma hoifa ci tuci fi ilaci inenggi seme alanji ha ,	nv::nv cm::gen nv::nv nn::prpn.plc cm::abl verb::vv e::cve nv::nv nv::nv comp verb::vv e::pst.ptcp mark::comma
gaji ha boigon olji be gemu giyan giyan i icihiya fi ,	verb::vv e::pst.ptcp nv::nv nv::nv cm::acc nv::nv nv::nv nv::nv cm::gen verb::vv e::cve mark::comma
minggan haha de emke gaji fi ,	nv::nv nv::nv cm::dat nv::nv verb::vv e::cve mark::comma
g'ai_jeo i arfa muji gai fi bu ∅ ,	nn::prpn cm::gen nv::nv nv::nv verb::vv e::cve verb::vv e::fve.imperative mark::comma
min i juleri sin i beye be amban ara fi ,	pn::1sg cm::gen nv::nv pn::2sg cm::gen nv::nv cm::acc nv::nv verb::vv e::cve mark::comma
giya_jing ni dehi sunjaci aniya nadan biya i orin emu de baha ha ,	nn::prpn cm::gen nv::nv nv::nv nv::nv nv::nv nv::nv cm::gen nv::nv nv::nv cm::dat verb::vv e::pst.ptcp mark::comma
afabu ha weile be mute mbi ,	verb::vv e::pst.ptcp nv::nv cm::acc verb::vv e::fve.npst mark::comma
usiha i siren tuci fi ,	nv::nv cm::gen nv::nv verb::vv e::cve mark::comma
hūlha holo koimali jalingga faksi o ci ,	nv::nv nv::nv nv::adj nv::adj nv::nv verb::vv e::cve mark::comma
○ eksingge_baksi niru i sehene ,	mark::circle nn::prpn nv::nv cm::gen nn::prpn.person mark::comma
sarhū ci fujisa be liyoodung ni hecen de gaji re de ,	nv::nv cm::abl nv::nv cm::acc nn::prpn.plc cm::gen nv::nv cm::dat verb::vv e::npst.ptcp cm::dat mark::comma
daimbu ,	nn::prpn.person mark::comma
tang_jan_pu i niyalma ,	nn::prpn cm::gen nv::nv mark::comma
yalu re morin bu me ,	verb::vv e::npst.ptcp nv::nv verb::vv e::cve mark::comma
fakca ha de ,	verb::vv e::pst.ptcp cm::dat mark::comma
fangse ,	nv::nv mark::comma
hacin hacin i jurgan jurgan i bithe ara fi bu hebi kai ,	nv::nv nv::nv cm::gen nv::nv nv::nv cm::gen nv::nv verb::vv e::cve verb::vv e::fve.prs.prf ptcl mark::comma
juwete tanggū mocin ,	nv::nv nv::nv nv::nv mark::comma
ubaša ra hebe de da hakū o ci ,	verb::vv e::npst.ptcp nv::nv cm::dat verb::vv e::pst.ptcp.neg verb::vv e::cve mark::comma
ciyandzung ci ,	nv::nv cm::abl mark::comma
nikan i fusi ,	nv::nv cm::gen nn::prpn.plc mark::comma
min i tacibu ha tondo mujilen jafa ra bithe hūla fi ,	pn::1sg cm::gen verb::vv e::pst.ptcp nv::adj nv::nv verb::vv e::npst.ptcp nv::nv verb::vv e::cve mark::comma
min i kadala ra emu jalan i sunja niru i cooha be fujiyang ci fakca rakū ,	pn::1sg cm::gen verb::vv e::npst.ptcp nv::nv nv::nv cm::gen nv::nv nv::nv cm::gen nv::nv cm::acc nv::nv cm::abl verb::vv e::npst.ptcp.neg mark::comma
abka gosi fi uba i uji re niyalma ,	nv::nv verb::vv e::cve nv::nv cm::gen verb::vv e::npst.ptcp nv::nv mark::comma
nikan de cooha dosi fi ,	nv::nv cm::dat nv::nv verb::vv e::cve mark::comma
hife ,	nv::nv mark::comma
si_iogi de unggi he bithe i gisun ,	nn::prpn cm::dat verb::vv e::pst.ptcp nv::nv cm::gen nv::nv mark::comma
beile se de waka sabu mbi ,	nv::nv nv::nv cm::dat nv::adj verb::vv e::fve.npst mark::comma
tuttu tondo i fafula rakū ehe miosihon jurgan i yabu ci ,	nv::nv nv::adj cm::gen verb::vv e::npst.ptcp.neg nv::adj nv::adj nv::nv cm::gen verb::vv e::cve mark::comma
ehe sain be dere bani rakū ,	nv::adj nv::adj cm::acc nv::nv verb::vv e::npst.ptcp.neg mark::comma
ere nikan han abka i šajin be gūwaliya fi ,	nv::nv nv::nv nv::nv nv::nv cm::gen nv::nv cm::acc verb::vv e::cve mark::comma
min de juwe jergi cooha ji he ,	pn::1sg cm::dat nv::nv nv::nv nv::nv verb::vv e::pst.ptcp mark::comma
ginjeo duin wei niyalma de ,	nn::prpn.plc nv::nv nv::nv nv::nv cm::dat mark::comma
haha be wa fi ,	nv::nv cm::acc verb::vv e::cve mark::comma
gurun eitere ci waji mbi kai seme hendu ci ,	nv::nv verb::vv e::cve verb::vv e::fve.npst ptcl comp verb::vv e::cve mark::comma
yoto_age ,	nn::prpn mark::comma
uksun i niyalma i becunu re afanu re be tafula ra mangga ,	nv::nv cm::gen nv::nv cm::gen verb::vv e::npst.ptcp verb::vv e::npst.ptcp cm::acc verb::vv e::npst.ptcp nv::adj mark::comma
duin biya i juwan nadan de bithe unggi he bi he ,	nv::nv nv::nv cm::gen nv::nv nv::nv cm::dat nv::nv verb::vv e::pst.ptcp verb::vv e::pst.ptcp mark::comma
mujan ,	nv::nv mark::comma
jai susai ihan be cooha i niyalma de bu he ,	nv::nv nv::nv nv::nv cm::acc nv::nv cm::gen nv::nv cm::dat verb::vv e::pst.ptcp mark::comma
yangguri_efu i boo i hehe de latu fi ,	nn::prpn cm::gen nv::nv cm::gen nv::nv cm::dat verb::vv e::cve mark::comma
juwan jakūn de isinji ∅ ,	nv::nv nv::nv cm::dat verb::vv e::fve.imperative mark::comma
tuttu holto ho seme ,	nv::nv verb::vv e::pst.ptcp comp mark::comma
irina ,	nn::prpn.person mark::comma
etuku sunjata jergi ,	nv::nv nv::nv nv::nv mark::comma
boo i moo saci me gene fi ,	nv::nv cm::gen nv::nv verb::vv e::cve verb::vv e::cve mark::comma
funggiya_golo i amban bi he ,	nn::prpn cm::gen nv::nv verb::vv e::pst.ptcp mark::comma
orho jeku be ume ali me gaija ra ,	nv::nv nv::nv cm::acc nv::nv verb::vv e::cve verb::vv e::npst.ptcp mark::comma
○ gulu šanggiyan i gūsa i bargiya ra ba ,	mark::circle nv::adj nv::nv cm::gen nv::nv cm::gen verb::vv e::npst.ptcp nv::nv mark::comma
cooha ilibu fi morin akū niyalma be morin udabu ∅ ,	nv::nv verb::vv e::cve nv::nv nv::adj nv::nv cm::acc nv::nv verb::vv e::fve.imperative mark::comma
uhereme ilan minggan suje ,	nv::nv nv::nv nv::nv nv::nv mark::comma
fujisa ,	nv::nv mark::comma
nikan i sin i juwan ilan hule emu sin ,	nv::nv cm::gen nv::nv cm::gen nv::nv nv::nv nv::nv nv::nv nv::nv mark::comma
emu jergi buce re weile be guwebu mbi .	nv::nv nv::nv verb::vv e::npst.ptcp nv::nv cm::acc verb::vv e::fve.npst mark::period
ejen wakala fi erun koro goi mbi kai ,	nv::nv verb::vv e::cve nv::nv nv::nv verb::vv e::fve.npst ptcl mark::comma
lio_fujiyang de wasimbu ha ,	nn::prpn cm::dat verb::vv e::pst.ptcp mark::comma
nikan i wan_lii_han ,	nv::nv cm::gen nn::prpn mark::comma
ulin bu me uda ha orho be ejen gaji ha bi ci waji ha ,	nv::nv verb::vv e::cve verb::vv e::pst.ptcp nv::nv cm::acc nv::nv verb::vv e::pst.ptcp verb::vv e::cve verb::vv e::pst.ptcp mark::comma
onoi iogi ,	nn::prpn.person nv::nv mark::comma
du_tang ni yamun de duile ∅ seme bene he .	nv::nv cm::gen nv::nv cm::dat verb::vv e::fve.imperative comp verb::vv e::pst.ptcp mark::period
gūwalca sa i boigon gaji me jide re de ,	nn::prpn.plc nv::nv cm::gen nv::nv verb::vv e::cve verb::vv e::npst.ptcp cm::dat mark::comma
urja ,	nn::prpn.person mark::comma
○ uju mukūn i ilaci tatan ,	mark::circle nv::nv nv::nv cm::gen nv::nv nv::nv mark::comma
tere i gisun be kalka i hūng_baturu_beile i elcin ui_jaisang ,	nv::nv cm::gen nv::nv cm::acc nv::nv cm::gen nn::prpn cm::gen nv::nv nn::prpn mark::comma
jakūn tanggū dehi emu hule ,	nv::nv nv::nv nv::nv nv::nv nv::nv mark::comma
bata kimun seme gida rakū ,	nv::nv nv::nv comp verb::vv e::npst.ptcp.neg mark::comma
gerci hehe be hokobu fi abai_age de bu he ,	nv::nv nv::nv cm::acc verb::vv e::cve nn::prpn cm::dat verb::vv e::pst.ptcp mark::comma
šangna me bu he aika jaka be gemu amasi gai ha ,	verb::vv e::cve verb::vv e::pst.ptcp nv::nv nv::nv cm::acc nv::nv nv::nv verb::vv e::pst.ptcp mark::comma
unde o ci ,	nv::nv verb::vv e::cve mark::comma
be_ing_heo ,	nn::prpn mark::comma
tere ci baise ,	nv::nv cm::abl nv::nv mark::comma
gucu ara ki seme gūni mbi ni ,	nv::nv verb::vv e::fve.opt comp verb::vv e::fve.npst ptcl mark::comma
gercile he gisun mujangga o fi ,	verb::vv e::pst.ptcp nv::nv nv::adj verb::vv e::cve mark::comma
kalka i joriktu_beile ebugedei ,	nv::nv cm::gen nn::prpn nn::prpn.person mark::comma
ukanju be amca fi wa ha seme dehi yan menggun bu he ,	nv::nv cm::acc verb::vv e::cve verb::vv e::pst.ptcp comp nv::nv nv::nv nv::nv verb::vv e::pst.ptcp mark::comma
nadan jakūn mukūn nikan ci uka me ji he manggi ,	nv::nv nv::nv nv::nv nv::nv cm::abl verb::vv e::cve verb::vv e::pst.ptcp nv::nv mark::comma
juwan duin de wasimbu ha ,	nv::nv nv::nv cm::dat verb::vv e::pst.ptcp mark::comma
ihan_alin de emu feye baha ha ,	nn::prpn cm::dat nv::nv nv::nv verb::vv e::pst.ptcp mark::comma
bi gūwa i beye o fi tafula ra ,	pn::1sg nv::nv cm::gen nv::nv verb::vv e::cve verb::vv e::npst.ptcp mark::comma
ici ergi dzung_bing_guwan lio_ting ,	nv::nv nv::nv nv::nv nn::prpn mark::comma
fujiyang fakca hakū seme wesihun han de ala ∅ ,	nv::nv verb::vv e::pst.ptcp.neg comp nv::nv nv::nv cm::dat verb::vv e::fve.imperative mark::comma
jai jergi niyalma de sunjata juru niyalma ,	nv::nv nv::nv nv::nv cm::dat nv::nv nv::nv nv::nv mark::comma
emu niru de uyunjute waliyan wešen dagila ∅ seme hendu he .	nv::nv nv::nv cm::dat nv::nv nv::nv nv::nv verb::vv e::fve.imperative comp verb::vv e::pst.ptcp mark::period
geren cooha de tuwabu me ejebu he ,	nv::adj nv::nv cm::dat verb::vv e::cve verb::vv e::pst.ptcp mark::comma
te geli ehe o ci ,	nv::nv nv::nv nv::adj verb::vv e::cve mark::comma
han baitala fi kooli alabu me ,	nv::nv verb::vv e::cve nv::nv verb::vv e::cve mark::comma
han i fafun i tondo i kadala mbi ,	nv::nv cm::gen nv::nv cm::gen nv::adj cm::gen verb::vv e::fve.npst mark::comma
emte horho ,	nv::nv nv::nv mark::comma
gemu in i juse be unggi fi ejen obu ki seme hendu mbi se re ,	nv::nv pn::3sg cm::gen nv::nv cm::acc verb::vv e::cve nv::nv verb::vv e::fve.opt comp verb::vv e::fve.npst verb::vv e::npst.ptcp mark::comma
( bingtu i gebu konggor ,	mark::lparen nn::prpn.person cm::gen nv::nv nv::nv mark::comma
amala hendu fi unggi re se he bi he ,	nv::nv verb::vv e::cve verb::vv e::npst.ptcp verb::vv e::pst.ptcp verb::vv e::pst.ptcp mark::comma
ere be hori fi asara ki seme gisure fi ,	nv::nv cm::acc verb::vv e::cve verb::vv e::fve.opt comp verb::vv e::cve mark::comma
orin sunja yan i weile waliya mbi ,	nv::nv nv::nv nv::nv cm::gen nv::nv verb::vv e::fve.npst mark::comma
han i bithe ,	nv::nv cm::gen nv::nv mark::comma
turgei dzung_bing_guwan ,	nn::prpn.person nv::nv mark::comma
sin i beye deote juse be ete rakū ba de ,	pn::2sg cm::gen nv::nv nv::nv nv::nv cm::acc verb::vv e::npst.ptcp.neg nv::nv cm::dat mark::comma
juwan uksin i niyalma be hecen tuwakiya me tebu ∅ ,	nv::nv nv::nv cm::gen nv::nv cm::acc nv::nv verb::vv e::cve verb::vv e::fve.imperative mark::comma
sarhū i ninggu de ili ha cooha be tuwa me bi ∅ seme hendu fi ,	nv::nv cm::gen nv::nv cm::dat verb::vv e::pst.ptcp nv::nv cm::acc verb::vv e::cve verb::vv e::fve.imperative comp verb::vv e::cve mark::comma
gala hanci takūrabu re jušen sunjata juru ,	nv::nv nv::adj verb::vv e::npst.ptcp nv::nv nv::nv nv::nv mark::comma
subeliyen benji he juwan ninggun niyalma i boigon be guwebu ∅ ,	nv::nv verb::vv e::pst.ptcp nv::nv nv::nv nv::nv cm::gen nv::nv cm::acc verb::vv e::fve.imperative mark::comma
birai_wargi niyalma donji ci ,	nn::prpn nv::nv verb::vv e::cve mark::comma
arki tebu re ngge ,	nv::nv verb::vv e::npst.ptcp nmlz::nmlz mark::comma
nikan i kooli seme miyoo de hoošan deiji hebi ,	nv::nv cm::gen nv::nv comp nv::nv cm::dat nv::nv verb::vv e::fve.prs.prf mark::comma
munggatu ,	nn::prpn.person mark::comma
gūsa i ejete ,	nv::nv cm::gen nv::nv mark::comma
enggemu hadala emke ,	nv::nv nv::nv nv::nv mark::comma
dulimba i niyalma o ci ihan gai ∅ ,	nv::nv cm::gen nv::nv verb::vv e::cve nv::nv verb::vv e::fve.imperative mark::comma
tere be gemu yargiyala me medege gai fi hūdun alanji ∅ .	nv::nv cm::acc nv::nv verb::vv e::cve nv::nv verb::vv e::cve nv::adj verb::vv e::fve.imperative mark::period
bayara i kiru i ejen de emte suje ,	nv::nv cm::gen nv::nv cm::gen nv::nv cm::dat nv::nv nv::nv mark::comma
ere duin niyalma tofohoci jergi ,	nv::nv nv::nv nv::nv nv::nv nv::nv mark::comma
niowanggiyaha i halhūn muke de basa bu me hoošan deiji he be ,	nn::prpn.plc cm::gen nv::adj nv::nv cm::dat nv::nv verb::vv e::cve nv::nv verb::vv e::pst.ptcp cm::acc mark::comma
jeng_an_pu i tsanjiyang bošo me gama mbi .	nn::prpn cm::gen nv::nv verb::vv e::cve verb::vv e::fve.npst mark::period
in i emu eme de banji ha deo guyeng_baturu_beile be hecen tuwakiya ∅ seme weri he ,	pn::3sg cm::gen nv::nv nv::nv cm::dat verb::vv e::pst.ptcp nv::nv nn::prpn cm::acc nv::nv verb::vv e::fve.imperative comp verb::vv e::pst.ptcp mark::comma
○ joriktu_beile ci ,	mark::circle nn::prpn cm::abl mark::comma
yada ra boigon de juwan angga de emu ihan ,	verb::vv e::npst.ptcp nv::nv cm::dat nv::nv nv::nv cm::dat nv::nv nv::nv mark::comma
ai baha fi wa ra ,	nv::nv verb::vv e::cve verb::vv e::npst.ptcp mark::comma
amba gurun i niyalma gashū ha gisun be aifu ci aifu kini ,	nv::adj nv::nv cm::gen nv::nv verb::vv e::pst.ptcp nv::nv cm::acc verb::vv e::cve verb::vv e::fve.opt mark::comma
burantai min be wa kini ,	nn::prpn.person pn::1sg cm::acc verb::vv e::fve.opt mark::comma
yamun yamun i sakda moo ,	nv::nv nv::nv cm::gen nv::adj nv::nv mark::comma
nikan i fe kooli turigen ,	nv::nv cm::gen nv::adj nv::nv nv::nv mark::comma
unggadai be baksi seme beye i teile .	nn::prpn.person cm::acc nv::nv comp nv::nv cm::gen nv::nv mark::period
jai jakūn niyalma be tanggūta šusiha šusihala fi ,	nv::nv nv::nv nv::nv cm::acc nv::nv nv::nv verb::vv e::cve mark::comma
cang_šan_doo de cooha gene fi ,	nn::prpn cm::dat nv::nv verb::vv e::cve mark::comma
tere be gūni fi muse juwe gurun da ci ehe akū bi he seme ,	nv::nv cm::acc verb::vv e::cve pn::1pl.incl nv::nv nv::nv nv::nv cm::abl nv::adj nv::adj verb::vv e::pst.ptcp comp mark::comma
niyehe niongniyaha i gese banji ha ngge ,	nv::nv nv::nv cm::gen nv::nv verb::vv e::pst.ptcp nmlz::nmlz mark::comma
jušen i cooha duka be nei me durinu hei ,	nv::nv cm::gen nv::nv nv::nv cm::acc verb::vv e::cve verb::vv e::cve mark::comma
ilan minggan ilan tanggū ninggun hule bu he ,	nv::nv nv::nv nv::nv nv::nv nv::nv nv::nv verb::vv e::pst.ptcp mark::comma
soju ,	nn::prpn.person mark::comma
muhaliyan gebungge amban de emu minggan cooha be adabu fi ,	nv::nv nv::adj nv::nv cm::dat nv::nv nv::nv nv::nv cm::acc verb::vv e::cve mark::comma
baha ha niyalma ulha de ulebu re anggala ,	verb::vv e::pst.ptcp nv::nv nv::nv cm::dat verb::vv e::npst.ptcp nv::nv mark::comma
men i gurun ,	pn::1pl.excl cm::gen nv::nv mark::comma
lio_wei_guwe ,	nn::prpn mark::comma
han tuwa fi hendu me ,	nv::nv verb::vv e::cve verb::vv e::cve mark::comma
juwe niyalma takūra fi alanji me ,	nv::nv nv::nv verb::vv e::cve verb::vv e::cve mark::comma
dergi hoton be ka ra cooha tuwa ra duin beile tere hoton de tuta ha ,	nv::nv nv::nv cm::acc verb::vv e::npst.ptcp nv::nv verb::vv e::npst.ptcp nv::nv nv::nv nv::nv nv::nv cm::dat verb::vv e::pst.ptcp mark::comma
huwesi giya me ajabu fi bila ci bija mbi dere ,	nv::nv verb::vv e::cve verb::vv e::cve verb::vv e::cve verb::vv e::fve.npst ptcl mark::comma
nikan han i baru gūni me o fi ,	nv::nv nv::nv cm::gen nv::nv verb::vv e::cve verb::vv e::cve mark::comma
foyoro moo duin ,	nv::nv nv::nv nv::nv mark::comma
nikan be kemuni nikan hafan kadala ci ,	nv::nv cm::acc nv::nv nv::nv nv::nv verb::vv e::cve mark::comma
gubci gurun de gemu uhereme ejen dere ,	nv::adj nv::nv cm::dat nv::nv nv::nv nv::nv ptcl mark::comma
○ jergene ,	mark::circle nn::prpn.person mark::comma
suwen i juwe nofi ama i arki omi re be tafula rakū ,	pn::2pl cm::gen nv::nv nv::nv nv::nv cm::gen nv::nv verb::vv e::npst.ptcp cm::acc verb::vv e::npst.ptcp.neg mark::comma
juwe poo ,	nv::nv nv::nv mark::comma
jušen ,	nv::nv mark::comma
kadala ra nikan bu re ngge ,	verb::vv e::npst.ptcp nv::nv verb::vv e::npst.ptcp nmlz::nmlz mark::comma
ninggun morin .	nv::nv nv::nv mark::period
ninggun niyalma ,	nv::nv nv::nv mark::comma
sirungge ,	nn::prpn.person mark::comma
wa ha niyalma i jeku ,	verb::vv e::pst.ptcp nv::nv cm::gen nv::nv mark::comma
juwe ihan ,	nv::nv nv::nv mark::comma
wan_lii i juwan uyuci aniya ninggun biya i orin duin de baha ha ,	nn::prpn cm::gen nv::nv nv::nv nv::nv nv::nv nv::nv cm::gen nv::nv nv::nv cm::dat verb::vv e::pst.ptcp mark::comma
uksin etu rakū beri jafa ra ngge alhūda_mafa ,	nv::nv verb::vv e::npst.ptcp.neg nv::nv verb::vv e::npst.ptcp nmlz::nmlz nn::prpn mark::comma
niowanggiyaha ,	nn::prpn.plc mark::comma
sunja morin ,	nv::nv nv::nv mark::comma
○ ice ninggun de ,	mark::circle nv::adj nv::nv cm::dat mark::comma
duin biya i orin de ineku wehe_dogon i ba de ,	nv::nv nv::nv cm::gen nv::nv cm::dat nv::nv nn::prpn cm::gen nv::nv cm::dat mark::comma
konata ,	nn::prpn.person mark::comma
ai beile se amban sa ,	nv::nv nv::nv nv::nv nv::nv nv::nv mark::comma
tuba ci daha me ji he niyalma be ,	nv::nv cm::abl verb::vv e::cve verb::vv e::pst.ptcp nv::nv cm::acc mark::comma
han de waka sabu fi weile baha fi boo yada kini ,	nv::nv cm::dat nv::adj verb::vv e::cve nv::nv verb::vv e::cve nv::nv verb::vv e::fve.opt mark::comma
buce he niyalma de bu he ,	verb::vv e::pst.ptcp nv::nv cm::dat verb::vv e::pst.ptcp mark::comma
gemu hūng_baturu gisun i gisure he bi he ,	nv::nv nn::prpn nv::nv cm::gen verb::vv e::pst.ptcp verb::vv e::pst.ptcp mark::comma
emu niyalma mujilen baha fi hendu ci ,	nv::nv nv::nv nv::nv verb::vv e::cve verb::vv e::cve mark::comma
bata kimun seme gida rakū ,	nv::nv nv::nv comp verb::vv e::npst.ptcp.neg mark::comma
morin i adun ilibu mbi seme ala ra jaka de ,	nv::nv cm::gen nv::nv verb::vv e::fve.npst comp verb::vv e::npst.ptcp nv::nv cm::dat mark::comma
amba_beile hendu me ,	nn::prpn verb::vv e::cve mark::comma
meni meni boo ,	nv::nv nv::nv nv::nv mark::comma
tuttu sarkū o ci ,	nv::nv nv::nv verb::vv e::cve mark::comma
beri ,	nv::nv mark::comma
be_ki_ce gebungge duin ciyandzung ,	nn::prpn nv::adj nv::nv nv::nv mark::comma
ehe be gūni ci ,	nv::adj cm::acc verb::vv e::cve mark::comma
ai ai tetun yooni bu he ,	nv::nv nv::nv nv::nv nv::nv verb::vv e::pst.ptcp mark::comma
han i uksun i deo gūwalca ,	nv::nv cm::gen nv::nv cm::gen nv::nv nn::prpn.plc mark::comma
min i ara ha weile waka ,	pn::1sg cm::gen verb::vv e::pst.ptcp nv::nv nv::adj mark::comma
weile he jeku ,	verb::vv e::pst.ptcp nv::nv mark::comma
jaisai gūsin dehi niyalma amca me ji fi ,	nn::prpn.person nv::nv nv::nv nv::nv verb::vv e::cve verb::vv e::cve mark::comma
jantamu janggin de nadata yan i weile waliya mbi ,	nn::prpn.person nv::nv cm::dat nv::nv nv::nv cm::gen nv::nv verb::vv e::fve.npst mark::comma
bi kini seme bibu he .	verb::vv e::fve.opt comp verb::vv e::pst.ptcp mark::period
nene me gene he amban sa be ,	verb::vv e::cve verb::vv e::pst.ptcp nv::nv nv::nv cm::acc mark::comma
monggo yaya hafasa ,	nv::nv nv::nv nv::nv mark::comma
abka i bu he ba be ,	nv::nv cm::gen verb::vv e::pst.ptcp nv::nv cm::acc mark::comma
sejen orin ninggun ,	nv::nv nv::nv nv::nv mark::comma
jang_iogi ,	nn::prpn mark::comma
uba i gašan i niyalma be yendebu re ngge ,	nv::nv cm::gen nv::nv cm::gen nv::nv cm::acc verb::vv e::npst.ptcp nmlz::nmlz mark::comma
bujantai si duri me gai mbi seme gisure he si ,	nn::prpn.person pn::2sg verb::vv e::cve verb::vv e::fve.npst comp verb::vv e::pst.ptcp pn::2sg mark::comma
be gemu amala ainu bi mbi seme hendu fi geli jura ka ,	pn::1pl.excl nv::nv nv::nv nv::nv verb::vv e::fve.npst comp verb::vv e::cve nv::nv verb::vv e::pst.ptcp mark::comma
ere aniya usin tari ∅ ,	nv::nv nv::nv nv::nv verb::vv e::fve.imperative mark::comma
te yaya niyalma ume gaija ra ,	nv::nv nv::nv nv::nv nv::nv verb::vv e::npst.ptcp mark::comma
nikan buye me sain gisun goida rakū wasi mbi kai ,	nv::nv verb::vv e::cve nv::adj nv::nv verb::vv e::npst.ptcp.neg verb::vv e::fve.npst ptcl mark::comma
sihan ,	nv::nv mark::comma
ete he han de te hei daha fi ekisaka banji cina ,	verb::vv e::pst.ptcp nv::nv cm::dat verb::vv e::cve verb::vv e::cve nv::adj verb::vv e::fve.opt mark::comma
ba_giya_tun i hoo_yung_sun ,	nn::prpn cm::gen nn::prpn mark::comma
weile he jeku i dabala ,	verb::vv e::pst.ptcp nv::nv cm::gen ptcl mark::comma
tere dobori ili ha andan de nimanggi nimara fi ,	nv::nv nv::nv verb::vv e::pst.ptcp nv::nv cm::dat nv::nv verb::vv e::cve mark::comma
ihan ilan tanggū ninju sunja ,	nv::nv nv::nv nv::nv nv::nv nv::nv mark::comma
jai julergi guri he ba i jeku be juwebu fi ,	nv::nv nv::nv verb::vv e::pst.ptcp nv::nv cm::gen nv::nv cm::acc verb::vv e::cve mark::comma
jakūn ihan emu morin gama ha ,	nv::nv nv::nv nv::nv nv::nv verb::vv e::pst.ptcp mark::comma
tongki fuka sinda ha hergen i dangse .	nv::nv nv::nv verb::vv e::pst.ptcp nv::nv cm::gen nv::nv mark::period
nikan jušen gemu feye baha habi ,	nv::nv nv::nv nv::nv nv::nv verb::vv e::fve.prs.prf mark::comma
fusi ,	nn::prpn.plc mark::comma
ududu jalan hala me te he boo ,	nv::nv nv::nv verb::vv e::cve verb::vv e::pst.ptcp nv::nv mark::comma
ere emu jurgan i weile ,	nv::nv nv::nv nv::nv cm::gen nv::nv mark::comma
emu minggan cooha be gama me ,	nv::nv nv::nv nv::nv cm::acc verb::vv e::cve mark::comma
tere dobori tuwakiya me bi fi ,	nv::nv nv::nv verb::vv e::cve verb::vv e::cve mark::comma
ere duin biya ci dosi wacihiya me benji ∅ ,	nv::nv nv::nv nv::nv cm::abl nv::nv verb::vv e::cve verb::vv e::fve.imperative mark::comma
cargi niyalma ,	nv::nv nv::nv mark::comma
fanggina de ,	nn::prpn.person cm::dat mark::comma
sakda i šusai be wesibu fi ,	nv::adj cm::gen nv::nv cm::acc verb::vv e::cve mark::comma
hai_si ba_holo_wei i jing du_jy_hūi_tungjy ijingge i omolo saosi ,	nn::prpn nn::prpn cm::gen nv::nv nv::nv nn::prpn.person cm::gen nv::nv nn::prpn.person mark::comma
baindari hendu me ,	nn::prpn.person verb::vv e::cve mark::comma
men i juwe gurun i doro jafa ha beile se ,	pn::1pl.excl cm::gen nv::nv nv::nv cm::gen nv::nv verb::vv e::pst.ptcp nv::nv nv::nv mark::comma
○ ginjeo wei haha i ton ,	mark::circle nn::prpn.plc nv::nv nv::nv cm::gen nv::nv mark::comma
beiguwan be wesibu fi uju jergi iogi obu ha ,	nv::nv cm::acc verb::vv e::cve nv::nv nv::nv nv::nv verb::vv e::pst.ptcp mark::comma
geli hendu me ,	nv::nv verb::vv e::cve mark::comma
ba ba de gene he cooha i niyalma ,	nv::nv nv::nv cm::dat verb::vv e::pst.ptcp nv::nv cm::gen nv::nv mark::comma
nikan de aca ki seme gūni mbi ayoo seme gūni fi ,	nv::nv cm::dat verb::vv e::fve.opt comp verb::vv e::fve.npst nv::nv comp verb::vv e::cve mark::comma
si ji ci ojo rakū mujangga ,	pn::2sg verb::vv e::cve verb::vv e::npst.ptcp.neg nv::adj mark::comma
○ ninggun biya i ice inenggi ,	mark::circle nv::nv nv::nv cm::gen nv::adj nv::nv mark::comma
ba tuwa me sinda mbi .	nv::nv verb::vv e::cve verb::vv e::fve.npst mark::period
emu ergume bu he .	nv::nv nv::nv verb::vv e::pst.ptcp mark::period
guwangning ni ergi ci emu da ing guwan hergen i emu yafahan niyalma uka me ji he ,	nn::prpn.plc cm::gen nv::nv cm::abl nv::nv nv::nv nv::nv nv::nv nv::nv cm::gen nv::nv nv::adj nv::nv verb::vv e::cve verb::vv e::pst.ptcp mark::comma
maise ,	nv::nv mark::comma
tenteke gisun be donji fi ,	nv::nv nv::nv cm::acc verb::vv e::cve mark::comma
tai_loo_tun i gašan i g'o_šusai ,	nn::prpn cm::gen nv::nv cm::gen nn::prpn mark::comma
hai_jeo i jase de anafu te he jaisa ,	nn::prpn cm::gen nv::nv cm::dat nv::nv verb::vv e::pst.ptcp nn::prpn.person mark::comma
emu niru de juwanta šoro yaha sala ∅ ,	nv::nv nv::nv cm::dat nv::nv nv::nv nv::nv verb::vv e::fve.imperative mark::comma
anggara ,	nv::nv mark::comma
cisina ,	nn::prpn.person mark::comma
dain seme balai durbende rahū ,	nv::nv comp nv::nv verb::vv e::fve.prv mark::comma
tofohon i inenggi ,	nv::nv cm::gen nv::nv mark::comma
hūlha holo koimali jalingga ehe kiyangdu mujilen i banji rakū ,	nv::nv nv::nv nv::adj nv::adj nv::adj nv::adj nv::nv cm::gen verb::vv e::npst.ptcp.neg mark::comma
tondohoi juwe tabunang ucara fi ,	nn::prpn.person nv::nv nv::nv verb::vv e::cve mark::comma
lung_king ni duici aniya nadan biya i juwan jakūn de baha ha ,	nn::prpn cm::gen nv::nv nv::nv nv::nv nv::nv cm::gen nv::nv nv::nv cm::dat verb::vv e::pst.ptcp mark::comma
bakiran bi ,	nn::prpn.person verb::vv.npst mark::comma
tere hoton de dedu he ,	nv::nv nv::nv cm::dat verb::vv e::pst.ptcp mark::comma
men de ala ∅ .	pn::1pl.excl cm::dat verb::vv e::fve.imperative mark::period
ere inu .	nv::nv nv::nv mark::period
solho i baru ilan minggan cooha gai fi gene mbi seme algimbu fi bedere he ,	nv::nv cm::gen nv::nv nv::nv nv::nv nv::nv verb::vv e::cve verb::vv e::fve.npst comp verb::vv e::cve verb::vv e::pst.ptcp mark::comma
aduci ,	nn::prpn.person mark::comma
mocin samsu susai ,	nv::nv nv::nv nv::nv mark::comma
ilhi gecuheri ojin ,	nv::nv nv::nv nv::nv mark::comma
g'ai_jeo de jai juwe giyansi jafa fi benji he ,	nn::prpn cm::dat nv::nv nv::nv nv::nv verb::vv e::cve verb::vv e::pst.ptcp mark::comma
baban i ama suwan_i_mafa i gung be ,	nn::prpn.person cm::gen nv::nv nn::prpn cm::gen nv::nv cm::acc mark::comma
emgeri gidalabu ha ,	nv::nv verb::vv e::pst.ptcp mark::comma
gūsin yan naka ha .	nv::nv nv::nv verb::vv e::pst.ptcp mark::period
ehe sain be dere bani rakū ,	nv::adj nv::adj cm::acc nv::nv verb::vv e::npst.ptcp.neg mark::comma
sain juwangduwan emke bu fi ,	nv::adj nv::nv nv::nv verb::vv e::cve mark::comma
○ juwan ninggun de ,	mark::circle nv::nv nv::nv cm::dat mark::comma
naiman i juwe elcin ji he .	nn::prpn.plc cm::gen nv::nv nv::nv verb::vv e::pst.ptcp mark::period
nene he jafan i dele geli jafan ambula gai ha ,	verb::vv e::pst.ptcp nv::nv cm::gen nv::nv nv::nv nv::nv nv::nv verb::vv e::pst.ptcp mark::comma
duka i tule ilibu ha juwe moo de lakiyanji ∅ ,	nv::nv cm::gen nv::nv verb::vv e::pst.ptcp nv::nv nv::nv cm::dat verb::vv e::fve.imperative mark::comma
nitaha beiguwan be wesibu fi iogi obu ha ,	nn::prpn.person nv::nv cm::acc verb::vv e::cve nv::nv verb::vv e::pst.ptcp mark::comma
jušen ,	nv::nv mark::comma
weile he jeku i dabala ,	verb::vv e::pst.ptcp nv::nv cm::gen ptcl mark::comma
dalhio ,	nn::prpn.person mark::comma
puho ,	nn::prpn.plc mark::comma
ere be dabu me menggun sunjata tanggū yan ,	nv::nv cm::acc verb::vv e::cve nv::nv nv::nv nv::nv nv::nv mark::comma
guwangning de ji fi ,	nn::prpn.plc cm::dat verb::vv e::cve mark::comma
u_lii_ho_wei i du_jy_hūi_tungjy anduru i jui barji ,	nn::prpn cm::gen nv::nv nn::prpn.person cm::gen nv::nv nn::prpn.person mark::comma
muhaliyan ,	nv::nv mark::comma
tofohon yan i weile waliya mbi ,	nv::nv nv::nv cm::gen nv::nv verb::vv e::fve.npst mark::comma
boo i uji he ujima ,	nv::nv cm::gen verb::vv e::pst.ptcp nv::nv mark::comma
afabu ha weile be mute mbi ,	verb::vv e::pst.ptcp nv::nv cm::acc verb::vv e::fve.npst mark::comma
muse i jase i dorgi gurun mujangga o ci ,	nv::nv cm::gen nv::nv cm::gen nv::nv nv::nv nv::adj verb::vv e::cve mark::comma
han i afabu ha jurgan be ,	nv::nv cm::gen verb::vv e::pst.ptcp nv::nv cm::acc mark::comma
yafahan cooha axša rakū o fi ,	nv::adj nv::nv verb::vv e::npst.ptcp.neg verb::vv e::cve mark::comma
doro be dasa rakū o fi ,	nv::nv cm::acc verb::vv e::npst.ptcp.neg verb::vv e::cve mark::comma
encu ba de te fi ume gisure re ,	nv::nv nv::nv cm::dat verb::vv e::cve nv::nv verb::vv e::npst.ptcp mark::comma
( abtai ,	mark::lparen nn::prpn.person mark::comma
gakca_modo se re emhun moo i ganggan_i_seterhei gebungge ba de ,	nn::prpn verb::vv e::npst.ptcp nv::nv nv::nv cm::gen nn::prpn nv::adj nv::nv cm::dat mark::comma
fung_hūwang ,	nn::prpn mark::comma
gemu guribu he nikan de bu he ,	nv::nv verb::vv e::pst.ptcp nv::nv cm::dat verb::vv e::pst.ptcp mark::comma
ba_lama be jukte ∅ seme afabu ha ,	nn::prpn cm::acc verb::vv e::fve.imperative comp verb::vv e::pst.ptcp mark::comma
yasun be amasi gaji fi ,	nn::prpn.person cm::acc nv::nv verb::vv e::cve mark::comma
duin niyalma de duite guise ,	nv::nv nv::nv cm::dat nv::nv nv::nv mark::comma
bileri fulgiye me yangsela me yabu ∅ ,	nv::nv verb::vv e::cve verb::vv e::cve verb::vv e::fve.imperative mark::comma
degelei_age ,	nn::prpn mark::comma
muse i gurun julge meni meni ba de te he bi he ,	nv::nv cm::gen nv::nv nv::nv nv::nv nv::nv nv::nv cm::dat verb::vv e::pst.ptcp verb::vv e::pst.ptcp mark::comma
liyoodung de ji he aniya ,	nn::prpn.plc cm::dat verb::vv e::pst.ptcp nv::nv mark::comma
ere biya i orin emu de coko erin de ,	nv::nv nv::nv cm::gen nv::nv nv::nv cm::dat nv::nv nv::nv cm::dat mark::comma
ninggun morin gaji me ji he .	nv::nv nv::nv verb::vv e::cve verb::vv e::pst.ptcp mark::period
jakūn gūsa i beile se amban sa ,	nv::nv nv::nv cm::gen nv::nv nv::nv nv::nv nv::nv mark::comma
suwe alin ci wasi fi genggiyen_han de daha me ji ci ,	pn::2pl nv::nv cm::abl verb::vv e::cve nn::prpn cm::dat verb::vv e::cve verb::vv e::cve mark::comma
nomhon be fujiyang ni hergen be efule fi beiguwan obu ha ,	nv::adj cm::acc nv::nv cm::gen nv::nv cm::acc verb::vv e::cve nv::nv verb::vv e::pst.ptcp mark::comma
ehe be ehe seme han de ala mbi ,	nv::adj cm::acc nv::adj comp nv::nv cm::dat verb::vv e::fve.npst mark::comma
simiyan i baru tabcin gene he de ,	nn::prpn.plc cm::gen nv::nv nv::nv verb::vv e::pst.ptcp cm::dat mark::comma
min i juse omosi jalan hala me han de gosibu me wesihun banji kini .	pn::1sg cm::gen nv::nv nv::nv nv::nv verb::vv e::cve nv::nv cm::dat verb::vv e::cve nv::nv verb::vv e::fve.opt mark::period
jangkio ,	nn::prpn.person mark::comma
han ,	nv::nv mark::comma
uhereme anggala i ton ,	nv::nv nv::nv cm::gen nv::nv mark::comma
iogi hergen i dobi_ecike ,	nv::nv nv::nv cm::gen nn::prpn mark::comma
jakūta de emu feye baha ha ,	nv::nv cm::dat nv::nv nv::nv verb::vv e::pst.ptcp mark::comma
susai sunja hule jeku ,	nv::nv nv::nv nv::nv nv::nv mark::comma
hūwajan ,	nv::nv mark::comma
fakca ha de ,	verb::vv e::pst.ptcp cm::dat mark::comma
sure_kundulen_han i jui guyeng_baturu ,	nn::prpn cm::gen nv::nv nn::prpn mark::comma
muse i gurun i beile se amban sa ,	nv::nv cm::gen nv::nv cm::gen nv::nv nv::nv nv::nv nv::nv mark::comma
sin i banji re ngge goro kai ,	pn::2sg cm::gen verb::vv e::npst.ptcp nmlz::nmlz nv::nv ptcl mark::comma
duici jergi amban sa de ,	nv::nv nv::nv nv::nv nv::nv cm::dat mark::comma
haise gebungge juwe niyalma be sinda fi unggi he .	nn::prpn.person nv::adj nv::nv nv::nv cm::acc verb::vv e::cve verb::vv e::pst.ptcp mark::period
usin tari hakū facuhūn o ci ,	nv::nv verb::vv e::pst.ptcp.neg nv::adj verb::vv e::cve mark::comma
jendu hendu ci ,	nv::nv verb::vv e::cve mark::comma
ihan i beye i amba ajige be eje me bithe ara fi ,	nv::nv cm::gen nv::nv cm::gen nv::adj nv::adj cm::acc verb::vv e::cve nv::nv verb::vv e::cve mark::comma
min i tondo banji re niyalma be ,	pn::1sg cm::gen nv::adj verb::vv e::npst.ptcp nv::nv cm::acc mark::comma
abka i aisila ha be adarame sa ha se ci ,	nv::nv cm::gen verb::vv e::pst.ptcp cm::acc nv::nv verb::vv e::pst.ptcp verb::vv e::cve mark::comma
sargan i baru ,	nv::nv cm::gen nv::nv mark::comma
boo be gemu tuwa sinda habi seme alanji ha manggi ,	nv::nv cm::acc nv::nv nv::nv verb::vv e::fve.prs.prf comp verb::vv e::pst.ptcp nv::nv mark::comma
genggiyen_han hendu me ,	nn::prpn verb::vv e::cve mark::comma
si unenggi ulhi re niyalma bi he bi ci ,	pn::2sg nv::adj verb::vv e::npst.ptcp nv::nv verb::vv e::pst.ptcp verb::vv e::cve mark::comma
nikan i juwe tumen cooha ,	nv::nv cm::gen nv::nv nv::nv nv::nv mark::comma
te hūdun gana fi tebu ∅ .	nv::nv nv::adj verb::vv e::cve verb::vv e::fve.imperative mark::period
tere ci tuci fi ,	nv::nv cm::abl verb::vv e::cve mark::comma
ali me gai ha aha hehe be wa ha ,	verb::vv e::cve verb::vv e::pst.ptcp nv::nv nv::nv cm::acc verb::vv e::pst.ptcp mark::comma
han de waka sabu fi weile baha fi boo yada kini ,	nv::nv cm::dat nv::adj verb::vv e::cve nv::nv verb::vv e::cve nv::nv verb::vv e::fve.opt mark::comma
men i amba cooha wasihūn daila me gene mbi ,	pn::1pl.excl cm::gen nv::adj nv::nv nv::nv verb::vv e::cve verb::vv e::fve.npst mark::comma
baibi ainu guwe mbi ,	nv::nv nv::nv verb::vv e::fve.npst mark::comma
tondo sain niyalma i gisun be gaija rakū ,	nv::adj nv::adj nv::nv cm::gen nv::nv cm::acc verb::vv e::npst.ptcp.neg mark::comma
jai monggo i hūdaša me ji he niyalma be hendu fi ,	nv::nv nv::nv cm::gen verb::vv e::cve verb::vv e::pst.ptcp nv::nv cm::acc verb::vv e::cve mark::comma
erdemungge sain niyalma omi ci ,	nv::adj nv::adj nv::nv verb::vv e::cve mark::comma
enggeder_efu i sargan gege de gūsin dere dasa fi ,	nn::prpn cm::gen nv::nv nv::nv cm::dat nv::nv nv::nv verb::vv e::cve mark::comma
cooha be kadala me ete mbi seme ,	nv::nv cm::acc verb::vv e::cve verb::vv e::fve.npst comp mark::comma
emu jergi buce re weile be guwebu mbi .	nv::nv nv::nv verb::vv e::npst.ptcp nv::nv cm::acc verb::vv e::fve.npst mark::period
ilduci ,	nn::prpn.person mark::comma
cooha i geren ,	nv::nv cm::gen nv::adj mark::comma
○ ineku tere inenggi ,	mark::circle nv::nv nv::nv nv::nv mark::comma
tere ci fulu ekiyehun ume bu re ,	nv::nv cm::abl nv::nv nv::adj nv::nv verb::vv e::npst.ptcp mark::comma
ehe be ehe seme han de ala mbi ,	nv::adj cm::acc nv::adj comp nv::nv cm::dat verb::vv e::fve.npst mark::comma
ula de niyalma gida ha seme weile ara fi juwan yan i gung faita ha ,	nv::nv cm::dat nv::nv verb::vv e::pst.ptcp comp nv::nv verb::vv e::cve nv::nv nv::nv cm::gen nv::nv verb::vv e::pst.ptcp mark::comma
juwan mudan jodo me lakca rakū yabu ci ,	nv::nv nv::nv verb::vv e::cve verb::vv e::npst.ptcp.neg verb::vv e::cve mark::comma
tulgiyen gūni rakū gosi me uji ki se mbi ,	nv::nv verb::vv e::npst.ptcp.neg verb::vv e::cve verb::vv e::fve.opt verb::vv e::fve.npst mark::comma
cooha hecen ci tuci fi bira doo fi ili fi medege donji ci ,	nv::nv nv::nv cm::abl verb::vv e::cve nv::nv verb::vv e::cve verb::vv e::cve nv::nv verb::vv e::cve mark::comma
emu inenggi jurce fi isinji rakū o ho de ,	nv::nv nv::nv verb::vv e::cve verb::vv e::npst.ptcp.neg verb::vv e::pst.ptcp cm::dat mark::comma
cooha gai fi yabu me mute rakū seme olho me gūni rakū ,	nv::nv verb::vv e::cve verb::vv e::cve verb::vv e::npst.ptcp.neg comp verb::vv e::cve verb::vv e::npst.ptcp.neg mark::comma
kubu he lamun ,	verb::vv e::pst.ptcp nv::adj mark::comma
bi ehe mujilen jafa ci ,	pn::1sg nv::adj nv::nv verb::vv e::cve mark::comma
juwan niyalma ,	nv::nv nv::nv mark::comma
seke i haya ha jibca emte ,	nv::nv cm::gen verb::vv e::pst.ptcp nv::nv nv::nv mark::comma
ula de emu feye gidalabu ha ,	nv::nv cm::dat nv::nv nv::nv verb::vv e::pst.ptcp mark::comma
ilaci jergi nosai ,	nv::nv nv::nv nn::prpn.person mark::comma
komso tuci fi yarkiya me gana ∅ ,	nv::adj verb::vv e::cve verb::vv e::cve verb::vv e::fve.imperative mark::comma
tasha elbihe niohe i emu dahū ara ∅ ,	nv::nv nv::nv nv::nv cm::gen nv::nv nv::nv verb::vv e::fve.imperative mark::comma
poo i okto ,	nv::nv cm::gen nv::nv mark::comma
asuru ambula kai seme erdeni_baksi be weile ara fi ,	nv::nv nv::nv ptcl comp nn::prpn cm::acc nv::nv verb::vv e::cve mark::comma
menggun urebu re emu tumen haha de ,	nv::nv verb::vv e::npst.ptcp nv::nv nv::nv nv::nv cm::dat mark::comma
jai ala ha ai ai gisun gemu mujangga o ho manggi ,	nv::nv verb::vv e::pst.ptcp nv::nv nv::nv nv::nv nv::nv nv::adj verb::vv e::pst.ptcp nv::nv mark::comma
in i niru i niyalma i wa ha weile be gida ha seme ,	pn::3sg cm::gen nv::nv cm::gen nv::nv cm::gen verb::vv e::pst.ptcp nv::nv cm::acc verb::vv e::pst.ptcp comp mark::comma
xušu orho i tatan ara fi te he nikan i cooha be gida fi ,	nv::nv nv::nv cm::gen nv::nv verb::vv e::cve verb::vv e::pst.ptcp nv::nv cm::gen nv::nv cm::acc verb::vv e::cve mark::comma
han de wesimbu he manggi ,	nv::nv cm::dat verb::vv e::pst.ptcp nv::nv mark::comma
suwen i solho i gurun ejele he jakūn golo i amban sa ,	pn::2pl cm::gen nv::nv cm::gen nv::nv verb::vv e::pst.ptcp nv::nv nv::nv cm::gen nv::nv nv::nv mark::comma
○ fanggina be wesibu fi dooli obu ha .	mark::circle nn::prpn.person cm::acc verb::vv e::cve nv::nv verb::vv e::pst.ptcp mark::period
ilan inenggi tuwa ci kemuni bi .	nv::nv nv::nv verb::vv e::cve nv::nv verb::vv.npst mark::period
meni meni boo de uthai tebu fi ,	nv::nv nv::nv nv::nv cm::dat nv::nv verb::vv e::cve mark::comma
wesinde re erin isi ka manggi ,	verb::vv e::npst.ptcp nv::nv verb::vv e::pst.ptcp nv::nv mark::comma
suwen i elcin yabu rakū lakca ha de ,	pn::2pl cm::gen nv::nv verb::vv e::npst.ptcp.neg verb::vv e::pst.ptcp cm::dat mark::comma
ilaci jergi tsanjiyang obu ha ,	nv::nv nv::nv nv::nv verb::vv e::pst.ptcp mark::comma
bithe bu fi ,	nv::nv verb::vv e::cve mark::comma
muse juwe gurun amban seme banji me ,	pn::1pl.incl nv::nv nv::nv nv::nv comp verb::vv e::cve mark::comma
○ guwangning ci meng_tungse ,	mark::circle nn::prpn.plc cm::abl nn::prpn mark::comma
mandulai i burula habi ,	nn::prpn.person cm::gen verb::vv e::fve.prs.prf mark::comma
du_tang dzung_bing_guwan be aca ci ,	nv::nv nv::nv cm::acc verb::vv e::cve mark::comma
han de waka sabu fi weile baha fi boo yada kini ,	nv::nv cm::dat nv::adj verb::vv e::cve nv::nv verb::vv e::cve nv::nv verb::vv e::fve.opt mark::comma
fusi lii_yung_fang fujiyang de minggan cooha be adabu fi ,	nn::prpn.plc nn::prpn nv::nv cm::dat nv::nv nv::nv cm::acc verb::vv e::cve mark::comma
monggo i hamuk i elcin darhan_baturu beileingge isinji ha .	nv::nv cm::gen nv::nv cm::gen nv::nv nn::prpn nv::nv verb::vv e::pst.ptcp mark::period
jakūta de emu feye baha ha ,	nv::nv cm::dat nv::nv nv::nv verb::vv e::pst.ptcp mark::comma
○ fulgiyan tasha aniya anagan i ninggun biya i orin juwe de ,	mark::circle nv::nv nv::nv nv::nv nv::nv cm::gen nv::nv nv::nv cm::gen nv::nv nv::nv cm::dat mark::comma
jai bak de gene he elcin be toso fi niyalma wa ha ,	nv::nv nn::prpn.person cm::dat verb::vv e::pst.ptcp nv::nv cm::acc verb::vv e::cve nv::nv verb::vv e::pst.ptcp mark::comma
g'ai_jeo ,	nn::prpn mark::comma
galaktun yooni ,	nv::nv nv::nv mark::comma
toktoi be beiguwan obu ha be nakabu fi ,	nn::prpn.person cm::acc nv::nv verb::vv e::pst.ptcp cm::acc verb::vv e::cve mark::comma
amala ili ha seme waka de obu fi weile ara ha niyalma be uru ara me ,	nv::nv verb::vv e::pst.ptcp comp nv::adj cm::dat verb::vv e::cve nv::nv verb::vv e::pst.ptcp nv::nv cm::acc nv::nv verb::vv e::cve mark::comma
susai yan menggun i cara emke .	nv::nv nv::nv nv::nv cm::gen nv::nv nv::nv mark::period
olji be gaji me ,	nv::nv cm::acc verb::vv e::cve mark::comma
ekene ,	nn::prpn.person mark::comma
min i waka de ,	pn::1sg cm::gen nv::adj cm::dat mark::comma
ukana ra ubaša ra be baica kini ,	verb::vv e::npst.ptcp verb::vv e::npst.ptcp cm::acc verb::vv e::fve.opt mark::comma
tala de aca mbi se re ngge ,	nv::nv cm::dat verb::vv e::fve.npst verb::vv e::npst.ptcp nmlz::nmlz mark::comma
monggo i hūda gaji ha amba eje ihan de orin yan ,	nv::nv cm::gen nv::nv verb::vv e::pst.ptcp nv::adj nv::nv nv::nv cm::dat nv::nv nv::nv mark::comma
han i hecen de ambula bi ,	nv::nv cm::gen nv::nv cm::dat nv::nv verb::vv.npst mark::comma
boihon ,	nv::nv mark::comma
hūlha holo mujilen jafa rakū ,	nv::nv nv::nv nv::nv verb::vv e::npst.ptcp.neg mark::comma
amin_beile šanggiyan bayara niyalma be gai fi gene fi baha ha .	nn::prpn nv::nv nv::nv nv::nv cm::acc verb::vv e::cve verb::vv e::cve verb::vv e::pst.ptcp mark::period
ekisaka uksin saca afa ha jurgan be bošo me akūmbu ki ,	nv::adj nv::nv nv::nv verb::vv e::pst.ptcp nv::nv cm::acc verb::vv e::cve verb::vv e::fve.opt mark::comma
○ juwan emu de ,	mark::circle nv::nv nv::nv cm::dat mark::comma
men i gurun i niyalma basu mbi ,	pn::1pl.excl cm::gen nv::nv cm::gen nv::nv verb::vv e::fve.npst mark::comma
sintai juleri gene he cooha ,	nn::prpn.person nv::nv verb::vv e::pst.ptcp nv::nv mark::comma
juwe niyalma be sa me gai habi ,	nv::nv nv::nv cm::acc verb::vv e::cve verb::vv e::fve.prs.prf mark::comma
uju fusi hakūbi seme ,	nv::nv verb::vv e::fve.prs.prf.neg comp mark::comma
han i fafun i tondo i kadala mbi ,	nv::nv cm::gen nv::nv cm::gen nv::adj cm::gen verb::vv e::fve.npst mark::comma
guwan_tai_deng ,	nn::prpn mark::comma
uba de nene me niyalma takūra ∅ .	nv::nv cm::dat verb::vv e::cve nv::nv verb::vv e::fve.imperative mark::period
joobotu ,	nn::prpn.person mark::comma
min i gisun be daha rakū yehe be daila ha de ,	pn::1sg cm::gen nv::nv cm::acc verb::vv e::npst.ptcp.neg nv::nv cm::acc verb::vv e::pst.ptcp cm::dat mark::comma
han i beye akū o ci ,	nv::nv cm::gen nv::nv nv::adj verb::vv e::cve mark::comma
io_tun_wei hecen i wargi ci dali ha haha ,	nn::prpn nv::nv cm::gen nv::nv cm::abl verb::vv e::pst.ptcp nv::nv mark::comma
susai nadan se ,	nv::nv nv::nv nv::nv mark::comma
wei_šusai dabu rakū niyalma be ,	nn::prpn verb::vv e::npst.ptcp.neg nv::nv cm::acc mark::comma
morin de hūda bu me gai ha ,	nv::nv cm::dat nv::nv verb::vv e::cve verb::vv e::pst.ptcp mark::comma
sereng be han i hashū ergi de besergen i fejile tebu fi sarin sarila ha .	nn::prpn.person cm::acc nv::nv cm::gen nv::nv nv::nv cm::dat nv::nv cm::gen nv::nv verb::vv e::cve nv::nv verb::vv e::pst.ptcp mark::period
iogi šajin i jergi niyalma de afabu ha ,	nv::nv nv::nv cm::gen nv::nv nv::nv cm::dat verb::vv e::pst.ptcp mark::comma
○ babuhai be ,	mark::circle nn::prpn.person cm::acc mark::comma
min be abka urule he ,	pn::1sg cm::acc nv::nv verb::vv e::pst.ptcp mark::comma
inu tere adali wa mbi kai .	nv::nv nv::nv nv::adj verb::vv e::fve.npst ptcl mark::period
boo i uji he ujima ,	nv::nv cm::gen verb::vv e::pst.ptcp nv::nv mark::comma
uru niyalma be waka obu me gisure he seme ,	nv::nv nv::nv cm::acc nv::adj verb::vv e::cve verb::vv e::pst.ptcp comp mark::comma
tanggū yan i weile gai ha ,	nv::nv nv::nv cm::gen nv::nv verb::vv e::pst.ptcp mark::comma
erdeni_baksi hendu me ,	nn::prpn verb::vv e::cve mark::comma
gecuheri suje jodo ro uju jergi niyalma i jergi de obu re ,	nv::nv nv::nv verb::vv e::npst.ptcp nv::nv nv::nv nv::nv cm::gen nv::nv cm::dat verb::vv e::npst.ptcp mark::comma
te ere coko aniya suwen i takūra ha burgi be dabu rakū ,	nv::nv nv::nv nv::nv nv::nv pn::2pl cm::gen verb::vv e::pst.ptcp nn::prpn.person cm::acc verb::vv e::npst.ptcp.neg mark::comma
hiya_age de gung bi se ci ojo rakū ,	nn::prpn cm::dat nv::nv pn::1sg verb::vv e::cve verb::vv e::npst.ptcp.neg mark::comma
tuttu tondo i fafula rakū ehe miosihon jurgan i yabu ci ,	nv::nv nv::adj cm::gen verb::vv e::npst.ptcp.neg nv::adj nv::adj nv::nv cm::gen verb::vv e::cve mark::comma
ere sunja hoton de niyalma akū untuhun bi he ,	nv::nv nv::nv nv::nv cm::dat nv::nv nv::adj nv::adj verb::vv e::pst.ptcp mark::comma
cooha bedere he inenggi ,	nv::nv verb::vv e::pst.ptcp nv::nv mark::comma
tere gisun be mujangga seme ,	nv::nv nv::nv cm::acc nv::adj comp mark::comma
guwangning de si ai baita gene he bi he ,	nn::prpn.plc cm::dat pn::2sg nv::nv nv::nv verb::vv e::pst.ptcp verb::vv e::pst.ptcp mark::comma
juwe inenggi gemu wa fi ,	nv::nv nv::nv nv::nv verb::vv e::cve mark::comma
jakdan de juwe tanggū susai uksin ,	nv::nv cm::dat nv::nv nv::nv nv::nv nv::nv mark::comma
aiha be guribu ∅ seme unggi he bithe ,	nv::nv cm::acc verb::vv e::fve.imperative comp verb::vv e::pst.ptcp nv::nv mark::comma
kalju de gene fi poo sinda ∅ se he bi he ,	nv::nv cm::dat verb::vv e::cve nv::nv verb::vv e::fve.imperative verb::vv e::pst.ptcp verb::vv e::pst.ptcp mark::comma
liyoo_gu_šan i muke ci amasi ,	nn::prpn cm::gen nv::nv cm::abl nv::nv mark::comma
han de ala ra jaka de ,	nv::nv cm::dat verb::vv e::npst.ptcp nv::nv cm::dat mark::comma
aika baita tucike de ,	nv::nv nv::nv nv::nv cm::dat mark::comma
elemangga sin de jobolon isinji re dabala ,	nv::nv pn::2sg cm::dat nv::nv verb::vv e::npst.ptcp ptcl mark::comma
aisin gurun i elcin de fonji me ,	nv::nv nv::nv cm::gen nv::nv cm::dat verb::vv e::cve mark::comma
muse coohala me yabu me orin inenggi isi ka ,	pn::1pl.incl verb::vv e::cve verb::vv e::cve nv::nv nv::nv verb::vv e::pst.ptcp mark::comma
orin sunja de wasimbu ha ,	nv::nv nv::nv cm::dat verb::vv e::pst.ptcp mark::comma
nikan damtun i puseli be gemu naka ∅ ,	nv::nv nv::nv cm::gen nv::nv cm::acc nv::nv verb::vv e::fve.imperative mark::comma
bata kimun seme gida rakū ,	nv::nv nv::nv comp verb::vv e::npst.ptcp.neg mark::comma
amba gurun i han be ,	nv::adj nv::nv cm::gen nv::nv cm::acc mark::comma
emu fulgiyan jafu ,	nv::nv nv::nv nv::nv mark::comma
inu sure_kundulen_han i karun i niyalma nene me sabu mbihe ,	nv::nv nn::prpn cm::gen nv::nv cm::gen nv::nv verb::vv e::cve verb::vv e::fve.pst.ipfv mark::comma
kiyan_can_tun i wang_tsy ,	nn::prpn cm::gen nn::prpn mark::comma
wang_iogi gama fi du_tang deb i seme ala ha ,	nn::prpn verb::vv e::cve nv::nv nv::nv cm::gen comp verb::vv e::pst.ptcp mark::comma
han i tacibu ha tondo fafun be jurce rakū banji ci ,	nv::nv cm::gen verb::vv e::pst.ptcp nv::adj nv::nv cm::acc verb::vv e::npst.ptcp.neg verb::vv e::cve mark::comma
○ daimbu dzung_bing_guwan i emgi bi he borjin ,	mark::circle nn::prpn.person nv::nv cm::gen nv::nv verb::vv e::pst.ptcp nn::prpn.person mark::comma
jai mao_wen_lung ni giyansi be jafa fi wa ha ,	nv::nv nn::prpn cm::gen nv::nv cm::acc verb::vv e::cve verb::vv e::pst.ptcp mark::comma
nikan cooha tuci fi muse i karun i niyalma i ili ha ba be dule me ji hebi seme ala ha manggi ,	nv::nv nv::nv verb::vv e::cve nv::nv cm::gen nv::nv cm::gen nv::nv cm::gen verb::vv e::pst.ptcp nv::nv cm::acc verb::vv e::cve verb::vv e::fve.prs.prf comp verb::vv e::pst.ptcp nv::nv mark::comma
han i bithe ,	nv::nv cm::gen nv::nv mark::comma
han hendu me ,	nv::nv verb::vv e::cve mark::comma
○ ice nadan de ,	mark::circle nv::adj nv::nv cm::dat mark::comma
amargi dube be meile me dosi fi saci ki seme ,	nv::nv nv::nv cm::acc verb::vv e::cve verb::vv e::cve verb::vv e::fve.opt comp mark::comma
encule me šulge_bujan be gai ha ,	verb::vv e::cve nn::prpn cm::acc verb::vv e::pst.ptcp mark::comma
tongki fuka sinda ha hergen i dangse .	nv::nv nv::nv verb::vv e::pst.ptcp nv::nv cm::gen nv::nv mark::period
efu sin i juwe tanggū haha ,	nv::nv pn::2sg cm::gen nv::nv nv::nv nv::nv mark::comma
cooha i niyalma i toron ,	nv::nv cm::gen nv::nv cm::gen nv::nv mark::comma
juwe tanggū susai niyalma uka me ji fi ,	nv::nv nv::nv nv::nv nv::nv verb::vv e::cve verb::vv e::cve mark::comma
langgida ,	nn::prpn.person mark::comma
hūwang_ni_wa i pu i ejen ba_iogi de ,	nn::prpn cm::gen nv::nv cm::gen nv::nv nn::prpn cm::dat mark::comma
ailu ,	nn::prpn.person mark::comma
cooha be amasi bedere me jabdu rahū seme ,	nv::nv cm::acc nv::nv verb::vv e::cve verb::vv e::fve.prv comp mark::comma
hai_jeo ici niyalma ,	nn::prpn nv::nv nv::nv mark::comma
senggi be emu moro ,	nv::nv cm::acc nv::nv nv::nv mark::comma
ilan šeo_pu de juwete niyalma ,	nv::nv nv::nv cm::dat nv::nv nv::nv mark::comma
suwen i ubaša me gene re turgun de guribu he ,	pn::2pl cm::gen verb::vv e::cve verb::vv e::npst.ptcp nv::nv cm::dat verb::vv e::pst.ptcp mark::comma
gemu cing_tai_ioi ,	nv::nv nn::prpn mark::comma
laha_mergen i sargan be wa ha kai ,	nn::prpn cm::gen nv::nv cm::acc verb::vv e::pst.ptcp ptcl mark::comma
lung_king ni ilaci aniya duin biya i orin sunja de baha ha ,	nn::prpn cm::gen nv::nv nv::nv nv::nv nv::nv cm::gen nv::nv nv::nv cm::dat verb::vv e::pst.ptcp mark::comma
soohai ,	nn::prpn.person mark::comma
beile se i bithe wasimbu me ,	nv::nv nv::nv cm::gen nv::nv verb::vv e::cve mark::comma
nicuhe ,	nv::nv mark::comma
jonggodoi i jergi jakūn iogi gene ∅ ,	nn::prpn.person cm::gen nv::nv nv::nv nv::nv verb::vv e::fve.imperative mark::comma
○ fusi_efu ,	mark::circle nn::prpn mark::comma
bata sabu ci ,	nv::nv verb::vv e::cve mark::comma
jori ha jurgan be jurce rakū seme beiguwan obu ha .	verb::vv e::pst.ptcp nv::nv cm::acc verb::vv e::npst.ptcp.neg comp nv::nv verb::vv e::pst.ptcp mark::period
niyaman hūncihin seme harša rakū ,	nv::nv nv::nv comp verb::vv e::npst.ptcp.neg mark::comma
emte tanggū gai ∅ ,	nv::nv nv::nv verb::vv e::fve.imperative mark::comma
amba_beile ,	nn::prpn mark::comma
ejen akū ulin ulha ,	nv::nv nv::adj nv::nv nv::nv mark::comma
jeng_an_pu i tsanjiyang de wasimbu ha ,	nn::prpn cm::gen nv::nv cm::dat verb::vv e::pst.ptcp mark::comma
in i cooha i niyalma be gemu uksilebu fi ,	pn::3sg cm::gen nv::nv cm::gen nv::nv cm::acc nv::nv verb::vv e::cve mark::comma
gūni ha duin gisun be wesimbu mbi ,	verb::vv e::pst.ptcp nv::nv nv::nv cm::acc verb::vv e::fve.npst mark::comma
han i bu re šang ,	nv::nv cm::gen verb::vv e::npst.ptcp nv::nv mark::comma
muse se he ,	pn::1pl.incl verb::vv e::pst.ptcp mark::comma
yaya tuci fi kadala me dosimbu rakū ,	nv::nv verb::vv e::cve verb::vv e::cve verb::vv e::npst.ptcp.neg mark::comma
sunja ba i dube ci sara kiru tukiye fi ,	nv::nv nv::nv cm::gen nv::nv cm::abl nv::nv nv::nv verb::vv e::cve mark::comma
jai usu i hoton de gene fi ka fi hendu me ,	nv::nv nn::prpn.plc cm::gen nv::nv cm::dat verb::vv e::cve verb::vv e::cve verb::vv e::cve mark::comma
nikan cooha be amasi gida fi ,	nv::nv nv::nv cm::acc nv::nv verb::vv e::cve mark::comma
behio ,	nn::prpn.person mark::comma
deo manggo_tabunang ,	nv::nv nn::prpn mark::comma
han i hecen de te he uksin i niyalma ,	nv::nv cm::gen nv::nv cm::dat verb::vv e::pst.ptcp nv::nv cm::gen nv::nv mark::comma
bi gūni ci ,	pn::1sg verb::vv e::cve mark::comma
obohoi ,	nn::prpn.person mark::comma
weihu i dele sure_kundulen_han de niyakūra fi hengkile fi hendu me ,	nv::nv cm::gen nv::nv nn::prpn cm::dat verb::vv e::cve verb::vv e::cve verb::vv e::cve mark::comma
niyalma tondo mujilen be jafa rakū o fi ,	nv::nv nv::adj nv::nv cm::acc verb::vv e::npst.ptcp.neg verb::vv e::cve mark::comma
tamse ara fi benji he ,	nv::nv verb::vv e::cve verb::vv e::pst.ptcp mark::comma
feye de buce he emu niyalma de orin yan ,	nv::nv cm::dat verb::vv e::pst.ptcp nv::nv nv::nv cm::dat nv::nv nv::nv mark::comma
iogi i jui be daha ha ninju isi me giyajan sa be gemu wa fi ,	nv::nv cm::gen nv::nv cm::acc verb::vv e::pst.ptcp nv::nv verb::vv e::cve nv::nv nv::nv cm::acc nv::nv verb::vv e::cve mark::comma
nikan i duin tumen cooha ,	nv::nv cm::gen nv::nv nv::nv nv::nv mark::comma
han i pai be gai fi ,	nv::nv cm::gen nv::nv cm::acc verb::vv e::cve mark::comma
tere geren gurun de baitangga weile kai ,	nv::nv nv::adj nv::nv cm::dat nv::adj nv::nv ptcl mark::comma
abka i wakala ha niyalma anabu mbi buce mbi ,	nv::nv cm::gen verb::vv e::pst.ptcp nv::nv verb::vv e::fve.npst verb::vv e::fve.npst mark::comma
monggo jafa me hadu ∅ ,	nv::nv verb::vv e::cve verb::vv e::fve.imperative mark::comma
nikan han ,	nv::nv nv::nv mark::comma
baha ha ninggun tanggū nadanju morin ,	verb::vv e::pst.ptcp nv::nv nv::nv nv::nv nv::nv mark::comma
wan_lii_han i te he orin sunjaci coko aniya dasa me gashū me aca ha ,	nn::prpn cm::gen verb::vv e::pst.ptcp nv::nv nv::nv nv::nv nv::nv verb::vv e::cve verb::vv e::cve verb::vv e::pst.ptcp mark::comma
adun be ,	nv::nv cm::acc mark::comma
emgeri amasi julesi tuwa hakū ,	nv::nv nv::nv nv::nv verb::vv e::pst.ptcp.neg mark::comma
juleri emu gucu be adabu fi unggi he ,	nv::nv nv::nv nv::nv cm::acc verb::vv e::cve verb::vv e::pst.ptcp mark::comma
duin gūsa i cooha ,	nv::nv nv::nv cm::gen nv::nv mark::comma
jakūn gūsa i dabsun fuifu re nikan be ,	nv::nv nv::nv cm::gen nv::nv verb::vv e::npst.ptcp nv::nv cm::acc mark::comma
tuttu tondo i fafula rakū ehe miosihon jurgan i yabu ci ,	nv::nv nv::adj cm::gen verb::vv e::npst.ptcp.neg nv::adj nv::adj nv::nv cm::gen verb::vv e::cve mark::comma
emu temen gaji me uka me ji he .	nv::nv nv::nv verb::vv e::cve verb::vv e::cve verb::vv e::pst.ptcp mark::period
lung_king ni duici aniya nadan biya i orin jakūn de baha ha .	nn::prpn cm::gen nv::nv nv::nv nv::nv nv::nv cm::gen nv::nv nv::nv cm::dat verb::vv e::pst.ptcp mark::period
tere ci kiyoo de te fi ,	nv::nv cm::abl nv::nv cm::dat verb::vv e::cve mark::comma
juwan seke gaji ha bi he ,	nv::nv nv::nv verb::vv e::pst.ptcp verb::vv e::pst.ptcp mark::comma
yahican ,	nn::prpn.person mark::comma
dobori isinji fi afa me mute hekū ,	nv::nv verb::vv e::cve verb::vv e::cve verb::vv e::pst.ptcp.neg mark::comma
encule me hūrha i cooha be gida ha ,	verb::vv e::cve nv::nv cm::gen nv::nv cm::acc verb::vv e::pst.ptcp mark::comma
fujisa facuhūn o ci ,	nv::nv nv::adj verb::vv e::cve mark::comma
koro baha mbi kai ,	nv::nv verb::vv e::fve.npst ptcl mark::comma
jori fi gaji ∅ se re mao_wen_lung be bu rakū ,	verb::vv e::cve verb::vv e::fve.imperative verb::vv e::npst.ptcp nn::prpn cm::acc verb::vv e::npst.ptcp.neg mark::comma
uheri emu minggan ninggun tanggū ninju sunja monggo de ,	nv::nv nv::nv nv::nv nv::nv nv::nv nv::nv nv::nv nv::nv cm::dat mark::comma
ume wa ra seme hendu ∅ .	nv::nv verb::vv e::npst.ptcp comp verb::vv e::fve.imperative mark::period
arbuha ,	nn::prpn.person mark::comma
gulu suwayan i turgei ,	nv::adj nv::adj cm::gen nn::prpn.person mark::comma
jakūn gūsa i cooha aca fi amasi bedere fi ,	nv::nv nv::nv cm::gen nv::nv verb::vv e::cve nv::nv verb::vv e::cve mark::comma
jai jergi tulhu ,	nv::nv nv::nv nv::nv mark::comma
duka yaksi hakū seme bulehen be ,	nv::nv verb::vv e::pst.ptcp.neg comp nv::nv cm::acc mark::comma
liyoodung ci juwan emu de tuci fi ,	nn::prpn.plc cm::abl nv::nv nv::nv cm::dat verb::vv e::cve mark::comma
se jalgan foholon o fi ,	nv::nv nv::nv nv::adj verb::vv e::cve mark::comma
○ aniya biya i juwan nadan de ,	mark::circle nv::nv nv::nv cm::gen nv::nv nv::nv cm::dat mark::comma
eihen emke ,	nv::nv nv::nv mark::comma
○ jirhai be ,	mark::circle nn::prpn.person cm::acc mark::comma
in i cargi ci ji he monggo i elcin be casi takūra ∅ ,	pn::3sg cm::gen nv::nv cm::abl verb::vv e::pst.ptcp nv::nv cm::gen nv::nv cm::acc nv::nv verb::vv e::fve.imperative mark::comma
uksin saca ,	nv::nv nv::nv mark::comma
orin ihan ,	nv::nv nv::nv mark::comma
inggūldai niru i ciyandzung dzeng_guwan_yoo bi ,	nn::prpn.person nv::nv cm::gen nv::nv nn::prpn verb::vv.npst mark::comma
tuleri te he iogi ,	nv::nv verb::vv e::pst.ptcp nv::nv mark::comma
abka aisila ha se re ngge tere kai ,	nv::nv verb::vv e::pst.ptcp verb::vv e::npst.ptcp nmlz::nmlz nv::nv ptcl mark::comma
tabcin unggi re de ,	nv::nv verb::vv e::npst.ptcp cm::dat mark::comma
uji fi hūda gai me unca kini .	verb::vv e::cve nv::nv verb::vv e::cve verb::vv e::fve.opt mark::period
ere duin beiguwan be efule he ,	nv::nv nv::nv nv::nv cm::acc verb::vv e::pst.ptcp mark::comma
mujilen i ehe de wasi kini .	nv::nv cm::gen nv::adj cm::dat verb::vv e::fve.opt mark::period
sibe ci juse hehesi gaji me uka me ji he gung de ,	nv::nv cm::abl nv::nv nv::nv verb::vv e::cve verb::vv e::cve verb::vv e::pst.ptcp nv::nv cm::dat mark::comma
dorji ,	nn::prpn.person mark::comma
ere ci amasi ginggule me akdula me akūmbu ki ,	nv::nv cm::abl nv::nv verb::vv e::cve verb::vv e::cve verb::vv e::fve.opt mark::comma
kūwaraka_mafa ,	nn::prpn mark::comma
šeo_pu ,	nv::nv mark::comma
ambula weile makta ki seme gaji ha ,	nv::nv nv::nv verb::vv e::fve.opt comp verb::vv e::pst.ptcp mark::comma
orin sunja cooha i niyalma be ,	nv::nv nv::nv nv::nv cm::gen nv::nv cm::acc mark::comma
bu he seme ai tusa seme hendu me amasi gai mbihe .	verb::vv e::pst.ptcp comp nv::nv nv::nv comp verb::vv e::cve nv::nv verb::vv e::fve.pst.ipfv mark::period
ta_šan_pu ci amasi bedere fi ginjeo de dedune he ,	nn::prpn cm::abl nv::nv verb::vv e::cve nn::prpn.plc cm::dat verb::vv e::pst.ptcp mark::comma
šajin i gama me o fi ,	nv::nv cm::gen verb::vv e::cve verb::vv e::cve mark::comma
han i bu re šang ,	nv::nv cm::gen verb::vv e::npst.ptcp nv::nv mark::comma
hai_si biri_wei i du_jy_hūi_ciyanši desu i jui tana ,	nn::prpn nn::prpn cm::gen nv::nv nn::prpn.person cm::gen nv::nv nv::nv mark::comma
juwe minggan olji gaji ha .	nv::nv nv::nv nv::nv verb::vv e::pst.ptcp mark::period
orin tumen inenggi ,	nv::nv nv::nv nv::nv mark::comma
sure_kundulen_han i susai nadan se de ,	nn::prpn cm::gen nv::nv nv::nv nv::nv cm::dat mark::comma
weile i turgun ,	nv::nv cm::gen nv::nv mark::comma
tuttu o fi ,	nv::nv verb::vv e::cve mark::comma
eyun ,	nv::nv mark::comma
mute hekū ,	verb::vv e::pst.ptcp.neg mark::comma
men i cooha dube lakca rakū amasi julesi yabu mbi ,	pn::1pl.excl cm::gen nv::nv nv::nv verb::vv e::npst.ptcp.neg nv::nv nv::nv verb::vv e::fve.npst mark::comma
niongniyaha uji fi je cina ,	nv::nv verb::vv e::cve verb::vv e::fve.opt mark::comma
jang_iogi be ,	nn::prpn cm::acc mark::comma
jai mao_wen_lung ,	nv::nv nn::prpn mark::comma
emu ubu be hafan i aika jaka be asara kini ,	nv::nv nv::nv cm::acc nv::nv cm::gen nv::nv nv::nv cm::acc verb::vv e::fve.opt mark::comma
niolmun ,	nv::nv mark::comma
idu i niyalma dabala ,	nv::nv cm::gen nv::nv ptcl mark::comma
yaran de emu feye baha ha seme ,	nn::prpn.plc cm::dat nv::nv nv::nv verb::vv e::pst.ptcp comp mark::comma
darhan_hiya i eje he be tanggū yan ,	nn::prpn cm::gen verb::vv e::pst.ptcp cm::acc nv::nv nv::nv mark::comma
emgeri langtula bu ha ,	nv::nv verb::vv sfx e::pst.ptcp mark::comma
yehe i asan i beiguwan i hergen be efule he ,	nv::nv cm::gen nn::prpn.person cm::gen nv::nv cm::gen nv::nv cm::acc verb::vv e::pst.ptcp mark::comma
○ jeku bisi re ,	mark::circle nv::nv verb::vv e::npst.ptcp mark::comma
aru i cahar isinji fi ,	nv::nv cm::gen nn::prpn.plc verb::vv e::cve mark::comma
hūsitai orin yan weile faita ha ,	nn::prpn.person nv::nv nv::nv nv::nv verb::vv e::pst.ptcp mark::comma
han ,	nv::nv mark::comma
aiha i boigon i niyalma de ,	nv::nv cm::gen nv::nv cm::gen nv::nv cm::dat mark::comma
○ du_tang ni bithe ,	mark::circle nv::nv cm::gen nv::nv mark::comma
suwen de cargi ci giyansi lakca rakū ji mbi ,	pn::2pl cm::dat nv::nv cm::abl nv::nv verb::vv e::npst.ptcp.neg verb::vv e::fve.npst mark::comma
fusi_efu ,	nn::prpn mark::comma
sahaliyan indahūn aniya i buta ha tana seke silun tasha niohe hailun ulhu ,	nv::adj nv::nv nv::nv cm::gen verb::vv e::pst.ptcp nv::nv nv::nv nv::nv nv::nv nv::nv nv::nv nv::nv mark::comma
tere ci ulan ulan i poo sinda ra tuwa tefembu he ,	nv::nv cm::abl nv::nv nv::nv cm::gen nv::nv verb::vv e::npst.ptcp nv::nv verb::vv e::pst.ptcp mark::comma
giya_jing ni dehi duici aniya uyun biya i juwan ilan de baha ha ,	nn::prpn cm::gen nv::nv nv::nv nv::nv nv::nv nv::nv cm::gen nv::nv nv::nv cm::dat verb::vv e::pst.ptcp mark::comma
tumburu min be wa kini ,	nn::prpn.person pn::1sg cm::acc verb::vv e::fve.opt mark::comma
ilaci jergi fujiyang obu ha .	nv::nv nv::nv nv::nv verb::vv e::pst.ptcp mark::period
susai yan menggun ,	nv::nv nv::nv nv::nv mark::comma
nadata yan i weile waliya mbi ,	nv::nv nv::nv cm::gen nv::nv verb::vv e::fve.npst mark::comma
nadan_fere ,	nn::prpn mark::comma
abka gosi me banji mbi dere ,	nv::nv verb::vv e::cve verb::vv e::fve.npst ptcl mark::comma
juwe ulgiyan ,	nv::nv nv::nv mark::comma
dayangga ci wasihūn ,	nn::prpn.plc cm::abl nv::nv mark::comma
facuhūn amargi ergi de gama ki se ci ,	nv::adj nv::nv nv::nv cm::dat verb::vv e::fve.opt verb::vv e::cve mark::comma
ama i gung de waliya ∅ seme waliya ha .	nv::nv cm::gen nv::nv cm::dat verb::vv e::fve.imperative comp verb::vv e::pst.ptcp mark::period
šundui niru i hondai gebungge beri faksi be ,	nn::prpn.person nv::nv cm::gen nn::prpn.person nv::adj nv::nv nv::nv cm::acc mark::comma
tuttu facuhūn akū ci ,	nv::nv nv::adj verb::vv e::cve mark::comma
gai ci ,	verb::vv e::cve mark::comma
ba i niyalma gene he niyalma be wa habi ,	nv::nv cm::gen nv::nv verb::vv e::pst.ptcp nv::nv cm::acc verb::vv e::fve.prs.prf mark::comma
sure_kundulen_han hendu me ,	nn::prpn verb::vv e::cve mark::comma
hecen ara me orin uksin gene ∅ ,	nv::nv verb::vv e::cve nv::nv nv::nv verb::vv e::fve.imperative mark::comma
hafan sa me bibu ci ,	nv::nv verb::vv e::cve verb::vv e::cve mark::comma
in i gai mbi seme gisure he yehe i buyanggū_beile i non be bai me yehe de gene he manggi ,	pn::3sg cm::gen verb::vv e::fve.npst comp verb::vv e::pst.ptcp nv::nv cm::gen nn::prpn cm::gen nv::nv cm::acc verb::vv e::cve nv::nv cm::dat verb::vv e::pst.ptcp nv::nv mark::comma
○ fujiyang eksingge ,	mark::circle nv::nv nn::prpn.person mark::comma
muse i liyoodung ni ba i jeku kai ,	nv::nv cm::gen nn::prpn.plc cm::gen nv::nv cm::gen nv::nv ptcl mark::comma
dandari ,	nn::prpn.person mark::comma
isamu be juwan morin i ekše me takūra ha bi he ,	nn::prpn.person cm::acc nv::nv nv::nv cm::gen verb::vv e::cve verb::vv e::pst.ptcp verb::vv e::pst.ptcp mark::comma
iogi de gūsita yan menggun ,	nv::nv cm::dat nv::nv nv::nv nv::nv mark::comma
hūlha holo akū ,	nv::nv nv::nv nv::adj mark::comma
tuttu ala ha seme in i eigen sargan i baru becunu me fesheše me wa habi ,	nv::nv verb::vv e::pst.ptcp comp pn::3sg cm::gen nv::nv nv::nv cm::gen nv::nv verb::vv e::cve verb::vv e::cve verb::vv e::fve.prs.prf mark::comma
baha fi gaji ha duin tanggū ulgiyan be ,	verb::vv e::cve verb::vv e::pst.ptcp nv::nv nv::nv nv::nv cm::acc mark::comma
takūra fi ji he jung giyūn de ,	verb::vv e::cve verb::vv e::pst.ptcp nv::nv nv::nv cm::dat mark::comma
ilan gucu gai fi juwe morin ,	nv::nv nv::nv verb::vv e::cve nv::nv nv::nv mark::comma
amba gurun be efule fi gaji ha .	nv::adj nv::nv cm::acc verb::vv e::cve verb::vv e::pst.ptcp mark::period
were ∅ fete ∅ se he manggi ,	verb::vv e::fve.imperative verb::vv e::fve.imperative verb::vv e::pst.ptcp nv::nv mark::comma
budang ,	nn::prpn.person mark::comma
cooha i niyalma be ilan ubu sinda fi ,	nv::nv cm::gen nv::nv cm::acc nv::nv nv::nv verb::vv e::cve mark::comma
inu sin de bene mbi ,	nv::nv pn::2sg cm::dat verb::vv e::fve.npst mark::comma
bi ama han de enteheme akda fi banji ki aina seme gisure he manggi ,	pn::1sg nv::nv nv::nv cm::dat nv::nv verb::vv e::cve verb::vv e::fve.opt verb::vv.npst comp verb::vv e::pst.ptcp nv::nv mark::comma
janja_sui_se ,	nn::prpn mark::comma
han i enggemu hadala toho ho morin yalubu fi unggi he .	nv::nv cm::gen nv::nv nv::nv verb::vv e::pst.ptcp nv::nv verb::vv e::cve verb::vv e::pst.ptcp mark::period
wan_lii i orin emuci aniya uyun biya i orin ilan de baha ha ,	nn::prpn cm::gen nv::nv nv::nv nv::nv nv::nv nv::nv cm::gen nv::nv nv::nv cm::dat verb::vv e::pst.ptcp mark::comma
ere seole fi cimari suwen i gūni ha ba be min de hūlha me ala ∅ seme takūra ha ,	nv::nv verb::vv e::cve nv::nv pn::2pl cm::gen verb::vv e::pst.ptcp nv::nv cm::acc pn::1sg cm::dat verb::vv e::cve verb::vv e::fve.imperative comp verb::vv e::pst.ptcp mark::comma
duici_beile okdo me gene fi ,	nn::prpn verb::vv e::cve verb::vv e::cve mark::comma
min de bi kini ,	pn::1sg cm::dat verb::vv e::fve.opt mark::comma
tundai ,	nn::prpn.person mark::comma
min i waka beye be uru seme muri me gūni ha doro bi o ,	pn::1sg cm::gen nv::adj nv::nv cm::acc nv::nv comp verb::vv e::cve verb::vv e::pst.ptcp nv::nv verb::vv.npst ptcl mark::comma
han i uksun i deo dobi_beile be ,	nv::nv cm::gen nv::nv cm::gen nv::nv nn::prpn cm::acc mark::comma
○ daise fujiyang ikina ,	mark::circle nv::nv nv::nv nn::prpn.person mark::comma
muse i cooha be geren se mbi ,	nv::nv cm::gen nv::nv cm::acc nv::adj verb::vv e::fve.npst mark::comma
kemuni dain be gūni me ,	nv::nv nv::nv cm::acc verb::vv e::cve mark::comma
yoo_jeo de anafu te me gene he .	nn::prpn cm::dat nv::nv verb::vv e::cve verb::vv e::pst.ptcp mark::period
kilin i puse ,	nv::nv cm::gen nv::nv mark::comma
saikan gama ∅ .	nv::adj verb::vv e::fve.imperative mark::period
yehe i niyalma be ilan aniya o tolo weile ara ha niyalma be ilan ubu ara fi ,	nv::nv cm::gen nv::nv cm::acc nv::nv nv::nv verb::vv e::cve nv::nv verb::vv e::pst.ptcp nv::nv cm::acc nv::nv nv::nv verb::vv e::cve mark::comma
i_jeo ci emu dobori dule ke de ,	nn::prpn cm::abl nv::nv nv::nv verb::vv e::pst.ptcp cm::dat mark::comma
jeku hadu re ,	nv::nv verb::vv e::npst.ptcp mark::comma
ume gida ra ,	nv::nv verb::vv e::npst.ptcp mark::comma
han i šangna ha aisin jingse hada ha amba boro ,	nv::nv cm::gen verb::vv e::pst.ptcp nv::nv nv::nv verb::vv e::pst.ptcp nv::adj nv::nv mark::comma
ehe sain be dere bani rakū ,	nv::adj nv::adj cm::acc nv::nv verb::vv e::npst.ptcp.neg mark::comma
juleri enggici seme emu kemun i gūni me bani rakū ci ,	nv::nv nv::nv comp nv::nv nv::nv cm::gen verb::vv e::cve verb::vv e::npst.ptcp.neg e::cve mark::comma
labasihib_taiji de ,	nn::prpn cm::dat mark::comma
da_lu ,	nv::nv mark::comma
tere niyalma de morin bu ∅ ,	nv::nv nv::nv cm::dat nv::nv verb::vv e::fve.imperative mark::comma
tede bu he ngge ,	nv::nv verb::vv e::pst.ptcp nmlz::nmlz mark::comma
miosihon jurgan be yabu ci ,	nv::adj nv::nv cm::acc verb::vv e::cve mark::comma
beile si buce ci ,	nv::nv pn::2sg verb::vv e::cve mark::comma
sin de be jase tuci me gene ki seme takūra ci ,	pn::2sg cm::dat nv::nv nv::nv verb::vv e::cve verb::vv e::fve.opt comp verb::vv e::cve mark::comma
han i bu re šang ,	nv::nv cm::gen verb::vv e::npst.ptcp nv::nv mark::comma
fe_ala de lišan ,	nn::prpn cm::dat nn::prpn.person mark::comma
han i jui abatai de banji ha amba sargan jui be ,	nv::nv cm::gen nv::nv nn::prpn.person cm::dat verb::vv e::pst.ptcp nv::adj nv::nv nv::nv cm::acc mark::comma
tanggū uyunju yan ,	nv::nv nv::nv nv::nv mark::comma
yoo_jeo i amargi burantai niru i jušen te he jao_giya_tun de tebu he .	nn::prpn cm::gen nv::nv nn::prpn.person nv::nv cm::gen nv::nv verb::vv e::pst.ptcp nn::prpn cm::dat verb::vv e::pst.ptcp mark::period
wasi ka manggi wa mbi seme hendu mbi se re ,	verb::vv e::pst.ptcp nv::nv verb::vv e::fve.npst comp verb::vv e::fve.npst verb::vv e::npst.ptcp mark::comma
uheri susaita suje ,	nv::nv nv::nv nv::nv mark::comma
gi ši jung hafasa ,	nv::nv nv::nv nv::nv nv::nv mark::comma
○ tere aniya sunja biya i orin de ,	mark::circle nv::nv nv::nv nv::nv nv::nv cm::gen nv::nv cm::dat mark::comma
jai emu ba de te he nadan niyalma ,	nv::nv nv::nv nv::nv cm::dat verb::vv e::pst.ptcp nv::nv nv::nv mark::comma
iogi hergen i hafan i te he fusi hecen be ka me gene re de ,	nv::nv nv::nv cm::gen nv::nv cm::gen verb::vv e::pst.ptcp nn::prpn.plc nv::nv cm::acc verb::vv e::cve verb::vv e::npst.ptcp cm::dat mark::comma
jai suwen i fejile jušen aba ,	nv::nv pn::2pl cm::gen nv::nv nv::nv nv::nv mark::comma
gemu amasi bedere me gene re be ,	nv::nv nv::nv verb::vv e::cve verb::vv e::npst.ptcp cm::acc mark::comma
duin golo i cooha be wa ki ,	nv::nv nv::nv cm::gen nv::nv cm::acc verb::vv e::fve.opt mark::comma
usin boo jeku be ,	nv::nv nv::nv nv::nv cm::acc mark::comma
jušen gurun i ba ba i cooha be tala de aca ci ,	nv::nv nv::nv cm::gen nv::nv nv::nv cm::gen nv::nv cm::acc nv::nv cm::dat verb::vv e::cve mark::comma
yasingga ,	nn::prpn.person mark::comma
jai usin weile re aha i gese niyalma be ,	nv::nv nv::nv verb::vv e::npst.ptcp nv::nv cm::gen nv::nv nv::nv cm::acc mark::comma
guwangning ni šun dekde re ergi ala ∅ de ebu fi ,	nn::prpn.plc cm::gen nv::nv verb::vv e::npst.ptcp nv::nv verb::vv e::fve.imperative cm::dat verb::vv e::cve mark::comma
juwan haha de juwe haha tuci fi hecen weile re ngge ,	nv::nv nv::nv cm::dat nv::nv nv::nv verb::vv e::cve nv::nv verb::vv e::npst.ptcp nmlz::nmlz mark::comma
ere aniya guwangning ni baru cooha gene ki se ci ,	nv::nv nv::nv nn::prpn.plc cm::gen nv::nv nv::nv verb::vv e::fve.opt verb::vv e::cve mark::comma
guwangning ,	nn::prpn.plc mark::comma
tere i ama eme gemu bi ,	nv::nv cm::gen nv::nv nv::nv nv::nv verb::vv.npst mark::comma
hada i beile i hoifa i sargan de banji ha sargan jui be ,	nn::prpn.plc cm::gen nv::nv cm::gen nn::prpn.plc cm::gen nv::nv cm::dat verb::vv e::pst.ptcp nv::nv nv::nv cm::acc mark::comma
te re boo ,	verb::vv e::npst.ptcp nv::nv mark::comma
nikan jafa ∅ ,	nv::nv verb::vv e::fve.imperative mark::comma
gurbusi_beile ci ,	nn::prpn cm::abl mark::comma
julergi donggo i golo be dosi re cooha ,	nv::nv nn::prpn.plc cm::gen nv::nv cm::acc verb::vv e::npst.ptcp nv::nv mark::comma
deo hūribu_beile ilan nofi be gemu weihun jafa ha ,	nv::nv nn::prpn nv::nv nv::nv cm::acc nv::nv nv::adj verb::vv e::pst.ptcp mark::comma
amba cooha be gai fi amargi be tuwa me amala ji ∅ ,	nv::adj nv::nv cm::acc verb::vv e::cve nv::nv cm::acc verb::vv e::cve nv::nv verb::vv e::fve.imperative mark::comma
ša_ling ci ebsi ,	nn::prpn cm::abl nv::nv mark::comma
si geli ama han be karu urgunjebu me ,	pn::2sg nv::nv nv::nv nv::nv cm::acc nv::nv verb::vv e::cve mark::comma
in i buya juse nimeku baha ci tuwakiya me erše kini ,	pn::3sg cm::gen nv::adj nv::nv nv::nv verb::vv e::cve verb::vv e::cve verb::vv e::fve.opt mark::comma
gemu juse omosi jalan hala me alban de ume dabu re ,	nv::nv nv::nv nv::nv nv::nv verb::vv e::cve nv::nv cm::dat nv::nv verb::vv e::npst.ptcp mark::comma
duka tolo me weile mbi ,	nv::nv verb::vv e::cve verb::vv e::fve.npst mark::comma
yaha_muke ,	nn::prpn mark::comma
han i afabu ha jurgan be ,	nv::nv cm::gen verb::vv e::pst.ptcp nv::nv cm::acc mark::comma
ere liyoodung ni hecen de ji fi ,	nv::nv nn::prpn.plc cm::gen nv::nv cm::dat verb::vv e::cve mark::comma
manggūldai_taiji ,	nn::prpn mark::comma
boo acan te ,	nv::nv nv::nv nv::nv mark::comma
jase i dolo tebu he niyalma be baica ∅ ,	nv::nv cm::gen nv::nv verb::vv e::pst.ptcp nv::nv cm::acc verb::vv e::fve.imperative mark::comma
bi sa ci ,	pn::1sg verb::vv e::cve mark::comma
juse hehesi be tuba de geren de tuwabu me wa ∅ .	nv::nv nv::nv cm::acc nv::nv cm::dat nv::adj cm::dat verb::vv e::cve verb::vv e::fve.imperative mark::period
nacibu_hiya be urkingge holo seme ,	nn::prpn cm::acc nv::adj nv::nv comp mark::comma
○ bak_taiji ,	mark::circle nn::prpn mark::comma
kutule de ilan yan menggun ,	nv::nv cm::dat nv::nv nv::nv nv::nv mark::comma
afabu ha jurgan be bahana ra i teile kice ki .	verb::vv e::pst.ptcp nv::nv cm::acc verb::vv e::npst.ptcp cm::gen nv::nv verb::vv e::fve.opt mark::period
yakcan bi ,	nn::prpn.person verb::vv.npst mark::comma
han'_i gebungge juwe solho be baha fi gaji fi fonji ci ,	nn::prpn nv::adj nv::nv nv::nv cm::acc verb::vv e::cve verb::vv e::cve verb::vv e::cve mark::comma
fujiyang de jakūta bu he ,	nv::nv cm::dat nv::nv verb::vv e::pst.ptcp mark::comma
jakūn gūsa i nukte re monggo be simiyan i hecen de jeku isabu ∅ seme weri he bi he ,	nv::nv nv::nv cm::gen verb::vv e::npst.ptcp nv::nv cm::acc nn::prpn.plc cm::gen nv::nv cm::dat nv::nv verb::vv e::fve.imperative comp verb::vv e::pst.ptcp verb::vv e::pst.ptcp mark::comma
gūwa jaka be gemu gai ha ,	nv::nv nv::nv cm::acc nv::nv verb::vv e::pst.ptcp mark::comma
hūla ha gisun be jurce me ,	verb::vv e::pst.ptcp nv::nv cm::acc verb::vv e::cve mark::comma
minggan hule jeku be gemu bederebu me ineku min de benji ∅ ,	nv::nv nv::nv nv::nv cm::acc nv::nv verb::vv e::cve nv::nv pn::1sg cm::dat verb::vv e::fve.imperative mark::comma
tere ci jai tuwa ci ,	nv::nv cm::abl nv::nv verb::vv e::cve mark::comma
ice sunja be dule ke manggi ,	nv::adj nv::nv cm::acc verb::vv e::pst.ptcp nv::nv mark::comma
bi ala fi uba de banji mbi seme hendu re jaka de ,	pn::1sg verb::vv e::cve nv::nv cm::dat verb::vv e::fve.npst comp verb::vv e::npst.ptcp nv::nv cm::dat mark::comma
cifun bu rakū ,	nv::nv verb::vv e::npst.ptcp.neg mark::comma
ula_bira i muke i dulimba de unggi fi hūla me hendu me ,	nn::prpn cm::gen nv::nv cm::gen nv::nv cm::dat verb::vv e::cve verb::vv e::cve verb::vv e::cve mark::comma
monggo i morin tarhū ha manggi ,	nv::nv cm::gen nv::nv verb::vv e::pst.ptcp nv::nv mark::comma
niru i niyalma geren i aisila ∅ .	nv::nv cm::gen nv::nv nv::adj cm::gen verb::vv e::fve.imperative mark::period
nanjilan iogi ,	nn::prpn.person nv::nv mark::comma
solho i yafahan cooha gemu hoošan i olbo etu hebi ,	nv::nv cm::gen nv::adj nv::nv nv::nv nv::nv cm::gen nv::nv verb::vv e::fve.prs.prf mark::comma
yangguri ,	nn::prpn.person mark::comma
○ ice ilan de ,	mark::circle nv::adj nv::nv cm::dat mark::comma
han ,	nv::nv mark::comma
beile se i boo weile re ,	nv::nv nv::nv cm::gen nv::nv verb::vv e::npst.ptcp mark::comma
han i hecen de te he uksin i niyalma ,	nv::nv cm::gen nv::nv cm::dat verb::vv e::pst.ptcp nv::nv cm::gen nv::nv mark::comma
niyalma wa ha niyalma de hergen ainu bu mbi seme ,	nv::nv verb::vv e::pst.ptcp nv::nv cm::dat nv::nv nv::nv verb::vv e::fve.npst comp mark::comma
gese haha kai ,	nv::nv nv::nv ptcl mark::comma
amban sa be unggi fi wehe suwele me baha ha niyalma be susaita moo tanta ha ,	nv::nv nv::nv cm::acc verb::vv e::cve nv::nv verb::vv e::cve verb::vv e::pst.ptcp nv::nv cm::acc nv::nv nv::nv verb::vv e::pst.ptcp mark::comma
šose ,	nn::prpn.person mark::comma
afabu ha weile be mute mbi ,	verb::vv e::pst.ptcp nv::nv cm::acc verb::vv e::fve.npst mark::comma
geren be dele ara fi ,	nv::adj cm::acc nv::nv verb::vv e::cve mark::comma
herbu ,	nn::prpn.person mark::comma
guwangning ci unggi he bithe ,	nn::prpn.plc cm::abl verb::vv e::pst.ptcp nv::nv mark::comma
liyoodung ni hecen de ,	nn::prpn.plc cm::gen nv::nv cm::dat mark::comma
uttu yamula ra erin be jurce ci ,	nv::nv verb::vv e::npst.ptcp nv::nv cm::acc verb::vv e::cve mark::comma
sailanggo ,	nn::prpn.person mark::comma
ejen i afabu ha moo muke i weile be olho me gele me jurce rakū akūmbu ci ,	nv::nv cm::gen verb::vv e::pst.ptcp nv::nv nv::nv cm::gen nv::nv cm::acc verb::vv e::cve verb::vv e::cve verb::vv e::npst.ptcp.neg verb::vv e::cve mark::comma
juwe yan aisin ,	nv::nv nv::nv nv::nv mark::comma
baduri ,	nn::prpn.person mark::comma
tere sargan jui turgun de hada i gurun efuje he ,	nv::nv nv::nv nv::nv nv::nv cm::dat nn::prpn.plc cm::gen nv::nv verb::vv e::pst.ptcp mark::comma
○ tofohon de ,	mark::circle nv::nv cm::dat mark::comma
tere inenggi ,	nv::nv nv::nv mark::comma
○ xušalan i orin sunja yan i gung be jaciba ji fi faita ha .	mark::circle nn::prpn.person cm::gen nv::nv nv::nv nv::nv cm::gen nv::nv cm::acc nn::prpn.person verb::vv e::cve verb::vv e::pst.ptcp mark::period
hai_si da_mao_wei i du_jy_hūi narkibu i omolo dagūda ,	nn::prpn nn::prpn cm::gen nv::nv nn::prpn.person cm::gen nv::nv nn::prpn.person mark::comma
emu udu inenggi o ho manggi ,	nv::nv nv::nv nv::nv verb::vv e::pst.ptcp nv::nv mark::comma
tere ci juwe cooha ishun jurce me dosi fi lalanji ucu fi gabta me saci me afa hai ,	nv::nv cm::abl nv::nv nv::nv nv::nv verb::vv e::cve verb::vv e::cve nv::adj verb::vv e::cve verb::vv e::cve verb::vv e::cve verb::vv e::cve mark::comma
hūi_an_pu ,	nn::prpn mark::comma
jai amba edun yamun yamun i amba moo fulehe suwaliya me ukca ha ,	nv::nv nv::adj nv::nv nv::nv nv::nv cm::gen nv::adj nv::nv nv::nv verb::vv e::cve verb::vv e::pst.ptcp mark::comma
emken de saca bi ,	nv::nv cm::dat nv::nv verb::vv.npst mark::comma
hoton hecen de afa ra de ,	nv::nv nv::nv cm::dat verb::vv e::npst.ptcp cm::dat mark::comma
arbuha ,	nn::prpn.person mark::comma
boigon ,	nv::nv mark::comma
jakūn beile ,	nv::nv nv::nv mark::comma
gintaisi_beile i dosimbu fi ,	nn::prpn cm::gen verb::vv e::cve mark::comma
tondo sijirhūn ulin akū yada ra niyalma be jobobu me ,	nv::adj nv::adj nv::nv nv::adj verb::vv e::npst.ptcp nv::nv cm::acc verb::vv e::cve mark::comma
juwan gvlmahūn ,	nv::nv nv::nv mark::comma
bakiran ,	nn::prpn.person mark::comma
○ anafu tene he yangguri ,	mark::circle nv::nv verb::vv e::pst.ptcp nn::prpn.person mark::comma
jušen seke haya ha jibca emke ,	nv::nv nv::nv verb::vv e::pst.ptcp nv::nv nv::nv mark::comma
han i cacari be hūlha me gama fi efule fi in i boo i haha de etubu hebi ,	nv::nv cm::gen nv::nv cm::acc verb::vv e::cve verb::vv e::cve verb::vv e::cve pn::3sg cm::gen nv::nv cm::gen nv::nv cm::dat verb::vv e::fve.prs.prf mark::comma
liyoodung be gaija ra de ,	nn::prpn.plc cm::acc verb::vv e::npst.ptcp cm::dat mark::comma
šose ,	nn::prpn.person mark::comma
dali me gene he cooha be dabu rakū in i cisu i doigon de hūng_ciling ni ba i ilan tanggū susai haha be gai fi ,	verb::vv e::cve verb::vv e::pst.ptcp nv::nv cm::acc verb::vv e::npst.ptcp.neg pn::3sg cm::gen nv::nv cm::gen nv::nv cm::dat nn::prpn cm::gen nv::nv cm::gen nv::nv nv::nv nv::nv nv::nv cm::acc verb::vv e::cve mark::comma
tere ci gūsa i beile gai fi šun tuci me jakūn hošonggo ordo de isa ∅ ,	nv::nv cm::abl nv::nv cm::gen nv::nv verb::vv e::cve nv::nv verb::vv e::cve nv::nv nv::adj nv::nv cm::dat verb::vv e::fve.imperative mark::comma
juwan gvlmahūn benji he ,	nv::nv nv::nv verb::vv e::pst.ptcp mark::comma
bi niyakūra rakū ,	pn::1sg verb::vv e::npst.ptcp.neg mark::comma
○ tofohon de ,	mark::circle nv::nv cm::dat mark::comma
ganggada be gana ∅ fonji ki seme juwe jergi gana ci ,	nn::prpn.person cm::acc verb::vv e::fve.imperative verb::vv e::fve.opt comp nv::nv nv::nv verb::vv e::cve mark::comma
emgeri gasabu hakū ,	nv::nv verb::vv e::pst.ptcp.neg mark::comma
○ yangguri be ,	mark::circle nn::prpn.person cm::acc mark::comma
uba de ainu dedu mbi seme mara me gaji fi dobori isinji ha seme ,	nv::nv cm::dat nv::nv verb::vv e::fve.npst comp verb::vv e::cve verb::vv e::cve nv::nv verb::vv e::pst.ptcp comp mark::comma
akū bi he seme susai šusiha šusihala ha ,	nv::adj verb::vv e::pst.ptcp comp nv::nv nv::nv verb::vv e::pst.ptcp mark::comma
haliona ,	nn::prpn.person mark::comma
yaka niyalma gai ha sargan de banji ci aca rakū ,	nv::nv nv::nv verb::vv e::pst.ptcp nv::nv cm::dat verb::vv e::cve verb::vv e::npst.ptcp.neg mark::comma
sin i bele re gisun be ende mbi o ,	pn::2sg cm::gen verb::vv e::npst.ptcp nv::nv cm::acc verb::vv e::fve.npst ptcl mark::comma
siromo_ho_wei i du_jy_hūi jui yangbulu ,	nn::prpn cm::gen nv::nv nv::nv nn::prpn.person mark::comma
sui de burhanggū bi wasi kini .	nv::nv cm::dat nn::prpn.person pn::1sg verb::vv e::fve.opt mark::period
beye buce kini ,	nv::nv verb::vv e::fve.opt mark::comma
wei_giya_ling ,	nn::prpn mark::comma
han i bithe ,	nv::nv cm::gen nv::nv mark::comma
han i bu he hergen ,	nv::nv cm::gen verb::vv e::pst.ptcp nv::nv mark::comma
tere šangna me bu re inenggi abka aga mbihe ,	nv::nv verb::vv e::cve verb::vv e::npst.ptcp nv::nv nv::nv verb::vv e::fve.pst.ipfv mark::comma
hehesi sa fi ala fi ,	nv::nv verb::vv e::cve verb::vv e::cve mark::comma
tanggūdai_age i dzung_bing_guwan i hergen be efule fi uju jergi tsanjiyang obu ha ,	nn::prpn cm::gen nv::nv cm::gen nv::nv cm::acc verb::vv e::cve nv::nv nv::nv nv::nv verb::vv e::pst.ptcp mark::comma
jalan jalan i weile baha ra sui ere inu ,	nv::nv nv::nv cm::gen nv::nv verb::vv e::npst.ptcp nv::nv nv::nv nv::nv mark::comma
sure_kundulen_han ,	nn::prpn mark::comma
jai inu abka gosi fi han o fi ,	nv::nv nv::nv nv::nv verb::vv e::cve nv::nv verb::vv e::cve mark::comma
uksin etu rakū beri jafa ra ngge todai ,	nv::nv verb::vv e::npst.ptcp.neg nv::nv verb::vv e::npst.ptcp nmlz::nmlz nv::nv mark::comma
gašan i buya niyalma ,	nv::nv cm::gen nv::adj nv::nv mark::comma
sunja niru i niyalma be sin i beye ci ume faksala ra ,	nv::nv nv::nv cm::gen nv::nv cm::acc pn::2sg cm::gen nv::nv cm::abl nv::nv verb::vv e::npst.ptcp mark::comma
giya_jing ni orin nadaci aniya nadan biya i ice uyun de baha ha ,	nn::prpn cm::gen nv::nv nv::nv nv::nv nv::nv nv::nv cm::gen nv::adj nv::nv cm::dat verb::vv e::pst.ptcp mark::comma
jori ha jurgan be jurce rakū seme ,	verb::vv e::pst.ptcp nv::nv cm::acc verb::vv e::npst.ptcp.neg comp mark::comma
taringga ,	nn::prpn.person mark::comma
jai tang_jeo ba i nadanju sunja weihu i cooha ji he be afa fi ,	nv::nv nn::prpn nv::nv cm::gen nv::nv nv::nv nv::nv cm::gen nv::nv verb::vv e::pst.ptcp cm::acc verb::vv e::cve mark::comma
niyalma sabu re teile farhūn o tolo wa ha ,	nv::nv verb::vv e::npst.ptcp nv::nv nv::adj verb::vv e::cve verb::vv e::pst.ptcp mark::comma
min i alban gaija ra guwangning ni ba be si ume daila ra ,	pn::1sg cm::gen nv::nv verb::vv e::npst.ptcp nn::prpn.plc cm::gen nv::nv cm::acc pn::2sg nv::nv verb::vv e::npst.ptcp mark::comma
siye_io ,	nn::prpn mark::comma
tere i amala ,	nv::nv cm::gen nv::nv mark::comma
sargan jui be gaija ra ejen bi koro rakū ba de ,	nv::nv nv::nv cm::acc verb::vv e::npst.ptcp nv::nv pn::1sg verb::vv e::npst.ptcp.neg nv::nv cm::dat mark::comma
men i kutule yafahan emu juwan jui se i uju hūwaja ha ,	pn::1pl.excl cm::gen nv::nv nv::adj nv::nv nv::nv nv::nv nv::nv cm::gen nv::nv verb::vv e::pst.ptcp mark::comma
ere gisun be bithe ara fi jakūn beile se ci fusihūn ,	nv::nv nv::nv cm::acc nv::nv verb::vv e::cve nv::nv nv::nv nv::nv cm::abl nv::adj mark::comma
emu tsanjiyang juwe iogi gaibu ha ,	nv::nv nv::nv nv::nv nv::nv verb::vv e::pst.ptcp mark::comma
inu min i niyalma be jafa fi guwangning de bene he ,	nv::nv pn::1sg cm::gen nv::nv cm::acc verb::vv e::cve nn::prpn.plc cm::dat verb::vv e::pst.ptcp mark::comma
si sucu fi olji ara ∅ seme hendu he ,	pn::2sg verb::vv e::cve nv::nv verb::vv e::fve.imperative comp verb::vv e::pst.ptcp mark::comma
fenehe_golo i niyalma kemuni ula i bujantai be daha fi bi he ,	nn::prpn cm::gen nv::nv nv::nv nv::nv cm::gen nn::prpn.person cm::acc verb::vv e::cve verb::vv e::pst.ptcp mark::comma
bi gai fi bu re .	pn::1sg verb::vv e::cve verb::vv e::npst.ptcp mark::period
han i tacibu ha tondo fafun be jurce rakū banji ci ,	nv::nv cm::gen verb::vv e::pst.ptcp nv::adj nv::nv cm::acc verb::vv e::npst.ptcp.neg verb::vv e::cve mark::comma
han i bu re šang ,	nv::nv cm::gen verb::vv e::npst.ptcp nv::nv mark::comma
○ gulu suwayan gūsa ,	mark::circle nv::adj nv::adj nv::nv mark::comma
amban sa geren ilibu ha tusa seme elehun gūni re seme hendu he .	nv::nv nv::nv nv::adj verb::vv e::pst.ptcp nv::nv comp nv::adj verb::vv e::npst.ptcp comp verb::vv e::pst.ptcp mark::period
si geren i banji re be efule re ehe niyalma kai ,	pn::2sg nv::adj cm::gen verb::vv e::npst.ptcp cm::acc verb::vv e::npst.ptcp nv::adj nv::nv ptcl mark::comma
manggūltai_beile ,	nn::prpn mark::comma
ehetu ,	nn::prpn.person mark::comma
si min de ai jobolon seme ji hebi kai ,	pn::2sg pn::1sg cm::dat nv::nv nv::nv comp verb::vv e::fve.prs.prf ptcl mark::comma
emu minggan cooha be girin_hada i ninggu de unggi he manggi ,	nv::nv nv::nv nv::nv cm::acc nn::prpn cm::gen nv::nv cm::dat verb::vv e::pst.ptcp nv::nv mark::comma
nikan cooha muse i wehe juwe re yafahan cooha jaifiyan i girin_hada de tafa ka be sabu fi ,	nv::nv nv::nv nv::nv cm::gen nv::nv verb::vv e::npst.ptcp nv::adj nv::nv nv::nv cm::gen nn::prpn cm::dat verb::vv e::pst.ptcp cm::acc verb::vv e::cve mark::comma
eidu_baturu ,	nn::prpn mark::comma
iogi de ilata bu he ,	nv::nv cm::dat nv::nv verb::vv e::pst.ptcp mark::comma
han i ilibu ∅ seme hendu he ba de ilibu hakū ,	nv::nv cm::gen verb::vv e::fve.imperative comp verb::vv e::pst.ptcp nv::nv cm::dat verb::vv e::pst.ptcp.neg mark::comma
amin_taiji ,	nn::prpn mark::comma
niya ha i jui maitu ,	verb::vv e::pst.ptcp cm::gen nv::nv nv::nv mark::comma
○ gartai be ,	mark::circle nn::prpn.person cm::acc mark::comma
ici ergi duin gūsa i cooha be ,	nv::nv nv::nv nv::nv nv::nv cm::gen nv::nv cm::acc mark::comma
juwe tanggū niru be hontoholo me emu niru i susaita uksin te mbi ,	nv::nv nv::nv nv::nv cm::acc verb::vv e::cve nv::nv nv::nv cm::gen nv::nv nv::nv verb::vv e::fve.npst mark::comma
susai cooha ilibu ∅ ,	nv::nv nv::nv verb::vv e::fve.imperative mark::comma
erešen gebungge juwe amban be ,	nn::prpn.person nv::adj nv::nv nv::nv cm::acc mark::comma
hai_si simu_wei du_jy_hūi_ciyanši ilingga i jui dolokima ,	nn::prpn nn::prpn nv::nv nn::prpn.person cm::gen nv::nv nn::prpn.person mark::comma
jeku ,	nv::nv mark::comma
jori ha jurgan be jurce rakū seme beiguwan obu ha .	verb::vv e::pst.ptcp nv::nv cm::acc verb::vv e::npst.ptcp.neg comp nv::nv verb::vv e::pst.ptcp mark::period
han de waka sabu fi weile baha fi boo yada kini ,	nv::nv cm::dat nv::adj verb::vv e::cve nv::nv verb::vv e::cve nv::nv verb::vv e::fve.opt mark::comma
amban seme bu he liyoodung de šangna ha aika jaka be gemu gai ha ,	nv::nv comp verb::vv e::pst.ptcp nn::prpn.plc cm::dat verb::vv e::pst.ptcp nv::nv nv::nv cm::acc nv::nv verb::vv e::pst.ptcp mark::comma
gedu he giranggi be dasa me gedu mbi o ,	verb::vv e::pst.ptcp nv::nv cm::acc verb::vv e::cve verb::vv e::fve.npst ptcl mark::comma
tere golo be han min de bu hebi ,	nv::nv nv::nv cm::acc nv::nv pn::1sg cm::dat verb::vv e::fve.prs.prf mark::comma
uthai dosi me gene re de ,	nv::nv verb::vv e::cve verb::vv e::npst.ptcp cm::dat mark::comma
○ monggo i jaisai_beile i gebungge niyalma ,	mark::circle nv::nv cm::gen nn::prpn cm::gen nv::adj nv::nv mark::comma
○ tere aniya ninggun biya de ,	mark::circle nv::nv nv::nv nv::nv nv::nv cm::dat mark::comma
giya_jing ni dehi juwe ci aniya ninggun biya i juwan duin de baha ha ,	nn::prpn cm::gen nv::nv verb::vv e::cve nv::nv nv::nv nv::nv cm::gen nv::nv nv::nv cm::dat verb::vv e::pst.ptcp mark::comma
kuwan_diyan ,	nn::prpn mark::comma
aba cooha i jurgan be dasa ha ngge fafun šajin toktobu ha ngge be ,	nv::nv nv::nv cm::gen nv::nv cm::acc verb::vv e::pst.ptcp nmlz::nmlz nv::nv nv::nv verb::vv e::pst.ptcp nmlz::nmlz cm::acc mark::comma
juwan juwe ci jergi ,	nv::nv verb::vv e::cve nv::nv mark::comma
buyantu ,	nn::prpn.person mark::comma
fujisa hono gisun de da rakū kai ,	nv::nv nv::nv nv::nv cm::dat verb::vv e::npst.ptcp.neg ptcl mark::comma
min be gosi ci buce he manggi ,	pn::1sg cm::acc verb::vv e::cve verb::vv e::pst.ptcp nv::nv mark::comma
han i afabu ha jurgan be ,	nv::nv cm::gen verb::vv e::pst.ptcp nv::nv cm::acc mark::comma
mindari ,	nn::prpn.person mark::comma
šahūrun na de te ci doso rakū ,	nv::adj nv::nv cm::dat verb::vv e::cve verb::vv e::npst.ptcp.neg mark::comma
emu menggun i moro bu he ,	nv::nv nv::nv cm::gen nv::nv verb::vv e::pst.ptcp mark::comma
hūlha holo koimali jalingga akū tondo i banji ki ,	nv::nv nv::nv nv::adj nv::adj nv::adj nv::adj cm::gen verb::vv e::fve.opt mark::comma
dergi hoton be men i duin beile i sonjo ho bayara i cooha ka fi ili habi ,	nv::nv nv::nv cm::acc pn::1pl.excl cm::gen nv::nv nv::nv cm::gen verb::vv e::pst.ptcp nv::nv cm::gen nv::nv verb::vv e::cve verb::vv e::fve.prs.prf mark::comma
tuttu akū ci ,	nv::nv verb::vv e::cve mark::comma
wacihiya me bargiya me gaji hakū seme weile ara fi ,	verb::vv e::cve verb::vv e::cve verb::vv e::pst.ptcp.neg comp nv::nv verb::vv e::cve mark::comma
yalu ha morin be gai ha de ,	verb::vv e::pst.ptcp nv::nv cm::acc verb::vv e::pst.ptcp cm::dat mark::comma
min i gisun i yabu ha ngge waka ,	pn::1sg cm::gen nv::nv cm::gen verb::vv e::pst.ptcp nmlz::nmlz nv::adj mark::comma
bahana ra geli akū ,	verb::vv e::npst.ptcp nv::nv nv::adj mark::comma
ilan morin be ,	nv::nv nv::nv cm::acc mark::comma
hūwang_jeo ,	nn::prpn mark::comma
tere gashū re de ,	nv::nv verb::vv e::npst.ptcp cm::dat mark::comma
sui isi fi eigen waliya ha ,	nv::nv verb::vv e::cve nv::nv verb::vv e::pst.ptcp mark::comma
○ juwan emu de ,	mark::circle nv::nv nv::nv cm::dat mark::comma
toktoi be wesibu fi beiguwan obu ha ,	nn::prpn.person cm::acc verb::vv e::cve nv::nv verb::vv e::pst.ptcp mark::comma
ula gurun be daila me efule fi gai ha ,	nv::nv nv::nv cm::acc verb::vv e::cve verb::vv e::cve verb::vv e::pst.ptcp mark::comma
sui de wasi kini ,	nv::nv cm::dat verb::vv e::fve.opt mark::comma
cabdara morin yalu fi ,	nv::adj nv::nv verb::vv e::cve mark::comma
juwete yan aisin ,	nv::nv nv::nv nv::nv mark::comma
ula i bira i juhe jafa ra erin unde seme ,	nv::nv cm::gen nv::nv cm::gen nv::nv verb::vv e::npst.ptcp nv::nv nv::nv comp mark::comma
manin i elcin ,	nn::prpn.person cm::gen nv::nv mark::comma
ya cihangga niyalma be tomso me gaibu ∅ ,	nv::nv nv::adj nv::nv cm::acc verb::vv e::cve verb::vv e::fve.imperative mark::comma
abka i bu he ba de ji fi ,	nv::nv cm::gen verb::vv e::pst.ptcp nv::nv cm::dat verb::vv e::cve mark::comma
nikan i giyai de jušen gene he be sa ha de jafa ∅ ,	nv::nv cm::gen nv::nv cm::dat nv::nv verb::vv e::pst.ptcp cm::acc verb::vv e::pst.ptcp cm::dat verb::vv e::fve.imperative mark::comma
weile he jeku i dabala ,	verb::vv e::pst.ptcp nv::nv cm::gen ptcl mark::comma
○ giyaha de ,	mark::circle nn::prpn.plc cm::dat mark::comma
fujisa be ji mbi ,	nv::nv cm::acc verb::vv e::fve.npst mark::comma
ilan niyalma i yalu ha ilan morin be baha fi gai ha ,	nv::nv nv::nv cm::gen verb::vv e::pst.ptcp nv::nv nv::nv cm::acc verb::vv e::cve verb::vv e::pst.ptcp mark::comma
nikan i jeku be ume jete re ,	nv::nv cm::gen nv::nv cm::acc nv::nv verb::vv e::npst.ptcp mark::comma
○ beiguwan muhaliyan ,	mark::circle nv::nv nv::nv mark::comma
juwan duici jergi ,	nv::nv nv::nv nv::nv mark::comma
boo de isinji re inenggi ,	nv::nv cm::dat verb::vv e::npst.ptcp nv::nv mark::comma
simiyan i olji be sunja dedu me dende he .	nn::prpn.plc cm::gen nv::nv cm::acc nv::nv verb::vv e::cve verb::vv e::pst.ptcp mark::period
ujungga beidesi de juwanta yan ,	nv::adj nv::nv cm::dat nv::nv nv::nv mark::comma
○ badana de bu he ngge ,	mark::circle nn::prpn.person cm::dat verb::vv e::pst.ptcp nmlz::nmlz mark::comma
jai juwan uyun niyalma be oforo šan toko ho ,	nv::nv nv::nv nv::nv nv::nv cm::acc nv::nv nv::nv verb::vv e::pst.ptcp mark::comma
○ beile se ,	mark::circle nv::nv nv::nv mark::comma
hūlha holo mujilen jafa fi sula heolen o ci ,	nv::nv nv::nv nv::nv verb::vv e::cve nv::adj nv::adj verb::vv e::cve mark::comma
encu ba ci ji he beile se be faitara me wa ci ,	nv::nv nv::nv cm::abl verb::vv e::pst.ptcp nv::nv nv::nv cm::acc verb::vv e::cve verb::vv e::cve mark::comma
han ,	nv::nv mark::comma
guwangning de takūra ha bithe i gisun ,	nn::prpn.plc cm::dat verb::vv e::pst.ptcp nv::nv cm::gen nv::nv mark::comma
) ekše me bargiya fi men de aca ki se mbi ,	mark::rparen verb::vv e::cve verb::vv e::cve pn::1pl.excl cm::dat verb::vv e::fve.opt verb::vv e::fve.npst mark::comma
coirjal ,	nn::prpn.person mark::comma
mujakū erin de cooha gene ki se ci ,	nv::nv nv::nv cm::dat nv::nv verb::vv e::fve.opt verb::vv e::cve mark::comma
emu gūsa i cooha i meiren i ejen cergei gebungge amban i tatan i unggadai gebungge niyalma nime mbi seme geren cooha i tata ra ing de tata hakū ,	nv::nv nv::nv cm::gen nv::nv cm::gen nv::nv cm::gen nv::nv nn::prpn.person nv::adj nv::nv cm::gen nv::nv cm::gen nn::prpn.person nv::adj nv::nv verb::vv e::fve.npst comp nv::adj nv::nv cm::gen verb::vv e::npst.ptcp nv::nv cm::dat verb::vv e::pst.ptcp.neg mark::comma
han tuwana fi ,	nv::nv verb::vv e::cve mark::comma
donoi ,	nn::prpn.person mark::comma
fakca rakū ci ,	verb::vv e::npst.ptcp.neg e::cve mark::comma
tuttu gūwaliya ka manggi ,	nv::nv verb::vv e::pst.ptcp nv::nv mark::comma
tata ha boo i ejen ula me gai fi ume unca ra ,	verb::vv e::pst.ptcp nv::nv cm::gen nv::nv verb::vv e::cve verb::vv e::cve nv::nv verb::vv e::npst.ptcp mark::comma
da gashū ha gisun be dabu rakū ainu wa ha seme ,	nv::nv verb::vv e::pst.ptcp nv::nv cm::acc verb::vv e::npst.ptcp.neg nv::nv verb::vv e::pst.ptcp comp mark::comma
emu u_loo_han' gebungge nikan ,	nv::nv nn::prpn nv::adj nv::nv mark::comma
abka aga fi bira bisa ka manggi ,	nv::nv verb::vv e::cve nv::nv verb::vv e::pst.ptcp nv::nv mark::comma
jai tere i gese buya niyalma ajige ajige ulin aci fi dosi re be jafa fi ,	nv::nv nv::nv cm::gen nv::nv nv::adj nv::nv nv::adj nv::adj nv::nv verb::vv e::cve verb::vv e::npst.ptcp cm::acc verb::vv e::cve mark::comma
juwe ulgiyan ,	nv::nv nv::nv mark::comma
○ galju ,	mark::circle nv::nv mark::comma
yali be emu moro ,	nv::nv cm::acc nv::nv nv::nv mark::comma
waka be uru ara me ainu gisure he seme wakala fi ,	nv::adj cm::acc nv::nv verb::vv e::cve nv::nv verb::vv e::pst.ptcp comp verb::vv e::cve mark::comma
gusantai_efu si tuwa fi gaji me ji ∅ .	nn::prpn pn::2sg verb::vv e::cve verb::vv e::cve verb::vv e::fve.imperative mark::period
ulin be dele erdemu be fejile seme banji fi ufara ha kooli be ,	nv::nv cm::acc nv::nv nv::nv cm::acc nv::nv comp verb::vv e::cve verb::vv e::pst.ptcp nv::nv cm::acc mark::comma
abka i jori ha tere amba ganio be we jailabu mbi ,	nv::nv cm::gen verb::vv e::pst.ptcp nv::nv nv::adj nv::adj cm::acc nv::nv verb::vv e::fve.npst mark::comma
han ,	nv::nv mark::comma
sunja tanggū nikan de emu ciyandzung sinda habi ,	nv::nv nv::nv nv::nv cm::dat nv::nv nv::nv verb::vv e::fve.prs.prf mark::comma
abutai min be wa kini ,	nn::prpn.person pn::1sg cm::acc verb::vv e::fve.opt mark::comma
duin niyalma de jakūta yan menggun bu he ,	nv::nv nv::nv cm::dat nv::nv nv::nv nv::nv verb::vv e::pst.ptcp mark::comma
kasari be huwekiyebu fi ,	nv::nv cm::acc verb::vv e::cve mark::comma
erdeni_baksi eigen sargan be wa ra weile makta fi ,	nn::prpn nv::nv nv::nv cm::acc verb::vv e::npst.ptcp nv::nv verb::vv e::cve mark::comma
geren cooha i niyalma gemu urgunje me afa ki saci ki seme jabu fi ,	nv::adj nv::nv cm::gen nv::nv nv::nv verb::vv e::cve verb::vv e::fve.opt verb::vv e::fve.opt comp verb::vv e::cve mark::comma
leose tai be gemu tuwa sinda ha ,	nv::nv nv::nv cm::acc nv::nv nv::nv verb::vv e::pst.ptcp mark::comma
emu ulgiyan ,	nv::nv nv::nv mark::comma
bi suwen i nikan gurun de umai weile akū ,	pn::1sg pn::2pl cm::gen nv::nv nv::nv cm::dat nv::nv nv::nv nv::adj mark::comma
genggiyen_han i jaka de giran waliya ki seme ji he seme hendu fi ,	nn::prpn cm::gen nv::nv cm::dat nv::nv verb::vv e::fve.opt comp verb::vv e::pst.ptcp comp verb::vv e::cve mark::comma
tere hūlan i golo be tuwakiya ra karun i orin niyalma ,	nv::nv nv::nv cm::gen nv::nv cm::acc verb::vv e::npst.ptcp nv::nv cm::gen nv::nv nv::nv mark::comma
beye ujen o hobi ,	nv::nv nv::adj verb::vv e::fve.prs.prf mark::comma
siohuda ,	nn::prpn.person mark::comma
geren beile se hendu me ,	nv::adj nv::nv nv::nv verb::vv e::cve mark::comma
tsang ni jeku akū ci ,	nv::nv cm::gen nv::nv verb::vv e::cve mark::comma
nikan niru i dungga ,	nv::nv nv::nv cm::gen nv::nv mark::comma
sabu ci alanji kini seme sinda ha karun kai ,	verb::vv e::cve verb::vv e::fve.opt comp verb::vv e::pst.ptcp nv::nv ptcl mark::comma
amargi jase i tulergi dadai_subargan i ergi ba be ,	nv::nv nv::nv cm::gen nv::nv nn::prpn cm::gen nv::nv nv::nv cm::acc mark::comma
ai weile be dele ala cina ,	nv::nv nv::nv cm::acc nv::nv verb::vv e::fve.opt mark::comma
jeku miyali me gene he niyalma de nonggi me unggi he ,	nv::nv verb::vv e::cve verb::vv e::pst.ptcp nv::nv cm::dat verb::vv e::cve verb::vv e::pst.ptcp mark::comma
juwe niyalma juwe morin be bi tafula mbi o ,	nv::nv nv::nv nv::nv nv::nv cm::acc pn::1sg verb::vv e::fve.npst ptcl mark::comma
mandulai iogi be beile se takūra fi ,	nn::prpn.person nv::nv cm::acc nv::nv nv::nv verb::vv e::cve mark::comma
gūnata ,	nn::prpn.person mark::comma
beile se amban sa tafula me nakabu rakū ci ,	nv::nv nv::nv nv::nv nv::nv verb::vv e::cve verb::vv e::npst.ptcp.neg e::cve mark::comma
korcin i sakda angsu_lama isinji ha ,	nn::prpn.plc cm::gen nv::adj nn::prpn.person verb::vv e::pst.ptcp mark::comma
○ hara_babai be ,	mark::circle nn::prpn cm::acc mark::comma
ginjeo de hafan tebu me iogi hergen bu fi unggi he ,	nn::prpn.plc cm::dat nv::nv verb::vv e::cve nv::nv nv::nv verb::vv e::cve verb::vv e::pst.ptcp mark::comma
tsoo_ho i niyalma be guribu fi gu_šan i julergi bagiya gebungge ba de tebu he bi he ,	nn::prpn cm::gen nv::nv cm::acc verb::vv e::cve nn::prpn cm::gen nv::nv nn::prpn.plc nv::adj nv::nv cm::dat verb::vv e::pst.ptcp verb::vv e::pst.ptcp mark::comma
boobai kai seme saiša me hendu fi ,	nv::nv ptcl comp verb::vv e::cve verb::vv e::cve mark::comma
min be niyalma ainu wa mbi ,	pn::1sg cm::acc nv::nv nv::nv verb::vv e::fve.npst mark::comma
bi baica me bahana fi ,	pn::1sg verb::vv e::cve verb::vv e::cve mark::comma
sektu ,	nv::adj mark::comma
muse o ci ,	pn::1pl.incl verb::vv e::cve mark::comma
○ sulhio be ,	mark::circle nn::prpn.person cm::acc mark::comma
jai inu abka gosi fi han te fi ,	nv::nv nv::nv nv::nv verb::vv e::cve nv::nv verb::vv e::cve mark::comma
wasina ,	nn::prpn.person mark::comma
karu donggo_efu i jui be wa ha ,	nv::nv nn::prpn cm::gen nv::nv cm::acc verb::vv e::pst.ptcp mark::comma
juwe re de ,	verb::vv e::npst.ptcp cm::dat mark::comma
○ gartu be ,	mark::circle nn::prpn.person cm::acc mark::comma
ineku ere jergi de weile baha ha bi he ,	nv::nv nv::nv nv::nv cm::dat nv::nv verb::vv e::pst.ptcp verb::vv e::pst.ptcp mark::comma
dasu ,	nv::nv mark::comma
guile he emu fan ,	verb::vv e::pst.ptcp nv::nv nv::nv mark::comma
hatan baturu taiji sa i beye yabu ha ,	nv::adj nv::nv nv::nv nv::nv cm::gen nv::nv verb::vv e::pst.ptcp mark::comma
○ juwan emu de ,	mark::circle nv::nv nv::nv cm::dat mark::comma
beile se be isabu fi ,	nv::nv nv::nv cm::acc verb::vv e::cve mark::comma
cooha gida ha doro i jakūn gūsa i jakūn ihan wa me tu wece he ,	nv::nv verb::vv e::pst.ptcp nv::nv cm::gen nv::nv nv::nv cm::gen nv::nv nv::nv verb::vv e::cve nv::nv verb::vv e::pst.ptcp mark::comma
sin_diyan be ,	nn::prpn cm::acc mark::comma
gemu han i amba baita seme nene me hendu he bi he ,	nv::nv nv::nv cm::gen nv::adj nv::nv comp verb::vv e::cve verb::vv e::pst.ptcp verb::vv e::pst.ptcp mark::comma
hūlha holo koimali jalingga akū tondo i banji ki .	nv::nv nv::nv nv::adj nv::adj nv::adj nv::adj cm::gen verb::vv e::fve.opt mark::period
muse juwe nofi de umai ehe akū bi me ,	pn::1pl.incl nv::nv nv::nv cm::dat nv::nv nv::adj nv::adj verb::vv e::cve mark::comma
abatai ,	nn::prpn.person mark::comma
○ fan_ho de ,	mark::circle nn::prpn cm::dat mark::comma
ere i algin de balai ulgiyan uda fi ume wa ra .	nv::nv cm::gen nv::nv cm::dat nv::nv nv::nv verb::vv e::cve nv::nv verb::vv e::npst.ptcp mark::period
amba cooha gida ha doro i abka de jakūn ihan wa me tu wece mbi seme bisi re de ,	nv::adj nv::nv verb::vv e::pst.ptcp nv::nv cm::gen nv::nv cm::dat nv::nv nv::nv verb::vv e::cve nv::nv verb::vv e::fve.npst comp verb::vv e::npst.ptcp cm::dat mark::comma
han songgo me fude fi ,	nv::nv verb::vv e::cve verb::vv e::cve mark::comma
šoto budun banji habi nikai ,	nn::prpn.person nv::adj verb::vv e::fve.prs.prf ptcl mark::comma
juwan duin gio benji he .	nv::nv nv::nv nv::nv verb::vv e::pst.ptcp mark::period
fakūri ,	nv::nv mark::comma
golo be facabu ha ,	nv::nv cm::acc verb::vv e::pst.ptcp mark::comma
emu kuren ili habi seme afa me gene re de ,	nv::nv nv::adj verb::vv e::fve.prs.prf comp verb::vv e::cve verb::vv e::npst.ptcp cm::dat mark::comma
ši_ho_i niyalma hendu me ,	nn::prpn nv::nv verb::vv e::cve mark::comma
morin be hūdun tarhūbu fi ,	nv::nv cm::acc nv::adj verb::vv e::cve mark::comma
orin sunja ulhūma benji he ,	nv::nv nv::nv nv::nv verb::vv e::pst.ptcp mark::comma
beile jase saha ra be tuwa me gene fi ice ninggun de isinji ha ,	nv::nv nv::nv verb::vv e::npst.ptcp cm::acc verb::vv e::cve verb::vv e::cve nv::adj nv::nv cm::dat verb::vv e::pst.ptcp mark::comma
baha mbi seme yabu fi ufara fi ,	verb::vv e::fve.npst comp verb::vv e::cve verb::vv e::cve mark::comma
naja ,	nn::prpn.person mark::comma
yang_guwan_pu ,	nn::prpn mark::comma
boihon emu moro ,	nv::nv nv::nv nv::nv mark::comma
dushun de sucu fi ,	nv::adj cm::dat verb::vv e::cve mark::comma
jafa fi huthu fi tanta ra ,	verb::vv e::cve verb::vv e::cve verb::vv e::npst.ptcp mark::comma
unege ,	nn::prpn.person mark::comma
juwe aniya tuwa ha ,	nv::nv nv::nv verb::vv e::pst.ptcp mark::comma
hūlha holo mujilen jafa rakū ,	nv::nv nv::nv nv::nv verb::vv e::npst.ptcp.neg mark::comma
ere duin janggin ,	nv::nv nv::nv nv::nv mark::comma
dere bani rakū .	nv::nv verb::vv e::npst.ptcp.neg mark::period
tuba de orin sunjata uksin te ,	nv::nv cm::dat nv::nv nv::nv nv::nv nv::nv mark::comma
nikan duri me gai habi ,	nv::nv verb::vv e::cve verb::vv e::fve.prs.prf mark::comma
yamburu be ahūn i gung de sinda fi ,	nn::prpn.person cm::acc nv::nv cm::gen nv::nv cm::dat verb::vv e::cve mark::comma
suwen i duka tuwakiya ha ai tusa seme weile ara fi ,	pn::2pl cm::gen nv::nv verb::vv e::pst.ptcp nv::nv nv::nv comp nv::nv verb::vv e::cve mark::comma
ere juwari cooha gene he de ,	nv::nv nv::nv nv::nv verb::vv e::pst.ptcp cm::dat mark::comma
jaisai beye de banji ha juwe haha jui ,	nn::prpn.person nv::nv cm::dat verb::vv e::pst.ptcp nv::nv nv::nv nv::nv mark::comma
uyun jergi hengkile he ,	nv::nv nv::nv verb::vv e::pst.ptcp mark::comma
sejen kalka gama me ,	nv::nv nv::nv verb::vv e::cve mark::comma
han i pai be gai fi ,	nv::nv cm::gen nv::nv cm::acc verb::vv e::cve mark::comma
han i bithe ,	nv::nv cm::gen nv::nv mark::comma
juwe ihan ,	nv::nv nv::nv mark::comma
šangna ha aika jaka be gemu gai ha ,	verb::vv e::pst.ptcp nv::nv nv::nv cm::acc nv::nv verb::vv e::pst.ptcp mark::comma
○ congjika be ,	mark::circle nn::prpn.person cm::acc mark::comma
weilengge jaisai emgi ji fi han i gala de jafabu ha ,	nv::adj nn::prpn.person nv::nv verb::vv e::cve nv::nv cm::gen nv::nv cm::dat verb::vv e::pst.ptcp mark::comma
uksun i amjita eshete ahūta deote ai weile be ,	nv::nv cm::gen nv::nv nv::nv nv::nv nv::nv nv::nv nv::nv cm::acc mark::comma
daicing ni tomontai i elcin ,	nv::nv cm::gen nn::prpn.person cm::gen nv::nv mark::comma
korcin i ooba_beile be boljo ho ba de ji mbi seme ,	nn::prpn.plc cm::gen nn::prpn cm::acc verb::vv e::pst.ptcp nv::nv cm::dat verb::vv e::fve.npst comp mark::comma
giyang ni bira be doo fi ,	nv::nv cm::gen nv::nv cm::acc verb::vv e::cve mark::comma
durbi de orho hadu me gene he niyalma be gemu bedere me unggi ∅ ,	nn::prpn.plc cm::dat nv::nv verb::vv e::cve verb::vv e::pst.ptcp nv::nv cm::acc nv::nv verb::vv e::cve verb::vv e::fve.imperative mark::comma
ginjeo ,	nn::prpn.plc mark::comma
silun i dahū ,	nv::nv cm::gen nv::nv mark::comma
○ g'ai_jeo ci ,	mark::circle nn::prpn cm::abl mark::comma
amba_beile ,	nn::prpn mark::comma
morohon efu meye ,	nv::adj nv::nv nv::nv mark::comma
tsanjiyang ,	nv::nv mark::comma
dedu he idu i niyalma waliya fi gene ci ,	verb::vv e::pst.ptcp nv::nv cm::gen nv::nv verb::vv e::cve verb::vv e::cve mark::comma
suwe ai ai weile gisun be ,	pn::2pl nv::nv nv::nv nv::nv nv::nv cm::acc mark::comma
suwen i sunja tatan i beile se abka na de gashū ha gisun be efule fi ,	pn::2pl cm::gen nv::nv nv::nv cm::gen nv::nv nv::nv nv::nv nv::nv cm::dat verb::vv e::pst.ptcp nv::nv cm::acc verb::vv e::cve mark::comma
weile gai ∅ ,	nv::nv verb::vv e::fve.imperative mark::comma
gvlmahūn be baksi seme beye i teile ,	nv::nv cm::acc nv::nv comp nv::nv cm::gen nv::nv mark::comma
tofohon i cimari han i beye ,	nv::nv cm::gen nv::nv nv::nv cm::gen nv::nv mark::comma
mocin samsu etuku sunja minggan uyun tanggū orin .	nv::nv nv::nv nv::nv nv::nv nv::nv nv::nv nv::nv nv::nv mark::period
jakūnju tumen nikan ,	nv::nv nv::nv nv::nv mark::comma
tere dobori tasha erin de amba hecen de isinji ha ,	nv::nv nv::nv nv::nv nv::nv cm::dat nv::adj nv::nv cm::dat verb::vv e::pst.ptcp mark::comma
○ teodengge ,	mark::circle nn::prpn.person mark::comma
fusi hecen be gai ha fon de gaji ha bi he ,	nn::prpn.plc nv::nv cm::acc verb::vv e::pst.ptcp nv::nv cm::dat verb::vv e::pst.ptcp verb::vv e::pst.ptcp mark::comma
mantasi ,	nn::prpn.person mark::comma
olji ambula bi he ,	nv::nv nv::nv verb::vv e::pst.ptcp mark::comma
weilengge niyalma de aisin menggun gai me ,	nv::adj nv::nv cm::dat nv::nv nv::nv verb::vv e::cve mark::comma
manggo_tabunang ,	nn::prpn mark::comma
dung_cang_pu de anafu te he ilan minggan cooha i ejen muhaliyan dzung_bing_guwan be hala me ,	nn::prpn cm::dat nv::nv verb::vv e::pst.ptcp nv::nv nv::nv nv::nv cm::gen nv::nv nv::nv nv::nv cm::acc verb::vv e::cve mark::comma
nikan ,	nv::nv mark::comma
○ ice sunja de ,	mark::circle nv::adj nv::nv cm::dat mark::comma
emte sara ,	nv::nv nv::nv mark::comma
sejen kalka akū ume gene re ,	nv::nv nv::nv nv::adj nv::nv verb::vv e::npst.ptcp mark::comma
ejen adarame banji mbi ,	nv::nv nv::nv verb::vv e::fve.npst mark::comma
bata kimun seme gida rakū ,	nv::nv nv::nv comp verb::vv e::npst.ptcp.neg mark::comma
bingtu i jui be gai ki seme ji he elcin de ,	nn::prpn.person cm::gen nv::nv cm::acc verb::vv e::fve.opt comp verb::vv e::pst.ptcp nv::nv cm::dat mark::comma
ere ilan giyan ,	nv::nv nv::nv nv::nv mark::comma
fanaha ,	nn::prpn.plc mark::comma
niru i niyalma i weile be šajin de gaji fi alabu hakū seme ,	nv::nv cm::gen nv::nv cm::gen nv::nv cm::acc nv::nv cm::dat verb::vv e::cve verb::vv e::pst.ptcp.neg comp mark::comma
ere bithe be unggi he ,	nv::nv nv::nv cm::acc verb::vv e::pst.ptcp mark::comma
pan fori ∅ ,	nv::nv verb::vv e::fve.imperative mark::comma
ihan wa fi sarin sarila fi ji he .	nv::nv verb::vv e::cve nv::nv verb::vv e::cve verb::vv e::pst.ptcp mark::period
nadata yan i weile waliya mbi ,	nv::nv nv::nv cm::gen nv::nv verb::vv e::fve.npst mark::comma
han i tere hecen ara ra de baha fi baitala rakū o ci ,	nv::nv cm::gen nv::nv nv::nv verb::vv e::npst.ptcp cm::dat verb::vv e::cve verb::vv e::npst.ptcp.neg verb::vv e::cve mark::comma
šongkoro_baturu geren cooha be gai fi ,	nn::prpn nv::adj nv::nv cm::acc verb::vv e::cve mark::comma
giya_jing ni dehi duici aniya nadan biya i orin sunja de baha ha ,	nn::prpn cm::gen nv::nv nv::nv nv::nv nv::nv nv::nv cm::gen nv::nv nv::nv cm::dat verb::vv e::pst.ptcp mark::comma
darhan_hiya takūra ha niyalma i emgi ,	nn::prpn verb::vv e::pst.ptcp nv::nv cm::gen nv::nv mark::comma
min i juse omosi jalan hala me han de gosibu me wesihun banji kini .	pn::1sg cm::gen nv::nv nv::nv nv::nv verb::vv e::cve nv::nv cm::dat verb::vv e::cve nv::nv verb::vv e::fve.opt mark::period
delger be in i te he boo de weri fi ,	nn::prpn.person cm::acc pn::3sg cm::gen verb::vv e::pst.ptcp nv::nv cm::dat verb::vv e::cve mark::comma
jai gūsin nadan niyalma de ,	nv::nv nv::nv nv::nv nv::nv cm::dat mark::comma
suwe ubaša me gene re niyalma be tucibu me ala ci ,	pn::2pl verb::vv e::cve verb::vv e::npst.ptcp nv::nv cm::acc verb::vv e::cve verb::vv e::cve mark::comma
pengduwan ,	nv::nv mark::comma
alin i ninggu de ili fi ,	nv::nv cm::gen nv::nv cm::dat verb::vv e::cve mark::comma
aita be gaji me ji ∅ seme ,	nn::prpn.person cm::acc verb::vv e::cve verb::vv e::fve.imperative comp mark::comma
amba_beile ,	nn::prpn mark::comma
duka i julergi be saci me efule re cooha i niyalma ,	nv::nv cm::gen nv::nv cm::acc verb::vv e::cve verb::vv e::npst.ptcp nv::nv cm::gen nv::nv mark::comma
kubun tari re emu cimari usin be neigen dende fi bu mbi ,	nv::nv verb::vv e::npst.ptcp nv::nv nv::nv nv::nv cm::acc nv::adj verb::vv e::cve verb::vv e::fve.npst mark::comma
moobari_hiya i orin yan i gung faita ha .	nn::prpn cm::gen nv::nv nv::nv cm::gen nv::nv verb::vv e::pst.ptcp mark::period
jang_tsanjiyang de weile ara fi ,	nn::prpn cm::dat nv::nv verb::vv e::cve mark::comma
jekdene ,	nn::prpn.person mark::comma
bi gai fi alin i dele gene fi fusihūn gida ra seme hendu he manggi ,	pn::1sg verb::vv e::cve nv::nv cm::gen nv::nv verb::vv e::cve nv::adj verb::vv e::npst.ptcp comp verb::vv e::pst.ptcp nv::nv mark::comma
afabu ha weile be mute mbi ,	verb::vv e::pst.ptcp nv::nv cm::acc verb::vv e::fve.npst mark::comma
emu minggan cooha gai fi wesihun warka i golo de cooha gene he .	nv::nv nv::nv nv::nv verb::vv e::cve nv::nv nn::prpn.plc cm::gen nv::nv cm::dat nv::nv verb::vv e::pst.ptcp mark::period
habšanji re niyalma ,	verb::vv e::npst.ptcp nv::nv mark::comma
hūlha holo jalingga mujilen banji ci ,	nv::nv nv::nv nv::adj nv::nv verb::vv e::cve mark::comma
in de bu he nikan be gemu gai me ,	pn::3sg cm::dat verb::vv e::pst.ptcp nv::nv cm::acc nv::nv verb::vv e::cve mark::comma
suwe hiya_age be ,	pn::2pl nn::prpn cm::acc mark::comma
tottoi min be wa kini ,	nn::prpn.person pn::1sg cm::acc verb::vv e::fve.opt mark::comma
beye buce kini ,	nv::nv verb::vv e::fve.opt mark::comma
min i gūni re ngge ,	pn::1sg cm::gen verb::vv e::npst.ptcp nmlz::nmlz mark::comma
emu aniya gaija ra ngge ,	nv::nv nv::nv verb::vv e::npst.ptcp nmlz::nmlz mark::comma
jeng_giyang ni niyalma dorgideri facuhūra fi ,	nn::prpn cm::gen nv::nv nv::nv verb::vv e::cve mark::comma
gemu bithe ara fi gašan i janggin de afabu ∅ ,	nv::nv nv::nv verb::vv e::cve nv::nv cm::gen nv::nv cm::dat verb::vv e::fve.imperative mark::comma
emu morin ,	nv::nv nv::nv mark::comma
fejergi tsanjiyang iogi de kiru duite juru ,	nv::nv nv::nv nv::nv cm::dat nv::nv nv::nv nv::nv mark::comma
giya_jing ni gūsin sunjaci aniya nadan biya i juwan uyun de baha ha ,	nn::prpn cm::gen nv::nv nv::nv nv::nv nv::nv nv::nv cm::gen nv::nv nv::nv cm::dat verb::vv e::pst.ptcp mark::comma
ninggun niyalma ,	nv::nv nv::nv mark::comma
amba_beile i geren cooha amaga akū ,	nn::prpn cm::gen nv::adj nv::nv nv::adj nv::adj mark::comma
enteke weile be donji rahū seme ,	nv::nv nv::nv cm::acc verb::vv e::fve.prv comp mark::comma
dergi šanggiyan_alin i dusihi deri daba fi ,	nv::nv nn::prpn cm::gen nv::nv nv::nv verb::vv e::cve mark::comma
emu gurun geli waka ,	nv::nv nv::nv nv::nv nv::adj mark::comma
tsanjiyang sin i poo sinda ra cooha be ilan ubu dende fi ,	nv::nv pn::2sg cm::gen nv::nv verb::vv e::npst.ptcp nv::nv cm::acc nv::nv nv::nv verb::vv e::cve mark::comma
beye i sui de wasi kini .	nv::nv cm::gen nv::nv cm::dat verb::vv e::fve.opt mark::period
solho ,	nv::nv mark::comma
bi uji ci ojo rakū ,	pn::1sg verb::vv e::cve verb::vv e::npst.ptcp.neg mark::comma
sihan i jui ,	nv::nv cm::gen nv::nv mark::comma
malu ,	nv::nv mark::comma
ere be inu si_uli efu ejen ara fi icihiyabu ∅ ,	nv::nv cm::acc nv::nv nn::prpn nv::nv nv::nv verb::vv e::cve verb::vv e::fve.imperative mark::comma
ba ba i cooha isa ra onggolo ,	nv::nv nv::nv cm::gen nv::nv verb::vv e::npst.ptcp nv::nv mark::comma
han i fafun i tondo i kadala mbi ,	nv::nv cm::gen nv::nv cm::gen nv::adj cm::gen verb::vv e::fve.npst mark::comma
ehe sain be dere bani rakū ,	nv::adj nv::adj cm::acc nv::nv verb::vv e::npst.ptcp.neg mark::comma
han tukiye fi beiguwan i hergen bu fi banji re be ,	nv::nv verb::vv e::cve nv::nv cm::gen nv::nv verb::vv e::cve verb::vv e::npst.ptcp cm::acc mark::comma
dobi bi ,	nv::nv verb::vv.npst mark::comma
jai geren beile se i sargata ,	nv::nv nv::adj nv::nv nv::nv cm::gen nv::nv mark::comma
tere inenggi ,	nv::nv nv::nv mark::comma
ula de emte feye baha ha seme nadata yan i weile waliya mbi .	nv::nv cm::dat nv::nv nv::nv verb::vv e::pst.ptcp comp nv::nv nv::nv cm::gen nv::nv verb::vv e::fve.npst mark::period
orin de isinji ha ,	nv::nv cm::dat verb::vv e::pst.ptcp mark::comma
ula de emu feye ,	nv::nv cm::dat nv::nv nv::nv mark::comma
nikan i sunja minggan cooha ,	nv::nv cm::gen nv::nv nv::nv nv::nv mark::comma
kemuni bithe be nei fi tuwabu me mujilen bahabu me onggo rakū hendu ∅ ,	nv::nv nv::nv cm::acc verb::vv e::cve verb::vv e::cve nv::nv verb::vv e::cve verb::vv e::npst.ptcp.neg verb::vv e::fve.imperative mark::comma
min i kadala ra emu gūsa i cooha be han i fafun i tondo i kadala mbi ,	pn::1sg cm::gen verb::vv e::npst.ptcp nv::nv nv::nv cm::gen nv::nv cm::acc nv::nv cm::gen nv::nv cm::gen nv::adj cm::gen verb::vv e::fve.npst mark::comma
○ orin uyun de ,	mark::circle nv::nv nv::nv cm::dat mark::comma
jori ha jurgan be jurce rakū seme beiguwan obu ha .	verb::vv e::pst.ptcp nv::nv cm::acc verb::vv e::npst.ptcp.neg comp nv::nv verb::vv e::pst.ptcp mark::period
tomido ,	nn::prpn.person mark::comma
niyaman hūncihin be bai me gene ∅ ,	nv::nv nv::nv cm::acc verb::vv e::cve verb::vv e::fve.imperative mark::comma
ucika ,	nv::nv mark::comma
han gosi fi ,	nv::nv verb::vv e::cve mark::comma
jang_tsanjiyang de tooda me gai mbi .	nn::prpn cm::dat verb::vv e::cve verb::vv e::fve.npst mark::period
hergengge amban sa de bu hekū ,	nv::adj nv::nv nv::nv cm::dat verb::vv e::pst.ptcp.neg mark::comma
afabu ha weile be mute mbi ,	verb::vv e::pst.ptcp nv::nv cm::acc verb::vv e::fve.npst mark::comma
dung_ging_pu ,	nn::prpn mark::comma
niyalma ,	nv::nv mark::comma
uhereme ilan yan ,	nv::nv nv::nv nv::nv mark::comma
jakdan ci wesihun ,	nv::nv cm::abl nv::nv mark::comma
abka i fejergi gurun de ,	nv::nv cm::gen nv::nv nv::nv cm::dat mark::comma
tuttu o ci ,	nv::nv verb::vv e::cve mark::comma
orin gūsin niyalma ada fi tafa ci o mbi seme ala ha manggi ,	nv::nv nv::nv nv::nv verb::vv e::cve verb::vv e::cve verb::vv e::fve.npst comp verb::vv e::pst.ptcp nv::nv mark::comma
noimohon ,	nn::prpn.person mark::comma
buce re jalgan hanci o kini ,	verb::vv e::npst.ptcp nv::nv nv::adj verb::vv e::fve.opt mark::comma
yuwan_tiyan_fu ,	nn::prpn mark::comma
jamu ,	nv::adj mark::comma
tulergi hecen pu gašan gašan i baisin irgen ,	nv::nv nv::nv nv::nv nv::nv nv::nv cm::gen nv::nv nv::nv mark::comma
ama i gung ,	nv::nv cm::gen nv::nv mark::comma
juwete suje ,	nv::nv nv::nv mark::comma
han i afabu ha jurgan be ,	nv::nv cm::gen verb::vv e::pst.ptcp nv::nv cm::acc mark::comma
derhi ,	nv::nv mark::comma
tuci ke bata be ilibu rakū gida fi hecen de hono dosi me jabdubu rakū ,	verb::vv e::pst.ptcp nv::nv cm::acc verb::vv e::npst.ptcp.neg verb::vv e::cve nv::nv cm::dat nv::nv verb::vv e::cve verb::vv e::npst.ptcp.neg mark::comma
gasacun i medege be ala rakū ,	nv::nv cm::gen nv::nv cm::acc verb::vv e::npst.ptcp.neg mark::comma
ula de emu feye gidalabu ha ,	nv::nv cm::dat nv::nv nv::nv verb::vv e::pst.ptcp mark::comma
geren beile se ,	nv::adj nv::nv nv::nv mark::comma
nene me gai me jabdu ha ngge gai ha ,	verb::vv e::cve verb::vv e::cve verb::vv e::pst.ptcp nmlz::nmlz verb::vv e::pst.ptcp mark::comma
amba gurun i dere be tuwa me da mbi se ci ,	nv::adj nv::nv cm::gen nv::nv cm::acc verb::vv e::cve verb::vv e::fve.npst verb::vv e::cve mark::comma
be_ši_jung ni boigon be wang_sun_el de bu he ,	nn::prpn cm::gen nv::nv cm::acc nn::prpn cm::dat verb::vv e::pst.ptcp mark::comma
kamci fi te he nikan jušen i gese angga tolo me miyali me je ∅ ,	verb::vv e::cve verb::vv e::pst.ptcp nv::nv nv::nv cm::gen nv::nv nv::nv verb::vv e::cve verb::vv e::cve verb::vv e::fve.imperative mark::comma
cen i beye i ehe de doro efuje hebi kai ,	pn::3pl cm::gen nv::nv cm::gen nv::adj cm::dat nv::nv verb::vv e::fve.prs.prf ptcl mark::comma
yaya gurun be umai yohinda rakū ,	nv::nv nv::nv cm::acc nv::nv verb::vv e::npst.ptcp.neg mark::comma
usin tari me jeku be je me banji mbi kai ,	nv::nv verb::vv e::cve nv::nv cm::acc verb::vv e::cve verb::vv e::fve.npst ptcl mark::comma
tenteke ehe niyalma i dosi re be ainu kimci hakū sa hakū seme weile ara fi ,	nv::nv nv::adj nv::nv cm::gen verb::vv e::npst.ptcp cm::acc nv::nv verb::vv e::pst.ptcp.neg verb::vv e::pst.ptcp.neg comp nv::nv verb::vv e::cve mark::comma
hada i menggebulu beile i jui morohon de ,	nn::prpn.plc cm::gen nn::prpn.person nv::nv cm::gen nv::nv nv::adj cm::dat mark::comma
weile ara ha niyalma sin i beye de usha ∅ ,	nv::nv verb::vv e::pst.ptcp nv::nv pn::2sg cm::gen nv::nv cm::dat verb::vv e::fve.imperative mark::comma
nikan i sin i emu tanggū ninju hule bi se he ngge ,	nv::nv cm::gen nv::nv cm::gen nv::nv nv::nv nv::nv nv::nv pn::1sg verb::vv e::pst.ptcp nmlz::nmlz mark::comma
elhe baita o ci ,	nv::nv nv::nv verb::vv e::cve mark::comma
unenggi tere weile ara ha mujangga seme ,	nv::adj nv::nv nv::nv verb::vv e::pst.ptcp nv::adj comp mark::comma
beye buce kini ,	nv::nv verb::vv e::fve.opt mark::comma
turga morin be simne fi weri ,	nv::adj nv::nv cm::acc verb::vv e::cve nv::nv mark::comma
tucibu me bu he de ,	verb::vv e::cve verb::vv e::pst.ptcp cm::dat mark::comma
ara ha hūcin de bisi re jeku ,	verb::vv e::pst.ptcp nv::nv cm::dat verb::vv e::npst.ptcp nv::nv mark::comma
ojo rakū ,	verb::vv e::npst.ptcp.neg mark::comma
ilaci jergi de juwan jakūta ,	nv::nv nv::nv cm::dat nv::nv nv::nv mark::comma
han de alabu ha ,	nv::nv cm::dat verb::vv e::pst.ptcp mark::comma
ai bu me isi mbi ,	nv::nv verb::vv e::cve verb::vv e::fve.npst mark::comma
ehe facuhūn ai baita ,	nv::adj nv::adj nv::nv nv::nv mark::comma
gūni ha be men de ala ∅ .	verb::vv e::pst.ptcp cm::acc pn::1pl.excl cm::dat verb::vv e::fve.imperative mark::period
ihan_alin de emu feye baha ha seme ,	nn::prpn cm::dat nv::nv nv::nv verb::vv e::pst.ptcp comp mark::comma
jaisai in i beye be alin de banji ha horonggo alha tasha gese ,	nn::prpn.person pn::3sg cm::gen nv::nv cm::acc nv::nv cm::dat verb::vv e::pst.ptcp nv::adj nv::adj nv::nv nv::nv mark::comma
jakūn fun ci fusihūn ,	nv::nv nv::nv cm::abl nv::adj mark::comma
jai monggo gurun i baru han ama i sain ba de sain ,	nv::nv nv::nv nv::nv cm::gen nv::nv nv::nv nv::nv cm::gen nv::adj nv::nv cm::dat nv::adj mark::comma
mendu i eme de aisin ilan yan ,	nn::prpn.person cm::gen nv::nv cm::dat nv::nv nv::nv nv::nv mark::comma
han emu juwe niyalma i ama waka kai ,	nv::nv nv::nv nv::nv nv::nv cm::gen nv::nv nv::adj ptcl mark::comma
cahar i emgi jide re dursun bi se re ,	nn::prpn.plc cm::gen nv::nv verb::vv e::npst.ptcp nv::nv verb::vv.npst verb::vv e::npst.ptcp mark::comma
○ tofohon de ,	mark::circle nv::nv cm::dat mark::comma
ilan hehe be gaji fi saiša me ,	nv::nv nv::nv cm::acc verb::vv e::cve verb::vv e::cve mark::comma
ere weile be bi sa ra seme hendu re jaka de ,	nv::nv nv::nv cm::acc pn::1sg verb::vv e::npst.ptcp comp verb::vv e::npst.ptcp nv::nv cm::dat mark::comma
ice_hecen i niyalma be ,	nn::prpn cm::gen nv::nv cm::acc mark::comma
tere yaya ci dele ,	nv::nv nv::nv cm::abl nv::nv mark::comma
○ orin ilan de ,	mark::circle nv::nv nv::nv cm::dat mark::comma
han i uttu ishun de gosi me banji ∅ seme tacibu ha gisun be ,	nv::nv cm::gen nv::nv nv::nv cm::dat verb::vv e::cve verb::vv e::fve.imperative comp verb::vv e::pst.ptcp nv::nv cm::acc mark::comma
monggo i sunja tatan i kalka i beile se be gashūbu me gene re de ,	nv::nv cm::gen nv::nv nv::nv cm::gen nv::nv cm::gen nv::nv nv::nv cm::acc verb::vv e::cve verb::vv e::npst.ptcp cm::dat mark::comma
ilden ,	nn::prpn.person mark::comma
juwan coko ,	nv::nv nv::nv mark::comma
gulu lamun i gūsa i tofohon da niya habi ehe ,	nv::adj nv::adj cm::gen nv::nv cm::gen nv::nv nv::nv verb::vv e::fve.prs.prf nv::adj mark::comma
dehi tumen monggo amba gurun de ,	nv::nv nv::nv nv::nv nv::adj nv::nv cm::dat mark::comma
sunja seke gaji me han de hengkile me ji he .	nv::nv nv::nv verb::vv e::cve nv::nv cm::dat verb::vv e::cve verb::vv e::pst.ptcp mark::period
sure_kundulen_han ,	nn::prpn mark::comma
abai_age i fujiyang ni hergen be nakabu fi iogi obu ha ,	nn::prpn cm::gen nv::nv cm::gen nv::nv cm::acc verb::vv e::cve nv::nv verb::vv e::pst.ptcp mark::comma
inggūldai i beiguwan be ilaci jergi iogi obu ha ,	nn::prpn.person cm::gen nv::nv cm::acc nv::nv nv::nv nv::nv verb::vv e::pst.ptcp mark::comma
beri jebele ,	nv::nv nv::nv mark::comma
men i ajige gurun i niyalma i hendu re anggala ,	pn::1pl.excl cm::gen nv::adj nv::nv cm::gen nv::nv cm::gen verb::vv e::npst.ptcp nv::nv mark::comma
uijeng ,	nn::prpn.person mark::comma
juleri afa ha seme emhun gai mbihe o ,	nv::nv verb::vv e::pst.ptcp comp nv::nv verb::vv e::fve.pst.ipfv ptcl mark::comma
hecen i tulergi dorgi bata be gemu bai me wa me wacihiya fi ,	nv::nv cm::gen nv::nv nv::nv nv::nv cm::acc nv::nv verb::vv e::cve verb::vv e::cve verb::vv e::cve mark::comma
○ tofohon de ,	mark::circle nv::nv cm::dat mark::comma
bu fi meni meni boo tere ba be dasa me waji ha manggi ,	verb::vv e::cve nv::nv nv::nv nv::nv nv::nv nv::nv cm::acc verb::vv e::cve verb::vv e::pst.ptcp nv::nv mark::comma
sahaliyan indahūn aniya aniya biya i ice inenggi ,	nv::adj nv::nv nv::nv nv::nv nv::nv cm::gen nv::adj nv::nv mark::comma
ice han i baru cooha dosi fi ,	nv::adj nv::nv cm::gen nv::nv nv::nv verb::vv e::cve mark::comma
sunja hehe ,	nv::nv nv::nv mark::comma
han ,	nv::nv mark::comma
wan_lii i orin nadaci aniya juwe biya i ice uyun de baha ha ,	nn::prpn cm::gen nv::nv nv::nv nv::nv nv::nv nv::nv cm::gen nv::adj nv::nv cm::dat verb::vv e::pst.ptcp mark::comma
ulan ,	nv::nv mark::comma
dain de o ci bedere rakū ,	nv::nv cm::dat verb::vv e::cve verb::vv e::npst.ptcp.neg mark::comma
šu mbu ci ,	verb::vv sfx e::cve mark::comma
suwen i beye gai fi icihiya ∅ ,	pn::2pl cm::gen nv::nv verb::vv e::cve verb::vv e::fve.imperative mark::comma
gege i sira me manggūldai_taiji i sargan be tebu he ,	nv::nv cm::gen verb::vv e::cve nn::prpn cm::gen nv::nv cm::acc verb::vv e::pst.ptcp mark::comma
tere inenggi ,	nv::nv nv::nv mark::comma
tsanjiyang ,	nv::nv mark::comma
tere i gisun uru ,	nv::nv cm::gen nv::nv nv::nv mark::comma
alagai ,	nn::prpn.plc mark::comma
amba muwa moo be uthai bukda me bila ci bija mbi o ,	nv::adj nv::adj nv::nv cm::acc nv::nv verb::vv e::cve verb::vv e::cve verb::vv e::fve.npst ptcl mark::comma
dain aba yabu re de ,	nv::nv nv::nv verb::vv e::npst.ptcp cm::dat mark::comma
hecen i ninggu i niyalma ,	nv::nv cm::gen nv::nv cm::gen nv::nv mark::comma
bira de juwe jergi senggi eye he be ,	nv::nv cm::dat nv::nv nv::nv nv::nv verb::vv e::pst.ptcp cm::acc mark::comma
amba etuku etu hei morin yalu fi hecen tuci ke manggi ,	nv::adj nv::nv verb::vv e::cve nv::nv verb::vv e::cve nv::nv verb::vv e::pst.ptcp nv::nv mark::comma
suwe eigete be jobobu me ,	pn::2pl nv::nv cm::acc verb::vv e::cve mark::comma
uyan i niru be ,	nv::nv cm::gen nv::nv cm::acc mark::comma
han tuci fi juwan ba i dube de okdo fi ,	nv::nv verb::vv e::cve nv::nv nv::nv cm::gen nv::nv cm::dat verb::vv e::cve mark::comma
ice sunja de beide he weile ere inu .	nv::adj nv::nv cm::dat verb::vv e::pst.ptcp nv::nv nv::nv nv::nv mark::period
kintai ,	nn::prpn.person mark::comma
han i tacibu ha gisun be jurce me ,	nv::nv cm::gen verb::vv e::pst.ptcp nv::nv cm::acc verb::vv e::cve mark::comma
uici ,	nn::prpn.person mark::comma
du_tang ni bithe ,	nv::nv cm::gen nv::nv mark::comma
tai ,	nv::nv mark::comma
ba i niyalma suwe hafan de haldabaša me aika bu ci ,	nv::nv cm::gen nv::nv pn::2pl nv::nv cm::dat verb::vv e::cve nv::nv verb::vv e::cve mark::comma
ere duin monggo_fujin de gecuheri ,	nv::nv nv::nv nn::prpn cm::dat nv::nv mark::comma
tuttu hendu tele geli ojo rakū ,	nv::nv verb::vv e::cve nv::nv verb::vv e::npst.ptcp.neg mark::comma
ula de emu feye ,	nv::nv cm::dat nv::nv nv::nv mark::comma
lingse ,	nv::nv mark::comma
han i afabu ha jurgan be ,	nv::nv cm::gen verb::vv e::pst.ptcp nv::nv cm::acc mark::comma
suwen i weile akū ba i niyalma ,	pn::2pl cm::gen nv::nv nv::adj nv::nv cm::gen nv::nv mark::comma
wei_ning_ing ni cooha ,	nn::prpn cm::gen nv::nv mark::comma
sunja tanggū nikan be ahūn deo de acan bu he .	nv::nv nv::nv nv::nv cm::acc nv::nv nv::nv cm::dat nv::nv verb::vv e::pst.ptcp mark::period
fusi be sucu me gene re de ,	nn::prpn.plc cm::acc verb::vv e::cve verb::vv e::npst.ptcp cm::dat mark::comma
banji ha ba ,	verb::vv e::pst.ptcp nv::nv mark::comma
dulga niyalma efuje fi beye bi he ,	nv::adj nv::nv verb::vv e::cve nv::nv verb::vv e::pst.ptcp mark::comma
hūlha holo banji ci ,	nv::nv nv::nv verb::vv e::cve mark::comma
jai ula i bujantai ,	nv::nv nv::nv cm::gen nn::prpn.person mark::comma
ši_ho_wei i du_jy_hūi_ciyanši šose i jui todai ,	nn::prpn cm::gen nv::nv nn::prpn.person cm::gen nv::nv nv::nv mark::comma
gecuheri etuku ,	nv::nv nv::nv mark::comma
ubatai ,	nn::prpn.person mark::comma
gama ra niyalma gama ha ,	verb::vv e::npst.ptcp nv::nv verb::vv e::pst.ptcp mark::comma
suje ,	nv::nv mark::comma
ihan honin wa fi dere dasa fi juhe i dele sarila fi ,	nv::nv nv::nv verb::vv e::cve nv::nv verb::vv e::cve nv::nv cm::gen nv::nv verb::vv e::cve mark::comma
pinggu moo emu tanggū juwan duin ,	nv::nv nv::nv nv::nv nv::nv nv::nv nv::nv mark::comma
jai afabu ha weile be mute mbi ,	nv::nv verb::vv e::pst.ptcp nv::nv cm::acc verb::vv e::fve.npst mark::comma
tere elcin i emgi sangtu i deo sanggūli ,	nv::nv nv::nv cm::gen nv::nv nn::prpn.person cm::gen nv::nv nn::prpn.person mark::comma
amban sa i baru hendu me ,	nv::nv nv::nv cm::gen nv::nv verb::vv e::cve mark::comma
gucuse de inu donjibu hakūbi ,	nv::nv cm::dat nv::nv verb::vv e::fve.prs.prf.neg mark::comma
deo holdo be sira me jai jergi tsanjiyang obu ha ,	nv::nv nn::prpn.person cm::acc verb::vv e::cve nv::nv nv::nv nv::nv verb::vv e::pst.ptcp mark::comma
monggo_fujin de emu oholiyo tana bi seme ala ra jaka de ,	nn::prpn cm::dat nv::nv nv::nv nv::nv verb::vv.npst comp verb::vv e::npst.ptcp nv::nv cm::dat mark::comma
kubu he fulgiyan i gūsa i ilan niru be subsingga gai fi te mbi .	verb::vv e::pst.ptcp nv::nv cm::gen nv::nv cm::gen nv::nv nv::nv cm::acc nn::prpn.person verb::vv e::cve verb::vv e::fve.npst mark::period
jase i dolo guribu me icihiya ha ,	nv::nv cm::gen nv::nv verb::vv e::cve verb::vv e::pst.ptcp mark::comma
juwan yan aisin gaji me acanji ha ,	nv::nv nv::nv nv::nv verb::vv e::cve verb::vv e::pst.ptcp mark::comma
nacin i boigon be gai fi ,	nv::nv cm::gen nv::nv cm::acc verb::vv e::cve mark::comma
tongki fuka sinda ha hergen i dangse .	nv::nv nv::nv verb::vv e::pst.ptcp nv::nv cm::gen nv::nv mark::period
sokto ho ,	verb::vv e::pst.ptcp mark::comma
○ juwan duin de ,	mark::circle nv::nv nv::nv cm::dat mark::comma
muhaliyan_age nene me gene fi ,	nn::prpn verb::vv e::cve verb::vv e::cve mark::comma
liyoodung ni šurde me nikan i boo de jušen kamci me te fi ,	nn::prpn.plc cm::gen verb::vv e::cve nv::nv cm::gen nv::nv cm::dat nv::nv verb::vv e::cve verb::vv e::cve mark::comma
jaisanggū_age ,	nn::prpn mark::comma
in i somi ha jeku be gai fi je mbi ,	pn::3sg cm::gen verb::vv e::pst.ptcp nv::nv cm::acc verb::vv e::cve verb::vv e::fve.npst mark::comma
○ nomhon ,	mark::circle nv::adj mark::comma
urusa be ,	nv::nv cm::acc mark::comma
○ juwan jakūn de ,	mark::circle nv::nv nv::nv cm::dat mark::comma
○ bakiran be ,	mark::circle nn::prpn.person cm::acc mark::comma
ehe sain be dere bani rakū ,	nv::adj nv::adj cm::acc nv::nv verb::vv e::npst.ptcp.neg mark::comma
hafasa suwen de gung kai ,	nv::nv pn::2pl cm::dat nv::nv ptcl mark::comma
ilan duin jergi dahūn dahūn i bai ci ,	nv::nv nv::nv nv::nv nv::nv nv::nv cm::gen verb::vv e::cve mark::comma
sain uksin ,	nv::adj nv::nv mark::comma
han de ilan biya i orin sunja de ala ha ,	nv::nv cm::dat nv::nv nv::nv cm::gen nv::nv nv::nv cm::dat verb::vv e::pst.ptcp mark::comma
bi buye me bai me ji fi ,	pn::1sg verb::vv e::cve verb::vv e::cve verb::vv e::cve mark::comma
ama han i afabu ha amba gurun be necin neigen i dasa me ,	nv::nv nv::nv cm::gen verb::vv e::pst.ptcp nv::adj nv::nv cm::acc nv::adj nv::adj cm::gen verb::vv e::cve mark::comma
○ erdeni_baksi ,	mark::circle nn::prpn mark::comma
juwe malu arki gaji me okdo ko ,	nv::nv nv::nv nv::nv verb::vv e::cve verb::vv e::pst.ptcp mark::comma
ma_biyei_ling ,	nn::prpn mark::comma
jai tai_hoo_han i ningguci aniya sunja biya de ,	nv::nv nn::prpn cm::gen nv::nv nv::nv nv::nv nv::nv cm::dat mark::comma
si abka i dergi abka kai ,	pn::2sg nv::nv cm::gen nv::nv nv::nv ptcl mark::comma
jang_ciowan hendu me ,	nn::prpn verb::vv e::cve mark::comma
sio_yan ,	nn::prpn mark::comma
šui_cang_ioi ,	nn::prpn mark::comma
amin_beile i damungga ,	nn::prpn cm::gen nn::prpn.person mark::comma
juwan lamun ,	nv::nv nv::adj mark::comma
solho hafan be ganabu fi juwan emu de isinji ha ,	nv::nv nv::nv cm::acc verb::vv e::cve nv::nv nv::nv cm::dat verb::vv e::pst.ptcp mark::comma
genggiyen_han i cooha i dube i juwe uksin i niyalma jafa ha ,	nn::prpn cm::gen nv::nv cm::gen nv::nv cm::gen nv::nv nv::nv cm::gen nv::nv verb::vv e::pst.ptcp mark::comma
be ji fi geli suwen be sinda fi gene mbi o ,	pn::1pl.excl verb::vv e::cve nv::nv pn::2pl cm::acc verb::vv e::cve verb::vv e::fve.npst ptcl mark::comma
sele urebu re ši_ceng ni bedzung jang_bing_i ,	nv::nv verb::vv e::npst.ptcp nn::prpn cm::gen nv::nv nn::prpn mark::comma
suwe dosi fi min i efule me gai ha ba i jeku be gama ci ,	pn::2pl verb::vv e::cve pn::1sg cm::gen verb::vv e::cve verb::vv e::pst.ptcp nv::nv cm::gen nv::nv cm::acc verb::vv e::cve mark::comma
be cahar de amba weile akū bi he ,	pn::1pl.excl nn::prpn.plc cm::dat nv::adj nv::nv nv::adj verb::vv e::pst.ptcp mark::comma
doro be efule me ehe facuhūn o fi ,	nv::nv cm::acc verb::vv e::cve nv::adj nv::adj verb::vv e::cve mark::comma
gintaisi ,	nn::prpn.person mark::comma
gemu meni meni beye ci tuci mbi kai ,	nv::nv nv::nv nv::nv nv::nv cm::abl verb::vv e::fve.npst ptcl mark::comma
han i boo i uda me gai ha eje he ,	nv::nv cm::gen nv::nv cm::gen verb::vv e::cve verb::vv e::pst.ptcp verb::vv e::pst.ptcp mark::comma
wan_lii i duici aniya duin biya i tofohon de baha ha ,	nn::prpn cm::gen nv::nv nv::nv nv::nv nv::nv cm::gen nv::nv cm::dat verb::vv e::pst.ptcp mark::comma
ala ra unde ,	verb::vv e::npst.ptcp nv::nv mark::comma
fujiyang ni hergen be wasibu fi tsanjiyang obu ha ,	nv::nv cm::gen nv::nv cm::acc verb::vv e::cve nv::nv verb::vv e::pst.ptcp mark::comma
tere cooha be gemu wa ha ,	nv::nv nv::nv cm::acc nv::nv verb::vv e::pst.ptcp mark::comma
ukanju be bederebu me bu re ,	nv::nv cm::acc verb::vv e::cve verb::vv e::npst.ptcp mark::comma
afabu ha weile be mute mbi ,	verb::vv e::pst.ptcp nv::nv cm::acc verb::vv e::fve.npst mark::comma
io_tiyan_ceng beiguwan be simiyan de unggi he ,	nn::prpn nv::nv cm::acc nn::prpn.plc cm::dat verb::vv e::pst.ptcp mark::comma
afabu ha weile be mute mbi ,	verb::vv e::pst.ptcp nv::nv cm::acc verb::vv e::fve.npst mark::comma
bi baha ha manggi ,	pn::1sg verb::vv e::pst.ptcp nv::nv mark::comma
suwe inu hūturi akū kai ,	pn::2pl nv::nv nv::nv nv::adj ptcl mark::comma
jakūta de emu feye baha ha ,	nv::nv cm::dat nv::nv nv::nv verb::vv e::pst.ptcp mark::comma
ilhi suje i jibehun ,	nv::nv nv::nv cm::gen nv::nv mark::comma
cagan ,	nv::nv mark::comma
tere ara ra de ,	nv::nv verb::vv e::npst.ptcp cm::dat mark::comma
kubu he šanggiyan i gūsa i hūrhan jakūn da ,	verb::vv e::pst.ptcp nv::nv cm::gen nv::nv cm::gen nv::nv nv::nv nv::nv mark::comma
ahana ,	nn::prpn.person mark::comma
mandulai ,	nn::prpn.person mark::comma
tofohon de liyoodung ni hecen de isinji ∅ ,	nv::nv cm::dat nn::prpn.plc cm::gen nv::nv cm::dat verb::vv e::fve.imperative mark::comma
dailiyoo i jang_giyo gebungge amban ,	nn::prpn.plc cm::gen nn::prpn nv::adj nv::nv mark::comma
jase i tulergi ba tari ci inu tari ∅ ,	nv::nv cm::gen nv::nv nv::nv verb::vv e::cve nv::nv verb::vv e::fve.imperative mark::comma
○ niyanioke beiguwan i hergen be wesibu fi ,	mark::circle nn::prpn.person nv::nv cm::gen nv::nv cm::acc verb::vv e::cve mark::comma
min i juwe jui dain de morin yalu fi afa ci ,	pn::1sg cm::gen nv::nv nv::nv nv::nv cm::dat nv::nv verb::vv e::cve verb::vv e::cve mark::comma
tuleri te he iogi ,	nv::nv verb::vv e::pst.ptcp nv::nv mark::comma
seke i jibca ,	nv::nv cm::gen nv::nv mark::comma
○ bolori uyun biya i ice ninggun de ,	mark::circle nv::nv nv::nv nv::nv cm::gen nv::adj nv::nv cm::dat mark::comma
olho ro ,	verb::vv e::npst.ptcp mark::comma
muse i cooha be julesi gene kini seme uttu gūni fi ,	nv::nv cm::gen nv::nv cm::acc nv::nv verb::vv e::fve.opt comp nv::nv verb::vv e::cve mark::comma
○ lii_fuma hendu me ,	mark::circle nn::prpn verb::vv e::cve mark::comma
dere bani re aibi ,	nv::nv verb::vv e::npst.ptcp nv::nv mark::comma
toho ro emu ubu .	verb::vv e::npst.ptcp nv::nv nv::nv mark::period
ehe be ehe seme han de ala mbi ,	nv::adj cm::acc nv::adj comp nv::nv cm::dat verb::vv e::fve.npst mark::comma
muse ama jui be ehe aca kini seme niyalma bele mbi dere ,	pn::1pl.incl nv::nv nv::nv cm::acc nv::adj verb::vv e::fve.opt comp nv::nv verb::vv e::fve.npst ptcl mark::comma
bi baica ci ,	pn::1sg verb::vv e::cve mark::comma
seke i dahū ,	nv::nv cm::gen nv::nv mark::comma
doro be kice me dasa mbi ,	nv::nv cm::acc verb::vv e::cve verb::vv e::fve.npst mark::comma
han hendu me ,	nv::nv verb::vv e::cve mark::comma
weceku de hengkile fi ,	nv::nv cm::dat verb::vv e::cve mark::comma
efi me gisure he turgun de ,	verb::vv e::cve verb::vv e::pst.ptcp nv::nv cm::dat mark::comma
alban weile re ai ai baita o ci ,	nv::nv verb::vv e::npst.ptcp nv::nv nv::nv nv::nv verb::vv e::cve mark::comma
yehe i niyalma be wa ha seme ,	nv::nv cm::gen nv::nv cm::acc verb::vv e::pst.ptcp comp mark::comma
ha_sing_wang de ,	nn::prpn cm::dat mark::comma
○ šundoi be ,	mark::circle nn::prpn.person cm::acc mark::comma
men i niyalma saci me wa ha ,	pn::1pl.excl cm::gen nv::nv verb::vv e::cve verb::vv e::pst.ptcp mark::comma
ama inu ibiya mbi ,	nv::nv nv::nv verb::vv e::fve.npst mark::comma
jalan jalan i poo sinda me afa me ,	nv::nv nv::nv cm::gen nv::nv verb::vv e::cve verb::vv e::cve mark::comma
jai gūwa nimaha bai re niyalma bisi re be ,	nv::nv nv::nv nv::nv verb::vv e::npst.ptcp nv::nv verb::vv e::npst.ptcp cm::acc mark::comma
morin ulebu re orho liyoo ,	nv::nv verb::vv e::npst.ptcp nv::nv nv::nv mark::comma
ninggun niongniyaha benji he ,	nv::nv nv::nv verb::vv e::pst.ptcp mark::comma
men i korcin i beile se ehe akū ,	pn::1pl.excl cm::gen nn::prpn.plc cm::gen nv::nv nv::nv nv::adj nv::adj mark::comma
○ fulgiyan tasha aniya ninggun biya i ice ninggun de ,	mark::circle nv::nv nv::nv nv::nv nv::nv nv::nv cm::gen nv::adj nv::nv cm::dat mark::comma
julge jeo_gurun i banji ha idu waji fi ,	nv::nv nn::prpn cm::gen verb::vv e::pst.ptcp nv::nv verb::vv e::cve mark::comma
hai_si uje_dogon_i_xa_ho_šo i du_jy_hūi_ciyanši taoga i jui motasu ,	nn::prpn nn::prpn cm::gen nv::nv nn::prpn.person cm::gen nv::nv nn::prpn.person mark::comma
batangga nikan be daila mbi seme gashū ha gisun be aifu fi ,	nv::adj nv::nv cm::acc verb::vv e::fve.npst comp verb::vv e::pst.ptcp nv::nv cm::acc verb::vv e::cve mark::comma
han de ala ∅ ,	nv::nv cm::dat verb::vv e::fve.imperative mark::comma
furdan ,	nv::nv mark::comma
tere habšanji ha gisun be ,	nv::nv verb::vv e::pst.ptcp nv::nv cm::acc mark::comma
tulergi gurun be gemu hirha me wacihiya fi ,	nv::nv nv::nv cm::acc nv::nv verb::vv e::cve verb::vv e::cve mark::comma
ume cuwangna me duri re ,	nv::nv verb::vv e::cve verb::vv e::npst.ptcp mark::comma
uji he baili be gūni me ,	verb::vv e::pst.ptcp nv::nv cm::acc verb::vv e::cve mark::comma
munggatu ,	nn::prpn.person mark::comma
nangnuk_beile ci ,	nn::prpn cm::abl mark::comma
aiguri janggin ,	nn::prpn.person nv::nv mark::comma
buce he niyalma be ,	verb::vv e::pst.ptcp nv::nv cm::acc mark::comma
emu gurun o ki seme ,	nv::nv nv::nv verb::vv e::fve.opt comp mark::comma
hai_jeo i niyalma jušen kamci habi ,	nn::prpn cm::gen nv::nv nv::nv verb::vv e::fve.prs.prf mark::comma
tofohoci jergi .	nv::nv nv::nv mark::period
namu_ho_wei i du_jy_hūi_ciyanši silu i jui dung_darhan ,	nn::prpn cm::gen nv::nv nn::prpn.person cm::gen nv::nv nn::prpn mark::comma
han beye nime me ,	nv::nv nv::nv verb::vv e::cve mark::comma
isibu rakū ci suwen de weile .	verb::vv e::npst.ptcp.neg e::cve pn::2pl cm::dat nv::nv mark::period
afabu ha weile be mute mbi ,	verb::vv e::pst.ptcp nv::nv cm::acc verb::vv e::fve.npst mark::comma
monggo ,	nv::nv mark::comma
emu gūsa de eksingge i jergi emte ejen ara fi weri ∅ ,	nv::nv nv::nv cm::dat nn::prpn.person cm::gen nv::nv nv::nv nv::nv verb::vv e::cve verb::vv e::fve.imperative mark::comma
dain o fi inu jabša hakūbi ,	nv::nv verb::vv e::cve nv::nv verb::vv e::fve.prs.prf.neg mark::comma
wan_lii i orin emuci aniya uyun biya i orin ilan de baha ha ,	nn::prpn cm::gen nv::nv nv::nv nv::nv nv::nv nv::nv cm::gen nv::nv nv::nv cm::dat verb::vv e::pst.ptcp mark::comma
yafahan cooha i tari ha usin be ,	nv::adj nv::nv cm::gen verb::vv e::pst.ptcp nv::nv cm::acc mark::comma
cooha i niyalma be hala me nadan biya i juwan de gene mbi ,	nv::nv cm::gen nv::nv cm::acc verb::vv e::cve nv::nv nv::nv cm::gen nv::nv cm::dat verb::vv e::fve.npst mark::comma
eigen akū hehesi be hūdun baica fi unggi ∅ ,	nv::nv nv::adj nv::nv cm::acc nv::adj verb::vv e::cve verb::vv e::fve.imperative mark::comma
sunja honin yali ,	nv::nv nv::nv nv::nv mark::comma
monggo i beile se be ai ai buce re weile baha ci bucebu rakū ,	nv::nv cm::gen nv::nv nv::nv cm::acc nv::nv nv::nv verb::vv e::npst.ptcp nv::nv verb::vv e::cve verb::vv e::npst.ptcp.neg mark::comma
hehesi i etuku hūsihan fokto etubu fi girubu mbi seme ,	nv::nv cm::gen nv::nv nv::nv nv::nv verb::vv e::cve verb::vv e::fve.npst comp mark::comma
han ,	nv::nv mark::comma
singgiyan be ilaci jergi tsanjiyang ni hergen be wasibu fi ,	nv::nv cm::acc nv::nv nv::nv nv::nv cm::gen nv::nv cm::acc verb::vv e::cve mark::comma
fujisa be gaji me ji ∅ seme takūra fi unggi he bi he ,	nv::nv cm::acc verb::vv e::cve verb::vv e::fve.imperative comp verb::vv e::cve verb::vv e::pst.ptcp verb::vv e::pst.ptcp mark::comma
dutan ,	nn::prpn.person mark::comma
men i monggo beile se ehe mujilen jafa ci ,	pn::1pl.excl cm::gen nv::nv nv::nv nv::nv nv::adj nv::nv verb::vv e::cve mark::comma
hife ,	nv::nv mark::comma
han hendu me ,	nv::nv verb::vv e::cve mark::comma
○ wei_šusai jori ha nadan gašan i ninju duin haha be jafa fi ,	mark::circle nn::prpn verb::vv e::pst.ptcp nv::nv nv::nv cm::gen nv::nv nv::nv nv::nv cm::acc verb::vv e::cve mark::comma
ilaci jergi iogi obu ha ,	nv::nv nv::nv nv::nv verb::vv e::pst.ptcp mark::comma
hoton de tuta ha beile se ,	nv::nv cm::dat verb::vv e::pst.ptcp nv::nv nv::nv mark::comma
○ tere inenggi ,	mark::circle nv::nv nv::nv mark::comma
emte sara ,	nv::nv nv::nv mark::comma
min i juwe juse akda rakū gele mbi kai seme hendu he manggi ,	pn::1sg cm::gen nv::nv nv::nv verb::vv e::npst.ptcp.neg verb::vv e::fve.npst ptcl comp verb::vv e::pst.ptcp nv::nv mark::comma
eljige ,	nn::prpn.person mark::comma
geren beile se amban sa ,	nv::adj nv::nv nv::nv nv::nv nv::nv mark::comma
kalka i joriktu_beile i ninggun niyalma uka me ji he .	nv::nv cm::gen nn::prpn cm::gen nv::nv nv::nv verb::vv e::cve verb::vv e::pst.ptcp mark::period
jecen i jeku be hadubu me cooha geli wasi ka ,	nv::nv cm::gen nv::nv cm::acc verb::vv e::cve nv::nv nv::nv verb::vv e::pst.ptcp mark::comma
buya karun i niyalma be gung fonji fi ,	nv::adj nv::nv cm::gen nv::nv cm::acc nv::nv verb::vv e::cve mark::comma
ubahai ,	nn::prpn.person mark::comma
ai ai jaka be gejure mbi se re ,	nv::nv nv::nv nv::nv cm::acc verb::vv e::fve.npst verb::vv e::npst.ptcp mark::comma
amba_beile gai fi geren beile se hengkile me aca ha ,	nn::prpn verb::vv e::cve nv::adj nv::nv nv::nv verb::vv e::cve verb::vv e::pst.ptcp mark::comma
monggo i morin be yalu fi ,	nv::nv cm::gen nv::nv cm::acc verb::vv e::cve mark::comma
emu haha de emte hule jeku gai mbi ,	nv::nv nv::nv cm::dat nv::nv nv::nv nv::nv verb::vv e::fve.npst mark::comma
taiboho_mafa ,	nn::prpn mark::comma
susai yan menggun ,	nv::nv nv::nv nv::nv mark::comma
suwe tenteke ehe niyalma be duka dosi ci sarkū ci ,	pn::2pl nv::nv nv::adj nv::nv cm::acc nv::nv verb::vv e::cve nv::nv cm::abl mark::comma
si ainu beide mbi seme ,	pn::2sg nv::nv verb::vv e::fve.npst comp mark::comma
šangna ra šang be ahūn gibkada tsanjiyang ni hergen de baha kini ,	verb::vv e::npst.ptcp nv::nv cm::acc nv::nv nn::prpn.person nv::nv cm::gen nv::nv cm::dat verb::vv e::fve.opt mark::comma
ineku tere inenggi nimara ha .	nv::nv nv::nv nv::nv verb::vv e::pst.ptcp mark::period
genggiyen_han i ajigan sargan i ama .	nn::prpn cm::gen nv::adj nv::nv cm::gen nv::nv mark::period
weile he jeku i dabala ,	verb::vv e::pst.ptcp nv::nv cm::gen ptcl mark::comma
boigon i niyalma ,	nv::nv cm::gen nv::nv mark::comma
gurun waji ha ,	nv::nv verb::vv e::pst.ptcp mark::comma
busan i beye de teisu akū mujakū wesibu he ,	nn::prpn.person cm::gen nv::nv cm::dat nv::nv nv::adj nv::nv verb::vv e::pst.ptcp mark::comma
te sunja biya ci acan emu morin ilibu ∅ ,	nv::nv nv::nv nv::nv cm::abl nv::nv nv::nv nv::nv verb::vv e::fve.imperative mark::comma
manggol_taiji jui coshib ,	nn::prpn nv::nv nn::prpn.person mark::comma
afabu ha weile be mute mbi ,	verb::vv e::pst.ptcp nv::nv cm::acc verb::vv e::fve.npst mark::comma
encu gurun i niyalma sarkū seme ,	nv::nv nv::nv cm::gen nv::nv nv::nv comp mark::comma
karun i niyalma ,	nv::nv cm::gen nv::nv mark::comma
hehe juse nadanju nadan ,	nv::nv nv::nv nv::nv nv::nv mark::comma
amba jui min de umai giyangna ra gisun akū seme jabu ha ,	nv::adj nv::nv pn::1sg cm::dat nv::nv verb::vv e::npst.ptcp nv::nv nv::adj comp verb::vv e::pst.ptcp mark::comma
ihan ,	nv::nv mark::comma
○ ice sunja de beide he weile ,	mark::circle nv::adj nv::nv cm::dat verb::vv e::pst.ptcp nv::nv mark::comma
janu_korkon ,	nn::prpn mark::comma
tung_tsanjiyang si ,	nn::prpn pn::2sg mark::comma
olhoba ginggun mujilen be onggo rakū ,	nv::adj nv::adj nv::nv cm::acc verb::vv e::npst.ptcp.neg mark::comma
bamburi ,	nn::prpn.person mark::comma
han i afabu ha jurgan be ,	nv::nv cm::gen verb::vv e::pst.ptcp nv::nv cm::acc mark::comma
jušen muse juwe gurun ,	nv::nv pn::1pl.incl nv::nv nv::nv mark::comma
tuleri te he iogi ,	nv::nv verb::vv e::pst.ptcp nv::nv mark::comma
jaisanggū_age ,	nn::prpn mark::comma
kemne fi tucibu he alban weile re niyalma be ,	verb::vv e::cve verb::vv e::pst.ptcp nv::nv verb::vv e::npst.ptcp nv::nv cm::acc mark::comma
aniya cimari tangse de hengkile fi ,	nv::nv nv::nv nv::nv cm::dat verb::vv e::cve mark::comma
aciha aci fi yabu re niyalma be ,	nv::nv verb::vv e::cve verb::vv e::npst.ptcp nv::nv cm::acc mark::comma
ere bai me ji he gung de ,	nv::nv verb::vv e::cve verb::vv e::pst.ptcp nv::nv cm::dat mark::comma
seke i dahū ilan ,	nv::nv cm::gen nv::nv nv::nv mark::comma
arki nure bi ci omibu ∅ ,	nv::nv nv::nv verb::vv e::cve verb::vv e::fve.imperative mark::comma
joriktu_ecike ,	nn::prpn mark::comma
tere nikan cooha be gida fi gama ra de ,	nv::nv nv::nv nv::nv cm::acc verb::vv e::cve verb::vv e::npst.ptcp cm::dat mark::comma
warka_ecike in i niru i niyalma sahaliyan age be jušen haha gida fi bithe ara hakū seme gercile re be ,	nn::prpn pn::3sg cm::gen nv::nv cm::gen nv::nv nv::adj nv::nv cm::acc nv::nv nv::nv verb::vv e::cve nv::nv verb::vv e::pst.ptcp.neg comp verb::vv e::npst.ptcp cm::acc mark::comma
ula ,	nv::nv mark::comma
juwe jergi buce re weile be guwebu mbi .	nv::nv nv::nv verb::vv e::npst.ptcp nv::nv cm::acc verb::vv e::fve.npst mark::period
geren beile se amban sa ,	nv::adj nv::nv nv::nv nv::nv nv::nv mark::comma
suwen i monggo gurun ,	pn::2pl cm::gen nv::nv nv::nv mark::comma
orita yan menggun ,	nv::nv nv::nv nv::nv mark::comma
weilengge ba i niyalma be wa ha ,	nv::adj nv::nv cm::gen nv::nv cm::acc verb::vv e::pst.ptcp mark::comma
na de sahaliyan ihan wa me gashū fi ,	nv::nv cm::dat nv::adj nv::nv verb::vv e::cve verb::vv e::cve mark::comma
hūturi isabu re ngge kai ,	nv::nv verb::vv e::npst.ptcp nmlz::nmlz ptcl mark::comma
○ wentasi beiguwan ,	mark::circle nn::prpn.person nv::nv mark::comma
gulu šanggiyan i emu gūsa be gai fi ,	nv::adj nv::nv cm::gen nv::nv nv::nv cm::acc verb::vv e::cve mark::comma
jakūn gūsa i uheri ton .	nv::nv nv::nv cm::gen nv::nv nv::nv mark::period
ping_lu_pu i beiguwan de wasimbu ha ,	nn::prpn cm::gen nv::nv cm::dat verb::vv e::pst.ptcp mark::comma
amba boro šangna ha ,	nv::adj nv::nv verb::vv e::pst.ptcp mark::comma
jai amca me arca me feksi fi gabta ∅ ,	nv::nv verb::vv e::cve verb::vv e::cve verb::vv e::cve verb::vv e::fve.imperative mark::comma
jori ha jurgan be jurce rakū seme beiguwan obu ha .	verb::vv e::pst.ptcp nv::nv cm::acc verb::vv e::npst.ptcp.neg comp nv::nv verb::vv e::pst.ptcp mark::period
asuru ume kimci re ,	nv::nv nv::nv verb::vv e::npst.ptcp mark::comma
niman ,	nv::nv mark::comma
si fung_hūwang_ceng ni golo be dosi fi cargi ci ji he niyalma be songko faita ∅ ,	pn::2sg nn::prpn cm::gen nv::nv cm::acc verb::vv e::cve nv::nv cm::abl verb::vv e::pst.ptcp nv::nv cm::acc nv::nv verb::vv e::fve.imperative mark::comma
baban i wa ra beye be naka fi uji he .	nn::prpn.person cm::gen verb::vv e::npst.ptcp nv::nv cm::acc verb::vv e::cve verb::vv e::pst.ptcp mark::period
laha_mergen i sargan ulhun jafa fi faha ha seme ,	nn::prpn cm::gen nv::nv nv::nv verb::vv e::cve verb::vv e::pst.ptcp comp mark::comma
juwan ninggun de wasimbu ha ,	nv::nv nv::nv cm::dat verb::vv e::pst.ptcp mark::comma
šangna ra ba de ama i beiguwan i hergen de baha kini ,	verb::vv e::npst.ptcp nv::nv cm::dat nv::nv cm::gen nv::nv cm::gen nv::nv cm::dat verb::vv e::fve.opt mark::comma
gecuheri goksi ,	nv::nv nv::nv mark::comma
cargi cooha be boljo fi gaji fi ,	nv::nv nv::nv cm::acc verb::vv e::cve verb::vv e::cve mark::comma
tere ci genggiyen_han be bai me uka me ji he .	nv::nv cm::abl nn::prpn cm::acc verb::vv e::cve verb::vv e::cve verb::vv e::pst.ptcp mark::period
emke de ilan yan menggun ,	nv::nv cm::dat nv::nv nv::nv nv::nv mark::comma
teksin mujilengge genggiyen_han ,	nv::adj nv::adj nn::prpn mark::comma
gungju gene fi ama min i baru hendu re gisun ,	nv::nv verb::vv e::cve nv::nv pn::1sg cm::gen nv::nv verb::vv e::npst.ptcp nv::nv mark::comma
○ juwan ilan de ,	mark::circle nv::nv nv::nv cm::dat mark::comma
afabu ha weile be mute mbi ,	verb::vv e::pst.ptcp nv::nv cm::acc verb::vv e::fve.npst mark::comma
han hendu me ,	nv::nv verb::vv e::cve mark::comma
biyan_ging be ,	nn::prpn cm::acc mark::comma
ede suwe ainu da mbi ,	nv::nv pn::2pl nv::nv verb::vv e::fve.npst mark::comma
mocin samsu sunja ,	nv::nv nv::nv nv::nv mark::comma
jafa fi unca me yabu re niyalma ,	verb::vv e::cve verb::vv e::cve verb::vv e::npst.ptcp nv::nv mark::comma
giyang ni bira i ebergi dalin de usin tari ha seme donji fi tuwana ha bi he ,	nv::nv cm::gen nv::nv cm::gen nv::nv nv::nv cm::dat nv::nv verb::vv e::pst.ptcp comp verb::vv e::cve verb::vv e::pst.ptcp verb::vv e::pst.ptcp mark::comma
gene he bayara i niyalma de bu he .	verb::vv e::pst.ptcp nv::nv cm::gen nv::nv cm::dat verb::vv e::pst.ptcp mark::period
ere i ehe be gūni me wa ci ,	nv::nv cm::gen nv::adj cm::acc verb::vv e::cve verb::vv e::cve mark::comma
lio_fujiyang ji kini ,	nn::prpn verb::vv e::fve.opt mark::comma
wa fi beri jebele benji ∅ ,	verb::vv e::cve nv::nv nv::nv verb::vv e::fve.imperative mark::comma
ciyandzung de emte bu he .	nv::nv cm::dat nv::nv verb::vv e::pst.ptcp mark::period
○ ilemu be ,	mark::circle nn::prpn.person cm::acc mark::comma
jakūn gūsa i beile se amban sa be gai fi ,	nv::nv nv::nv cm::gen nv::nv nv::nv nv::nv nv::nv cm::acc verb::vv e::cve mark::comma
emu niyalma i gūni ha anggala ,	nv::nv nv::nv cm::gen verb::vv e::pst.ptcp nv::nv mark::comma
simiyan ,	nn::prpn.plc mark::comma
ali me gai ci ,	verb::vv e::cve verb::vv e::cve mark::comma
○ orin emu de beile se i wesimbu he bithe ,	mark::circle nv::nv nv::nv cm::dat nv::nv nv::nv cm::gen verb::vv e::pst.ptcp nv::nv mark::comma
i_jeo hecen de julergi ci ji he cooha minggan funce me bi ,	nn::prpn nv::nv cm::dat nv::nv cm::abl verb::vv e::pst.ptcp nv::nv nv::nv verb::vv e::cve verb::vv.npst mark::comma
solho de gene he elcin ,	nv::nv cm::dat verb::vv e::pst.ptcp nv::nv mark::comma
ahūn be ambula gasabu mbihe ,	nv::nv cm::acc nv::nv verb::vv e::fve.pst.ipfv mark::comma
suwen i solho gurun ,	pn::2pl cm::gen nv::nv nv::nv mark::comma
wang_beiguwan baica me tuwa ci ,	nn::prpn verb::vv e::cve verb::vv e::cve mark::comma
ere ilan niyalma ,	nv::nv nv::nv nv::nv mark::comma
uksin saca etu fi ,	nv::nv nv::nv verb::vv e::cve mark::comma
geren beile se i fujisa be isabu fi ,	nv::adj nv::nv nv::nv cm::gen nv::nv cm::acc verb::vv e::cve mark::comma
weihu i doo me gene fi ,	nv::nv cm::gen verb::vv e::cve verb::vv e::cve mark::comma
aisin han ,	nv::nv nv::nv mark::comma
emu tungse ,	nv::nv nv::nv mark::comma
liyoha de asu hūrhan sinda fi ,	nn::prpn.plc cm::dat nv::nv nv::nv verb::vv e::cve mark::comma
fu_jeo i niyalma ubaša me nikan cuwan boljo fi gaji ha ,	nn::prpn cm::gen nv::nv verb::vv e::cve nv::nv nv::nv verb::vv e::cve verb::vv e::pst.ptcp mark::comma
be duile re ba de juwe jergi gana ci ji hekū seme ala ha manggi ,	pn::1pl.excl verb::vv e::npst.ptcp nv::nv cm::dat nv::nv nv::nv verb::vv e::cve verb::vv e::pst.ptcp.neg comp verb::vv e::pst.ptcp nv::nv mark::comma
jai yung_ning_giyan i beiguwan lii_diyan_kui geli ala me ,	nv::nv nn::prpn cm::gen nv::nv nn::prpn nv::nv verb::vv e::cve mark::comma
emte kiyoo dagila ∅ ,	nv::nv nv::nv verb::vv e::fve.imperative mark::comma
sanggarjai juwe beile i irgen geli yehe i ba de ji fi ,	nn::prpn.person nv::nv nv::nv cm::gen nv::nv nv::nv nv::nv cm::gen nv::nv cm::dat verb::vv e::cve mark::comma
usin be inu tari ci tesu mbi seme bodo hobi ,	nv::nv cm::acc nv::nv verb::vv e::cve verb::vv e::fve.npst comp verb::vv e::fve.prs.prf mark::comma
gurun i ulha be tuwa me bargiya kini seme ,	nv::nv cm::gen nv::nv cm::acc verb::vv e::cve verb::vv e::fve.opt comp mark::comma
suwe ume gaija ra ,	pn::2pl nv::nv verb::vv e::npst.ptcp mark::comma
gašan i banji re de seme tondo i akūmbu ki ,	nv::nv cm::gen verb::vv e::npst.ptcp cm::dat comp nv::adj cm::gen verb::vv e::fve.opt mark::comma
tulešen ,	nn::prpn.person mark::comma
sin i ehe be gūni rakū jui min be gūni ci sin be uji kini seme juwan jergi gisure ci ,	pn::2sg cm::gen nv::adj cm::acc verb::vv e::npst.ptcp.neg nv::nv pn::1sg cm::acc verb::vv e::cve pn::2sg cm::acc verb::vv e::fve.opt comp nv::nv nv::nv verb::vv e::cve mark::comma
sunja tanggū nikan bu ∅ ,	nv::nv nv::nv nv::nv verb::vv e::fve.imperative mark::comma
mujakū erin de kiyoo ca ha gese hetu lasha juhe jafabu ha dere ,	nv::nv nv::nv cm::dat nv::nv verb::vv e::pst.ptcp nv::nv nv::adj nv::nv nv::nv verb::vv e::pst.ptcp ptcl mark::comma
cahar ,	nn::prpn.plc mark::comma
○ iogi hūsitun ,	mark::circle nv::nv nv::nv mark::comma
dain i doro de ,	nv::nv cm::gen nv::nv cm::dat mark::comma
yangguri_efu i jui giran be sarhū de bene ki se re turgun de ,	nn::prpn cm::gen nv::nv nv::nv cm::acc nv::nv cm::dat verb::vv e::fve.opt verb::vv e::npst.ptcp nv::nv cm::dat mark::comma
ice šangna ha dehi yan menggun ,	nv::adj verb::vv e::pst.ptcp nv::nv nv::nv nv::nv mark::comma
gese banji ki se he gisun be ,	nv::nv verb::vv e::fve.opt verb::vv e::pst.ptcp nv::nv cm::acc mark::comma
tere ing ni nikan i emu tumen cooha ,	nv::nv nv::nv cm::gen nv::nv cm::gen nv::nv nv::nv nv::nv mark::comma
juwe jergi amba ulan fete hebi ,	nv::nv nv::nv nv::adj nv::nv verb::vv e::fve.prs.prf mark::comma
in i beye be buce he dere seme efule re cooha i niyalma be amasi bederebu he ,	pn::3sg cm::gen nv::nv cm::acc verb::vv e::pst.ptcp ptcl comp verb::vv e::npst.ptcp nv::nv cm::gen nv::nv cm::acc nv::nv verb::vv e::pst.ptcp mark::comma
tere be suwe duile fi bithe ara fi wesimbu ∅ se he manggi ,	nv::nv cm::acc pn::2pl verb::vv e::cve nv::nv verb::vv e::cve verb::vv e::fve.imperative verb::vv e::pst.ptcp nv::nv mark::comma
○ darhan_hiya ,	mark::circle nn::prpn mark::comma
○ coshi_taiji de ,	mark::circle nn::prpn cm::dat mark::comma
beye i hūsun ete fi jori ha jori hai uthai sinda mbi kai seme ,	nv::nv cm::gen nv::nv verb::vv e::cve verb::vv e::pst.ptcp verb::vv e::cve nv::nv verb::vv e::fve.npst ptcl comp mark::comma
nomci nene me hurgen ihan unggi he jalin de ,	nn::prpn.person verb::vv e::cve nv::nv nv::nv verb::vv e::pst.ptcp nv::nv cm::dat mark::comma
min i gashū ha ba bi ,	pn::1sg cm::gen verb::vv e::pst.ptcp nv::nv verb::vv.npst mark::comma
dajuhū de takūra ha gisun ,	nn::prpn.person cm::dat verb::vv e::pst.ptcp nv::nv mark::comma
han ,	nv::nv mark::comma
suwe meni meni afa ha jurgan be olho me ginggule me ,	pn::2pl nv::nv nv::nv verb::vv e::pst.ptcp nv::nv cm::acc verb::vv e::cve verb::vv e::cve mark::comma
nadan yan i weile waliya mbi ,	nv::nv nv::nv cm::gen nv::nv verb::vv e::fve.npst mark::comma
juwe kiru i orin niyalma be ,	nv::nv nv::nv cm::gen nv::nv nv::nv cm::acc mark::comma
ai ai faksisa be gemu bithe ara fi wesimbu ∅ .	nv::nv nv::nv nv::nv cm::acc nv::nv nv::nv verb::vv e::cve verb::vv e::fve.imperative mark::period
ice juwe de ,	nv::adj nv::nv cm::dat mark::comma
hoifa de emu feye baha ha seme sunjata yan i weile waliya mbi ,	nn::prpn.plc cm::dat nv::nv nv::nv verb::vv e::pst.ptcp comp nv::nv nv::nv cm::gen nv::nv verb::vv e::fve.npst mark::comma
ufa ,	nv::nv mark::comma
juwan juwe ci jergi ,	nv::nv verb::vv e::cve nv::nv mark::comma
omolo fatan be beiguwan obu ha .	nv::nv nv::nv cm::acc nv::nv verb::vv e::pst.ptcp mark::period
hoifa i sunja tanggū cooha ,	nn::prpn.plc cm::gen nv::nv nv::nv nv::nv mark::comma
tuttu tondo i fafula rakū ehe miosihon jurgan i banji ci ,	nv::nv nv::adj cm::gen verb::vv e::npst.ptcp.neg nv::adj nv::adj nv::nv cm::gen verb::vv e::cve mark::comma
dosi ka be wa ∅ ,	verb::vv e::pst.ptcp cm::acc verb::vv e::fve.imperative mark::comma
cooha be kadala me ete mbi seme ,	nv::nv cm::acc verb::vv e::cve verb::vv e::fve.npst comp mark::comma
eitere ci sain se mbi seme hendu he ,	verb::vv e::cve nv::adj verb::vv e::fve.npst comp verb::vv e::pst.ptcp mark::comma
○ sereng_beile i begei ,	mark::circle nn::prpn cm::gen nn::prpn.person mark::comma
amba gurun i canggi banji mbi o ,	nv::adj nv::nv cm::gen nv::nv verb::vv e::fve.npst ptcl mark::comma
hecen i duka be tuwakiya ∅ seme afabu ha fulgiyan bayara i cooha ,	nv::nv cm::gen nv::nv cm::acc verb::vv e::fve.imperative comp verb::vv e::pst.ptcp nv::nv nv::nv cm::gen nv::nv mark::comma
tanggū niyalma de emu niyalma be tucibu fi weilebu mbi ,	nv::nv nv::nv cm::dat nv::nv nv::nv cm::acc verb::vv e::cve verb::vv e::fve.npst mark::comma
cangšu ci wesihun ,	nn::prpn.person cm::abl nv::nv mark::comma
orin yan i weile ara ha ,	nv::nv nv::nv cm::gen nv::nv verb::vv e::pst.ptcp mark::comma
hūsitai i tofohon yan i gung faita ha ,	nn::prpn.person cm::gen nv::nv nv::nv cm::gen nv::nv verb::vv e::pst.ptcp mark::comma
morin ,	nv::nv mark::comma
icingga ba be donji ki ,	nv::adj nv::nv cm::acc verb::vv e::fve.opt mark::comma
tsanjiyang ni hergen nakabu fi bai niyalma obu ha ,	nv::nv cm::gen nv::nv verb::vv e::cve nv::nv nv::nv verb::vv e::pst.ptcp mark::comma
lii_fuma ere dain be da de aisin han deribu hekū ,	nn::prpn nv::nv nv::nv cm::acc nv::nv cm::dat nv::nv nv::nv verb::vv e::pst.ptcp.neg mark::comma
yali aika jaka be baha ha ,	nv::nv nv::nv nv::nv cm::acc verb::vv e::pst.ptcp mark::comma
yasun be wesibu fi ,	nn::prpn.person cm::acc verb::vv e::cve mark::comma
gaija ra be gaija ra bi fi ,	verb::vv e::npst.ptcp cm::acc verb::vv e::npst.ptcp verb::vv e::cve mark::comma
juwe niongniyaha benji he ,	nv::nv nv::nv verb::vv e::pst.ptcp mark::comma
wan_lii i orin sunjaci aniya sunja biya i ice de baha ha .	nn::prpn cm::gen nv::nv nv::nv nv::nv nv::nv nv::nv cm::gen nv::adj cm::dat verb::vv e::pst.ptcp mark::period
han ,	nv::nv mark::comma
men i solho i ere dain de buye me ji he ngge waka ,	pn::1pl.excl cm::gen nv::nv cm::gen nv::nv nv::nv cm::dat verb::vv e::cve verb::vv e::pst.ptcp nmlz::nmlz nv::adj mark::comma
emu morin gaji me uka me ji he ,	nv::nv nv::nv verb::vv e::cve verb::vv e::cve verb::vv e::pst.ptcp mark::comma
ilan tanggū yan menggun gai fi ku de sinda ha .	nv::nv nv::nv nv::nv nv::nv verb::vv e::cve nv::nv cm::dat verb::vv e::pst.ptcp mark::period
○ duin biya i ice ilan i dobori ulgiyan erin de ,	mark::circle nv::nv nv::nv cm::gen nv::adj nv::nv cm::gen nv::nv nv::nv nv::nv cm::dat mark::comma
ai gisun se ci ,	nv::nv nv::nv verb::vv e::cve mark::comma
hai_si desiku_wei i du_jy_hūi_ši cumige i omolo tabutai ,	nn::prpn nn::prpn cm::gen nv::nv nn::prpn.person cm::gen nv::nv nn::prpn.person mark::comma
langšan ,	nn::prpn.person mark::comma
bi gūwa i beye siden i niyalma o fi naka ki seme tafula ci ,	pn::1sg nv::nv cm::gen nv::nv nv::nv cm::gen nv::nv verb::vv e::cve verb::vv e::fve.opt comp verb::vv e::cve mark::comma
sin be sucu fi gaji ha niyalma i dele ,	pn::2sg cm::acc verb::vv e::cve verb::vv e::pst.ptcp nv::nv cm::gen nv::nv mark::comma
šanggiyan bayara i kiru i ejen ,	nv::nv nv::nv cm::gen nv::nv cm::gen nv::nv mark::comma
ere juwan uyun niyalma de kiru sunjata juru ,	nv::nv nv::nv nv::nv nv::nv cm::dat nv::nv nv::nv nv::nv mark::comma
ehe etuku ilan tanggū .	nv::adj nv::nv nv::nv nv::nv mark::period
eihen emu tanggū susai ,	nv::nv nv::nv nv::nv nv::nv mark::comma
○ tanggio ,	mark::circle nn::prpn.person mark::comma
menggun gai fi gaji me o fi ,	nv::nv verb::vv e::cve verb::vv e::cve verb::vv e::cve mark::comma
hūrha be ,	nv::nv cm::acc mark::comma
niyaman hūncihin seme harša rakū ,	nv::nv nv::nv comp verb::vv e::npst.ptcp.neg mark::comma
in i sonjo ho emu tanggū bayara i cooha be gai fi ,	pn::3sg cm::gen verb::vv e::pst.ptcp nv::nv nv::nv nv::nv cm::gen nv::nv cm::acc verb::vv e::cve mark::comma
dzung_bing_guwan ci fusihūn ,	nv::nv cm::abl nv::adj mark::comma
si mergen sain o ci ,	pn::2sg nv::adj nv::adj verb::vv e::cve mark::comma
tofohon yan i gung faita ha .	nv::nv nv::nv cm::gen nv::nv verb::vv e::pst.ptcp mark::period
enen hūncihin be suntebu me wa mbi ,	nv::nv nv::nv cm::acc verb::vv e::cve verb::vv e::fve.npst mark::comma
tondo be abka saiša fi ,	nv::adj cm::acc nv::nv verb::vv e::cve mark::comma
bira i angga ci wesihun ,	nv::nv cm::gen nv::nv cm::abl nv::nv mark::comma
meni meni yamun de te fi emhun beide ci ,	nv::nv nv::nv nv::nv cm::dat verb::vv e::cve nv::nv verb::vv e::cve mark::comma
susai yan gai fi bu kini ,	nv::nv nv::nv verb::vv e::cve verb::vv e::fve.opt mark::comma
han i afabu ha jurgan be moohai bi jurce rakū ,	nv::nv cm::gen verb::vv e::pst.ptcp nv::nv cm::acc nn::prpn.person pn::1sg verb::vv e::npst.ptcp.neg mark::comma
uda me gai ha juwan jakūn ihan ,	verb::vv e::cve verb::vv e::pst.ptcp nv::nv nv::nv nv::nv mark::comma
gūsita yan menggun ,	nv::nv nv::nv nv::nv mark::comma
sunja jiha gai fi bu kini ,	nv::nv nv::nv verb::vv e::cve verb::vv e::fve.opt mark::comma
gašan gulhun de gemu latu mbi seme ,	nv::nv nv::adj cm::dat nv::nv verb::vv e::fve.npst comp mark::comma
min i julge i kimungge nikan gurun be han ahūn i daila ra de ,	pn::1sg cm::gen nv::nv cm::gen nv::adj nv::nv nv::nv cm::acc nv::nv nv::nv cm::gen verb::vv e::npst.ptcp cm::dat mark::comma
wa ci emu inenggi ,	verb::vv e::cve nv::nv nv::nv mark::comma
nikari ,	nn::prpn.person mark::comma
jafa ha niyalma gemu ubaša ra yargiyan seme ala mbi seme ala ha manggi ,	verb::vv e::pst.ptcp nv::nv nv::nv verb::vv e::npst.ptcp nv::adj comp verb::vv e::fve.npst comp verb::vv e::pst.ptcp nv::nv mark::comma
bahūn ,	nn::prpn.person mark::comma
liyoodung ni hecen be afa ra de ,	nn::prpn.plc cm::gen nv::nv cm::acc verb::vv e::npst.ptcp cm::dat mark::comma
wasi ka ufara ha seme gisure he be donji ha ,	verb::vv e::pst.ptcp verb::vv e::pst.ptcp comp verb::vv e::pst.ptcp cm::acc verb::vv e::pst.ptcp mark::comma
emu gūsa de emte ejen sinda fi boro ambula arabu ∅ .	nv::nv nv::nv cm::dat nv::nv nv::nv verb::vv e::cve nv::nv nv::nv verb::vv e::fve.imperative mark::period
○ boigon be ,	mark::circle nv::nv cm::acc mark::comma
beile se amban sa hendu me ,	nv::nv nv::nv nv::nv nv::nv verb::vv e::cve mark::comma
nene me yafahan be tuwakiya me gene he duin tanggū morin i cooha i niyalma ,	verb::vv e::cve nv::adj cm::acc verb::vv e::cve verb::vv e::pst.ptcp nv::nv nv::nv nv::nv cm::gen nv::nv cm::gen nv::nv mark::comma
lioi_šūn_keo ci amasi keyen de isi tala ,	nn::prpn cm::abl nv::nv nn::prpn.plc cm::dat verb::vv e::cve mark::comma
ada me gene fi dain i niyalma be ambula baha fi wa hakū ,	verb::vv e::cve verb::vv e::cve nv::nv cm::gen nv::nv cm::acc nv::nv verb::vv e::cve verb::vv e::pst.ptcp.neg mark::comma
muse de jai ai niyalma latunji mbi ,	pn::1pl.incl cm::dat nv::nv nv::nv nv::nv verb::vv e::fve.npst mark::comma
yehe i beile se i giran i sunggari gebungge niyalma gai ha bi he ,	nv::nv cm::gen nv::nv nv::nv cm::gen nv::nv cm::gen nn::prpn.person nv::adj nv::nv verb::vv e::pst.ptcp verb::vv e::pst.ptcp mark::comma
yoo_jeo ,	nn::prpn mark::comma
hūrha gurun i gašan gašan i ejete de sargan jui bu fi ,	nv::nv nv::nv cm::gen nv::nv nv::nv cm::gen nv::nv cm::dat nv::nv nv::nv verb::vv e::cve mark::comma
kecu ,	nv::adj mark::comma
dzung_bing_guwan soohai ,	nv::nv nn::prpn.person mark::comma
juwan ihan ,	nv::nv nv::nv mark::comma
monggo i barin dureng_beile i uyunju jakūn boo ,	nv::nv cm::gen nv::nv nn::prpn cm::gen nv::nv nv::nv nv::nv mark::comma
tondo mujilen i banji ci ,	nv::adj nv::nv cm::gen verb::vv e::cve mark::comma
in i harangga jušen irgen be gaji me ubaša me ji he .	pn::3sg cm::gen nv::nv nv::nv nv::nv cm::acc verb::vv e::cve verb::vv e::cve verb::vv e::pst.ptcp mark::period
tiyan_šui_jan de dosimbu ∅ ,	nn::prpn cm::dat verb::vv e::fve.imperative mark::comma
sain niyalma i gebu enggici donji mbi ,	nv::adj nv::nv cm::gen nv::nv nv::nv verb::vv e::fve.npst mark::comma
fakca rakū ci ,	verb::vv e::npst.ptcp.neg e::cve mark::comma
○ dzung_bing_guwan soohai ,	mark::circle nv::nv nn::prpn.person mark::comma
amba_beile jai cimari erde ,	nn::prpn nv::nv nv::nv nv::nv mark::comma
unahalai bi ,	nn::prpn.person verb::vv.npst mark::comma
morin erin de gala ka ,	nv::nv nv::nv cm::dat verb::vv e::pst.ptcp mark::comma
jai jase i hanci morin ihan be hūlha fi gama mbi seme hendu ci ,	nv::nv nv::nv cm::gen nv::adj nv::nv nv::nv cm::acc verb::vv e::cve verb::vv e::fve.npst comp verb::vv e::cve mark::comma
afabu ha weile be mute mbi ,	verb::vv e::pst.ptcp nv::nv cm::acc verb::vv e::fve.npst mark::comma
tuttu emteli doron akū hūdaša me yabu re niyalma be sa ha de ,	nv::nv nv::adj nv::nv nv::adj verb::vv e::cve verb::vv e::npst.ptcp nv::nv cm::acc verb::vv e::pst.ptcp cm::dat mark::comma
hūsun tuci rakū bi me baibi min be uji rakū ,	nv::nv verb::vv e::npst.ptcp.neg verb::vv e::cve nv::nv pn::1sg cm::acc verb::vv e::npst.ptcp.neg mark::comma
waji ha manggi ,	verb::vv e::pst.ptcp nv::nv mark::comma
daya_taiji de kūbai_baksi be elcin takūra ha ,	nn::prpn cm::dat nn::prpn cm::acc nv::nv verb::vv e::pst.ptcp mark::comma
hūlan i golo be dosi re cooha be ,	nv::nv cm::gen nv::nv cm::acc verb::vv e::npst.ptcp nv::nv cm::acc mark::comma
bele nadan tanggū orin sunja hule emu to ,	nv::nv nv::nv nv::nv nv::nv nv::nv nv::nv nv::nv nv::nv mark::comma
jai jergi cooha geli gidanji fi ,	nv::nv nv::nv nv::nv nv::nv verb::vv e::cve mark::comma
fudao ,	nn::prpn.person mark::comma
○ ninggun biya de ,	mark::circle nv::nv nv::nv cm::dat mark::comma
corji ,	nn::prpn.person mark::comma
conoi bi kice me akūmbu ki ,	nn::prpn.person pn::1sg verb::vv e::cve verb::vv e::fve.opt mark::comma
tere ci jilakan ai bi ,	nv::nv cm::abl nv::nv nv::nv verb::vv.npst mark::comma
jalait ,	nn::prpn.plc mark::comma
○ uju mukūn i duici tatan ,	mark::circle nv::nv nv::nv cm::gen nv::nv nv::nv mark::comma
jai cooha i niyalma meni meni boo de bedere fi cooha i agūra be dasa kini seme hendu ci ,	nv::nv nv::nv cm::gen nv::nv nv::nv nv::nv nv::nv cm::dat verb::vv e::cve nv::nv cm::gen nv::nv cm::acc verb::vv e::fve.opt comp verb::vv e::cve mark::comma
yehe be necin obu ki seme gūni habi o ,	nv::nv cm::acc nv::adj verb::vv e::fve.opt comp verb::vv e::fve.prs.prf ptcl mark::comma
sargan juse yamun de isa fi bi he ngge ,	nv::nv nv::nv nv::nv cm::dat verb::vv e::cve verb::vv e::pst.ptcp nmlz::nmlz mark::comma
amba genggiyen_han i jui duici_beile de benji re de ,	nv::adj nn::prpn cm::gen nv::nv nn::prpn cm::dat verb::vv e::npst.ptcp cm::dat mark::comma
hoifa de emu feye ,	nn::prpn.plc cm::dat nv::nv nv::nv mark::comma
meni meni ba de bedere kini ,	nv::nv nv::nv nv::nv cm::dat verb::vv e::fve.opt mark::comma
han hendu me ,	nv::nv verb::vv e::cve mark::comma
ihan_alin de emu feye baha ha seme sunja yan i weile waliya mbi ,	nn::prpn cm::dat nv::nv nv::nv verb::vv e::pst.ptcp comp nv::nv nv::nv cm::gen nv::nv verb::vv e::fve.npst mark::comma
bumbutai be jaisai de ,	nn::prpn.person cm::acc nn::prpn.person cm::dat mark::comma
mute rakū ci ,	verb::vv e::npst.ptcp.neg e::cve mark::comma
uyun guise ,	nv::nv nv::nv mark::comma
wan_lii i gūsin nadaci aniya omšon biya i orin sunja de baha ha ,	nn::prpn cm::gen nv::nv nv::nv nv::nv nv::nv nv::nv cm::gen nv::nv nv::nv cm::dat verb::vv e::pst.ptcp mark::comma
dahai ,	nn::prpn.person mark::comma
tede gene re cihakū min i ulha aniya hetu mbi se re niyalma ,	nv::nv verb::vv e::npst.ptcp nv::adj pn::1sg cm::gen nv::nv nv::nv verb::vv e::fve.npst verb::vv e::npst.ptcp nv::nv mark::comma
juwan yan menggun šangna ha ,	nv::nv nv::nv nv::nv verb::vv e::pst.ptcp mark::comma
ineku hūng_baturu holto me efule ci ,	nv::nv nn::prpn verb::vv e::cve verb::vv e::cve mark::comma
orin ilan yan i weile waliya mbi ,	nv::nv nv::nv nv::nv cm::gen nv::nv verb::vv e::fve.npst mark::comma
in i amba ba be gaibu ha ,	pn::3sg cm::gen nv::adj nv::nv cm::acc verb::vv e::pst.ptcp mark::comma
ishun gala tukiye me aca ha ,	nv::nv nv::nv verb::vv e::cve verb::vv e::pst.ptcp mark::comma
juwan jakūn de aita fujiyang de wasimbu ha ,	nv::nv nv::nv cm::dat nn::prpn.person nv::nv cm::dat verb::vv e::pst.ptcp mark::comma
han de jilabu me hūturi nonggi me sain i sakda kini ,	nv::nv cm::dat verb::vv e::cve nv::nv verb::vv e::cve nv::adj cm::gen verb::vv e::fve.opt mark::comma
salu i gaji ha boigon i haha emu tanggū nadan ,	nv::nv cm::gen verb::vv e::pst.ptcp nv::nv cm::gen nv::nv nv::nv nv::nv nv::nv mark::comma
muhaliyan i tsanjiyang ni hergen be nakabu fi beiguwan obu ha ,	nv::nv cm::gen nv::nv cm::gen nv::nv cm::acc verb::vv e::cve nv::nv verb::vv e::pst.ptcp mark::comma
jori ha jurgan be jurce rakū seme beiguwan obu ha .	verb::vv e::pst.ptcp nv::nv cm::acc verb::vv e::npst.ptcp.neg comp nv::nv verb::vv e::pst.ptcp mark::period
han de waka sabu fi weile baha fi boo yada kini ,	nv::nv cm::dat nv::adj verb::vv e::cve nv::nv verb::vv e::cve nv::nv verb::vv e::fve.opt mark::comma
haningga ,	nn::prpn.person mark::comma
tere i usin be niru i niyalma hafira me weile ,	nv::nv cm::gen nv::nv cm::acc nv::nv cm::gen nv::nv verb::vv e::cve nv::nv mark::comma
jumbulu gulhun hai_si heo_tun_wei i du_jy_hūi_ciyanši tanggili i omolo ahabu ,	nn::prpn.person nv::adj nn::prpn nn::prpn cm::gen nv::nv nn::prpn.person cm::gen nv::nv nn::prpn.person mark::comma
darhan ,	nn::prpn.person mark::comma
baicuka ,	nn::prpn.person mark::comma
sin i bu he cooha i ton udu ,	pn::2sg cm::gen verb::vv e::pst.ptcp nv::nv cm::gen nv::nv nv::nv mark::comma
hai_si asa_wei i du_jy_hūi_tungjy hūsi i jui hadai ,	nn::prpn nn::prpn cm::gen nv::nv nn::prpn.person cm::gen nv::nv nn::prpn.person mark::comma
siren tuci ke usiha ,	nv::nv verb::vv e::pst.ptcp nv::nv mark::comma
min i cooha yabu re be casi alana ha manggi ,	pn::1sg cm::gen nv::nv verb::vv e::npst.ptcp cm::acc nv::nv verb::vv e::pst.ptcp nv::nv mark::comma
hūlha holo koimali jalingga ehe kiyangdu mujilen i banji rakū ,	nv::nv nv::nv nv::adj nv::adj nv::adj nv::adj nv::nv cm::gen verb::vv e::npst.ptcp.neg mark::comma
na be jiramin seme gisure he gisun be aifu fi ,	nv::nv cm::acc nv::adj comp verb::vv e::pst.ptcp nv::nv cm::acc verb::vv e::cve mark::comma
ula de juwe feye gidalabu ha ,	nv::nv cm::dat nv::nv nv::nv verb::vv e::pst.ptcp mark::comma
geli mujakū bekile me ,	nv::nv nv::nv verb::vv e::cve mark::comma
ehe be ehe seme han de ala mbi ,	nv::adj cm::acc nv::adj comp nv::nv cm::dat verb::vv e::fve.npst mark::comma
gemu bithe ara fi du_tang de benji ∅ ,	nv::nv nv::nv verb::vv e::cve nv::nv cm::dat verb::vv e::fve.imperative mark::comma
○ nakada ,	mark::circle nn::prpn.person mark::comma
han de waka sabu fi weile baha fi boo yada kini ,	nv::nv cm::dat nv::adj verb::vv e::cve nv::nv verb::vv e::cve nv::nv verb::vv e::fve.opt mark::comma
orin juwe de ,	nv::nv nv::nv cm::dat mark::comma
misai ,	nn::prpn.person mark::comma
orin yan menggun gai ha .	nv::nv nv::nv nv::nv verb::vv e::pst.ptcp mark::period
jai afabu ha weile be mute mbi ,	nv::nv verb::vv e::pst.ptcp nv::nv cm::acc verb::vv e::fve.npst mark::comma
ba i niyalma cen_liyang_tse i adali geli jafa fi bu rakū seme guribu mbi .	nv::nv cm::gen nv::nv nn::prpn cm::gen nv::adj nv::nv verb::vv e::cve verb::vv e::npst.ptcp.neg comp verb::vv e::fve.npst mark::period
beile i takūra ha ilan niyalma ,	nv::nv cm::gen verb::vv e::pst.ptcp nv::nv nv::nv mark::comma
jang_dai_lu ,	nn::prpn mark::comma
siyoo_fu ,	nn::prpn mark::comma
ehe be ehe seme han de ala mbi ,	nv::adj cm::acc nv::adj comp nv::nv cm::dat verb::vv e::fve.npst mark::comma
hule i ton be gemu bithe ara fi gene he amban jafa ∅ ,	nv::nv cm::gen nv::nv cm::acc nv::nv nv::nv verb::vv e::cve verb::vv e::pst.ptcp nv::nv verb::vv e::fve.imperative mark::comma
amba_fujin i eme i boo de tuwana ra jaka de ,	nn::prpn cm::gen nv::nv cm::gen nv::nv cm::dat verb::vv e::npst.ptcp nv::nv cm::dat mark::comma
○ ere biya i juwan duin i dobori ,	mark::circle nv::nv nv::nv cm::gen nv::nv nv::nv cm::gen nv::nv mark::comma
habša ha manggi ,	verb::vv e::pst.ptcp nv::nv mark::comma
ere ci amasi sala ha ihan honin bu he bi ci ,	nv::nv cm::abl nv::nv verb::vv e::pst.ptcp nv::nv nv::nv verb::vv e::pst.ptcp verb::vv e::cve mark::comma
gulu suwayan i gūsa i nadan da emu gala ,	nv::adj nv::adj cm::gen nv::nv cm::gen nv::nv nv::nv nv::nv nv::nv mark::comma
ula ,	nv::nv mark::comma
sunja suje ,	nv::nv nv::nv mark::comma
in i niru i tabsingga i gercile he be ,	pn::3sg cm::gen nv::nv cm::gen nn::prpn.person cm::gen verb::vv e::pst.ptcp cm::acc mark::comma
ajin nimaha i jalin de sarin sarila ra de ,	nv::nv nv::nv cm::gen nv::nv cm::dat nv::nv verb::vv e::npst.ptcp cm::dat mark::comma
fung_ji_pu ,	nn::prpn mark::comma
muse yadalinggū o ho de heture fi neme mbi kai ,	pn::1pl.incl nv::adj verb::vv e::pst.ptcp cm::dat verb::vv e::cve verb::vv e::fve.npst ptcl mark::comma
jai jergi olbaga ,	nv::nv nv::nv nn::prpn.person mark::comma
juwe hehe daha me buce he ,	nv::nv nv::nv verb::vv e::cve verb::vv e::pst.ptcp mark::comma
min i juse omosi jalan hala me han de gosibu me wesihun banji kini .	pn::1sg cm::gen nv::nv nv::nv nv::nv verb::vv e::cve nv::nv cm::dat verb::vv e::cve nv::nv verb::vv e::fve.opt mark::period
weile he jeku i dabala ,	verb::vv e::pst.ptcp nv::nv cm::gen ptcl mark::comma
uksin be ,	nv::nv cm::acc mark::comma
○ monggo de cooha gene he beile se ,	mark::circle nv::nv cm::dat nv::nv verb::vv e::pst.ptcp nv::nv nv::nv mark::comma
esei ,	nn::prpn.person mark::comma
jao_iogi be saiša fi ,	nn::prpn cm::acc verb::vv e::cve mark::comma
○ juwan nadan de ,	mark::circle nv::nv nv::nv cm::dat mark::comma
pai de latubu fi gama ha bithe i gisun ,	nv::nv cm::dat verb::vv e::cve verb::vv e::pst.ptcp nv::nv cm::gen nv::nv mark::comma
○ ice juwe de ,	mark::circle nv::adj nv::nv cm::dat mark::comma
orho sekte fi ,	nv::nv verb::vv e::cve mark::comma
uji ki se he seme ,	verb::vv e::fve.opt verb::vv e::pst.ptcp comp mark::comma
yabai ,	nn::prpn.person mark::comma
uhereme gene he ihan sejen i ton udu seme baica fi ,	nv::nv verb::vv e::pst.ptcp nv::nv nv::nv cm::gen nv::nv nv::nv comp verb::vv e::cve mark::comma
tuttu harša me unggi ci ,	nv::nv verb::vv e::cve verb::vv e::cve mark::comma
nene me gene he juwe tanggū bayara cooha be ,	verb::vv e::cve verb::vv e::pst.ptcp nv::nv nv::nv nv::nv nv::nv cm::acc mark::comma
men i kalka i sunja tatan i beile se be gūni me wa hakū uji he ngge ,	pn::1pl.excl cm::gen nv::nv cm::gen nv::nv nv::nv cm::gen nv::nv nv::nv cm::acc verb::vv e::cve verb::vv e::pst.ptcp.neg verb::vv e::pst.ptcp nmlz::nmlz mark::comma
dalai_taiji be wa ha ,	nn::prpn cm::acc verb::vv e::pst.ptcp mark::comma
○ orin de ,	mark::circle nv::nv cm::dat mark::comma
ajige weile inu dašura ha de amba o mbi kai ,	nv::adj nv::nv nv::nv verb::vv e::pst.ptcp cm::dat nv::adj verb::vv e::fve.npst ptcl mark::comma
○ yeodehe ,	mark::circle nn::prpn.person mark::comma
dusy hergen kemuni bi kini ,	nv::nv nv::nv nv::nv verb::vv e::fve.opt mark::comma
tuttu donji cibe sa cibe ,	nv::nv verb::vv e::cve verb::vv e::cve mark::comma
○ juwan jakūn de ,	mark::circle nv::nv nv::nv cm::dat mark::comma
ginjeo ci ebsi icihiya me tebu ∅ ,	nn::prpn.plc cm::abl nv::nv verb::vv e::cve verb::vv e::fve.imperative mark::comma
uyun yan i weile waliya mbi ,	nv::nv nv::nv cm::gen nv::nv verb::vv e::fve.npst mark::comma
hoton ci juwan ba i dube i tulergi gašan i niyalma be ,	nv::nv cm::abl nv::nv nv::nv cm::gen nv::nv cm::gen nv::nv nv::nv cm::gen nv::nv cm::acc mark::comma
sin i emu yuwanšuwai be gai fi ,	pn::2sg cm::gen nv::nv nv::nv cm::acc verb::vv e::cve mark::comma
anggū ,	nn::prpn.person mark::comma
umai weile akū de ,	nv::nv nv::nv nv::adj cm::dat mark::comma
muse juwe amba gurun dain o ci ,	pn::1pl.incl nv::nv nv::adj nv::nv nv::nv verb::vv e::cve mark::comma
dunggami be ,	nv::nv cm::acc mark::comma
faksi de juwete niyalma ,	nv::nv cm::dat nv::nv nv::nv mark::comma
ajige ajige weile o ci ,	nv::adj nv::adj nv::nv verb::vv e::cve mark::comma
niyalma baica ra geren hafasa ,	nv::nv verb::vv e::npst.ptcp nv::adj nv::nv mark::comma
suwen i gurun i gese ,	pn::2pl cm::gen nv::nv cm::gen nv::nv mark::comma
ula de emu feye baha ha seme juwan emute yan i weile waliya mbi ,	nv::nv cm::dat nv::nv nv::nv verb::vv e::pst.ptcp comp nv::nv nv::nv nv::nv cm::gen nv::nv verb::vv e::fve.npst mark::comma
kūniyakta be wesibu fi beiguwan i hergen bu he .	nn::prpn.person cm::acc verb::vv e::cve nv::nv cm::gen nv::nv verb::vv e::pst.ptcp mark::period
akū be ,	nv::adj cm::acc mark::comma
si nikan i ici o fi min be sartabu me tafula mbi ,	pn::2sg nv::nv cm::gen nv::nv verb::vv e::cve pn::1sg cm::acc verb::vv e::cve verb::vv e::fve.npst mark::comma
tebu re mucen ,	verb::vv e::npst.ptcp nv::nv mark::comma
ajige_age ,	nn::prpn mark::comma
ši_ho_i boigon be guri ∅ seme bošo me gana ra jaka de ,	nn::prpn nv::nv cm::acc verb::vv e::fve.imperative comp verb::vv e::cve verb::vv e::npst.ptcp nv::nv cm::dat mark::comma
nikan gurun i mujilen be bila ha ngge kai ,	nv::nv nv::nv cm::gen nv::nv cm::acc verb::vv e::pst.ptcp nmlz::nmlz ptcl mark::comma
ejen i gebule rakū ba de hetu niyalma tere ba be bu ki seme fonji ci aca mbi o seme fonji hakū ,	nv::nv cm::gen verb::vv e::npst.ptcp.neg nv::nv cm::dat nv::adj nv::nv nv::nv nv::nv cm::acc verb::vv e::fve.opt comp verb::vv e::cve verb::vv e::fve.npst ptcl comp verb::vv e::pst.ptcp.neg mark::comma
kubu he lamun i emu gūsa be amin_beile gai fi ,	verb::vv e::pst.ptcp nv::adj cm::gen nv::nv nv::nv cm::acc nn::prpn verb::vv e::cve mark::comma
giya_jing ni gūsin sunjaci aniya nadan biya i juwan uyun de baha ha ,	nn::prpn cm::gen nv::nv nv::nv nv::nv nv::nv nv::nv cm::gen nv::nv nv::nv cm::dat verb::vv e::pst.ptcp mark::comma
nikan han i jobo ro ngge tere inu ,	nv::nv nv::nv cm::gen verb::vv e::npst.ptcp nmlz::nmlz nv::nv nv::nv mark::comma
yahican ,	nn::prpn.person mark::comma
ekisaka sinda rakū ,	nv::adj verb::vv e::npst.ptcp.neg mark::comma
fujisa hendu me ,	nv::nv verb::vv e::cve mark::comma
beye i aika jaka be asara ra cooha i niyalma emu tanggū dehi .	nv::nv cm::gen nv::nv nv::nv cm::acc verb::vv e::npst.ptcp nv::nv cm::gen nv::nv nv::nv nv::nv nv::nv mark::period
wesibu fi beiguwan obu ha ,	verb::vv e::cve nv::nv verb::vv e::pst.ptcp mark::comma
bai sain niyalma ,	nv::nv nv::adj nv::nv mark::comma
tere turibu he gurgu i yali be tooda me gai ∅ ,	nv::nv verb::vv e::pst.ptcp nv::nv cm::gen nv::nv cm::acc verb::vv e::cve verb::vv e::fve.imperative mark::comma
yangguri ,	nn::prpn.person mark::comma
dain be sabu re tai niyalma ,	nv::nv cm::acc verb::vv e::npst.ptcp nv::nv nv::nv mark::comma
muse i beile se amban sa i etu re be encu ,	nv::nv cm::gen nv::nv nv::nv nv::nv nv::nv cm::gen verb::vv e::npst.ptcp cm::acc nv::nv mark::comma
fejergi niyalma de hūlha me gaija rakū ,	nv::nv nv::nv cm::dat verb::vv e::cve verb::vv e::npst.ptcp.neg mark::comma
juwe ulgiyan ,	nv::nv nv::nv mark::comma
weile i juwe ejen be angga acabu me duile mbi kai ,	nv::nv cm::gen nv::nv nv::nv cm::acc nv::nv verb::vv e::cve verb::vv e::fve.npst ptcl mark::comma
gu_sio_dung ,	nn::prpn mark::comma
juwe ubu be ejen de bu he ,	nv::nv nv::nv cm::acc nv::nv cm::dat verb::vv e::pst.ptcp mark::comma
ši_ho_wei i du_jy_hūi_ciyanši cerik i jui ganjuhū ,	nn::prpn cm::gen nv::nv nn::prpn.person cm::gen nv::nv nn::prpn.person mark::comma
jai juwe janggin de uyute yan i weile waliya mbi ,	nv::nv nv::nv nv::nv cm::dat nv::nv nv::nv cm::gen nv::nv verb::vv e::fve.npst mark::comma
arbuha ,	nn::prpn.person mark::comma
uju jergi dzung_bing_guwan obu ha ,	nv::nv nv::nv nv::nv verb::vv e::pst.ptcp mark::comma
○ ineku tere inenggi ,	mark::circle nv::nv nv::nv nv::nv mark::comma
geli jafa ha doro efuje mbi ,	nv::nv verb::vv e::pst.ptcp nv::nv verb::vv e::fve.npst mark::comma
yehe be ume daila ra ,	nv::nv cm::acc nv::nv verb::vv e::npst.ptcp mark::comma
geli jase i tulergi encu gurun i weile de da fi ,	nv::nv nv::nv cm::gen nv::nv nv::nv nv::nv cm::gen nv::nv cm::dat verb::vv e::cve mark::comma
sarin ,	nv::nv mark::comma
hūdun dulembu ∅ seme hendu me hengkile ∅ ,	nv::adj verb::vv e::fve.imperative comp verb::vv e::cve verb::vv e::fve.imperative mark::comma
haha gida ci ,	nv::nv verb::vv e::cve mark::comma
ishun aniya cooha i niyalma i jete re jeku ,	nv::nv nv::nv nv::nv cm::gen nv::nv cm::gen verb::vv e::npst.ptcp nv::nv mark::comma
bainda ,	nn::prpn.person mark::comma
○ efu gege de bu re be hendu he ngge ,	mark::circle nv::nv nv::nv cm::dat verb::vv e::npst.ptcp cm::acc verb::vv e::pst.ptcp nmlz::nmlz mark::comma
jušen i anafu te he cooha i ejete de alana habi ,	nv::nv cm::gen nv::nv verb::vv e::pst.ptcp nv::nv cm::gen nv::nv cm::dat verb::vv e::fve.prs.prf mark::comma
iogi tsanjiyang fakca hakū seme wesihun han de ala ∅ ,	nv::nv nv::nv verb::vv e::pst.ptcp.neg comp nv::nv nv::nv cm::dat verb::vv e::fve.imperative mark::comma
hoton ara ra unde ,	nv::nv verb::vv e::npst.ptcp nv::nv mark::comma
axša ra ba de acabu me hūdukan axša ∅ ,	verb::vv e::npst.ptcp nv::nv cm::dat verb::vv e::cve nv::adj verb::vv e::fve.imperative mark::comma
king_yūn_pu ,	nn::prpn mark::comma
sancara de dedu he ,	nn::prpn.plc cm::dat verb::vv e::pst.ptcp mark::comma
endulen ,	nn::prpn.person mark::comma
meni meni kadala ra niyalma be saikan kimci me tucibu fi bošo me hūdun weilebu rakū ,	nv::nv nv::nv verb::vv e::npst.ptcp nv::nv cm::acc nv::adj verb::vv e::cve verb::vv e::cve verb::vv e::cve nv::adj verb::vv e::npst.ptcp.neg mark::comma
g'ai_jeo ci ebsi niyalma ,	nn::prpn cm::abl nv::nv nv::nv mark::comma
han dacila me geren de duile ci ,	nv::nv verb::vv e::cve nv::adj cm::dat verb::vv e::cve mark::comma
niowanggiyaha ,	nn::prpn.plc mark::comma
jori ha jurgan be jurce rakū seme beiguwan obu ha .	verb::vv e::pst.ptcp nv::nv cm::acc verb::vv e::npst.ptcp.neg comp nv::nv verb::vv e::pst.ptcp mark::period
buyantai ,	nn::prpn.person mark::comma
juwe ilan i ume gene re ,	nv::nv nv::nv cm::gen nv::nv verb::vv e::npst.ptcp mark::comma
juwan ilan yan i weile waliya mbi ,	nv::nv nv::nv nv::nv cm::gen nv::nv verb::vv e::fve.npst mark::comma
emte jafu bu he ,	nv::nv nv::nv verb::vv e::pst.ptcp mark::comma
tere gisun be men de tucibu me ala rakū ci ,	nv::nv nv::nv cm::acc pn::1pl.excl cm::dat verb::vv e::cve verb::vv e::npst.ptcp.neg e::cve mark::comma
sain etu cibe ehe etu cibe ,	nv::adj verb::vv e::cve nv::adj verb::vv e::cve mark::comma
muse baibi te hei gūwa de adarame gaibu fi unggi mbi ,	pn::1pl.incl nv::nv verb::vv e::cve nv::nv cm::dat nv::nv verb::vv e::cve verb::vv e::fve.npst mark::comma
yamburi gung de ,	nn::prpn.person nv::nv cm::dat mark::comma
hūsun de akda ha niyalma wasi kabi ,	nv::nv cm::dat verb::vv e::pst.ptcp nv::nv verb::vv e::fve.prs.prf mark::comma
jeku sain ,	nv::nv nv::adj mark::comma
ere i mujilen be bi boljo me baha rakū ,	nv::nv cm::gen nv::nv cm::acc pn::1sg verb::vv e::cve verb::vv e::npst.ptcp.neg mark::comma
○ jeku juwe me bira i wala gene re sejen be ,	mark::circle nv::nv verb::vv e::cve nv::nv cm::gen nv::nv verb::vv e::npst.ptcp nv::nv cm::acc mark::comma
nacin jabu me ,	nv::nv verb::vv e::cve mark::comma
tuttu tondo i fafula rakū ehe miosihon jurgan i yabu ci ,	nv::nv nv::adj cm::gen verb::vv e::npst.ptcp.neg nv::adj nv::adj nv::nv cm::gen verb::vv e::cve mark::comma
uju jergi tsanjiyang de nadata honin bu he ,	nv::nv nv::nv nv::nv cm::dat nv::nv nv::nv verb::vv e::pst.ptcp mark::comma
juwe minggan olji baha ha ,	nv::nv nv::nv nv::nv verb::vv e::pst.ptcp mark::comma
daimbulu ,	nn::prpn.person mark::comma
yamun de tuci fi ,	nv::nv cm::dat verb::vv e::cve mark::comma
ehe ba de ehe gūni me banji rakū ,	nv::adj nv::nv cm::dat nv::adj verb::vv e::cve verb::vv e::npst.ptcp.neg mark::comma
toro moo susai ,	nv::nv nv::nv nv::nv mark::comma
juwe ulgiyan ,	nv::nv nv::nv mark::comma
kejibu ,	nn::prpn.person mark::comma
kesiktu juwe jui ,	nn::prpn.person nv::nv nv::nv mark::comma
uyun yan i weile ara ha ,	nv::nv nv::nv cm::gen nv::nv verb::vv e::pst.ptcp mark::comma
han i tacibu ha tondo fafun be jurce rakū banji ci ,	nv::nv cm::gen verb::vv e::pst.ptcp nv::adj nv::nv cm::acc verb::vv e::npst.ptcp.neg verb::vv e::cve mark::comma
kemuni nikan i baru gūni ci tetendere seme ,	nv::nv nv::nv cm::gen nv::nv verb::vv e::cve nv::nv comp mark::comma
hai_jeo i jeku i tsang be jafa ha munggan niru i sirai_baksi ,	nn::prpn cm::gen nv::nv cm::gen nv::nv cm::acc verb::vv e::pst.ptcp nv::nv nv::nv cm::gen nn::prpn mark::comma
gubci gurun gemu in i ciha i daha me ji he ,	nv::adj nv::nv nv::nv pn::3sg cm::gen nv::nv cm::gen verb::vv e::cve verb::vv e::pst.ptcp mark::comma
suwen i sunja nofi emte tanggū cooha be gai fi te ,	pn::2pl cm::gen nv::nv nv::nv nv::nv nv::nv nv::nv cm::acc verb::vv e::cve nv::nv mark::comma
garu tsanjiyang de monggo boo be fa hūbala hakū seme ,	nv::nv nv::nv cm::dat nv::nv nv::nv cm::acc nv::nv verb::vv e::pst.ptcp.neg comp mark::comma
jase i jaka de amca me ji he ngge ,	nv::nv cm::gen nv::nv cm::dat verb::vv e::cve verb::vv e::pst.ptcp nmlz::nmlz mark::comma
gung efule he ,	nv::nv verb::vv e::pst.ptcp mark::comma
tiyan_ioi_šan ,	nn::prpn mark::comma
jakūta suje ,	nv::nv nv::nv mark::comma
adu ,	nn::prpn.person mark::comma
usin acan tari rakū ,	nv::nv nv::nv verb::vv e::npst.ptcp.neg mark::comma
fulgiyan yali niyere me niyalma goi fi da hakū ngge ,	nv::nv nv::nv verb::vv e::cve nv::nv verb::vv e::cve verb::vv e::pst.ptcp.neg nmlz::nmlz mark::comma
han ,	nv::nv mark::comma
gūwa de bu ci hairakan ,	nv::nv cm::dat verb::vv e::cve nv::adj mark::comma
tuhei ,	nn::prpn.person mark::comma
yarha dahū juwan ,	nv::nv nv::nv nv::nv mark::comma
nadan niyalma ,	nv::nv nv::nv mark::comma
sung_giya_po ,	nn::prpn mark::comma
io_fun_tung ,	nn::prpn mark::comma
solho ,	nv::nv mark::comma
amba gung ni niyalma de ambula šangna ha ,	nv::adj nv::nv cm::gen nv::nv cm::dat nv::nv verb::vv e::pst.ptcp mark::comma
goroki hanciki be ilga rakū ,	nv::adj nv::adj cm::acc verb::vv e::npst.ptcp.neg mark::comma
šolo tuci ke manggi ara mbi ,	nv::adj verb::vv e::pst.ptcp nv::nv verb::vv e::fve.npst mark::comma
○ undehen_ho de ,	mark::circle nn::prpn cm::dat mark::comma
emu tanggū susai ihan benji he ,	nv::nv nv::nv nv::nv nv::nv verb::vv e::pst.ptcp mark::comma
morin jakūnju ,	nv::nv nv::nv mark::comma
sain narhūn alha moro fila ara ra ,	nv::adj nv::adj nv::adj nv::nv nv::nv verb::vv e::npst.ptcp mark::comma
oforo šan i jalin de uyun yan menggun gai ha .	nv::nv nv::nv cm::gen nv::nv cm::dat nv::nv nv::nv nv::nv verb::vv e::pst.ptcp mark::period
tere ci amala aitu fi jide re jaka de ,	nv::nv cm::abl nv::nv verb::vv e::cve verb::vv e::npst.ptcp nv::nv cm::dat mark::comma
nikan gurun i niyalma ,	nv::nv nv::nv cm::gen nv::nv mark::comma
ice nadan de amba hecen de isinji ha ,	nv::adj nv::nv cm::dat nv::adj nv::nv cm::dat verb::vv e::pst.ptcp mark::comma
ere ci amasi ,	nv::nv cm::abl nv::nv mark::comma
jai dureng_hūng_baturu_beile hendu me ,	nv::nv nn::prpn verb::vv e::cve mark::comma
hafan sa i sargata ,	nv::nv nv::nv cm::gen nv::nv mark::comma
amba hecen de han de acabu me gama ∅ seme unggi he ,	nv::adj nv::nv cm::dat nv::nv cm::dat verb::vv e::cve verb::vv e::fve.imperative comp verb::vv e::pst.ptcp mark::comma
olho me gele me aha i weile be akūmbu me weile me banji ci ,	verb::vv e::cve verb::vv e::cve nv::nv cm::gen nv::nv cm::acc verb::vv e::cve verb::vv e::cve verb::vv e::cve mark::comma
ume ilibu re seme ,	nv::nv verb::vv e::npst.ptcp comp mark::comma
jergene min be wa kini ,	nn::prpn.person pn::1sg cm::acc verb::vv e::fve.opt mark::comma
bukuri ,	nn::prpn.person mark::comma
giya_jing ni dehi juwe ci aniya ninggun biya i orin nadan de baha ha ,	nn::prpn cm::gen nv::nv verb::vv e::cve nv::nv nv::nv nv::nv cm::gen nv::nv nv::nv cm::dat verb::vv e::pst.ptcp mark::comma
duici_beile de ,	nn::prpn cm::dat mark::comma
hamtu gene fi ,	nv::nv verb::vv e::cve mark::comma
jakūta de emu feye ,	nv::nv cm::dat nv::nv nv::nv mark::comma
boo i uji he ujima ,	nv::nv cm::gen verb::vv e::pst.ptcp nv::nv mark::comma
julergi_mederi jakara me emu gūsa i juwete tanggū anafu te he cooha be ,	nn::prpn verb::vv e::cve nv::nv nv::nv cm::gen nv::nv nv::nv nv::nv verb::vv e::pst.ptcp nv::nv cm::acc mark::comma
○ gene he cooha i niyalma ,	mark::circle verb::vv e::pst.ptcp nv::nv cm::gen nv::nv mark::comma
kubu hekū lamun ,	verb::vv e::pst.ptcp.neg nv::adj mark::comma
sure_kundulen_han ili fi ,	nn::prpn verb::vv e::cve mark::comma
mafa ,	nv::nv mark::comma
ebergi dalin de juwe weihu i jide re tofohon niyalma be jafa ha ,	nv::nv nv::nv cm::dat nv::nv nv::nv cm::gen verb::vv e::npst.ptcp nv::nv nv::nv cm::acc verb::vv e::pst.ptcp mark::comma
hai_si tu_pu_wei i du_jy_hūi_ši tamo i jui sailingge ,	nn::prpn nn::prpn cm::gen nv::nv nn::prpn.person cm::gen nv::nv nn::prpn.person mark::comma
umai baita akū bi me ,	nv::nv nv::nv nv::adj verb::vv e::cve mark::comma
muke be ,	nv::nv cm::acc mark::comma
○ juwan jakūn de ,	mark::circle nv::nv nv::nv cm::dat mark::comma
han donji fi ,	nv::nv verb::vv e::cve mark::comma
yehe i burhanggū_efu i emu niyalma ,	nv::nv cm::gen nn::prpn cm::gen nv::nv nv::nv mark::comma
juwan ilaci jergi ,	nv::nv nv::nv nv::nv mark::comma
han hendu me ,	nv::nv verb::vv e::cve mark::comma
ai niyalma akū ,	nv::nv nv::nv nv::adj mark::comma
gerci be tašan obu ha ,	nv::nv cm::acc nv::nv verb::vv e::pst.ptcp mark::comma
hehe niyalma ,	nv::nv nv::nv mark::comma
juse omosi jalan hala me gosi re doro be ume lashala ra .	nv::nv nv::nv nv::nv verb::vv e::cve verb::vv e::npst.ptcp nv::nv cm::acc nv::nv verb::vv e::npst.ptcp mark::period
guwangning de benji me juwan de isinji ha ,	nn::prpn.plc cm::dat verb::vv e::cve nv::nv cm::dat verb::vv e::pst.ptcp mark::comma
uthai nikan i cooha i baru edun buraki gida me da ha ,	nv::nv nv::nv cm::gen nv::nv cm::gen nv::nv nv::nv nv::nv verb::vv e::cve verb::vv e::pst.ptcp mark::comma
keifu ,	nv::nv mark::comma
haha fulu ekiyehun balai sinda habi ,	nv::nv nv::nv nv::adj nv::nv verb::vv e::fve.prs.prf mark::comma
ama han i beye i gese tukiye fi uji re sunja amban be ishun de ehe acabu me jobobu re ,	nv::nv nv::nv cm::gen nv::nv cm::gen nv::nv verb::vv e::cve verb::vv e::npst.ptcp nv::nv nv::nv cm::acc nv::nv cm::dat nv::adj verb::vv e::cve verb::vv e::npst.ptcp mark::comma
minggatu janggin de uyute yan i weile waliya mbi ,	nv::nv nv::nv cm::dat nv::nv nv::nv cm::gen nv::nv verb::vv e::fve.npst mark::comma
kūtuktu ,	nv::nv mark::comma
fu_jeo ,	nn::prpn mark::comma
sele faksi emke ,	nv::nv nv::nv nv::nv mark::comma
jorgon biya de sirin be sucu ha ,	nv::nv nv::nv cm::dat nv::nv cm::acc verb::vv e::pst.ptcp mark::comma
hahana ,	nn::prpn.person mark::comma
men i juwe gurun be abka na gosi fi ,	pn::1pl.excl cm::gen nv::nv nv::nv cm::acc nv::nv nv::nv verb::vv e::cve mark::comma
uyun yan i weile waliya mbi ,	nv::nv nv::nv cm::gen nv::nv verb::vv e::fve.npst mark::comma
šolingho ,	nn::prpn.plc mark::comma
nitangga janggin seme ,	nn::prpn.person nv::nv comp mark::comma
gunji ,	nn::prpn.person mark::comma
aji_ho_wei i du_jy_hūi_tungjy tungtu i omolo yadai ,	nn::prpn cm::gen nv::nv nn::prpn.person cm::gen nv::nv nn::prpn.person mark::comma
hahana_efu ,	nn::prpn mark::comma
lung_king ni te he aniya jakūn biya i orin ilan de baha ha ,	nn::prpn cm::gen verb::vv e::pst.ptcp nv::nv nv::nv nv::nv cm::gen nv::nv nv::nv cm::dat verb::vv e::pst.ptcp mark::comma
suwen i dolo antaka .	pn::2pl cm::gen nv::nv nv::nv mark::period
silun i emu dahū ara ∅ ,	nv::nv cm::gen nv::nv nv::nv verb::vv e::fve.imperative mark::comma
han de hengkile me aca ha ,	nv::nv cm::dat verb::vv e::cve verb::vv e::pst.ptcp mark::comma
jaha mari re de ,	nv::nv verb::vv e::npst.ptcp cm::dat mark::comma
koboi ,	nn::prpn.person mark::comma
uyuci de yoto_age ,	nv::nv cm::dat nn::prpn mark::comma
nikan han i birai_dergi ba be min de bu he ,	nv::nv nv::nv cm::gen nn::prpn nv::nv cm::acc pn::1sg cm::dat verb::vv e::pst.ptcp mark::comma
jongdoi ,	nn::prpn.person mark::comma
bi jete re etu re ngge baha rakū de baha ki seme deribu he dain waka ,	pn::1sg verb::vv e::npst.ptcp verb::vv e::npst.ptcp nmlz::nmlz verb::vv e::npst.ptcp.neg cm::dat verb::vv e::fve.opt comp verb::vv e::pst.ptcp nv::nv nv::adj mark::comma
dahabu fi uji ki seme deote amban sa i baru hebde fi dahabu re de ,	verb::vv e::cve verb::vv e::fve.opt comp nv::nv nv::nv nv::nv cm::gen nv::nv verb::vv e::cve verb::vv e::npst.ptcp cm::dat mark::comma
jenduken ,	nv::nv mark::comma
○ urgūdai_efu be ,	mark::circle nn::prpn cm::acc mark::comma
ehe ama be wa kini ,	nv::adj nv::nv cm::acc verb::vv e::fve.opt mark::comma
lung_king ni te he aniya jakūn biya i orin ilan de baha ha ,	nn::prpn cm::gen verb::vv e::pst.ptcp nv::nv nv::nv nv::nv cm::gen nv::nv nv::nv cm::dat verb::vv e::pst.ptcp mark::comma
○ boihoci be ,	mark::circle nn::prpn.person cm::acc mark::comma
muse i jakūn beile se beye i emu adali obu ∅ ,	nv::nv cm::gen nv::nv nv::nv nv::nv nv::nv cm::gen nv::nv nv::adj verb::vv e::fve.imperative mark::comma
yehe i gurun efuje he manggi ,	nv::nv cm::gen nv::nv verb::vv e::pst.ptcp nv::nv mark::comma
aita fujiyang ni duka de dedu re jaka de ,	nn::prpn.person nv::nv cm::gen nv::nv cm::dat verb::vv e::npst.ptcp nv::nv cm::dat mark::comma
nikan i duin golo be tuci ke cooha ,	nv::nv cm::gen nv::nv nv::nv cm::acc verb::vv e::pst.ptcp nv::nv mark::comma
dodo_age de uji ∅ seme bu he .	nn::prpn cm::dat verb::vv e::fve.imperative comp verb::vv e::pst.ptcp mark::period
bakiran iogi i hergen be wasibu fi beiguwan obu ha .	nn::prpn.person nv::nv cm::gen nv::nv cm::acc verb::vv e::cve nv::nv verb::vv e::pst.ptcp mark::period
jang_i_jan i teisu jase i tule gene he beile se ,	nn::prpn cm::gen nv::nv nv::nv cm::gen nv::nv verb::vv e::pst.ptcp nv::nv nv::nv mark::comma
fi ,	nv::nv mark::comma
tsanjiyang de jakūnjuta yan menggun ,	nv::nv cm::dat nv::nv nv::nv nv::nv mark::comma
○ orin ilan de ,	mark::circle nv::nv nv::nv cm::dat mark::comma
bojina ,	nn::prpn.person mark::comma
juwan juwe ci jergi ,	nv::nv verb::vv e::cve nv::nv mark::comma
g'ai_jeo i lio_fujiyang de unggi he bithe ,	nn::prpn cm::gen nn::prpn cm::dat verb::vv e::pst.ptcp nv::nv mark::comma
fujin de naja fonji fi ,	nv::nv cm::dat nn::prpn.person verb::vv e::cve mark::comma
hargūji iogi ,	nn::prpn.person nv::nv mark::comma
niyalma afabu ∅ ,	nv::nv verb::vv e::fve.imperative mark::comma
min i ici o fi ,	pn::1sg cm::gen nv::nv verb::vv e::cve mark::comma
erdeni ,	nn::prpn.person mark::comma
waka be uru ara me ,	nv::adj cm::acc nv::nv verb::vv e::cve mark::comma
○ enggeder_efu i gashū ha gisun ,	mark::circle nn::prpn cm::gen verb::vv e::pst.ptcp nv::nv mark::comma
○ ice jakūn de ,	mark::circle nv::adj nv::nv cm::dat mark::comma
sarhū de emu feye ,	nv::nv cm::dat nv::nv nv::nv mark::comma
juwe ihan ,	nv::nv nv::nv mark::comma
sain juwangduwan emke bu fi ,	nv::adj nv::nv nv::nv verb::vv e::cve mark::comma
min i cooha i niyalma buce me afa fi efule me gai ha keyen ,	pn::1sg cm::gen nv::nv cm::gen nv::nv verb::vv e::cve verb::vv e::cve verb::vv e::cve verb::vv e::pst.ptcp nn::prpn.plc mark::comma
dere be nionggala ra niyalma geli bi o ,	nv::nv cm::acc verb::vv e::npst.ptcp nv::nv nv::nv verb::vv.npst ptcl mark::comma
dobori inenggi akū hūdun icihiya me wacihiya fi medege alanji ∅ ,	nv::nv nv::nv nv::adj nv::adj verb::vv e::cve verb::vv e::cve nv::nv verb::vv e::fve.imperative mark::comma
ekisaka te ci o mbi o ,	nv::adj verb::vv e::cve verb::vv e::fve.npst ptcl mark::comma
han i bithe ,	nv::nv cm::gen nv::nv mark::comma
( kibtar_taiji sokto fi suihu me gabta habi ,	mark::lparen nn::prpn verb::vv e::cve verb::vv e::cve verb::vv e::fve.prs.prf mark::comma
abka na gosi fi ,	nv::nv nv::nv verb::vv e::cve mark::comma
juwan de abala fi ,	nv::nv cm::dat verb::vv e::cve mark::comma
emu gabtan i dube de emu jergi ulan fete hebi ,	nv::nv nv::nv cm::gen nv::nv cm::dat nv::nv nv::nv nv::nv verb::vv e::fve.prs.prf mark::comma
erdeni_baksi ,	nn::prpn mark::comma
abka ,	nv::nv mark::comma
lung_king ni ilaci aniya duin biya i orin sunja de baha ha ,	nn::prpn cm::gen nv::nv nv::nv nv::nv nv::nv cm::gen nv::nv nv::nv cm::dat verb::vv e::pst.ptcp mark::comma
bi wa ha niyalma i ahūn de ,	pn::1sg verb::vv e::pst.ptcp nv::nv cm::gen nv::nv cm::dat mark::comma
suje jakūn ,	nv::nv nv::nv mark::comma
weile ara ra be ara mbi kai ,	nv::nv verb::vv e::npst.ptcp cm::acc verb::vv e::fve.npst ptcl mark::comma
jai afa hakū gemu daha ha ,	nv::nv verb::vv e::pst.ptcp.neg nv::nv verb::vv e::pst.ptcp mark::comma
olo ,	nv::nv mark::comma
burhatu_mafa .	nn::prpn mark::period
○ mungtan be ,	mark::circle nn::prpn.person cm::acc mark::comma
muse i cooha tuwana ra be naka ∅ ,	nv::nv cm::gen nv::nv verb::vv e::npst.ptcp cm::acc verb::vv e::fve.imperative mark::comma
jai deote suwen de han ama sain ulin sain morin bu hebi ,	nv::nv nv::nv pn::2pl cm::dat nv::nv nv::nv nv::adj nv::nv nv::adj nv::nv verb::vv e::fve.prs.prf mark::comma
han geli ojo rakū hendu me ,	nv::nv nv::nv verb::vv e::npst.ptcp.neg verb::vv e::cve mark::comma
hūrha i minggan cooha be gida fi ,	nv::nv cm::gen nv::nv nv::nv cm::acc verb::vv e::cve mark::comma
mocin samsu ,	nv::nv nv::nv mark::comma
geren de juwete guise bu he ,	nv::adj cm::dat nv::nv nv::nv verb::vv e::pst.ptcp mark::comma
jaisai_beile i emu haha ,	nn::prpn cm::gen nv::nv nv::nv mark::comma
g'ao_fujiyang de afabu fi baitangga sain suje udabu ∅ ,	nn::prpn cm::dat verb::vv e::cve nv::adj nv::adj nv::nv verb::vv e::fve.imperative mark::comma
jaisai ,	nn::prpn.person mark::comma
i_jeo hecen i niyalma be guri me yabu ∅ se re jaka de ,	nn::prpn nv::nv cm::gen nv::nv cm::acc verb::vv e::cve verb::vv e::fve.imperative verb::vv e::npst.ptcp nv::nv cm::dat mark::comma
ulunai_wei i du_jy_hūi_tungjy aihalu i jui aji ,	nn::prpn cm::gen nv::nv nn::prpn.person cm::gen nv::nv nv::adj mark::comma
abka wakala fi ,	nv::nv verb::vv e::cve mark::comma
○ ubahai be ,	mark::circle nn::prpn.person cm::acc mark::comma
fujiyang fakca hakū seme wesihun han de ala ∅ ,	nv::nv verb::vv e::pst.ptcp.neg comp nv::nv nv::nv cm::dat verb::vv e::fve.imperative mark::comma
daimbu min be uji he jui gese uji he ,	nn::prpn.person pn::1sg cm::acc verb::vv e::pst.ptcp nv::nv nv::nv verb::vv e::pst.ptcp mark::comma
genggiyen_ho_wei i du_jy_hūi_ciyanši simnu i jui argatu ,	nn::prpn cm::gen nv::nv nn::prpn.person cm::gen nv::nv nv::adj mark::comma
mujilen onco tondo be tuwa me tukiye ki dere ,	nv::nv nv::adj nv::adj cm::acc verb::vv e::cve verb::vv e::fve.opt ptcl mark::comma
tuttu ji he de ,	nv::nv verb::vv e::pst.ptcp cm::dat mark::comma
beile se ji ci ,	nv::nv nv::nv verb::vv e::cve mark::comma
ginjeo i beiguwan cooha tuci fi gida fi ,	nn::prpn.plc cm::gen nv::nv nv::nv verb::vv e::cve verb::vv e::cve mark::comma
menggun fiyoose emke bu he ,	nv::nv nv::nv nv::nv verb::vv e::pst.ptcp mark::comma
ping_zang ,	nn::prpn mark::comma
nimaha bai ci baha hakū o fi ,	nv::nv verb::vv e::cve verb::vv e::pst.ptcp.neg verb::vv e::cve mark::comma
wa me mute ci waji ha ,	verb::vv e::cve verb::vv e::cve verb::vv e::pst.ptcp mark::comma
janu ,	nn::prpn.person mark::comma
han i bithe ,	nv::nv cm::gen nv::nv mark::comma
han jili banji fi ,	nv::nv nv::nv verb::vv e::cve mark::comma
amba_beile i jaode ,	nn::prpn cm::gen nn::prpn.person mark::comma
emu tanggū orin anggala ,	nv::nv nv::nv nv::nv nv::nv mark::comma
uka me ubaša me gene re ngge lakca rakū ,	verb::vv e::cve verb::vv e::cve verb::vv e::npst.ptcp nmlz::nmlz verb::vv e::npst.ptcp.neg mark::comma
han de ala ra jaka de ,	nv::nv cm::dat verb::vv e::npst.ptcp nv::nv cm::dat mark::comma
jafa fi saikan akdula me huthu fi unggi ∅ .	verb::vv e::cve nv::adj verb::vv e::cve verb::vv e::cve verb::vv e::fve.imperative mark::period
tafa fi hecen i šun tuhe re ergi ninggu be gai fi ,	verb::vv e::cve nv::nv cm::gen nv::nv verb::vv e::npst.ptcp nv::nv nv::nv cm::acc verb::vv e::cve mark::comma
busan in i weile be dahi re jaka de ,	nn::prpn.person pn::3sg cm::gen nv::nv cm::acc verb::vv e::npst.ptcp nv::nv cm::dat mark::comma
tere i ulin be uhe obu fi mamgiyabu rahū ,	nv::nv cm::gen nv::nv cm::acc nv::nv verb::vv e::cve verb::vv e::fve.prv mark::comma
jori ha jurgan be jurce rakū seme beiguwan obu ha .	verb::vv e::pst.ptcp nv::nv cm::acc verb::vv e::npst.ptcp.neg comp nv::nv verb::vv e::pst.ptcp mark::period
han i bithe ,	nv::nv cm::gen nv::nv mark::comma
tere tanggū boigon hūrha ,	nv::nv nv::nv nv::nv nv::nv mark::comma
bi encule me bahana rakū ,	pn::1sg verb::vv e::cve verb::vv e::npst.ptcp.neg mark::comma
yaya enteheme akūmbu me han te he ngge inu akū ,	nv::nv nv::nv verb::vv e::cve nv::nv verb::vv e::pst.ptcp nmlz::nmlz nv::nv nv::adj mark::comma
ere nikan min be gidaša ha girubu ha ambula o fi ,	nv::nv nv::nv pn::1sg cm::acc verb::vv e::pst.ptcp verb::vv e::pst.ptcp nv::nv verb::vv e::cve mark::comma
boo i aha aika jaka be ,	nv::nv cm::gen nv::nv nv::nv nv::nv cm::acc mark::comma
min i hojihon enggeder i adali cargi ci jide re ukanju be gaija ra ,	pn::1sg cm::gen nv::nv nn::prpn.person cm::gen nv::adj nv::nv cm::abl verb::vv e::npst.ptcp nv::nv cm::acc verb::vv e::npst.ptcp mark::comma
fujiyang fakca hakū seme wesihun han de ala ∅ ,	nv::nv verb::vv e::pst.ptcp.neg comp nv::nv nv::nv cm::dat verb::vv e::fve.imperative mark::comma
emte ergi ci okdo me gene fi ,	nv::nv nv::nv cm::abl verb::vv e::cve verb::vv e::cve mark::comma
tu ci ume fakca ra ,	nv::nv cm::abl nv::nv verb::vv e::npst.ptcp mark::comma
honin emu tanggū nadanju nadan gaji me uka me ji he .	nv::nv nv::nv nv::nv nv::nv nv::nv verb::vv e::cve verb::vv e::cve verb::vv e::pst.ptcp mark::period
beiguwan de juwete honin bu he ,	nv::nv cm::dat nv::nv nv::nv verb::vv e::pst.ptcp mark::comma
ninju fulmiyen orho de ,	nv::nv nv::nv nv::nv cm::dat mark::comma
kubu hekū šanggiyan gene ∅ ,	verb::vv e::pst.ptcp.neg nv::nv verb::vv e::fve.imperative mark::comma
te geli gūsin ninggun niyalma be sinda fi unggi he ,	nv::nv nv::nv nv::nv nv::nv nv::nv cm::acc verb::vv e::cve verb::vv e::pst.ptcp mark::comma
laida ,	nn::prpn.person mark::comma
enggeder min be gosi me uji re de ,	nn::prpn.person pn::1sg cm::acc verb::vv e::cve verb::vv e::npst.ptcp cm::dat mark::comma
ginjeo i iogi aita ,	nn::prpn.plc cm::gen nv::nv nn::prpn.person mark::comma
ba guribu re ,	nv::nv verb::vv e::npst.ptcp mark::comma
gemu hecen i ninggureme ebubu he ,	nv::nv nv::nv cm::gen nv::nv verb::vv e::pst.ptcp mark::comma
ša_ling_wei i du_jy_hūi_ciyanši ilata i jui saisundai ,	nn::prpn cm::gen nv::nv nv::nv cm::gen nv::nv nn::prpn.person mark::comma
han ,	nv::nv mark::comma
wan_lii i sunjaci aniya jorgon biya i ice sunja de baha ha ,	nn::prpn cm::gen nv::nv nv::nv nv::nv nv::nv cm::gen nv::adj nv::nv cm::dat verb::vv e::pst.ptcp mark::comma
jalan hala me jy_hūi_tung_jy obu ha ,	nv::nv verb::vv e::cve nv::nv verb::vv e::pst.ptcp mark::comma
lung_king ni ilaci aniya duin biya i orin sunja de baha ha ,	nn::prpn cm::gen nv::nv nv::nv nv::nv nv::nv cm::gen nv::nv nv::nv cm::dat verb::vv e::pst.ptcp mark::comma
sin i ahūn i jui ,	pn::2sg cm::gen nv::nv cm::gen nv::nv mark::comma
ebugen ,	nn::prpn.person mark::comma
eigen sargan i beye i teile tucibu fi ,	nv::nv nv::nv cm::gen nv::nv cm::gen nv::nv verb::vv e::cve mark::comma
ba boljo fi ,	nv::nv verb::vv e::cve mark::comma
šun dekde re ergi mederi hanciki ,	nv::nv verb::vv e::npst.ptcp nv::nv nv::nv nv::adj mark::comma
dekden i tofohon juwan ninggun de efibu mbihe ,	nv::nv cm::gen nv::nv nv::nv nv::nv cm::dat verb::vv e::fve.pst.ipfv mark::comma
uyun biya ci ebsi ,	nv::nv nv::nv cm::abl nv::nv mark::comma
yaya ujima ujibu re ,	nv::nv nv::nv verb::vv e::npst.ptcp mark::comma
nikan han gubci gurun ,	nv::nv nv::nv nv::adj nv::nv mark::comma
hecen weile re ba be dende ∅ ,	nv::nv verb::vv e::npst.ptcp nv::nv cm::acc verb::vv e::fve.imperative mark::comma
han de sain sabu ci ,	nv::nv cm::dat nv::adj verb::vv e::cve mark::comma
folo ho umiyesun emte ,	verb::vv e::pst.ptcp nv::nv nv::nv mark::comma
sin i ahūta hošo i beile se ya emu niyalma de banjinji ∅ ,	pn::2sg cm::gen nv::nv nv::nv cm::gen nv::nv nv::nv nv::nv nv::nv nv::nv cm::dat verb::vv e::fve.imperative mark::comma
acabu hakū ,	verb::vv e::pst.ptcp.neg mark::comma
sunjata suje ,	nv::nv nv::nv mark::comma
in i sargan ,	pn::3sg cm::gen nv::nv mark::comma
inu meni meni akdula ra gisun be ,	nv::nv nv::nv nv::nv verb::vv e::npst.ptcp nv::nv cm::acc mark::comma
tuttu o ci ,	nv::nv verb::vv e::cve mark::comma
sunja tanggū honin ,	nv::nv nv::nv nv::nv mark::comma
seke i mahala emte ,	nv::nv cm::gen nv::nv nv::nv mark::comma
muse de daha ha miyoo_beiguwan i xuwang_šan i gašan kai ,	pn::1pl.incl cm::dat verb::vv e::pst.ptcp nn::prpn cm::gen nn::prpn cm::gen nv::nv ptcl mark::comma
yuwan_h'ao_jin ,	nn::prpn mark::comma
ere juwe niyalma juwan juwe ci jergi ,	nv::nv nv::nv nv::nv nv::nv verb::vv e::cve nv::nv mark::comma
fusi_efu ,	nn::prpn mark::comma
amba niyalma i beye ji he ,	nv::adj nv::nv cm::gen nv::nv verb::vv e::pst.ptcp mark::comma
mari fi ji ∅ ,	verb::vv e::cve verb::vv e::fve.imperative mark::comma
suwe kalka i beile se de šang nonggi me bu re ,	pn::2pl nv::nv cm::gen nv::nv nv::nv cm::dat nv::nv verb::vv e::cve verb::vv e::npst.ptcp mark::comma
idu jafa fi dulin amga me ,	nv::nv verb::vv e::cve nv::adj verb::vv e::cve mark::comma
han obu re be suwe manggi aca rakū ojo rakū ci ,	nv::nv verb::vv e::npst.ptcp cm::acc pn::2pl nv::nv verb::vv e::npst.ptcp.neg verb::vv e::npst.ptcp.neg e::cve mark::comma
geli amba gisun bi se he manggi ,	nv::nv nv::adj nv::nv verb::vv.npst verb::vv e::pst.ptcp nv::nv mark::comma
muse hoton be ka fi afa me gai fi gaji ki ,	pn::1pl.incl nv::nv cm::acc verb::vv e::cve verb::vv e::cve verb::vv e::cve verb::vv e::fve.opt mark::comma
yakcan_buku ,	nn::prpn mark::comma
adabaha ,	nn::prpn.person mark::comma
gai re undengge be ,	verb::vv e::npst.ptcp nv::nv cm::acc mark::comma
solho i juwe dzung_bing_guwan ,	nv::nv cm::gen nv::nv nv::nv mark::comma
monggo i jase jakara me pu i jeku be jugūn dasa fi tondolo me hūwang_ni_wa be juwe ki ,	nv::nv cm::gen nv::nv verb::vv e::cve nv::nv cm::gen nv::nv cm::acc nv::nv verb::vv e::cve verb::vv e::cve nn::prpn cm::acc verb::vv e::fve.opt mark::comma
han hendu me ,	nv::nv verb::vv e::cve mark::comma
suwe inu tenteke bele me yabu re niyalma be saikan kimci me baica ∅ seme hendu ∅ ,	pn::2pl nv::nv nv::nv verb::vv e::cve verb::vv e::npst.ptcp nv::nv cm::acc nv::adj verb::vv e::cve verb::vv e::fve.imperative comp verb::vv e::fve.imperative mark::comma
uttu yada bu fi ,	nv::nv verb::vv sfx e::cve mark::comma
baduhū be wesibu fi tsanjiyang obu ha .	nn::prpn.person cm::acc verb::vv e::cve nv::nv verb::vv e::pst.ptcp mark::period
emu niyalma de duin guise ,	nv::nv nv::nv cm::dat nv::nv nv::nv mark::comma
te gene ∅ se he bi he ,	nv::nv verb::vv e::fve.imperative verb::vv e::pst.ptcp verb::vv e::pst.ptcp mark::comma
○ orin sunja de ,	mark::circle nv::nv nv::nv cm::dat mark::comma
juwan juwe ci jergi ,	nv::nv verb::vv e::cve nv::nv mark::comma
ilata juru kiru ,	nv::nv nv::nv nv::nv mark::comma
min i mujilen de kemuni tondo i akūmbu ci ,	pn::1sg cm::gen nv::nv cm::dat nv::nv nv::adj cm::gen verb::vv e::cve mark::comma
han i afabu ha jurgan be ,	nv::nv cm::gen verb::vv e::pst.ptcp nv::nv cm::acc mark::comma
niyalma be ukambu me gama ra ,	nv::nv cm::acc verb::vv e::cve verb::vv e::npst.ptcp mark::comma
juwan niyalma de emu ejen ara ∅ ,	nv::nv nv::nv cm::dat nv::nv nv::nv verb::vv e::fve.imperative mark::comma
in i gurun i sargan akū niyalma be ,	pn::3sg cm::gen nv::nv cm::gen nv::nv nv::adj nv::nv cm::acc mark::comma
iogi de juwete minggan haha bu he .	nv::nv cm::dat nv::nv nv::nv nv::nv verb::vv e::pst.ptcp mark::period
dehi ciyandzung juwe idu banji fi iogi i jaka de hala me yabu ∅ ,	nv::nv nv::nv nv::nv nv::nv verb::vv e::cve nv::nv cm::gen nv::nv cm::dat verb::vv e::cve verb::vv e::fve.imperative mark::comma
coodai ,	nn::prpn.person mark::comma
juwe ilan inenggi o fi ,	nv::nv nv::nv nv::nv verb::vv e::cve mark::comma
amba etuku etu fi daha mbi seme hoton i julergi duka de ili fi gisure mbime ,	nv::adj nv::nv verb::vv e::cve verb::vv e::fve.npst comp nv::nv cm::gen nv::nv nv::nv cm::dat verb::vv e::cve verb::vv e::cve mark::comma
wan_lii i te he aniya ninggun biya i juwan duin de baha ha ,	nn::prpn cm::gen verb::vv e::pst.ptcp nv::nv nv::nv nv::nv cm::gen nv::nv nv::nv cm::dat verb::vv e::pst.ptcp mark::comma
modo gulhun hotonggi_wei i du_jy_hūi_ši bušuku i omolo silangga ,	nv::adj nv::adj nn::prpn cm::gen nv::nv nv::nv cm::gen nv::nv nn::prpn.person mark::comma
aniyadari jase tuci fi ,	nv::nv nv::nv verb::vv e::cve mark::comma
min i hūsun i gelebu re de ,	pn::1sg cm::gen nv::nv cm::gen verb::vv e::npst.ptcp cm::dat mark::comma
○ sanggarjai_nakcu niyakūra fi hengkile fi tebeliye me aca ha ,	mark::circle nn::prpn verb::vv e::cve verb::vv e::cve verb::vv e::cve verb::vv e::pst.ptcp mark::comma
ulgiyan ,	nv::nv mark::comma
ala hakū guwanggusa be emu ba ,	verb::vv e::pst.ptcp.neg nv::nv cm::acc nv::nv nv::nv mark::comma
ere moo be tuwakiyabu me ilan tanggū haha weri he ,	nv::nv nv::nv cm::acc verb::vv e::cve nv::nv nv::nv nv::nv verb::vv e::pst.ptcp mark::comma
takūra ra niyalma akū seme ,	verb::vv e::npst.ptcp nv::nv nv::adj comp mark::comma
conoko bu hekū .	nn::prpn.person verb::vv e::pst.ptcp.neg mark::period
abutai niru i emu niyalma ,	nn::prpn.person nv::nv cm::gen nv::nv nv::nv mark::comma
niyalma i boco dolo se re ,	nv::nv cm::gen nv::nv nv::nv verb::vv e::npst.ptcp mark::comma
enggeder_taiji gūwa de bu mbi seme gene he ,	nn::prpn nv::nv cm::dat verb::vv e::fve.npst comp verb::vv e::pst.ptcp mark::comma
amin_beile ,	nn::prpn mark::comma
fujiyang fakca hakū seme wesihun han de ala ∅ ,	nv::nv verb::vv e::pst.ptcp.neg comp nv::nv nv::nv cm::dat verb::vv e::fve.imperative mark::comma
emu biya de anggala tolo me juwete sin bu ∅ ,	nv::nv nv::nv cm::dat nv::nv verb::vv e::cve nv::nv nv::nv verb::vv e::fve.imperative mark::comma
suwe inu niyalma nikai seme julesi cifele me hendu fi ,	pn::2pl nv::nv nv::nv ptcl comp nv::nv verb::vv e::cve verb::vv e::cve mark::comma
ihan ilan ,	nv::nv nv::nv mark::comma
hoton i da de gama ra de ,	nv::nv cm::gen nv::nv cm::dat verb::vv e::npst.ptcp cm::dat mark::comma
dahamu ,	nn::prpn.person mark::comma
han i tacibu ha tondo fafun be jurce rakū banji ci ,	nv::nv cm::gen verb::vv e::pst.ptcp nv::adj nv::nv cm::acc verb::vv e::npst.ptcp.neg verb::vv e::cve mark::comma
yarna ,	nn::prpn.person mark::comma
han tondo mujilen i beye be tuwakiya me banji mbi kai ,	nv::nv nv::adj nv::nv cm::gen nv::nv cm::acc verb::vv e::cve verb::vv e::fve.npst ptcl mark::comma
jori ha jurgan be jurce rakū seme ,	verb::vv e::pst.ptcp nv::nv cm::acc verb::vv e::npst.ptcp.neg comp mark::comma
wan_lii_han be ehe seme hendu ∅ ,	nn::prpn cm::acc nv::adj comp verb::vv e::fve.imperative mark::comma
tuttu yohinda rakū ehe o fi ,	nv::nv verb::vv e::npst.ptcp.neg nv::adj verb::vv e::cve mark::comma
nikan hafan sa i cen i cisu i encule me gaija ra jeku orho ,	nv::nv nv::nv nv::nv cm::gen pn::3pl cm::gen nv::nv cm::gen verb::vv e::cve verb::vv e::npst.ptcp nv::nv nv::nv mark::comma
sahaliyan_ula kiyoo ca ha adali dehi morin ada ci o me hetu lasha juhe jafa ha se re ngge be ,	nn::prpn nv::nv verb::vv e::pst.ptcp nv::adj nv::nv nv::nv verb::vv e::cve verb::vv e::cve nv::adj nv::nv nv::nv verb::vv e::pst.ptcp verb::vv e::npst.ptcp nmlz::nmlz cm::acc mark::comma
boola ha ton i nacibu de afabu me bu he ,	verb::vv e::pst.ptcp nv::nv cm::gen nn::prpn.person cm::dat verb::vv e::cve verb::vv e::pst.ptcp mark::comma
tere ci tang_jan i niyalma ,	nv::nv cm::abl nn::prpn cm::gen nv::nv mark::comma
tere be ice han ,	nv::nv cm::acc nv::adj nv::nv mark::comma
haha hehe juse ci ana me huwesi ume bibu re ,	nv::nv nv::nv nv::nv cm::abl verb::vv e::cve nv::nv nv::nv verb::vv e::npst.ptcp mark::comma
han ama de ehe ,	nv::nv nv::nv cm::dat nv::adj mark::comma
ulacan ,	nn::prpn.person mark::comma
ice_hecen i nadan minggan sunja tanggū dehi juwe ,	nn::prpn cm::gen nv::nv nv::nv nv::nv nv::nv nv::nv nv::nv mark::comma
yeodehe tsanjiyang ,	nn::prpn.person nv::nv mark::comma
genggiyen_han hendu me ,	nn::prpn verb::vv e::cve mark::comma
boo i aha doso rakū uka mbi ,	nv::nv cm::gen nv::nv verb::vv e::npst.ptcp.neg verb::vv e::fve.npst mark::comma
jakūn gūsa i beile se ,	nv::nv nv::nv cm::gen nv::nv nv::nv mark::comma
ere gashū ha be efule rakū kemuni sain yabu ci ,	nv::nv verb::vv e::pst.ptcp cm::acc verb::vv e::npst.ptcp.neg nv::nv nv::adj verb::vv e::cve mark::comma
tuwa ci ,	verb::vv e::cve mark::comma
sarhū i emu iogi ,	nv::nv cm::gen nv::nv nv::nv mark::comma
gangguri fujiyang ,	nn::prpn.person nv::nv mark::comma
nikan i juwe minggan cooha be gemu gida fi wa ha seme ,	nv::nv cm::gen nv::nv nv::nv nv::nv cm::acc nv::nv verb::vv e::cve verb::vv e::pst.ptcp comp mark::comma
yoo_jeo hanci o ci ,	nn::prpn nv::adj verb::vv e::cve mark::comma
tofohon haha be gaji me ula ci uka me ji he gung ,	nv::nv nv::nv cm::acc verb::vv e::cve nv::nv cm::abl verb::vv e::cve verb::vv e::pst.ptcp nv::nv mark::comma
ula de juwe ba sacibu ha ,	nv::nv cm::dat nv::nv nv::nv verb::vv e::pst.ptcp mark::comma
jai geli nikan i tungse de ,	nv::nv nv::nv nv::nv cm::gen nv::nv cm::dat mark::comma
gisun be iogi hergen efule he .	nv::nv cm::acc nv::nv nv::nv verb::vv e::pst.ptcp mark::period
jang_dzung_guwan ,	nn::prpn mark::comma
daimbulu ,	nn::prpn.person mark::comma
begei beiguwan i hergen de baha ha sunja tanggū nikan uthai bi kini ,	nn::prpn.person nv::nv cm::gen nv::nv cm::dat verb::vv e::pst.ptcp nv::nv nv::nv nv::nv nv::nv verb::vv e::fve.opt mark::comma
hūwangli i ara ra hiya_siyang_gung de ,	nv::nv cm::gen verb::vv e::npst.ptcp nn::prpn cm::dat mark::comma
baha ha olji ihan eihen be ,	verb::vv e::pst.ptcp nv::nv nv::nv nv::nv cm::acc mark::comma
nikan i emgi ilan jergi gashū ha ,	nv::nv cm::gen nv::nv nv::nv nv::nv verb::vv e::pst.ptcp mark::comma
julge i banji ha sain kooli sa ra niyalma o ci ,	nv::nv cm::gen verb::vv e::pst.ptcp nv::adj nv::nv verb::vv e::npst.ptcp nv::nv verb::vv e::cve mark::comma
fujiyang fakca hakū seme wesihun han de ala ∅ ,	nv::nv verb::vv e::pst.ptcp.neg comp nv::nv nv::nv cm::dat verb::vv e::fve.imperative mark::comma
juwan uyun de nikasa de wasimbu ha ,	nv::nv nv::nv cm::dat nv::nv cm::dat verb::vv e::pst.ptcp mark::comma
neyen_golo de amban ara fi eiten be baica ∅ seme ejen sinda ha bi he ,	nn::prpn cm::dat nv::nv verb::vv e::cve nv::adj cm::acc verb::vv e::fve.imperative comp nv::nv verb::vv e::pst.ptcp verb::vv e::pst.ptcp mark::comma
sin i kadala ha cooha be si baha fi yooni bargiya mbi kai ,	pn::2sg cm::gen verb::vv e::pst.ptcp nv::nv cm::acc pn::2sg verb::vv e::cve nv::nv verb::vv e::fve.npst ptcl mark::comma
emu feye langtula bu ha seme juwan emute yan i weile waliya mbi ,	nv::nv nv::nv verb::vv sfx e::pst.ptcp comp nv::nv nv::nv nv::nv cm::gen nv::nv verb::vv e::fve.npst mark::comma
○ beile se i bithe wasimbu ha ,	mark::circle nv::nv nv::nv cm::gen nv::nv verb::vv e::pst.ptcp mark::comma
han i fafun i tondo i kadala mbi ,	nv::nv cm::gen nv::nv cm::gen nv::adj cm::gen verb::vv e::fve.npst mark::comma
han i afabu ha jurgan be ,	nv::nv cm::gen verb::vv e::pst.ptcp nv::nv cm::acc mark::comma
ihan honin wa me ,	nv::nv nv::nv verb::vv e::cve mark::comma
dain be nakabu ki ,	nv::nv cm::acc verb::vv e::fve.opt mark::comma
ihan niyalma ume gama ra ,	nv::nv nv::nv nv::nv verb::vv e::npst.ptcp mark::comma
ere gisun be holto me hendu fi jurce ci ,	nv::nv nv::nv cm::acc verb::vv e::cve verb::vv e::cve verb::vv e::cve mark::comma
abka de tafa ci wan akū ,	nv::nv cm::dat verb::vv e::cve nv::nv nv::adj mark::comma
omi ci waji hakū .	verb::vv e::cve verb::vv e::pst.ptcp.neg mark::period
han i tacibu ha tondo fafun be jurce rakū banji ci ,	nv::nv cm::gen verb::vv e::pst.ptcp nv::adj nv::nv cm::acc verb::vv e::npst.ptcp.neg verb::vv e::cve mark::comma
janju ,	nn::prpn.person mark::comma
giyamcan ,	nn::prpn.plc mark::comma
bayara i kiru i ejen de juwe niyalma de acan emu ihan bu he ,	nv::nv cm::gen nv::nv cm::gen nv::nv cm::dat nv::nv nv::nv cm::dat nv::nv nv::nv nv::nv verb::vv e::pst.ptcp mark::comma
○ beile se i bithe ,	mark::circle nv::nv nv::nv cm::gen nv::nv mark::comma
šulengge ,	nn::prpn.person mark::comma
engke i gaji ha bithe ,	nn::prpn.person cm::gen verb::vv e::pst.ptcp nv::nv mark::comma
hendu fi unggi he gisun ,	verb::vv e::cve verb::vv e::pst.ptcp nv::nv mark::comma
efu de gege eniye kai ,	nv::nv cm::dat nv::nv nv::nv ptcl mark::comma
soosar ,	nn::prpn.person mark::comma
bahūn_taiji ,	nn::prpn mark::comma
baha ha ulha be asara ra ,	verb::vv e::pst.ptcp nv::nv cm::acc verb::vv e::npst.ptcp mark::comma
moo gana cibe ,	nv::nv verb::vv e::cve mark::comma
adun_age i boo i haha ,	nn::prpn cm::gen nv::nv cm::gen nv::nv mark::comma
oihori waka kai ,	nv::adj nv::adj ptcl mark::comma
tofohon yan i weile waliya mbi ,	nv::nv nv::nv cm::gen nv::nv verb::vv e::fve.npst mark::comma
giya_jing ni gūsin ningguci aniya nadan biya i orin emu de baha ha ,	nn::prpn cm::gen nv::nv nv::nv nv::nv nv::nv nv::nv cm::gen nv::nv nv::nv cm::dat verb::vv e::pst.ptcp mark::comma
min i ere jurgan be ume oihorila ra .	pn::1sg cm::gen nv::nv nv::nv cm::acc nv::nv verb::vv e::npst.ptcp mark::period
abutai niru i emu niyalma ,	nn::prpn.person nv::nv cm::gen nv::nv nv::nv mark::comma
yasun de orin funce me bi seme ,	nn::prpn.person cm::dat nv::nv verb::vv e::cve verb::vv.npst comp mark::comma
dorji_age ,	nn::prpn mark::comma
hūsita niru i guwanggun gebungge niyalma ,	nn::prpn.person nv::nv cm::gen nv::nv nv::adj nv::nv mark::comma
hūrhan_hiya in i gaji re sunja tanggū boigon be ,	nn::prpn pn::3sg cm::gen verb::vv e::npst.ptcp nv::nv nv::nv nv::nv cm::acc mark::comma
amba_beile ,	nn::prpn mark::comma
sunjata sin jeku aci fi ji ∅ seme ,	nv::nv nv::nv nv::nv verb::vv e::cve verb::vv e::fve.imperative comp mark::comma
baise isinji ha ,	nv::nv verb::vv e::pst.ptcp mark::comma
bu he menggun gai me bu ∅ ,	verb::vv e::pst.ptcp nv::nv verb::vv e::cve verb::vv e::fve.imperative mark::comma
deo ukimai han wacihiya me dahabu fi ,	nv::nv nn::prpn.person nv::nv verb::vv e::cve verb::vv e::cve mark::comma
suwe haha ume gida ra ,	pn::2pl nv::nv nv::nv verb::vv e::npst.ptcp mark::comma
liyoodung i hecen be ka fi dedu fi ,	nn::prpn.plc cm::gen nv::nv cm::acc verb::vv e::cve verb::vv e::cve mark::comma
hergen bisi re niyalma be emte hergen wesibu ∅ .	nv::nv verb::vv e::npst.ptcp nv::nv cm::acc nv::nv nv::nv verb::vv e::fve.imperative mark::period
min i beye gese amban artasi nene me gene fi sin i ama han de aca kini ,	pn::1sg cm::gen nv::nv nv::nv nv::nv nn::prpn.person verb::vv e::cve verb::vv e::cve pn::2sg cm::gen nv::nv nv::nv cm::dat verb::vv e::fve.opt mark::comma
cilin ,	nv::nv mark::comma
indahūci i eje he be gūsin yan gung faita ha ,	nn::prpn.person cm::gen verb::vv e::pst.ptcp cm::acc nv::nv nv::nv nv::nv verb::vv e::pst.ptcp mark::comma
dolo tuwakiya me te he hiyasa ,	nv::nv verb::vv e::cve verb::vv e::pst.ptcp nv::nv mark::comma
hūsun de ertu fi mujakū muri me ,	nv::nv cm::dat verb::vv e::cve nv::nv verb::vv e::cve mark::comma
min i cooha i niyalma be sinda fi unggi cina ,	pn::1sg cm::gen nv::nv cm::gen nv::nv cm::acc verb::vv e::cve verb::vv e::fve.opt mark::comma
han i beye gene fi ,	nv::nv cm::gen nv::nv verb::vv e::cve mark::comma
bujantai emhun beye burula me tuci fi ,	nn::prpn.person nv::nv nv::nv verb::vv e::cve verb::vv e::cve mark::comma
○ fulahūn meihe aniya ,	mark::circle nv::nv nv::nv nv::nv mark::comma
doosi ehe mujilen jafa fi hūlha me holto me banji ci ,	nv::adj nv::adj nv::nv verb::vv e::cve verb::vv e::cve verb::vv e::cve verb::vv e::cve mark::comma
jušen nikan i tari re biya de tari ∅ ,	nv::nv nv::nv cm::gen verb::vv e::npst.ptcp nv::nv cm::dat verb::vv e::fve.imperative mark::comma
suwe jecen i ba de te he niyalma ume dulbada ra ,	pn::2pl nv::nv cm::gen nv::nv cm::dat verb::vv e::pst.ptcp nv::nv nv::nv verb::vv e::npst.ptcp mark::comma
hai_si soyo_wei i du_jy_hūi_tungjy amutai i jui dabaru ,	nn::prpn nn::prpn cm::gen nv::nv nn::prpn.person cm::gen nv::nv nn::prpn.person mark::comma
ere muwaša me banji re gurun kai ,	nv::nv verb::vv e::cve verb::vv e::npst.ptcp nv::nv ptcl mark::comma
cooha i ejen yuwanšuwai ,	nv::nv cm::gen nv::nv nv::nv mark::comma
emu ihan de nikan i hule i sunja hule jeku ,	nv::nv nv::nv cm::dat nv::nv cm::gen nv::nv cm::gen nv::nv nv::nv nv::nv mark::comma
emu ihan ,	nv::nv nv::nv mark::comma
beile se amban sa suwe tušabu ha weile be mutebu me ,	nv::nv nv::nv nv::nv nv::nv pn::2pl verb::vv e::pst.ptcp nv::nv cm::acc verb::vv e::cve mark::comma
dobihi cabi jibca be bi gai hakū ,	nv::nv nv::nv nv::nv cm::acc pn::1sg verb::vv e::pst.ptcp.neg mark::comma
gucule he gucu boo i aha ende mbi o .	verb::vv e::pst.ptcp nv::nv nv::nv cm::gen nv::nv verb::vv e::fve.npst ptcl mark::period
dulin tondo o ci ,	nv::adj nv::adj verb::vv e::cve mark::comma
emu malu hibsu unggi he .	nv::nv nv::nv nv::nv verb::vv e::pst.ptcp mark::period
mujilen tondo ulin gaija rakū iogi sa be takūra ∅ ,	nv::nv nv::adj nv::nv verb::vv e::npst.ptcp.neg nv::nv nv::nv cm::acc verb::vv e::fve.imperative mark::comma
fusi_efu dzung_bing_guwan ,	nn::prpn nv::nv mark::comma
hūi_an_pu ,	nn::prpn mark::comma
ningguci de ajige_age ,	nv::nv cm::dat nn::prpn mark::comma
ancungga beiguwan ,	nn::prpn.person nv::nv mark::comma
fodoho_wei i du_jy_hūi_tungjy unggulu i jui adangga ,	nn::prpn cm::gen nv::nv nn::prpn.person cm::gen nv::nv nn::prpn.person mark::comma
u_yang_k'ai ,	nn::prpn mark::comma
juwe minggan haha ,	nv::nv nv::nv nv::nv mark::comma
han ,	nv::nv mark::comma
juwe honin ,	nv::nv nv::nv mark::comma
tusa ara ha ba akū ,	nv::nv verb::vv e::pst.ptcp nv::nv nv::adj mark::comma
gene he niyang_niyang_gung ni ba i niyalma be dali fi ,	verb::vv e::pst.ptcp nn::prpn cm::gen nv::nv cm::gen nv::nv cm::acc verb::vv e::cve mark::comma
dodo_taiji ,	nn::prpn mark::comma
duli re dobori aga ha ngge ,	verb::vv e::npst.ptcp nv::nv verb::vv e::pst.ptcp nmlz::nmlz mark::comma
gurun i ai ai weile beide re de afabu ha ,	nv::nv cm::gen nv::nv nv::nv nv::nv verb::vv e::npst.ptcp cm::dat verb::vv e::pst.ptcp mark::comma
nikan i wan_lii_han akda fi ,	nv::nv cm::gen nn::prpn verb::vv e::cve mark::comma
emu ba i dube de okdo fi niyakūra me aca ha ,	nv::nv nv::nv cm::gen nv::nv cm::dat verb::vv e::cve verb::vv e::cve verb::vv e::pst.ptcp mark::comma
min i kadala ra emu jalan i sunja niru i cooha be gai fi fujiyang ci fakca rakū ,	pn::1sg cm::gen verb::vv e::npst.ptcp nv::nv nv::nv cm::gen nv::nv nv::nv cm::gen nv::nv cm::acc verb::vv e::cve nv::nv cm::abl verb::vv e::npst.ptcp.neg mark::comma
men i juse leose taktu ninggu de te fi ,	pn::1pl.excl cm::gen nv::nv nv::nv nv::nv nv::nv cm::dat verb::vv e::cve mark::comma
juleri ye_bu_šeo sinda fi ,	nv::nv nv::nv verb::vv e::cve mark::comma
amala boo i jalin de mujilen elhe akū ,	nv::nv nv::nv cm::gen nv::nv cm::dat nv::nv nv::nv nv::adj mark::comma
suijan ,	nn::prpn.person mark::comma
ulha komso wa ci sarin simen akū seme hendu re jaka de ,	nv::nv nv::adj verb::vv e::cve nv::nv nv::nv nv::adj comp verb::vv e::npst.ptcp nv::nv cm::dat mark::comma
juse omosi jalan hala me gosi re doro be ume lashala ra .	nv::nv nv::nv nv::nv verb::vv e::cve verb::vv e::npst.ptcp nv::nv cm::acc nv::nv verb::vv e::npst.ptcp mark::period
taci ha mujilen ulin gai me gurun be jobobu mbi ,	verb::vv e::pst.ptcp nv::nv nv::nv verb::vv e::cve nv::nv cm::acc verb::vv e::fve.npst mark::comma
ilan jui ,	nv::nv nv::nv mark::comma
buce re be weijubu mbi o ,	verb::vv e::npst.ptcp cm::acc verb::vv e::fve.npst ptcl mark::comma
ehe sain be dere bani rakū ,	nv::adj nv::adj cm::acc nv::nv verb::vv e::npst.ptcp.neg mark::comma
gemu amasi bederebu ∅ seme unggi he .	nv::nv nv::nv verb::vv e::fve.imperative comp verb::vv e::pst.ptcp mark::period
abka na i salgabu fi banji ha hacin hacin i gurun de ,	nv::nv nv::nv cm::gen verb::vv e::cve verb::vv e::pst.ptcp nv::nv nv::nv cm::gen nv::nv cm::dat mark::comma
moobari_hiya ,	nn::prpn mark::comma
emu tanggū niyalma be sinda fi unggi he ,	nv::nv nv::nv nv::nv cm::acc verb::vv e::cve verb::vv e::pst.ptcp mark::comma
ula de emgeri gidalabu ha seme ,	nv::nv cm::dat nv::nv verb::vv e::pst.ptcp comp mark::comma
min i buya juse be ,	pn::1sg cm::gen nv::adj nv::nv cm::acc mark::comma
nayan ,	nn::prpn.person mark::comma
nikan i amala poo miyoocan sejen kalka aika jaka be gai fi yabu re emu ing ni emu tumen cooha be sabu fi ,	nv::nv cm::gen nv::nv nv::nv nv::nv nv::nv nv::nv nv::nv nv::nv cm::acc verb::vv e::cve verb::vv e::npst.ptcp nv::nv nv::nv cm::gen nv::nv nv::nv nv::nv cm::acc verb::vv e::cve mark::comma
jase golo de te hebi ,	nv::nv nv::nv cm::dat verb::vv e::fve.prs.prf mark::comma
dzo_tun_wei sunja bujun jeku ,	nn::prpn nv::nv nv::nv nv::nv mark::comma
jui min i nimeku be hūdun dulembu ∅ ,	nv::nv pn::1sg cm::gen nv::nv cm::acc nv::adj verb::vv e::fve.imperative mark::comma
han hendu me ,	nv::nv verb::vv e::cve mark::comma
○ geren aca fi gisure re dari ,	mark::circle nv::adj verb::vv e::cve verb::vv e::npst.ptcp nv::nv mark::comma
tere yamji ulgiyan erin de ,	nv::nv nv::nv nv::nv nv::nv cm::dat mark::comma
emu dobori ilanggeri in i beye de emu encu hala i sargan jui adali banji ha niyalma aktala me yalu fi gida jafa fi in i beye be gidala me tolgi ka bi he se re ,	nv::nv nv::nv nv::nv pn::3sg cm::gen nv::nv cm::dat nv::nv nv::nv nv::nv cm::gen nv::nv nv::nv nv::adj verb::vv e::pst.ptcp nv::nv verb::vv e::cve verb::vv e::cve nv::nv verb::vv e::cve pn::3sg cm::gen nv::nv cm::acc verb::vv e::cve verb::vv e::pst.ptcp verb::vv e::pst.ptcp verb::vv e::npst.ptcp mark::comma
han i bithe ,	nv::nv cm::gen nv::nv mark::comma
tere i gene he ngge geli waka o fi ,	nv::nv cm::gen verb::vv e::pst.ptcp nmlz::nmlz nv::nv nv::adj verb::vv e::cve mark::comma
beile se ci fusihūn ,	nv::nv nv::nv cm::abl nv::adj mark::comma
fujiyang ci fakca ha de ,	nv::nv cm::abl verb::vv e::pst.ptcp cm::dat mark::comma
in i gurun bata o me ,	pn::3sg cm::gen nv::nv nv::nv verb::vv e::cve mark::comma
tede unggi he bithe i gisun ,	nv::nv verb::vv e::pst.ptcp nv::nv cm::gen nv::nv mark::comma
wa ha niyalma i beye be ilibu me waji ha ,	verb::vv e::pst.ptcp nv::nv cm::gen nv::nv cm::acc verb::vv e::cve verb::vv e::pst.ptcp mark::comma
dahabu gulhun hai_si toto_wei i du_jy_hūi_tungjy tabuta i jui gimbulu ,	nn::prpn.person nv::adj nn::prpn nn::prpn cm::gen nv::nv nn::prpn.person cm::gen nv::nv nn::prpn.person mark::comma
nio_juwang de isibu ha .	nn::prpn cm::dat verb::vv e::pst.ptcp mark::period
han hendu me ,	nv::nv verb::vv e::cve mark::comma
ilaci jergi tsanjiyang obu ha ,	nv::nv nv::nv nv::nv verb::vv e::pst.ptcp mark::comma
min i dolo koro kai ,	pn::1sg cm::gen nv::nv nv::nv ptcl mark::comma
jorhoi ,	nn::prpn.person mark::comma
hoifa de buce he seme ,	nn::prpn.plc cm::dat verb::vv e::pst.ptcp comp mark::comma
atanggi bi cibe sain ojo rakū doro bi o ,	nv::nv verb::vv e::cve nv::adj verb::vv e::npst.ptcp.neg nv::nv verb::vv.npst ptcl mark::comma
○ niohon ihan aniya aniya biya i ice juwe de ,	mark::circle nv::adj nv::nv nv::nv nv::nv nv::nv cm::gen nv::adj nv::nv cm::dat mark::comma
yehe i gintaisi_beile ,	nv::nv cm::gen nn::prpn mark::comma
sin i beile be gana ∅ ,	pn::2sg cm::gen nv::nv cm::acc verb::vv e::fve.imperative mark::comma
tere ji he niyalma ala me ,	nv::nv verb::vv e::pst.ptcp nv::nv verb::vv e::cve mark::comma
han i fafun i tondo i kadala mbi ,	nv::nv cm::gen nv::nv cm::gen nv::adj cm::gen verb::vv e::fve.npst mark::comma
asot jin manggūldai ,	nn::prpn.plc nv::nv nn::prpn.person mark::comma
ihan juwe ,	nv::nv nv::nv mark::comma
tere i wesimbu he bithe i gisun ,	nv::nv cm::gen verb::vv e::pst.ptcp nv::nv cm::gen nv::nv mark::comma
ilata morin de ulin aci fi jaka i furdan i duka be dosi me gama ra be ,	nv::nv nv::nv cm::dat nv::nv verb::vv e::cve nv::nv cm::gen nv::nv cm::gen nv::nv cm::acc verb::vv e::cve verb::vv e::npst.ptcp cm::acc mark::comma
aita fujiyang ni hergen be efule fi tsanjiyang obu ha ,	nn::prpn.person nv::nv cm::gen nv::nv cm::acc verb::vv e::cve nv::nv verb::vv e::pst.ptcp mark::comma
bi hendu ci ojo rakū seme sin i duwali niyalma de nene me ala ∅ ,	pn::1sg verb::vv e::cve verb::vv e::npst.ptcp.neg comp pn::2sg cm::gen nv::nv nv::nv cm::dat verb::vv e::cve verb::vv e::fve.imperative mark::comma
langgiya ,	nn::prpn.plc mark::comma
jai solho i jao_wei_jung ,	nv::nv nv::nv cm::gen nn::prpn mark::comma
tere be buce re jaka de ,	nv::nv cm::acc verb::vv e::npst.ptcp nv::nv cm::dat mark::comma
goro guri me ji me jobo ho ,	nv::nv verb::vv e::cve verb::vv e::cve verb::vv e::pst.ptcp mark::comma
○ ganggada i kadala ra juwe gašan i ninggun boigon be hai_jeo de tebu he .	mark::circle nn::prpn.person cm::gen verb::vv e::npst.ptcp nv::nv nv::nv cm::gen nv::nv nv::nv cm::acc nn::prpn cm::dat verb::vv e::pst.ptcp mark::period
gene he amban sa ,	verb::vv e::pst.ptcp nv::nv nv::nv mark::comma
ere i jalin de ,	nv::nv cm::gen nv::nv cm::dat mark::comma
monggo i sucu fi gama ha pu be tuwana me gene he .	nv::nv cm::gen verb::vv e::cve verb::vv e::pst.ptcp nv::nv cm::acc verb::vv e::cve verb::vv e::pst.ptcp mark::period
hono wa hakū gemu uji fi ,	nv::nv verb::vv e::pst.ptcp.neg nv::nv verb::vv e::cve mark::comma
○ anggai_taiji ,	mark::circle nn::prpn mark::comma
wan_lii i orin emuci aniya uyun biya i orin ilan de baha ha ,	nn::prpn cm::gen nv::nv nv::nv nv::nv nv::nv nv::nv cm::gen nv::nv nv::nv cm::dat verb::vv e::pst.ptcp mark::comma
geren niyalma i isa ha sarin de uculebu ki ,	nv::adj nv::nv cm::gen verb::vv e::pst.ptcp nv::nv cm::dat verb::vv e::fve.opt mark::comma
nene me šanggiyan tuwa fi guwele me gene fi ,	verb::vv e::cve nv::nv verb::vv e::cve verb::vv e::cve verb::vv e::cve mark::comma
han i baru hendu me ,	nv::nv cm::gen nv::nv verb::vv e::cve mark::comma
yabu ∅ se ci ,	verb::vv e::fve.imperative verb::vv e::cve mark::comma
kūwaktaka be ice niyalma seme weile akū bai naka ha ,	nn::prpn.person cm::acc nv::adj nv::nv comp nv::nv nv::adj nv::nv verb::vv e::pst.ptcp mark::comma
tuttu tondo i fafula rakū ehe miosihon jurgan i yabu ci ,	nv::nv nv::adj cm::gen verb::vv e::npst.ptcp.neg nv::adj nv::adj nv::nv cm::gen verb::vv e::cve mark::comma
nikan gurun be daila ha ,	nv::nv nv::nv cm::acc verb::vv e::pst.ptcp mark::comma
dzo_tun_wei golo be boigon dali me unggi he .	nn::prpn nv::nv cm::acc nv::nv verb::vv e::cve verb::vv e::pst.ptcp mark::period
juwe dzung_bing_guwan i cooha aldangga dahala me poo sinda me gaji me jide re de ,	nv::nv nv::nv cm::gen nv::nv nv::adj verb::vv e::cve nv::nv verb::vv e::cve verb::vv e::cve verb::vv e::npst.ptcp cm::dat mark::comma
juwan ilaci jergi ,	nv::nv nv::nv nv::nv mark::comma
i_jeo i boigon be dali me gene fi ,	nn::prpn cm::gen nv::nv cm::acc verb::vv e::cve verb::vv e::cve mark::comma
sama ,	nv::nv mark::comma
han i sira me wang ,	nv::nv cm::gen verb::vv e::cve nv::nv mark::comma
agūda gebungge amban be maksi ∅ se fi ,	nn::prpn.person nv::adj nv::nv cm::acc verb::vv e::fve.imperative verb::vv e::cve mark::comma
niowanggiyan orho de morin tarhūbu ki ,	nv::adj nv::nv cm::dat nv::nv verb::vv e::fve.opt mark::comma
han ,	nv::nv mark::comma
○ juwan de ,	mark::circle nv::nv cm::dat mark::comma
han hendu me ,	nv::nv verb::vv e::cve mark::comma
jakūn amban ada fi ,	nv::nv nv::nv verb::vv e::cve mark::comma
ketiri ,	nn::prpn.person mark::comma
uye he honci gūsin ,	verb::vv e::pst.ptcp nv::nv nv::nv mark::comma
jeng_giyang ni ergi de te he eksingge de cooha nonggi me emu niru i emte niyalma ,	nn::prpn cm::gen nv::nv cm::dat verb::vv e::pst.ptcp nn::prpn.person cm::dat nv::nv verb::vv e::cve nv::nv nv::nv cm::gen nv::nv nv::nv mark::comma
umai weile akū de baibi jafa fi sele futa hūwaita fi ,	nv::nv nv::nv nv::adj cm::dat nv::nv verb::vv e::cve nv::nv nv::nv verb::vv e::cve mark::comma
gūsa i ejen ,	nv::nv cm::gen nv::nv mark::comma
sin i nene me unggi he elcin be unggi ∅ ,	pn::2sg cm::gen verb::vv e::cve verb::vv e::pst.ptcp nv::nv cm::acc verb::vv e::fve.imperative mark::comma
donji rakū ,	verb::vv e::npst.ptcp.neg mark::comma
si simiyan i yamji gida ha yafahan kuren i cooha de ,	pn::2sg nn::prpn.plc cm::gen nv::nv verb::vv e::pst.ptcp nv::adj nv::adj cm::gen nv::nv cm::dat mark::comma
gūlha emu juru ,	nv::nv nv::nv nv::nv mark::comma
fenehe_tokso ,	nn::prpn mark::comma
hūlha rakū holto rakū ,	verb::vv e::npst.ptcp.neg verb::vv e::npst.ptcp.neg mark::comma
hadala ,	nv::nv mark::comma
amala yehe be efule fi ,	nv::nv nv::nv cm::acc verb::vv e::cve mark::comma
orin ninggun de ,	nv::nv nv::nv cm::dat mark::comma
weri han de ubaša ha se mbi o ,	nv::nv nv::nv cm::dat verb::vv e::pst.ptcp verb::vv e::fve.npst ptcl mark::comma
usin isi rakū niyalma ,	nv::nv verb::vv e::npst.ptcp.neg nv::nv mark::comma
sirtai ,	nn::prpn.person mark::comma
fujisa ,	nv::nv mark::comma
○ yeke be ,	mark::circle nn::prpn.person cm::acc mark::comma
si aikabade min i gisun be ume akda rakū ojo ro ,	pn::2sg nv::nv pn::1sg cm::gen nv::nv cm::acc nv::nv verb::vv e::npst.ptcp.neg verb::vv e::npst.ptcp mark::comma
hecen be baha fi ,	nv::nv cm::acc verb::vv e::cve mark::comma
solho i funce he cooha be dahabu fi gaji ha ngge ,	nv::nv cm::gen verb::vv e::pst.ptcp nv::nv cm::acc verb::vv e::cve verb::vv e::pst.ptcp nmlz::nmlz mark::comma
buta ra ngge ,	verb::vv e::npst.ptcp nmlz::nmlz mark::comma
deo beile i dehi ninggun se de ,	nv::nv nv::nv cm::gen nv::nv nv::nv nv::nv cm::dat mark::comma
monggo de ubaša fi amasi jeku gaji ha be ,	nv::nv cm::dat verb::vv e::cve nv::nv nv::nv verb::vv e::pst.ptcp cm::acc mark::comma
jai gemu wa ha .	nv::nv nv::nv verb::vv e::pst.ptcp mark::period
○ hara_kuji be ,	mark::circle nn::prpn cm::acc mark::comma
tere juwe gurun ,	nv::nv nv::nv nv::nv mark::comma
menggetu ,	nn::prpn.person mark::comma
juse omosi jalan hala me gosi re doro be ume lashala ra .	nv::nv nv::nv nv::nv verb::vv e::cve verb::vv e::npst.ptcp nv::nv cm::acc nv::nv verb::vv e::npst.ptcp mark::period
ilan jui de ,	nv::nv nv::nv cm::dat mark::comma
beile se akda ci ,	nv::nv nv::nv verb::vv e::cve mark::comma
ba be saikan kadala ∅ seme bithe ara fi ,	nv::nv cm::acc nv::adj verb::vv e::fve.imperative comp nv::nv verb::vv e::cve mark::comma
lung_cuwan ci casi uyunju ba i dube de lin_pan se re ba de bi he ,	nn::prpn cm::abl nv::nv nv::nv nv::nv cm::gen nv::nv cm::dat nn::prpn verb::vv e::npst.ptcp nv::nv cm::dat verb::vv e::pst.ptcp mark::comma
men i cooha i niyalma wa mbi ,	pn::1pl.excl cm::gen nv::nv cm::gen nv::nv verb::vv e::fve.npst mark::comma
○ juwan duin de ,	mark::circle nv::nv nv::nv cm::dat mark::comma
nikan i emu iogi ,	nv::nv cm::gen nv::nv nv::nv mark::comma
hūsitun niru i yaran janggin nikan i boigon dali me gene fi ,	nv::nv nv::nv cm::gen nn::prpn.plc nv::nv nv::nv cm::gen nv::nv verb::vv e::cve verb::vv e::cve mark::comma
giyansi be gida ha niyalma be inu wa ha ,	nv::nv cm::acc verb::vv e::pst.ptcp nv::nv cm::acc nv::nv verb::vv e::pst.ptcp mark::comma
emgeri langtula bu ha seme jakūn niyalma guwe he ,	nv::nv verb::vv sfx e::pst.ptcp comp nv::nv nv::nv verb::vv e::pst.ptcp mark::comma
tung_tsanjiyang de unggi he bithe ,	nn::prpn cm::dat verb::vv e::pst.ptcp nv::nv mark::comma
i_jeo ,	nn::prpn mark::comma
gurun be efule me waji ha ,	nv::nv cm::acc verb::vv e::cve verb::vv e::pst.ptcp mark::comma
uthai girin_hada i ninggu i cooha ,	nv::nv nn::prpn cm::gen nv::nv cm::gen nv::nv mark::comma
senioke ,	nn::prpn.person mark::comma
juwe mudan ula de cooha gene re de ,	nv::nv nv::nv nv::nv cm::dat nv::nv verb::vv e::npst.ptcp cm::dat mark::comma
○ ice sunja de bodonggo i deote ,	mark::circle nv::adj nv::nv cm::dat nv::nv cm::gen nv::nv mark::comma
gemu julge ci ebsi forgošo me banji ha kooli be suwe gemu sa mbi kai .	nv::nv nv::nv cm::abl nv::nv verb::vv e::cve verb::vv e::pst.ptcp nv::nv cm::acc pn::2pl nv::nv verb::vv e::fve.npst ptcl mark::period
ere i siden de ,	nv::nv cm::gen nv::nv cm::dat mark::comma
dalai ,	nn::prpn.person mark::comma
burhai ,	nn::prpn.person mark::comma
hai_jeo i tsang ,	nn::prpn cm::gen nv::nv mark::comma
han i gisun akū ,	nv::nv cm::gen nv::nv nv::adj mark::comma
korcin i sira_han i ahūn deo i banjin_taiji ,	nn::prpn.plc cm::gen nn::prpn cm::gen nv::nv nv::nv cm::gen nn::prpn mark::comma
jafu bithe unggi ∅ ,	nv::nv nv::nv verb::vv e::fve.imperative mark::comma
ehe mujilen be jafa fi ,	nv::adj nv::nv cm::acc verb::vv e::cve mark::comma
han i bithe ,	nv::nv cm::gen nv::nv mark::comma
laba ,	nv::nv mark::comma
○ iogi kvwahū ,	mark::circle nv::nv nn::prpn.person mark::comma
baitangga niyalma dosi ci ,	nv::adj nv::nv verb::vv e::cve mark::comma
○ tofohon de ,	mark::circle nv::nv cm::dat mark::comma
duin tanggū cooha te mbi ,	nv::nv nv::nv nv::nv verb::vv e::fve.npst mark::comma
abai_age ,	nn::prpn mark::comma
isi rakū ci ,	verb::vv e::npst.ptcp.neg e::cve mark::comma
tsanjiyang ,	nv::nv mark::comma
tere ci amasi in i boo de gene re niyalma be emu ergi de ilibu ha ,	nv::nv cm::abl nv::nv pn::3sg cm::gen nv::nv cm::dat verb::vv e::npst.ptcp nv::nv cm::acc nv::nv nv::nv cm::dat verb::vv e::pst.ptcp mark::comma
tere duin ,	nv::nv nv::nv mark::comma
bayan gulhun hai_si gumu_wei i du_jy_hūi_ciyanši silhū i omolo hūsi ,	nv::adj nv::adj nn::prpn nn::prpn cm::gen nv::nv nn::prpn.person cm::gen nv::nv nn::prpn.person mark::comma
han i gisun be jurce me hūlha holo banji ci ,	nv::nv cm::gen nv::nv cm::acc verb::vv e::cve nv::nv nv::nv verb::vv e::cve mark::comma
iogi de isi tala ,	nv::nv cm::dat verb::vv e::cve mark::comma
si hasa daha ∅ ,	pn::2sg nv::nv verb::vv e::fve.imperative mark::comma
deo holohoi be sira me beiguwan obu ha ,	nv::nv nn::prpn.person cm::acc verb::vv e::cve nv::nv verb::vv e::pst.ptcp mark::comma
yalu ha morin ,	verb::vv e::pst.ptcp nv::nv mark::comma
juwan juwe niyalma ,	nv::nv nv::nv nv::nv mark::comma
te hei ali me gaija rakū burula me alin de tafa ra be ,	verb::vv e::cve verb::vv e::cve verb::vv e::npst.ptcp.neg verb::vv e::cve nv::nv cm::dat verb::vv e::npst.ptcp cm::acc mark::comma
nioi_jy gurun i ba i ula i bira de nimaha hūrhada fi ,	nn::prpn nv::nv cm::gen nv::nv cm::gen nv::nv cm::gen nv::nv cm::dat nv::nv verb::vv e::cve mark::comma
sin de ehe sabu ha deote amban sa be geli wa mbi seme hendu re ,	pn::2sg cm::dat nv::adj verb::vv e::pst.ptcp nv::nv nv::nv nv::nv cm::acc nv::nv verb::vv e::fve.npst comp verb::vv e::npst.ptcp mark::comma
gašan gašan de nene me medege alana ha gisun ere inu ,	nv::nv nv::nv cm::dat verb::vv e::cve nv::nv verb::vv e::pst.ptcp nv::nv nv::nv nv::nv mark::comma
○ tere inenggi ,	mark::circle nv::nv nv::nv mark::comma
yehe i niyalma ududu jergi cooha sucu fi gama ha ,	nv::nv cm::gen nv::nv nv::nv nv::nv nv::nv verb::vv e::cve verb::vv e::pst.ptcp mark::comma
den hashan i boo ci tucibu ki ,	nv::adj nv::nv cm::gen nv::nv cm::abl verb::vv e::fve.opt mark::comma
jori ha jurgan be jurce rakū seme ,	verb::vv e::pst.ptcp nv::nv cm::acc verb::vv e::npst.ptcp.neg comp mark::comma
acan hai_si ajoo_wei i du_jy_hūi_ciyanši santan i jui ere ,	nv::nv nn::prpn nn::prpn cm::gen nv::nv nn::prpn.person cm::gen nv::nv nv::nv mark::comma
tung_iogi ,	nn::prpn mark::comma
nadan tanggū olji baha fi benji he .	nv::nv nv::nv nv::nv verb::vv e::cve verb::vv e::pst.ptcp mark::period
šan i donji hakū ūn ,	nv::nv cm::gen verb::vv e::pst.ptcp.neg ptcl mark::comma
be boljo ho ba de susai uksin be bene re ,	pn::1pl.excl verb::vv e::pst.ptcp nv::nv cm::dat nv::nv nv::nv cm::acc verb::vv e::npst.ptcp mark::comma
beye buce kini ,	nv::nv verb::vv e::fve.opt mark::comma
sure_kundulen_han i mujilen de ambula gosi me gūni re sain niyalma ,	nn::prpn cm::gen nv::nv cm::dat nv::nv verb::vv e::cve verb::vv e::npst.ptcp nv::adj nv::nv mark::comma
sanca be ,	nv::nv cm::acc mark::comma
dzung_bing_guwan ci wesihun hergengge niyalma be ,	nv::nv cm::abl nv::nv nv::adj nv::nv cm::acc mark::comma
aisin han i doro be monggo cinggis_han de gaibu ha se re ,	nv::nv nv::nv cm::gen nv::nv cm::acc nv::nv nn::prpn cm::dat verb::vv e::pst.ptcp verb::vv e::npst.ptcp mark::comma
keyen ,	nn::prpn.plc mark::comma
○ langse be ,	mark::circle nv::adj cm::acc mark::comma
ilan ubu ara fi emu ubu te kini ,	nv::nv nv::nv verb::vv e::cve nv::nv nv::nv verb::vv e::fve.opt mark::comma
geli ume lashala ra ,	nv::nv nv::nv verb::vv e::npst.ptcp mark::comma
te afa ci geli buce mbi ,	nv::nv verb::vv e::cve nv::nv verb::vv e::fve.npst mark::comma
eshen i jui deo han'_i be beiguwan obu ha ,	nv::nv cm::gen nv::nv nv::nv nn::prpn cm::acc nv::nv verb::vv e::pst.ptcp mark::comma
han i hūla me bu re šang ,	nv::nv cm::gen verb::vv e::cve verb::vv e::npst.ptcp nv::nv mark::comma
○ lisan be ,	mark::circle nn::prpn.person cm::acc mark::comma
morin ci ebu fi emu nikan be jafa fi ,	nv::nv cm::abl verb::vv e::cve nv::nv nv::nv cm::acc verb::vv e::cve mark::comma
juwe eihen bu ∅ ,	nv::nv nv::nv verb::vv e::fve.imperative mark::comma
emgeri sere ci tetendere ,	nv::nv verb::vv e::cve nv::nv mark::comma
liyoodung ni ba be gai ki ,	nn::prpn.plc cm::gen nv::nv cm::acc verb::vv e::fve.opt mark::comma
mao_wen_lung ni ninggun niyalma be baha fi ,	nn::prpn cm::gen nv::nv nv::nv cm::acc verb::vv e::cve mark::comma
yaya tuci ke ba de ,	nv::nv verb::vv e::pst.ptcp nv::nv cm::dat mark::comma
juwan juru niyalma ,	nv::nv nv::nv nv::nv mark::comma
liyoodung ni gese afa habi o ,	nn::prpn.plc cm::gen nv::nv verb::vv e::fve.prs.prf ptcl mark::comma
ai weile be jargūci se de ana fi beide me ,	nv::nv nv::nv cm::acc nv::nv nv::nv cm::dat verb::vv e::cve verb::vv e::cve mark::comma
han i hecen de isi tala gemu tuwa sinda fi ,	nv::nv cm::gen nv::nv cm::dat verb::vv e::cve nv::nv nv::nv verb::vv e::cve mark::comma
sunjata juru kiru ,	nv::nv nv::nv nv::nv mark::comma
jang_de_ju ,	nn::prpn mark::comma
sonom ,	nn::prpn.person mark::comma
○ ice duin de ,	mark::circle nv::adj nv::nv cm::dat mark::comma
bata kimun seme gida rakū ,	nv::nv nv::nv comp verb::vv e::npst.ptcp.neg mark::comma
guwangning ci gaji ha olji be ,	nn::prpn.plc cm::abl verb::vv e::pst.ptcp nv::nv cm::acc mark::comma
suwen i nikan cooha jase tuci fi ,	pn::2pl cm::gen nv::nv nv::nv nv::nv verb::vv e::cve mark::comma
○ jai mukūn i juwan ilaci tatan ,	mark::circle nv::nv nv::nv cm::gen nv::nv nv::nv nv::nv mark::comma
muse uru de abka muse be gosi mbi kai ,	pn::1pl.incl nv::nv cm::dat nv::nv pn::1pl.incl cm::acc verb::vv e::fve.npst ptcl mark::comma
tofohoci jergi ,	nv::nv nv::nv mark::comma
ese de emte temen ,	nv::nv cm::dat nv::nv nv::nv mark::comma
muse i fe jušen ,	nv::nv cm::gen nv::adj nv::nv mark::comma
tsy_dzu_ning ,	nn::prpn mark::comma
se jalgan golmin ,	nv::nv nv::nv nv::adj mark::comma
temen morin be gai hakū amasi bederebu he .	nv::nv nv::nv cm::acc verb::vv e::pst.ptcp.neg nv::nv verb::vv e::pst.ptcp mark::period
duin deo ,	nv::nv nv::nv mark::comma
tung_wen_ming beiguwan be jakūmu de unggi he .	nn::prpn nv::nv cm::acc nn::prpn.plc cm::dat verb::vv e::pst.ptcp mark::period
šajin de duile fi ,	nv::nv cm::dat verb::vv e::cve mark::comma
sure_kundulen_han jili banji fi ,	nn::prpn nv::nv verb::vv e::cve mark::comma
ukanda rahū ,	verb::vv e::fve.prv mark::comma
○ ineku tere inenggi ,	mark::circle nv::nv nv::nv nv::nv mark::comma
nikan cooha jide re be ,	nv::nv nv::nv verb::vv e::npst.ptcp cm::acc mark::comma
tere be hala fi ,	nv::nv cm::acc verb::vv e::cve mark::comma
du_tang ,	nv::nv mark::comma
sunja juru kiru i hafan ,	nv::nv nv::nv nv::nv cm::gen nv::nv mark::comma
amala tuta ha jakūn hehe de juwanta yan menggun bu he ,	nv::nv verb::vv e::pst.ptcp nv::nv nv::nv cm::dat nv::nv nv::nv nv::nv verb::vv e::pst.ptcp mark::comma
burgi niru i lumbušan alanji me ji he .	nn::prpn.person nv::nv cm::gen nn::prpn.person verb::vv e::cve verb::vv e::pst.ptcp mark::period
tere abka aisila rakū ci tuttu kooli bi o ,	nv::nv nv::nv verb::vv e::npst.ptcp.neg e::cve nv::nv nv::nv verb::vv.npst ptcl mark::comma
○ ajuhū be ,	mark::circle nn::prpn.person cm::acc mark::comma
jakūn gūsa i juwan tumen cooha ,	nv::nv nv::nv cm::gen nv::nv nv::nv nv::nv mark::comma
ice uyun de sahalca i emgi ,	nv::adj nv::nv cm::dat nv::nv cm::gen nv::nv mark::comma
ya jafu bithe be ali me gai fi ubaša mbi seme hebde he niyalma bi ci ,	nv::nv nv::nv nv::nv cm::acc verb::vv e::cve verb::vv e::cve verb::vv e::fve.npst comp verb::vv e::pst.ptcp nv::nv verb::vv e::cve mark::comma
han i beye ere hoton be afa mbi seme ji hebi ,	nv::nv cm::gen nv::nv nv::nv nv::nv cm::acc verb::vv e::fve.npst comp verb::vv e::fve.prs.prf mark::comma
han i bithe ,	nv::nv cm::gen nv::nv mark::comma
šoto ,	nn::prpn.person mark::comma
jumatai ,	nn::prpn.person mark::comma
gene fi ubaša ra yargiyan o fi ,	verb::vv e::cve verb::vv e::npst.ptcp nv::adj verb::vv e::cve mark::comma
jušen i genggiyen_han i cooha i niyalma juwe tanggū isi rakū buce he ,	nv::nv cm::gen nn::prpn cm::gen nv::nv cm::gen nv::nv nv::nv nv::nv verb::vv e::npst.ptcp.neg verb::vv e::pst.ptcp mark::comma
arajai be jihe ci ilan duin jergi mejige ji he ,	nn::prpn.person cm::acc nv::nv cm::abl nv::nv nv::nv nv::nv nv::nv verb::vv e::pst.ptcp mark::comma
emu jebele beri niru sisi hai ,	nv::nv nv::nv nv::nv nv::nv verb::vv e::cve mark::comma
lung_king ni sunjaci aniya jakūn biya i orin sunja de baha ha ,	nn::prpn cm::gen nv::nv nv::nv nv::nv nv::nv cm::gen nv::nv nv::nv cm::dat verb::vv e::pst.ptcp mark::comma
suwe tede gene he de ,	pn::2pl nv::nv verb::vv e::pst.ptcp cm::dat mark::comma
ice uyun de ninggun morin ,	nv::adj nv::nv cm::dat nv::nv nv::nv mark::comma
hai_si ici_wei i du_jy_hūi_ciyanši ihada i omolo ul ,	nn::prpn nn::prpn cm::gen nv::nv nn::prpn.person cm::gen nv::nv nn::prpn.person mark::comma
šajin be jurce rakū gama ha ngge tere kai ,	nv::nv cm::acc verb::vv e::npst.ptcp.neg verb::vv e::pst.ptcp nmlz::nmlz nv::nv ptcl mark::comma
jai ,	nv::nv mark::comma
muse de haldabaša me hūsun bu re erdemu tucibu re be ,	pn::1pl.incl cm::dat verb::vv e::cve nv::nv verb::vv e::npst.ptcp nv::nv verb::vv e::npst.ptcp cm::acc mark::comma
sain tondo niyalma be tukiye rakū wesibu rakū ci ,	nv::adj nv::adj nv::nv cm::acc verb::vv e::npst.ptcp.neg verb::vv e::npst.ptcp.neg e::cve mark::comma
bai ahūta deote seme gūni me juwe mujilen jafa ci ,	nv::nv nv::nv nv::nv comp verb::vv e::cve nv::nv nv::nv verb::vv e::cve mark::comma
ice han weile ara fi tsanjiyang obu ha bi he ,	nv::adj nv::nv nv::nv verb::vv e::cve nv::nv verb::vv e::pst.ptcp verb::vv e::pst.ptcp mark::comma
golmin emu da ,	nv::adj nv::nv nv::nv mark::comma
ilan cuwan i nikan ji fi ,	nv::nv nv::nv cm::gen nv::nv verb::vv e::cve mark::comma
borjin_hiya i gūsa ,	nn::prpn cm::gen nv::nv mark::comma
mokon_ho_wei i du_jy_hūi_ciyanši udahūta i omolo yambulu ,	nn::prpn cm::gen nv::nv nn::prpn.person cm::gen nv::nv nn::prpn.person mark::comma
sunja minggan sunja tanggū nadanju jakūn ,	nv::nv nv::nv nv::nv nv::nv nv::nv nv::nv mark::comma
baha rakū ojo rahū ,	verb::vv e::npst.ptcp.neg verb::vv e::fve.prv mark::comma
juse be suwen de bu hebi dere ,	nv::nv cm::acc pn::2pl cm::dat verb::vv e::fve.prs.prf ptcl mark::comma
hono tuttu aca rakū kai ,	nv::nv nv::nv verb::vv e::npst.ptcp.neg ptcl mark::comma
jušen i emgi kamci me te he nikasa ,	nv::nv cm::gen nv::nv verb::vv e::cve verb::vv e::pst.ptcp nv::nv mark::comma
han i boo de dobori dedu mbihe ,	nv::nv cm::gen nv::nv cm::dat nv::nv verb::vv e::fve.pst.ipfv mark::comma
usin ,	nv::nv mark::comma
yehe i bujai wabu ha ,	nv::nv cm::gen nn::prpn.person verb::vv e::pst.ptcp mark::comma
emu jergi buce re weile be guwebu mbi .	nv::nv nv::nv verb::vv e::npst.ptcp nv::nv cm::acc verb::vv e::fve.npst mark::period
ambula jili banji fi ,	nv::nv nv::nv verb::vv e::cve mark::comma
yaya de bisi re beri sirdan ,	nv::nv cm::dat verb::vv e::npst.ptcp nv::nv nv::nv mark::comma
ulgiyan singgeri aniya šanaha be dosi me daila me gene mbi kai ,	nv::nv nv::nv nv::nv nn::prpn.plc cm::acc verb::vv e::cve verb::vv e::cve verb::vv e::fve.npst ptcl mark::comma
ulin jafa fi du_tang de ainu hengkile rakū ,	nv::nv verb::vv e::cve nv::nv cm::dat nv::nv verb::vv e::npst.ptcp.neg mark::comma
tere ci jai degelei_age ,	nv::nv cm::abl nv::nv nn::prpn mark::comma
○ orin nadan de ,	mark::circle nv::nv nv::nv cm::dat mark::comma
haha hehe be acabu ha .	nv::nv nv::nv cm::acc verb::vv e::pst.ptcp mark::period
han hendu me ,	nv::nv verb::vv e::cve mark::comma
juwan niyalma ,	nv::nv nv::nv mark::comma
han hendu me ,	nv::nv verb::vv e::cve mark::comma
jai hendu me ,	nv::nv verb::vv e::cve mark::comma
jai fung_ji_pu i tabcin de ,	nv::nv nn::prpn cm::gen nv::nv cm::dat mark::comma
afa ci hūsun isi rakū ba de ,	verb::vv e::cve nv::nv verb::vv e::npst.ptcp.neg nv::nv cm::dat mark::comma
geli ehe mujilen jafa fi min be gasabu me banji re waka ,	nv::nv nv::adj nv::nv verb::vv e::cve pn::1sg cm::acc verb::vv e::cve verb::vv e::npst.ptcp nv::adj mark::comma
han de waka sabu fi weile baha fi boo yada kini ,	nv::nv cm::dat nv::adj verb::vv e::cve nv::nv verb::vv e::cve nv::nv verb::vv e::fve.opt mark::comma
bata kimun seme gida rakū ,	nv::nv nv::nv comp verb::vv e::npst.ptcp.neg mark::comma
fusi_efu be ,	nn::prpn cm::acc mark::comma
han donji fi ,	nv::nv verb::vv e::cve mark::comma
obohoi ,	nn::prpn.person mark::comma
cen i ciha ciha i banji mbihe ,	pn::3pl cm::gen nv::nv nv::nv cm::gen verb::vv e::fve.pst.ipfv mark::comma
bai niyalma gemu sara ,	nv::nv nv::nv nv::nv nv::nv mark::comma
juwe minggan cooha unggi fi ,	nv::nv nv::nv nv::nv verb::vv e::cve mark::comma
dahū ,	nv::nv mark::comma
munggan ,	nv::nv mark::comma
han ,	nv::nv mark::comma
jušen nikan i hafasa de gese dende fi kadalabu mbi ,	nv::nv nv::nv cm::gen nv::nv cm::dat nv::nv verb::vv e::cve verb::vv e::fve.npst mark::comma
han i afabu ha jurgan be ,	nv::nv cm::gen verb::vv e::pst.ptcp nv::nv cm::acc mark::comma
han i afabu ha jurgan be ,	nv::nv cm::gen verb::vv e::pst.ptcp nv::nv cm::acc mark::comma
jori ha jurgan be jurce rakū seme ,	verb::vv e::pst.ptcp nv::nv cm::acc verb::vv e::npst.ptcp.neg comp mark::comma
gūsa gūsa i ilata iogi de hendu fi ,	nv::nv nv::nv cm::gen nv::nv nv::nv cm::dat verb::vv e::cve mark::comma
šolingho ,	nn::prpn.plc mark::comma
min i anggala ,	pn::1sg cm::gen nv::nv mark::comma
bata kimun seme gida rakū ,	nv::nv nv::nv comp verb::vv e::npst.ptcp.neg mark::comma
emu tanggū cooha be tucibu fi boigon tuwakiyabu ha ,	nv::nv nv::nv nv::nv cm::acc verb::vv e::cve nv::nv verb::vv e::pst.ptcp mark::comma
oforo šan be toko ho .	nv::nv nv::nv cm::acc verb::vv e::pst.ptcp mark::period
daila ra jaka de ,	verb::vv e::npst.ptcp nv::nv cm::dat mark::comma
○ tusiyetu_han ,	mark::circle nn::prpn mark::comma
nikasa okto makta me yabu re be sere fi ,	nv::nv nv::nv verb::vv e::cve verb::vv e::npst.ptcp cm::acc verb::vv e::cve mark::comma
dain be ete he baha ha seme tere ai tusa ,	nv::nv cm::acc verb::vv e::pst.ptcp verb::vv e::pst.ptcp comp nv::nv nv::nv nv::nv mark::comma
fe kemuni henohe hanci hadu ∅ ,	nv::adj nv::nv nv::nv nv::adj verb::vv e::fve.imperative mark::comma
kangkalai ,	nn::prpn.person mark::comma
jase i dolo gene mbihe o ,	nv::nv cm::gen nv::nv verb::vv e::fve.pst.ipfv ptcl mark::comma
cilin ,	nv::nv mark::comma
tenteke han i weile be mutebu rakū šeo_pu ,	nv::nv nv::nv cm::gen nv::nv cm::acc verb::vv e::npst.ptcp.neg nv::nv mark::comma
jafa ra agūra be ,	verb::vv e::npst.ptcp nv::nv cm::acc mark::comma
golmin uksin i buten be faita fi ,	nv::adj nv::nv cm::gen nv::nv cm::acc verb::vv e::cve mark::comma
yangguri_efu i jaka de unggi he .	nn::prpn cm::gen nv::nv cm::dat verb::vv e::pst.ptcp mark::period
jalingga be se re ,	nv::adj cm::acc verb::vv e::npst.ptcp mark::comma
ehe doro de sain akū ,	nv::adj nv::nv cm::dat nv::adj nv::adj mark::comma
sain be sain ,	nv::adj cm::acc nv::adj mark::comma
emu yafahan juwe jergi uka me ji he niyalma ala me ,	nv::nv nv::adj nv::nv nv::nv verb::vv e::cve verb::vv e::pst.ptcp nv::nv verb::vv e::cve mark::comma
hūrha gurun ,	nv::nv nv::nv mark::comma
moo ihan i weihe ,	nv::nv nv::nv cm::gen nv::nv mark::comma
men i doro wesi mbi o ,	pn::1pl.excl cm::gen nv::nv verb::vv e::fve.npst ptcl mark::comma
min i nene me tacibu ha gisun be onggo fi ,	pn::1sg cm::gen verb::vv e::cve verb::vv e::pst.ptcp nv::nv cm::acc verb::vv e::cve mark::comma
sin i emu hecen de tumen cooha te ci ,	pn::2sg cm::gen nv::nv nv::nv cm::dat nv::nv nv::nv verb::vv e::cve mark::comma
irincin ,	nn::prpn.person mark::comma
geren cooha be gemu jaifiyan de yabu ∅ ,	nv::adj nv::nv cm::acc nv::nv nv::nv cm::dat verb::vv e::fve.imperative mark::comma
han ishun tebeliye he ,	nv::nv nv::nv verb::vv e::pst.ptcp mark::comma
hai_si ulhoi_wei i du_jy_hūi_tungjy tabina i omolo bangsuha ,	nn::prpn nn::prpn cm::gen nv::nv nn::prpn.person cm::gen nv::nv nn::prpn.person mark::comma
emu moro de yali ,	nv::nv nv::nv cm::dat nv::nv mark::comma
jori ha jurgan be jurce rakū seme beiguwan obu ha .	verb::vv e::pst.ptcp nv::nv cm::acc verb::vv e::npst.ptcp.neg comp nv::nv verb::vv e::pst.ptcp mark::period
asan fujiyang ,	nn::prpn.person nv::nv mark::comma
bileri ,	nv::nv mark::comma
emdubei banji re emdubei buce re beye be ,	nv::nv verb::vv e::npst.ptcp nv::nv verb::vv e::npst.ptcp nv::nv cm::acc mark::comma
sin i enteke ehe be gūni ci ,	pn::2sg cm::gen nv::nv nv::adj cm::acc verb::vv e::cve mark::comma
dain de sin i beye gaibu mbi kai ,	nv::nv cm::dat pn::2sg cm::gen nv::nv verb::vv e::fve.npst ptcl mark::comma
beile se amban sa i šajin fafun be jurce me ,	nv::nv nv::nv nv::nv nv::nv cm::gen nv::nv nv::nv cm::acc verb::vv e::cve mark::comma
○ gibkada gebungge tsanjiyang ,	mark::circle nn::prpn.person nv::adj nv::nv mark::comma
ilaci jergi iogi obu ha ,	nv::nv nv::nv nv::nv verb::vv e::pst.ptcp mark::comma
abka na i gosi ha han ahūn de emu hebe o fi ,	nv::nv nv::nv cm::gen verb::vv e::pst.ptcp nv::nv nv::nv cm::dat nv::nv nv::nv verb::vv e::cve mark::comma
degelei ,	nn::prpn.person mark::comma
tsangsari ,	nn::prpn.person mark::comma
duin baksi be adabu fi ,	nv::nv nv::nv cm::acc verb::vv e::cve mark::comma
han hendu me ,	nv::nv verb::vv e::cve mark::comma
jursu hecen saha fi hecen i duka de akdun niyalma be sonjo fi ,	nv::adj nv::nv verb::vv e::cve nv::nv cm::gen nv::nv cm::dat nv::adj nv::nv cm::acc verb::vv e::cve mark::comma
cooha i ejete heolen o hobi ,	nv::nv cm::gen nv::nv nv::adj verb::vv e::fve.prs.prf mark::comma
han tukiye re jaka de ,	nv::nv verb::vv e::npst.ptcp nv::nv cm::dat mark::comma
han de hengkile he ,	nv::nv cm::dat verb::vv e::pst.ptcp mark::comma
sunja iogi acan ninggun ihan ,	nv::nv nv::nv nv::nv nv::nv nv::nv mark::comma
udahai ,	nn::prpn.person mark::comma
jakūn sin bele ,	nv::nv nv::nv nv::nv mark::comma
nikan baksi jakūn ,	nv::nv nv::nv nv::nv mark::comma
cahar i hūlha me jase dosi ka monggo be ,	nn::prpn.plc cm::gen verb::vv e::cve nv::nv verb::vv e::pst.ptcp nv::nv cm::acc mark::comma
fusi_efu ,	nn::prpn mark::comma
min i juse omosi jalan hala me han de gosibu me wesihun banji kini .	pn::1sg cm::gen nv::nv nv::nv nv::nv verb::vv e::cve nv::nv cm::dat verb::vv e::cve nv::nv verb::vv e::fve.opt mark::period
tere ninggun tumen niyalma be ali me gai hakū niyalma ,	nv::nv nv::nv nv::nv nv::nv cm::acc verb::vv e::cve verb::vv e::pst.ptcp.neg nv::nv mark::comma
duin suje ,	nv::nv nv::nv mark::comma
gūsin ilata yan i gung faita ha ,	nv::nv nv::nv nv::nv cm::gen nv::nv verb::vv e::pst.ptcp mark::comma
hehe juse buce rahū ,	nv::nv nv::nv verb::vv e::fve.prv mark::comma
tere amban amasi bedere me jide re jugūn de ,	nv::nv nv::nv nv::nv verb::vv e::cve verb::vv e::npst.ptcp nv::nv cm::dat mark::comma
tsanjiyang ,	nv::nv mark::comma
tulergi buya hecen ,	nv::nv nv::adj nv::nv mark::comma
nikan uru o ci da cina ,	nv::nv nv::nv verb::vv e::cve verb::vv e::fve.opt mark::comma
yaya ba i niyalma ,	nv::nv nv::nv cm::gen nv::nv mark::comma
tere ilan koro ,	nv::nv nv::nv nv::nv mark::comma
ejen i gebu hala be bithe ara me temgetule rakū o ci weile ,	nv::nv cm::gen nv::nv nv::nv cm::acc nv::nv verb::vv e::cve verb::vv e::npst.ptcp.neg verb::vv e::cve nv::nv mark::comma
jakūn wang suwen i dolo ,	nv::nv nv::nv pn::2pl cm::gen nv::nv mark::comma
monggo i baru gene he beile se ,	nv::nv cm::gen nv::nv verb::vv e::pst.ptcp nv::nv nv::nv mark::comma
ilan tanggū susai yan menggun be ,	nv::nv nv::nv nv::nv nv::nv nv::nv cm::acc mark::comma
tung_iogi ,	nn::prpn mark::comma
geren cooha doo re kiyoo be baha rakū sartabu rahū ,	nv::adj nv::nv verb::vv e::npst.ptcp nv::nv cm::acc verb::vv e::npst.ptcp.neg verb::vv e::fve.prv mark::comma
jai geren be yalu kini seme emu tanggū morin ,	nv::nv nv::adj cm::acc verb::vv e::fve.opt comp nv::nv nv::nv nv::nv mark::comma
suwe tenteke yada ra jobo ro urundere kangka ra niyalma de ulebu rakū bi me ,	pn::2pl nv::nv verb::vv e::npst.ptcp verb::vv e::npst.ptcp nv::adj verb::vv e::npst.ptcp nv::nv cm::dat verb::vv e::npst.ptcp.neg verb::vv e::cve mark::comma
solho i nende he han i fon de dzung_bing_guwan bi he ,	nv::nv cm::gen verb::vv e::pst.ptcp nv::nv cm::gen nv::nv cm::dat nv::nv verb::vv e::pst.ptcp mark::comma
○ orin ilan de ,	mark::circle nv::nv nv::nv cm::dat mark::comma
liyoodung ni šurde me bira de bi he nikan i amban sa jaha be efuje he ngge gemu dasa fi ,	nn::prpn.plc cm::gen verb::vv e::cve nv::nv cm::dat verb::vv e::pst.ptcp nv::nv cm::gen nv::nv nv::nv nv::nv cm::acc verb::vv e::pst.ptcp nmlz::nmlz nv::nv verb::vv e::cve mark::comma
akiran i dain de buce he seme juwan emu yan i weile waliya mbi ,	nn::prpn.plc cm::gen nv::nv cm::dat verb::vv e::pst.ptcp comp nv::nv nv::nv nv::nv cm::gen nv::nv verb::vv e::fve.npst mark::comma
ushacun akū kai ,	nv::adj nv::adj ptcl mark::comma
jori ha jurgan be jurce rakū seme beiguwan obu ha .	verb::vv e::pst.ptcp nv::nv cm::acc verb::vv e::npst.ptcp.neg comp nv::nv verb::vv e::pst.ptcp mark::period
munggatu i jergi niyalma de afabu ha ,	nn::prpn.person cm::gen nv::nv nv::nv cm::dat verb::vv e::pst.ptcp mark::comma
ninju duin coko ,	nv::nv nv::nv nv::nv mark::comma
duka nei he manggi dosi fi te ,	nv::nv verb::vv e::pst.ptcp nv::nv verb::vv e::cve nv::nv mark::comma
tondo mujilen be jafa fi hūsun bu mbi .	nv::adj nv::nv cm::acc verb::vv e::cve nv::nv verb::vv e::fve.npst mark::period
be adarame mute mbi ,	pn::1pl.excl nv::nv verb::vv e::fve.npst mark::comma
jori ha jurgan be jurce rakū seme beiguwan obu ha .	verb::vv e::pst.ptcp nv::nv cm::acc verb::vv e::npst.ptcp.neg comp nv::nv verb::vv e::pst.ptcp mark::period
ushacun tuci mbi kai ,	nv::adj verb::vv e::fve.npst ptcl mark::comma
baisin niyalma be emu ergi de icihiya me tebu fi ,	nv::nv nv::nv cm::acc nv::nv nv::nv cm::dat verb::vv e::cve verb::vv e::cve mark::comma
kadala ci mute rakū seme ,	verb::vv e::cve verb::vv e::npst.ptcp.neg comp mark::comma
birai_dergi uju wasimbu ha nikan ,	nn::prpn nv::nv verb::vv e::pst.ptcp nv::nv mark::comma
julergi amba duka be tuwakiya me dedu he tambai ,	nv::nv nv::adj nv::nv cm::acc verb::vv e::cve verb::vv e::pst.ptcp nn::prpn.person mark::comma
yendebu ,	nn::prpn.person mark::comma
○ ice nadan de ,	mark::circle nv::adj nv::nv cm::dat mark::comma
beye be wa mbi kai ,	nv::nv cm::acc verb::vv e::fve.npst ptcl mark::comma
wang_gi_dzu ,	nn::prpn mark::comma
ba i dulimba de aca fi gisure ki se ci ,	nv::nv cm::gen nv::nv cm::dat verb::vv e::cve verb::vv e::fve.opt verb::vv e::cve mark::comma
hoobai ,	nn::prpn.person mark::comma
monggo i jaisai be jafa ha inenggi ,	nv::nv cm::gen nn::prpn.person cm::acc verb::vv e::pst.ptcp nv::nv mark::comma
duin tanggū angga ,	nv::nv nv::nv nv::nv mark::comma
orin ilan de isinji ha ,	nv::nv nv::nv cm::dat verb::vv e::pst.ptcp mark::comma
da ci dain daila ra de ,	nv::nv cm::abl nv::nv verb::vv e::npst.ptcp cm::dat mark::comma
duin tanggū juwan ihan ,	nv::nv nv::nv nv::nv nv::nv mark::comma
ume sartabu re .	nv::nv verb::vv e::npst.ptcp mark::period
○ du_tang ni bithe ,	mark::circle nv::nv cm::gen nv::nv mark::comma
poo sinda rakū ,	nv::nv verb::vv e::npst.ptcp.neg mark::comma
han i bithe ,	nv::nv cm::gen nv::nv mark::comma
sunja niru i ejen ,	nv::nv nv::nv cm::gen nv::nv mark::comma
ba ba de yabu ha ,	nv::nv nv::nv cm::dat verb::vv e::pst.ptcp mark::comma
cooha be kadala me ete mbi seme ilaci jergi dzung_bing_guwan obu ha ,	nv::nv cm::acc verb::vv e::cve verb::vv e::fve.npst comp nv::nv nv::nv nv::nv verb::vv e::pst.ptcp mark::comma
dasa me cirge ci geli efuje mbi ,	verb::vv e::cve verb::vv e::cve nv::nv verb::vv e::fve.npst mark::comma
bata kimun seme gida rakū ,	nv::nv nv::nv comp verb::vv e::npst.ptcp.neg mark::comma
○ juwan jakūn de ,	mark::circle nv::nv nv::nv cm::dat mark::comma
hecen afa ra de ,	nv::nv verb::vv e::npst.ptcp cm::dat mark::comma
○ ineku tere inenggi ,	mark::circle nv::nv nv::nv nv::nv mark::comma
dain ara ki seme ,	nv::nv verb::vv e::fve.opt comp mark::comma
hoton enteke ba de ara mbi seme ,	nv::nv nv::nv nv::nv cm::dat verb::vv e::fve.npst comp mark::comma
ula de buce he seme juwanci jergi ,	nv::nv cm::dat verb::vv e::pst.ptcp comp nv::nv nv::nv mark::comma
doro jafa ha argatu_tumen de gele re ,	nv::nv verb::vv e::pst.ptcp nn::prpn cm::dat verb::vv e::npst.ptcp mark::comma
seoken i sunja morin be ,	nn::prpn.person cm::gen nv::nv nv::nv cm::acc mark::comma
emu tanggū nadanju hule bi se he bi he ,	nv::nv nv::nv nv::nv nv::nv verb::vv.npst verb::vv e::pst.ptcp verb::vv e::pst.ptcp mark::comma
han i afabu ha jurgan be ,	nv::nv cm::gen verb::vv e::pst.ptcp nv::nv cm::acc mark::comma
holdon dulebu rakū ,	nv::nv verb::vv e::npst.ptcp.neg mark::comma
tondo be nemše ∅ ,	nv::adj cm::acc verb::vv e::fve.imperative mark::comma
yafahan cooha girin_hada i amba ninggu de ili habi ,	nv::adj nv::nv nn::prpn cm::gen nv::adj nv::nv cm::dat verb::vv e::fve.prs.prf mark::comma
emu puse noho suje ,	nv::nv nv::nv nv::nv nv::nv mark::comma
daihal ,	nn::prpn.person mark::comma
nacin i beiguwan i hergen be efule fi ,	nv::nv cm::gen nv::nv cm::gen nv::nv cm::acc verb::vv e::cve mark::comma
donggo_efu gai fi te ,	nn::prpn verb::vv e::cve nv::nv mark::comma
han i jase be ,	nv::nv cm::gen nv::nv cm::acc mark::comma
fujisa i etu re be encu ,	nv::nv cm::gen verb::vv e::npst.ptcp cm::acc nv::nv mark::comma
tere bithe gama ra niyalma i juwe šan be faita fi unggi he ,	nv::nv nv::nv verb::vv e::npst.ptcp nv::nv cm::gen nv::nv nv::nv cm::acc verb::vv e::cve verb::vv e::pst.ptcp mark::comma
takūra ha niyalma be huthu fi aita aina ha amban bi he ,	verb::vv e::pst.ptcp nv::nv cm::acc verb::vv e::cve nn::prpn.person verb::vv e::pst.ptcp nv::nv verb::vv e::pst.ptcp mark::comma
nikan i dehi tumen cooha be abka gemu wa ha kai ,	nv::nv cm::gen nv::nv nv::nv nv::nv cm::acc nv::nv nv::nv verb::vv e::pst.ptcp ptcl mark::comma
emu ba de emu tanggū cooha ,	nv::nv nv::nv cm::dat nv::nv nv::nv nv::nv mark::comma
cangguna be sunja niru kadala ra be nakabu ha ,	nn::prpn.person cm::acc nv::nv nv::nv verb::vv e::npst.ptcp cm::acc verb::vv e::pst.ptcp mark::comma
fung_ji_pu i hecen i baru ulgiyan wa me gana ha be ,	nn::prpn cm::gen nv::nv cm::gen nv::nv nv::nv verb::vv e::cve verb::vv e::pst.ptcp cm::acc mark::comma
tuttu o fi ,	nv::nv verb::vv e::cve mark::comma
io_tun_wei be ,	nn::prpn cm::acc mark::comma
loho gida bi kini ,	nv::nv nv::nv verb::vv e::fve.opt mark::comma
muse i elcin alanji kini ,	nv::nv cm::gen nv::nv verb::vv e::fve.opt mark::comma
monggoso de ,	nv::nv cm::dat mark::comma
si_uli efu de wasimbu ha gisun ,	nn::prpn nv::nv cm::dat verb::vv e::pst.ptcp nv::nv mark::comma
ya niyalma nikan i hafan de bisi rakū ,	nv::nv nv::nv nv::nv cm::gen nv::nv cm::dat verb::vv e::npst.ptcp.neg mark::comma
amba_beile i jui šoto de geli kora kabi ,	nn::prpn cm::gen nv::nv nn::prpn.person cm::dat nv::nv verb::vv e::fve.prs.prf mark::comma
te golo de ejen akū jeku orho ambula bi ,	nv::nv nv::nv cm::dat nv::nv nv::adj nv::nv nv::nv nv::nv verb::vv.npst mark::comma
sunja tatan i kalka de ,	nv::nv nv::nv cm::gen nv::nv cm::dat mark::comma
amba_beile cooha gida ha ba de ilan dedu me olji morin uksin saca bargiya fi ,	nn::prpn nv::nv verb::vv e::pst.ptcp nv::nv cm::dat nv::nv verb::vv e::cve nv::nv nv::nv nv::nv nv::nv verb::vv e::cve mark::comma
jakūn niyalma be gaji me uka me ji he .	nv::nv nv::nv cm::acc verb::vv e::cve verb::vv e::cve verb::vv e::pst.ptcp mark::period
amba_beile de aca ha manggi ,	nn::prpn cm::dat verb::vv e::pst.ptcp nv::nv mark::comma
gūsin aniya tokto ho šajin be ,	nv::nv nv::nv verb::vv e::pst.ptcp nv::nv cm::acc mark::comma
juwe eihen gama me ubaša me gene re be ,	nv::nv nv::nv verb::vv e::cve verb::vv e::cve verb::vv e::npst.ptcp cm::acc mark::comma
jori ha jurgan be jurce rakū seme beiguwan obu ha .	verb::vv e::pst.ptcp nv::nv cm::acc verb::vv e::npst.ptcp.neg comp nv::nv verb::vv e::pst.ptcp mark::period
tuttu kiyangdula ha seme ,	nv::nv verb::vv e::pst.ptcp comp mark::comma
kemuni sin i fe doro i uji re ,	nv::nv pn::2sg cm::gen nv::adj nv::nv cm::gen verb::vv e::npst.ptcp mark::comma
min i cooha tuwakiya me tebu rakū kai ,	pn::1sg cm::gen nv::nv verb::vv e::cve verb::vv e::npst.ptcp.neg ptcl mark::comma
amba_fujin be ,	nn::prpn cm::acc mark::comma
temen susai ,	nv::nv nv::nv mark::comma
orho tanggū fulmiyen bu ∅ .	nv::nv nv::nv nv::nv verb::vv e::fve.imperative mark::period
tuttu o ci ,	nv::nv verb::vv e::cve mark::comma
beye buce kini ,	nv::nv verb::vv e::fve.opt mark::comma
emu jergi buce re weile be guwebu mbi .	nv::nv nv::nv verb::vv e::npst.ptcp nv::nv cm::acc verb::vv e::fve.npst mark::period
suwen de unggi he menggun de orho uda fi ulebu ∅ ,	pn::2pl cm::dat verb::vv e::pst.ptcp nv::nv cm::dat nv::nv verb::vv e::cve verb::vv e::fve.imperative mark::comma
○ juwan uyun de ,	mark::circle nv::nv nv::nv cm::dat mark::comma
ice jakūn de du_tang de wasimbu ha ,	nv::adj nv::nv cm::dat nv::nv cm::dat verb::vv e::pst.ptcp mark::comma
in i gurun gucu be gemu ahūn sure_kundulen_han gai ha bi he ,	pn::3sg cm::gen nv::nv nv::nv cm::acc nv::nv nv::nv nn::prpn verb::vv e::pst.ptcp verb::vv e::pst.ptcp mark::comma
tere baturu niyalma ,	nv::nv nv::nv nv::nv mark::comma
geli ete hekū ,	nv::nv verb::vv e::pst.ptcp.neg mark::comma
nadan monggo uka me ji he .	nv::nv nv::nv verb::vv e::cve verb::vv e::pst.ptcp mark::period
gašan gašan de funce re jeku komso ,	nv::nv nv::nv cm::dat verb::vv e::npst.ptcp nv::nv nv::adj mark::comma
ihan tooda me gai ha ,	nv::nv verb::vv e::cve verb::vv e::pst.ptcp mark::comma
niru i ejen i boo i ada me tebu ∅ ,	nv::nv cm::gen nv::nv cm::gen nv::nv cm::gen verb::vv e::cve verb::vv e::fve.imperative mark::comma
manju i han i gosi ha be onggo fi ,	nv::nv cm::gen nv::nv cm::gen verb::vv e::pst.ptcp cm::acc verb::vv e::cve mark::comma
hūlan i golo be dosi ka dain be tuwa me ,	nv::nv cm::gen nv::nv cm::acc verb::vv e::pst.ptcp nv::nv cm::acc verb::vv e::cve mark::comma
songko faita fi uka ka be sa fi ,	nv::nv verb::vv e::cve verb::vv e::pst.ptcp cm::acc verb::vv e::cve mark::comma
○ juwan emu de ,	mark::circle nv::nv nv::nv cm::dat mark::comma
jafu bithe ali me gai fi ,	nv::nv nv::nv verb::vv e::cve verb::vv e::cve mark::comma
gai fi uji re sain niyalma de bu mbi seme bithe wasimbu ha bi he ,	verb::vv e::cve verb::vv e::npst.ptcp nv::adj nv::nv cm::dat verb::vv e::fve.npst comp nv::nv verb::vv e::pst.ptcp verb::vv e::pst.ptcp mark::comma
bojiri gebungge amban i te he bira i julergi dalin i juwan emu gašan be gemu gai ha ,	nn::prpn.person nv::adj nv::nv cm::gen verb::vv e::pst.ptcp nv::nv cm::gen nv::nv nv::nv cm::gen nv::nv nv::nv nv::nv cm::acc nv::nv verb::vv e::pst.ptcp mark::comma
si_mu_ceng ,	nn::prpn mark::comma
daha rakū ci ,	verb::vv e::npst.ptcp.neg e::cve mark::comma
tere golo be dahabu ha seme ,	nv::nv nv::nv cm::acc verb::vv e::pst.ptcp comp mark::comma
si ainu dosi rakū se re jaka de ,	pn::2sg nv::nv verb::vv e::npst.ptcp.neg verb::vv e::npst.ptcp nv::nv cm::dat mark::comma
lo_io_gung ,	nn::prpn mark::comma
guwangning ,	nn::prpn.plc mark::comma
han i pai be gai fi ,	nv::nv cm::gen nv::nv cm::acc verb::vv e::cve mark::comma
daila fi baha ha seme ,	verb::vv e::cve verb::vv e::pst.ptcp comp mark::comma
suwe men i gurun i beile se i kooli be tuwa me banji ∅ ,	pn::2pl pn::1pl.excl cm::gen nv::nv cm::gen nv::nv nv::nv cm::gen nv::nv cm::acc verb::vv e::cve verb::vv e::fve.imperative mark::comma
hoto beiguwan jecen de anafu tene fi ,	nn::prpn.person nv::nv nv::nv cm::dat nv::nv verb::vv e::cve mark::comma
lii_fuma sin i emu sain niyalma be takūra fi unggi ∅ ,	nn::prpn pn::2sg cm::gen nv::nv nv::adj nv::nv cm::acc verb::vv e::cve verb::vv e::fve.imperative mark::comma
bu he de weile akū obu re seme takūra ra jaka de ,	verb::vv e::pst.ptcp cm::dat nv::nv nv::adj verb::vv e::npst.ptcp comp verb::vv e::npst.ptcp nv::nv cm::dat mark::comma
geren gene fi duile me tuwa ci ,	nv::adj verb::vv e::cve verb::vv e::cve verb::vv e::cve mark::comma
gahari fakūri ice be hala ci fe be bu ∅ ,	nv::nv nv::nv nv::adj cm::acc verb::vv e::cve nv::adj cm::acc verb::vv e::fve.imperative mark::comma
ehe sain be dere bani rakū ,	nv::adj nv::adj cm::acc nv::nv verb::vv e::npst.ptcp.neg mark::comma
hūdun yabu ∅ ,	nv::adj verb::vv e::fve.imperative mark::comma
aisingga ,	nv::adj mark::comma
darhan_hiya de ,	nn::prpn cm::dat mark::comma
tere inenggi olji dende me waji ha .	nv::nv nv::nv nv::nv verb::vv e::cve verb::vv e::pst.ptcp mark::period
taidzu_genggiyen_han i deo darhan_baturu_beile i sunjaci jui jaisanggū_taiji akū o ho ,	nn::prpn cm::gen nv::nv nn::prpn cm::gen nv::nv nv::nv nn::prpn nv::adj verb::vv e::pst.ptcp mark::comma
mandari beiguwan de nikan bu hekū ,	nn::prpn.person nv::nv cm::dat nv::nv verb::vv e::pst.ptcp.neg mark::comma
wang_iogi gama fi du_tang deb i ,	nn::prpn verb::vv e::cve nv::nv nv::nv cm::gen mark::comma
emu angga de sunja sin jeku bisi re niyalma be ,	nv::nv nv::nv cm::dat nv::nv nv::nv nv::nv verb::vv e::npst.ptcp nv::nv cm::acc mark::comma
nikan i tumen cooha i sinda ha amba poo emu tanggū ,	nv::nv cm::gen nv::nv nv::nv cm::gen verb::vv e::pst.ptcp nv::adj nv::nv nv::nv nv::nv mark::comma
○ ice nadan de ,	mark::circle nv::adj nv::nv cm::dat mark::comma
amangga beile se orho jeku umesi waji ha manggi isinji mbi ,	nv::nv nv::nv nv::nv nv::nv nv::nv nv::nv verb::vv e::pst.ptcp nv::nv verb::vv e::fve.npst mark::comma
coko ,	nv::nv mark::comma
sunjata minggan boo gurun ,	nv::nv nv::nv nv::nv nv::nv mark::comma
jeng_giyang ci gaji ha olji be ,	nn::prpn cm::abl verb::vv e::pst.ptcp nv::nv cm::acc mark::comma
weile i waka uru be tondo i beide mbi ,	nv::nv cm::gen nv::adj nv::nv cm::acc nv::adj cm::gen verb::vv e::fve.npst mark::comma
daise janggin de akdula fi ,	nv::nv nv::nv cm::dat verb::vv e::cve mark::comma
amban de ambula goibu me ,	nv::nv cm::dat nv::nv verb::vv e::cve mark::comma
gentei ,	nn::prpn.person mark::comma
narin de beiguwan i hergen bu he .	nn::prpn.person cm::dat nv::nv cm::gen nv::nv verb::vv e::pst.ptcp mark::period
yarkiya me gana ra de jide rakū ci ,	verb::vv e::cve verb::vv e::npst.ptcp cm::dat verb::vv e::npst.ptcp.neg e::cve mark::comma
efu ,	nv::nv mark::comma
takūra ha niyalma i tašara me darhan_hiya i beye de gene he be sa fi ,	verb::vv e::pst.ptcp nv::nv cm::gen verb::vv e::cve nn::prpn cm::gen nv::nv cm::dat verb::vv e::pst.ptcp cm::acc verb::vv e::cve mark::comma
silun i dahū uyun ,	nv::nv cm::gen nv::nv nv::nv mark::comma
amargi uncehen de dosi fi ,	nv::nv nv::nv cm::dat verb::vv e::cve mark::comma
yengge de te he cooha i niyalma ,	nv::nv cm::dat verb::vv e::pst.ptcp nv::nv cm::gen nv::nv mark::comma
hai_si cilin_wei i du_jy_hūi_ciyanši borji i jui daiši ,	nn::prpn nn::prpn cm::gen nv::nv nn::prpn.person cm::gen nv::nv nn::prpn.person mark::comma
han ama akū o ci ,	nv::nv nv::nv nv::adj verb::vv e::cve mark::comma
ninggu ci wasihūn gida kini ,	nv::nv cm::abl nv::nv verb::vv e::fve.opt mark::comma
barbu ,	nn::prpn.person mark::comma
niyaman hūncihin seme harša rakū ,	nv::nv nv::nv comp verb::vv e::npst.ptcp.neg mark::comma
geren i bahana ha uru ba be ,	nv::adj cm::gen verb::vv e::pst.ptcp nv::nv nv::nv cm::acc mark::comma
ahūn alanju_age i gung be gūni me ,	nv::nv nn::prpn cm::gen nv::nv cm::acc verb::vv e::cve mark::comma
muse i ere hecen i dolo emu boo tuwa daha ∅ de ,	nv::nv cm::gen nv::nv nv::nv cm::gen nv::nv nv::nv nv::nv nv::nv verb::vv e::fve.imperative cm::dat mark::comma
tokso de gene he seme ala ha manggi ,	nv::nv cm::dat verb::vv e::pst.ptcp comp verb::vv e::pst.ptcp nv::nv mark::comma
suwen i monggo i beile se ,	pn::2pl cm::gen nv::nv cm::gen nv::nv nv::nv mark::comma
etuku ,	nv::nv mark::comma
saikan olho me sere me yabu ∅ ,	nv::adj verb::vv e::cve verb::vv e::cve verb::vv e::fve.imperative mark::comma
oron tooda me baha rakū kai ,	nv::nv verb::vv e::cve verb::vv e::npst.ptcp.neg ptcl mark::comma
abka i wakala ha gurun de da fi ,	nv::nv cm::gen verb::vv e::pst.ptcp nv::nv cm::dat verb::vv e::cve mark::comma
hoton be afa fi aina mbi seme gisure fi hoton i wehe moo isibu me ,	nv::nv cm::acc verb::vv e::cve verb::vv e::fve.npst comp verb::vv e::cve nv::nv cm::gen nv::nv nv::nv verb::vv e::cve mark::comma
beile se i etu re be encu ,	nv::nv nv::nv cm::gen verb::vv e::npst.ptcp cm::acc nv::nv mark::comma
beiguwan ,	nv::nv mark::comma
julergi duin wei niyalma ,	nv::nv nv::nv nv::nv nv::nv mark::comma
ula de amba_efu be tukiye he seme ilaci jergi beiguwan i caliyan ,	nv::nv cm::dat nn::prpn cm::acc verb::vv e::pst.ptcp comp nv::nv nv::nv nv::nv cm::gen nv::nv mark::comma
jaisai i amban daihal facabu fi ,	nn::prpn.person cm::gen nv::nv nn::prpn.person verb::vv e::cve mark::comma
tuttu akū ci ,	nv::nv verb::vv e::cve mark::comma
nimeku buce he de han mara me gene re be ,	nv::nv verb::vv e::pst.ptcp cm::dat nv::nv verb::vv e::cve verb::vv e::npst.ptcp cm::acc mark::comma
ehe kiyangdu mujilen jafa fi hūlha holo banji ci ,	nv::adj nv::adj nv::nv verb::vv e::cve nv::nv nv::nv verb::vv e::cve mark::comma
abka sinda ci han ,	nv::nv verb::vv e::cve nv::nv mark::comma
haha niyalma uksin saca etu fi ,	nv::nv nv::nv nv::nv nv::nv verb::vv e::cve mark::comma
juwan juwe de ,	nv::nv nv::nv cm::dat mark::comma
han i bithe ,	nv::nv cm::gen nv::nv mark::comma
o_mi_juwang gašan i lii_jin_heo ,	nn::prpn nv::nv cm::gen nn::prpn mark::comma
beye be amba_beile de aha bu he bi he ,	nv::nv cm::acc nn::prpn cm::dat nv::nv verb::vv e::pst.ptcp verb::vv e::pst.ptcp mark::comma
○ jai mukūn i duici tatan ,	mark::circle nv::nv nv::nv cm::gen nv::nv nv::nv mark::comma
muterei teile julesi faxša me hūsun bu ki .	nv::nv nv::nv nv::nv verb::vv e::cve nv::nv verb::vv e::fve.opt mark::period
abutai beiguwan ,	nn::prpn.person nv::nv mark::comma
ere fujin koimali jalingga hūlhatu holo ,	nv::nv nv::nv nv::adj nv::adj nv::nv nv::nv mark::comma
jai ubaša ha cang_šan_doo i tiyan_šusai be baha fi benji he manggi ,	nv::nv verb::vv e::pst.ptcp nn::prpn cm::gen nn::prpn cm::acc verb::vv e::cve verb::vv e::pst.ptcp nv::nv mark::comma
cooha irgen ice han be daha me gene he ngge akū ,	nv::nv nv::nv nv::adj nv::nv cm::acc verb::vv e::cve verb::vv e::pst.ptcp nmlz::nmlz nv::adj mark::comma
duin haha ,	nv::nv nv::nv mark::comma
ajigen_mergen hendu me ,	nn::prpn verb::vv e::cve mark::comma
unggi he cooha jura fi gene he bojiri gašan be ,	verb::vv e::pst.ptcp nv::nv verb::vv e::cve verb::vv e::pst.ptcp nn::prpn.person nv::nv cm::acc mark::comma
bayartu bi ,	nn::prpn.person verb::vv.npst mark::comma
ula de emu feye baha ha ,	nv::nv cm::dat nv::nv nv::nv verb::vv e::pst.ptcp mark::comma
guribu he ba i niyalma o ci ume wa ra ,	verb::vv e::pst.ptcp nv::nv cm::gen nv::nv verb::vv e::cve nv::nv verb::vv e::npst.ptcp mark::comma
dain absi dosi mbi ,	nv::nv nv::nv verb::vv e::fve.npst mark::comma
emu niru bu he juwan niru i niyalma de ,	nv::nv nv::nv verb::vv e::pst.ptcp nv::nv nv::nv cm::gen nv::nv cm::dat mark::comma
tere be han donji fi ,	nv::nv cm::acc nv::nv verb::vv e::cve mark::comma
juwe honin ,	nv::nv nv::nv mark::comma
lumbu ,	nv::adj mark::comma
niru bodo me niru i ejen de orin yan ,	nv::nv verb::vv e::cve nv::nv cm::gen nv::nv cm::dat nv::nv nv::nv mark::comma
gemu juse omosi jalan hala me alban de ume dabu re ,	nv::nv nv::nv nv::nv nv::nv verb::vv e::cve nv::nv cm::dat nv::nv verb::vv e::npst.ptcp mark::comma
○ juwan jakūn de ,	mark::circle nv::nv nv::nv cm::dat mark::comma
fusihūla me gidaša me xukiša me duka de hono ilibu rakū bi he ,	verb::vv e::cve verb::vv e::cve verb::vv e::cve nv::nv cm::dat nv::nv verb::vv e::npst.ptcp.neg verb::vv e::pst.ptcp mark::comma
barin i nangnuk_beile i orin duin niyalma ,	nv::nv cm::gen nn::prpn cm::gen nv::nv nv::nv nv::nv mark::comma
juhe i dulimba de te fi juwe ergi de ba boljo fi sujubu me ,	nv::nv cm::gen nv::nv cm::dat verb::vv e::cve nv::nv nv::nv cm::dat nv::nv verb::vv e::cve verb::vv e::cve mark::comma
○ juwan uyun de ,	mark::circle nv::nv nv::nv cm::dat mark::comma
○ jorgon biya de ,	mark::circle nv::nv nv::nv cm::dat mark::comma
fakca rakū ci ,	verb::vv e::npst.ptcp.neg e::cve mark::comma
amin_taiji ,	nn::prpn mark::comma
tere niyalma wa ha niyalma i hoki bi ci ,	nv::nv nv::nv verb::vv e::pst.ptcp nv::nv cm::gen nv::nv verb::vv e::cve mark::comma
samhatu ,	nn::prpn.person mark::comma
jai afabu ha weile be mute mbi ,	nv::nv verb::vv e::pst.ptcp nv::nv cm::acc verb::vv e::fve.npst mark::comma
tuttu min be nadan amba koro koro bu ha manggi ,	nv::nv pn::1sg cm::acc nv::nv nv::adj nv::nv verb::vv sfx e::pst.ptcp nv::nv mark::comma
○ juwan duin de ,	mark::circle nv::nv nv::nv cm::dat mark::comma
tere ucuri bi he beile se amban sa de weile ara mbi ,	nv::nv nv::nv verb::vv e::pst.ptcp nv::nv nv::nv nv::nv nv::nv cm::dat nv::nv verb::vv e::fve.npst mark::comma
duici_beile ,	nn::prpn mark::comma
dain cooha de o ci ,	nv::nv nv::nv cm::dat verb::vv e::cve mark::comma
jao_kindzung han ,	nn::prpn nv::nv mark::comma
jilgan akū sain i te hebi o seme fonji me unggi he ,	nv::nv nv::adj nv::adj cm::gen verb::vv e::fve.prs.prf ptcl comp verb::vv e::cve verb::vv e::pst.ptcp mark::comma
○ šajin niru i maikun ciyandzung ,	mark::circle nv::nv nv::nv cm::gen nn::prpn.person nv::nv mark::comma
tere buce he niyalma jirga me amga habi o ,	nv::nv verb::vv e::pst.ptcp nv::nv verb::vv e::cve verb::vv e::fve.prs.prf ptcl mark::comma
geren beile se amban sa be isabu fi gisure ci ,	nv::adj nv::nv nv::nv nv::nv nv::nv cm::acc verb::vv e::cve verb::vv e::cve mark::comma
geren bayara de sala me bu he .	nv::adj nv::nv cm::dat verb::vv e::cve verb::vv e::pst.ptcp mark::period
boso jodo fi ,	nv::nv verb::vv e::cve mark::comma
manggūldai eigen sargan be han i boo de dosimbu fi buda ulebu he ,	nn::prpn.person nv::nv nv::nv cm::acc nv::nv cm::gen nv::nv cm::dat verb::vv e::cve nv::nv verb::vv e::pst.ptcp mark::comma
julesi gene re amasi jide re ,	nv::nv verb::vv e::npst.ptcp nv::nv verb::vv e::npst.ptcp mark::comma
○ sintai be ,	mark::circle nn::prpn.person cm::acc mark::comma
tiyan_ceng_pu ,	nn::prpn mark::comma
sirana gebungge juwe amban ,	nn::prpn.person nv::adj nv::nv nv::nv mark::comma
abka wakala fi ,	nv::nv verb::vv e::cve mark::comma
juwanta haha i nikan tokso emte ,	nv::nv nv::nv cm::gen nv::nv nv::nv nv::nv mark::comma
beile se i boo tere ba be ,	nv::nv nv::nv cm::gen nv::nv nv::nv nv::nv cm::acc mark::comma
han i pai be gai fi ,	nv::nv cm::gen nv::nv cm::acc verb::vv e::cve mark::comma
liyoodung ni ba be baha ha doro i amba sarin sarila me ,	nn::prpn.plc cm::gen nv::nv cm::acc verb::vv e::pst.ptcp nv::nv cm::gen nv::adj nv::nv verb::vv e::cve mark::comma
tetun be doola me tuwa ra de ,	nv::nv cm::acc verb::vv e::cve verb::vv e::npst.ptcp cm::dat mark::comma
birai_dergi liyoodung ni gubci ba i niyalma ,	nn::prpn nn::prpn.plc cm::gen nv::adj nv::nv cm::gen nv::nv mark::comma
sunjata juru aha ,	nv::nv nv::nv nv::nv mark::comma
boo be yangsela me ara ci banji rakū ,	nv::nv cm::acc verb::vv e::cve verb::vv e::cve verb::vv e::npst.ptcp.neg mark::comma
han de acanji fi ala me ,	nv::nv cm::dat verb::vv e::cve verb::vv e::cve mark::comma
wargi ci emu niyalma ji fi ,	nv::nv cm::abl nv::nv nv::nv verb::vv e::cve mark::comma
juntai acan ,	nn::prpn.person nv::nv mark::comma
baindari_beile ilarsu hoton be ara me jabdu ha seme ,	nn::prpn nv::nv nv::nv cm::acc verb::vv e::cve verb::vv e::pst.ptcp comp mark::comma
wangšan min de iogi hergen bu he ,	nn::prpn.person pn::1sg cm::dat nv::nv nv::nv verb::vv e::pst.ptcp mark::comma
tanggū funce me niyalma be gai fi jase tuci me bene fi ji he ,	nv::nv verb::vv e::cve nv::nv cm::acc verb::vv e::cve nv::nv verb::vv e::cve verb::vv e::cve verb::vv e::pst.ptcp mark::comma
○ garu be ,	mark::circle nv::nv cm::acc mark::comma
geli hendu me ,	nv::nv verb::vv e::cve mark::comma
bi min i abka de saišabu ha jurgan i icihiya rakū ci ,	pn::1sg pn::1sg cm::gen nv::nv cm::dat verb::vv e::pst.ptcp nv::nv cm::gen verb::vv e::npst.ptcp.neg e::cve mark::comma
geren beile se amban sa be gai fi ,	nv::adj nv::nv nv::nv nv::nv nv::nv cm::acc verb::vv e::cve mark::comma
muca_ho_wei i du_jy_hūi_tungjy sunaha i omolo fukatu ,	nn::prpn cm::gen nv::nv nn::prpn.person cm::gen nv::nv nn::prpn.person mark::comma
○ ineku tere inenggi ,	mark::circle nv::nv nv::nv nv::nv mark::comma
tere amba alin be ka me afa me alin i wesihun gene ci ,	nv::nv nv::adj nv::nv cm::acc verb::vv e::cve verb::vv e::cve nv::nv cm::gen nv::nv verb::vv e::cve mark::comma
ogidai hoton ,	nn::prpn.plc nv::nv mark::comma
budai ,	nn::prpn.person mark::comma
fiongdon i giran de dari fi ,	nn::prpn.person cm::gen nv::nv cm::dat verb::vv e::cve mark::comma
bengsen akū niyalma omi ci ,	nv::nv nv::adj nv::nv verb::vv e::cve mark::comma
○ niyehe_šancin de ,	mark::circle nn::prpn cm::dat mark::comma
g'ai_jeo ,	nn::prpn mark::comma
emu šancin i niyalma be ilan biya i juwan de baha ha ,	nv::nv nv::nv cm::gen nv::nv cm::acc nv::nv nv::nv cm::gen nv::nv cm::dat verb::vv e::pst.ptcp mark::comma
ehe be ehe seme han de ala mbi ,	nv::adj cm::acc nv::adj comp nv::nv cm::dat verb::vv e::fve.npst mark::comma
min i kadala ra emu jalan i sunja niru i cooha be fujiyang ci fakca rakū ,	pn::1sg cm::gen verb::vv e::npst.ptcp nv::nv nv::nv cm::gen nv::nv nv::nv cm::gen nv::nv cm::acc nv::nv cm::abl verb::vv e::npst.ptcp.neg mark::comma
jete re jeku be suwen de icihiya me bu mbi ,	verb::vv e::npst.ptcp nv::nv cm::acc pn::2pl cm::dat verb::vv e::cve verb::vv e::fve.npst mark::comma
da gashū ha gisun bi he seme jase tuci ke niyalma be wa ha mujangga ,	nv::nv verb::vv e::pst.ptcp nv::nv verb::vv e::pst.ptcp comp nv::nv verb::vv e::pst.ptcp nv::nv cm::acc verb::vv e::pst.ptcp nv::adj mark::comma
tofohoci jergi ,	nv::nv nv::nv mark::comma
daha me ji he boigon i uju jergi amban sa de ,	verb::vv e::cve verb::vv e::pst.ptcp nv::nv cm::gen nv::nv nv::nv nv::nv nv::nv cm::dat mark::comma
cahar be .	nn::prpn.plc cm::acc mark::period
uyute yan i weile waliya mbi ,	nv::nv nv::nv cm::gen nv::nv verb::vv e::fve.npst mark::comma
ning_yuwan_wei i ba de gene fi te ci ,	nn::prpn cm::gen nv::nv cm::dat verb::vv e::cve verb::vv e::cve mark::comma
afabu ha weile be mute mbi ,	verb::vv e::pst.ptcp nv::nv cm::acc verb::vv e::fve.npst mark::comma
hai_jeo i tsanjiyang de jori fi ji ∅ seme unggi he ,	nn::prpn cm::gen nv::nv cm::dat verb::vv e::cve verb::vv e::fve.imperative comp verb::vv e::pst.ptcp mark::comma
ice_hecen de jušen i cooha ji fi te hebi seme alana fi ,	nn::prpn cm::dat nv::nv cm::gen nv::nv verb::vv e::cve verb::vv e::fve.prs.prf comp verb::vv e::cve mark::comma
cooha i niyalma gūsin nadan baha fi benji he .	nv::nv cm::gen nv::nv nv::nv nv::nv verb::vv e::cve verb::vv e::pst.ptcp mark::period
hehe juse ,	nv::nv nv::nv mark::comma
ai ai jaka be gemu gai fi ,	nv::nv nv::nv nv::nv cm::acc nv::nv verb::vv e::cve mark::comma
in i ciha o kini ,	pn::3sg cm::gen nv::nv verb::vv e::fve.opt mark::comma
cahar i cooha jide re yargiyan ,	nn::prpn.plc cm::gen nv::nv verb::vv e::npst.ptcp nv::adj mark::comma
solho i amba hafan i ilhi gin_halangga_hafan ,	nv::nv cm::gen nv::adj nv::nv cm::gen nv::nv nn::prpn mark::comma
arbu i jui anggū ,	nn::prpn.person cm::gen nv::nv nn::prpn.person mark::comma
buce mbi kai ,	verb::vv e::fve.npst ptcl mark::comma
han de ,	nv::nv cm::dat mark::comma
○ tofohon de ,	mark::circle nv::nv cm::dat mark::comma
šui_cang_ioi ,	nn::prpn mark::comma
○ juwan juwe de ,	mark::circle nv::nv nv::nv cm::dat mark::comma
ilan niru bu fi enculebu he ,	nv::nv nv::nv verb::vv e::cve verb::vv e::pst.ptcp mark::comma
duin biya de ,	nv::nv nv::nv cm::dat mark::comma
han de waka sabu fi weile baha fi boo yada kini ,	nv::nv cm::dat nv::adj verb::vv e::cve nv::nv verb::vv e::cve nv::nv verb::vv e::fve.opt mark::comma
gūwa niyalma ,	nv::nv nv::nv mark::comma
fulu akū damu deo o fi ,	nv::nv nv::adj nv::nv nv::nv verb::vv e::cve mark::comma
cen_liyang_tse be jafa fi bu ∅ ,	nn::prpn cm::acc verb::vv e::cve verb::vv e::fve.imperative mark::comma
tuttu o fi ,	nv::nv verb::vv e::cve mark::comma
fusi_efu de bithe wesimbu ∅ ,	nn::prpn cm::dat nv::nv verb::vv e::fve.imperative mark::comma
han i elcin gala nene re ,	nv::nv cm::gen nv::nv nv::nv verb::vv e::npst.ptcp mark::comma
tere weihu baha ha manggi ,	nv::nv nv::nv verb::vv e::pst.ptcp nv::nv mark::comma
ume acinggiya ra ,	nv::nv verb::vv e::npst.ptcp mark::comma
tuttu mangga baturu o ci ,	nv::nv nv::adj nv::nv verb::vv e::cve mark::comma
manggūltai_beile ,	nn::prpn mark::comma
coirjal ,	nn::prpn.person mark::comma
afabu ha weile be mute mbi ,	verb::vv e::pst.ptcp nv::nv cm::acc verb::vv e::fve.npst mark::comma
bujantai si uru o kini ,	nn::prpn.person pn::2sg nv::nv verb::vv e::fve.opt mark::comma
borjin_hiya gūsin funce me cooha be gai fi ebu he ,	nn::prpn nv::nv verb::vv e::cve nv::nv cm::acc verb::vv e::cve verb::vv e::pst.ptcp mark::comma
ere bithe be meni meni harangga gašan de gemu isibu ∅ ,	nv::nv nv::nv cm::acc nv::nv nv::nv nv::nv nv::nv cm::dat nv::nv verb::vv e::fve.imperative mark::comma
uksin etu rakū beri jafa ra ngge baihū ,	nv::nv verb::vv e::npst.ptcp.neg nv::nv verb::vv e::npst.ptcp nmlz::nmlz nn::prpn.person mark::comma
wargi golo i jeku hadu re be tuwakiya ra cooha ,	nv::nv nv::nv cm::gen nv::nv verb::vv e::npst.ptcp cm::acc verb::vv e::npst.ptcp nv::nv mark::comma
nikan i jase i dolo ucara ha de aina mbi ,	nv::nv cm::gen nv::nv cm::gen nv::nv verb::vv e::pst.ptcp cm::dat verb::vv e::fve.npst mark::comma
tere ci jilakan ai bi ,	nv::nv cm::abl nv::nv nv::nv verb::vv.npst mark::comma
buya muhaliyan sunja to ,	nv::adj nv::nv nv::nv nv::nv mark::comma
kvwahū min be wa kini ,	nn::prpn.person pn::1sg cm::acc verb::vv e::fve.opt mark::comma
tere abka aisila ha se re ngge tere kai ,	nv::nv nv::nv verb::vv e::pst.ptcp verb::vv e::npst.ptcp nmlz::nmlz nv::nv ptcl mark::comma
suwen i te he siden siden be hūsihan acabu me songko saikan faita ∅ ,	pn::2pl cm::gen verb::vv e::pst.ptcp nv::nv nv::nv cm::acc nv::nv verb::vv e::cve nv::nv nv::adj verb::vv e::fve.imperative mark::comma
tumen be wa ha dere ,	nv::nv cm::acc verb::vv e::pst.ptcp ptcl mark::comma
ula gurun inu tere sargan jui turgun de efuje he ,	nv::nv nv::nv nv::nv nv::nv nv::nv nv::nv nv::nv cm::dat verb::vv e::pst.ptcp mark::comma
gecuheri suje puse jodo mbi seme ,	nv::nv nv::nv nv::nv verb::vv e::fve.npst comp mark::comma
haha be wa ha ,	nv::nv cm::acc verb::vv e::pst.ptcp mark::comma
○ ineku tere inenggi ,	mark::circle nv::nv nv::nv nv::nv mark::comma
gele he gurun geli gele re ,	verb::vv e::pst.ptcp nv::nv nv::nv verb::vv e::npst.ptcp mark::comma
afabu ha jurgan be kice me tondo i banji ki ,	verb::vv e::pst.ptcp nv::nv cm::acc verb::vv e::cve nv::adj cm::gen verb::vv e::fve.opt mark::comma
juwe ing ni cooha be dule ke manggi ,	nv::nv nv::nv cm::gen nv::nv cm::acc verb::vv e::pst.ptcp nv::nv mark::comma
ula i bujantai_han i ilan tumen cooha be gida fi tumen niyalma wa ha ,	nv::nv cm::gen nn::prpn cm::gen nv::nv nv::nv nv::nv cm::acc verb::vv e::cve nv::nv nv::nv verb::vv e::pst.ptcp mark::comma
nikan i jeku de oktolo bu rahū ,	nv::nv cm::gen nv::nv cm::dat verb::vv sfx e::fve.prv mark::comma
han gosi me uji re de ,	nv::nv verb::vv e::cve verb::vv e::npst.ptcp cm::dat mark::comma
gecuheri suje ,	nv::nv nv::nv mark::comma
sunja niru i ejen ,	nv::nv nv::nv cm::gen nv::nv mark::comma
bi elcin unggi hekū ,	pn::1sg nv::nv verb::vv e::pst.ptcp.neg mark::comma
han hendu me ,	nv::nv verb::vv e::cve mark::comma
bira doo me guri me gene he bi ci ,	nv::nv verb::vv e::cve verb::vv e::cve verb::vv e::pst.ptcp verb::vv e::cve mark::comma
○ iogi salu ,	mark::circle nv::nv nv::nv mark::comma
juwe ihan gaji me uka me ji he .	nv::nv nv::nv verb::vv e::cve verb::vv e::cve verb::vv e::pst.ptcp mark::period
morohon emgi adun de gene he seme ala ha manggi ,	nv::adj nv::nv nv::nv cm::dat verb::vv e::pst.ptcp comp verb::vv e::pst.ptcp nv::nv mark::comma
tere gisun de ,	nv::nv nv::nv cm::dat mark::comma
○ orin sunja de ,	mark::circle nv::nv nv::nv cm::dat mark::comma
baindari in i jui be yehe i narimbulu de damtun unggi he ,	nn::prpn.person pn::3sg cm::gen nv::nv cm::acc nv::nv cm::gen nn::prpn.person cm::dat nv::nv verb::vv e::pst.ptcp mark::comma
tere ilan niyalma be ,	nv::nv nv::nv nv::nv cm::acc mark::comma
emu hebe i banji ki seme gashū re bithe ara fi ,	nv::nv nv::nv cm::gen verb::vv e::fve.opt comp verb::vv e::npst.ptcp nv::nv verb::vv e::cve mark::comma
šoto ,	nn::prpn.person mark::comma
ninggun amba poo ,	nv::nv nv::adj nv::nv mark::comma
dodo_taiji ,	nn::prpn mark::comma
emu uksin i niyalma de sunjata yan ,	nv::nv nv::nv cm::gen nv::nv cm::dat nv::nv nv::nv mark::comma
cooha i ejen amba hafan nene me ji ∅ ,	nv::nv cm::gen nv::nv nv::adj nv::nv verb::vv e::cve verb::vv e::fve.imperative mark::comma
jing_yuwan_pu ,	nn::prpn mark::comma
jeku bisi re niyalma i haha i ton ,	nv::nv verb::vv e::npst.ptcp nv::nv cm::gen nv::nv cm::gen nv::nv mark::comma
gintaisi_beile i ebu rakū be sa fi ,	nn::prpn cm::gen verb::vv e::npst.ptcp.neg cm::acc verb::vv e::cve mark::comma
argatu_tumen ,	nn::prpn mark::comma
ehe facuhūn niyalma be dere bani rakū ,	nv::adj nv::adj nv::nv cm::acc nv::nv verb::vv e::npst.ptcp.neg mark::comma
abatai_taiji ,	nn::prpn mark::comma
gemu hūlaša mbi ,	nv::nv verb::vv e::fve.npst mark::comma
ish'ab ,	nn::prpn.person mark::comma
sain aisin juwan yan ,	nv::adj nv::nv nv::nv nv::nv mark::comma
○ sunjacin_bayan be ,	mark::circle nn::prpn cm::acc mark::comma
( jalbu ,	mark::lparen nn::prpn mark::comma
emu hehe ,	nv::nv nv::nv mark::comma
min be yaya fulgiyan dain se he seme ,	pn::1sg cm::acc nv::nv nv::nv nv::nv verb::vv e::pst.ptcp comp mark::comma
○ fanggina be ,	mark::circle nn::prpn.person cm::acc mark::comma
amba_beile in i dasa ha ba ci ,	nn::prpn pn::3sg cm::gen verb::vv e::pst.ptcp nv::nv cm::abl mark::comma
tere hecen be gai fi duin dedu me olji dende fi ,	nv::nv nv::nv cm::acc verb::vv e::cve nv::nv verb::vv e::cve nv::nv verb::vv e::cve mark::comma
ice_hecen i iogi gaji me ji ∅ ,	nn::prpn cm::gen nv::nv verb::vv e::cve verb::vv e::fve.imperative mark::comma
te min de umai hergen akū .	nv::nv pn::1sg cm::dat nv::nv nv::nv nv::adj mark::period
buce he manggi songgo ro be ,	verb::vv e::pst.ptcp nv::nv verb::vv e::npst.ptcp cm::acc mark::comma
šan toko ho .	nv::nv verb::vv e::pst.ptcp mark::period
darhan_hiya i alin i ninggu i boo de ilan wadan de uhu he ulin be bene fi ,	nn::prpn cm::gen nv::nv cm::gen nv::nv cm::gen nv::nv cm::dat nv::nv nv::nv cm::dat verb::vv e::pst.ptcp nv::nv cm::acc verb::vv e::cve mark::comma
jugūn i niyalma fonji ci ,	nv::nv cm::gen nv::nv verb::vv e::cve mark::comma
boigon uba de te kini ,	nv::nv nv::nv cm::dat verb::vv e::fve.opt mark::comma
šajin de ala rakū encule me uju be futa i muri me erule re jaka de ,	nv::nv cm::dat verb::vv e::npst.ptcp.neg verb::vv e::cve nv::nv cm::acc nv::nv cm::gen verb::vv e::cve verb::vv e::npst.ptcp nv::nv cm::dat mark::comma
usin icihiya ra haha tolo ro be ,	nv::nv verb::vv e::npst.ptcp nv::nv verb::vv e::npst.ptcp cm::acc mark::comma
cooha i ejen du_yuwanšuwai giyang_gung_liyei ,	nv::nv cm::gen nv::nv nv::nv nn::prpn mark::comma
emu hebe i banji ki seme aca mbi kai .	nv::nv nv::nv cm::gen verb::vv e::fve.opt comp verb::vv e::fve.npst ptcl mark::period
○ subahai be ,	mark::circle nn::prpn.person cm::acc mark::comma
ji he be gūni me ,	verb::vv e::pst.ptcp cm::acc verb::vv e::cve mark::comma
min i beye ,	pn::1sg cm::gen nv::nv mark::comma
hai_si jontoji_wei i du_jy_hūi_ciyanši hūsihan i jui daiši ,	nn::prpn nn::prpn cm::gen nv::nv nv::nv cm::gen nv::nv nn::prpn.person mark::comma
juwan nadan de wasimbu ha ,	nv::nv nv::nv cm::dat verb::vv e::pst.ptcp mark::comma
foihori ara ha dain waka ,	nv::adj verb::vv e::pst.ptcp nv::nv nv::adj mark::comma
ulgiyan wa ra be baica ra ,	nv::nv verb::vv e::npst.ptcp cm::acc verb::vv e::npst.ptcp mark::comma
meni meni cooha i nikasa morin be ,	nv::nv nv::nv nv::nv cm::gen nv::nv nv::nv cm::acc mark::comma
beri jebele ,	nv::nv nv::nv mark::comma
giyang be doo me gene he nikan be gemu amasi bederebu ∅ ,	nv::nv cm::acc verb::vv e::cve verb::vv e::pst.ptcp nv::nv cm::acc nv::nv nv::nv verb::vv e::fve.imperative mark::comma
korcin de elcin gene he ,	nn::prpn.plc cm::dat nv::nv verb::vv e::pst.ptcp mark::comma
wang_hul ,	nn::prpn mark::comma
usin de ulha dosi ci ,	nv::nv cm::dat nv::nv verb::vv e::cve mark::comma
ioi_iogi ,	nn::prpn mark::comma
dehi duin niyalma de duin amba poo ,	nv::nv nv::nv nv::nv cm::dat nv::nv nv::adj nv::nv mark::comma
jeng_giyang ni niyalma ,	nn::prpn cm::gen nv::nv mark::comma
tuttu beile se de hajila fi gucule me banji ci ,	nv::nv nv::nv nv::nv cm::dat verb::vv e::cve verb::vv e::cve verb::vv e::cve mark::comma
tuttu hefeliyene rakū o ci ,	nv::nv verb::vv e::npst.ptcp.neg verb::vv e::cve mark::comma
jang_šan ,	nn::prpn mark::comma
min i emgi emu hebe o ho kalka i beile se de ,	pn::1sg cm::gen nv::nv nv::nv nv::nv verb::vv e::pst.ptcp nv::nv cm::gen nv::nv nv::nv cm::dat mark::comma
dzung_bing_guwan ci fusihūn ,	nv::nv cm::abl nv::adj mark::comma
fujiyang ni jurgan be kice me akūmbu ki ,	nv::nv cm::gen nv::nv cm::acc verb::vv e::cve verb::vv e::fve.opt mark::comma
dada i be unggi he ,	nn::prpn.person cm::gen cm::acc verb::vv e::pst.ptcp mark::comma
orin mocin bu he ,	nv::nv nv::nv verb::vv e::pst.ptcp mark::comma
tere ci tere cooha be gida fi ,	nv::nv cm::abl nv::nv nv::nv cm::acc verb::vv e::cve mark::comma
aliya rakū ci ,	verb::vv e::npst.ptcp.neg e::cve mark::comma
cashūn foro ho niyalma tondo be gisure rakū se re ,	nv::adj verb::vv e::pst.ptcp nv::nv nv::adj cm::acc verb::vv e::npst.ptcp.neg verb::vv e::npst.ptcp mark::comma
danggoo ,	nn::prpn.person mark::comma
darhan_hošooci ,	nn::prpn mark::comma
cooha i niyalma suwe dain i ba de anafu te fi jobo ro koro se ci ,	nv::nv cm::gen nv::nv pn::2pl nv::nv cm::gen nv::nv cm::dat nv::nv verb::vv e::cve verb::vv e::npst.ptcp nv::nv verb::vv e::cve mark::comma
anai ,	nn::prpn.person mark::comma
○ orin ninggun de ,	mark::circle nv::nv nv::nv cm::dat mark::comma
liyoha i dalin de isibu mbi ,	nn::prpn.plc cm::gen nv::nv cm::dat verb::vv e::fve.npst mark::comma
bi_yen ,	nn::prpn mark::comma
emu hecen de minggan cooha te ci ,	nv::nv nv::nv cm::dat nv::nv nv::nv verb::vv e::cve mark::comma
keyen de juwe morin ili fi ulebu me aliya ∅ ,	nn::prpn.plc cm::dat nv::nv nv::nv verb::vv e::cve verb::vv e::cve verb::vv e::fve.imperative mark::comma
tuwanji me ji he juwan juwe solho be ,	verb::vv e::cve verb::vv e::pst.ptcp nv::nv nv::nv nv::nv cm::acc mark::comma
bi te suwen be ulin gai me jobobu re farhūn i uji re o ci ,	pn::1sg nv::nv pn::2pl cm::acc nv::nv verb::vv e::cve verb::vv e::npst.ptcp nv::adj cm::gen verb::vv e::npst.ptcp verb::vv e::cve mark::comma
in i haha jui sangtu_taiji be unggi he bi he .	pn::3sg cm::gen nv::nv nv::nv nn::prpn cm::acc verb::vv e::pst.ptcp verb::vv e::pst.ptcp mark::period
kara_kuji ,	nn::prpn mark::comma
jobo ho ngge tere inu ,	verb::vv e::pst.ptcp nmlz::nmlz nv::nv nv::nv mark::comma
fulehe be ume tuwa ra ,	nv::nv cm::acc nv::nv verb::vv e::npst.ptcp mark::comma
hecen i tulergi buya pu i cooha i niyalma ,	nv::nv cm::gen nv::nv nv::adj nv::nv cm::gen nv::nv cm::gen nv::nv mark::comma
jide re be okdo ro ,	verb::vv e::npst.ptcp cm::acc verb::vv e::npst.ptcp mark::comma
susaita yan i weile gai ha ,	nv::nv nv::nv cm::gen nv::nv verb::vv e::pst.ptcp mark::comma
yung_ning_giyan ,	nn::prpn mark::comma
abka i fejergi banji re amba gurun i doro de ,	nv::nv cm::gen nv::nv verb::vv e::npst.ptcp nv::adj nv::nv cm::gen nv::nv cm::dat mark::comma
jeng_giyang ni ba i niyalma uju fusi rakū ,	nn::prpn cm::gen nv::nv cm::gen nv::nv nv::nv verb::vv e::npst.ptcp.neg mark::comma
amasi bedere he ,	nv::nv verb::vv e::pst.ptcp mark::comma
dergi dube i cooha i niyalma morin ,	nv::nv nv::nv cm::gen nv::nv cm::gen nv::nv nv::nv mark::comma
juwan juwe niongniyaha ,	nv::nv nv::nv nv::nv mark::comma
jai geli bira de isibu hakū ,	nv::nv nv::nv nv::nv cm::dat verb::vv e::pst.ptcp.neg mark::comma
juhūda ,	nn::prpn.person mark::comma
gemu isa habi dasa habi seme han de alanji ∅ ,	nv::nv verb::vv e::fve.prs.prf verb::vv e::fve.prs.prf comp nv::nv cm::dat verb::vv e::fve.imperative mark::comma
○ juwan de ,	mark::circle nv::nv cm::dat mark::comma
ehe be ehe seme han de ala mbi ,	nv::adj cm::acc nv::adj comp nv::nv cm::dat verb::vv e::fve.npst mark::comma
tainju ,	nn::prpn.person mark::comma
○ kamtani be ,	mark::circle nn::prpn.person cm::acc mark::comma
šu_jing_dzung ,	nn::prpn mark::comma
fakca rakū ci ,	verb::vv e::npst.ptcp.neg e::cve mark::comma
juwan biya i ice inenggi ,	nv::nv nv::nv cm::gen nv::adj nv::nv mark::comma
dehi ulhūma ,	nv::nv nv::nv mark::comma
jai inenggi ula i bujantai_han ,	nv::nv nv::nv nv::nv cm::gen nn::prpn mark::comma
ere moo yafan i ton jakūnju ,	nv::nv nv::nv nv::nv cm::gen nv::nv nv::nv mark::comma
ice juwe de ,	nv::adj nv::nv cm::dat mark::comma
fujiyang fakca hakū seme wesihun han de ala ∅ ,	nv::nv verb::vv e::pst.ptcp.neg comp nv::nv nv::nv cm::dat verb::vv e::fve.imperative mark::comma
tere gisun de akda fi cooha unggi ci ,	nv::nv nv::nv cm::dat verb::vv e::cve nv::nv verb::vv e::cve mark::comma
ton de dosimbu fi doro de aisilabu ki ,	nv::nv cm::dat verb::vv e::cve nv::nv cm::dat verb::vv e::fve.opt mark::comma
jucehe ,	nn::prpn.person mark::comma
han i mujilen gūwaliya fi ,	nv::nv cm::gen nv::nv verb::vv e::cve mark::comma
wan_lii i orin nadaci aniya juwe biya i ice uyun de baha ha ,	nn::prpn cm::gen nv::nv nv::nv nv::nv nv::nv nv::nv cm::gen nv::adj nv::nv cm::dat verb::vv e::pst.ptcp mark::comma
geren amban sa be gemu gaji fi ,	nv::adj nv::nv nv::nv cm::acc nv::nv verb::vv e::cve mark::comma
yarbihi ,	nn::prpn.person mark::comma
sin i nene me mutu ha emu eme de banji ha ahūn deo juwe jui de ,	pn::2sg cm::gen verb::vv e::cve verb::vv e::pst.ptcp nv::nv nv::nv cm::dat verb::vv e::pst.ptcp nv::nv nv::nv nv::nv nv::nv cm::dat mark::comma
nikan i jai emu ing ni cooha ,	nv::nv cm::gen nv::nv nv::nv nv::nv cm::gen nv::nv mark::comma
komso isibu ha niru de olji bu rakū seme hūla fi ,	nv::adj verb::vv e::pst.ptcp nv::nv cm::dat nv::nv verb::vv e::npst.ptcp.neg comp verb::vv e::cve mark::comma
sahaliyan ,	nv::adj mark::comma
ginjeo ,	nn::prpn.plc mark::comma
busan emhun beye de ali fi kadala ha seme amba gung ara fi ,	nn::prpn.person nv::nv nv::nv cm::dat verb::vv e::cve verb::vv e::pst.ptcp comp nv::adj nv::nv verb::vv e::cve mark::comma
uda ha ulha be iletule me fusihūla me gaija ra ba de ,	verb::vv e::pst.ptcp nv::nv cm::acc verb::vv e::cve verb::vv e::cve verb::vv e::npst.ptcp nv::nv cm::dat mark::comma
nikan be muse jing uji mbi ,	nv::nv cm::acc pn::1pl.incl nv::nv verb::vv e::fve.npst mark::comma
si dodo_age de ejelebu he niyalma kai ,	pn::2sg nn::prpn cm::dat verb::vv e::pst.ptcp nv::nv ptcl mark::comma
amala banji re geren irgen i jalin de kai ,	nv::nv verb::vv e::npst.ptcp nv::adj nv::nv cm::gen nv::nv cm::dat ptcl mark::comma
nio_juwang ci wesihun adula ∅ ,	nn::prpn cm::abl nv::nv verb::vv e::fve.imperative mark::comma
yaya enteheme jeku waji ha niyalma ,	nv::nv nv::nv nv::nv verb::vv e::pst.ptcp nv::nv mark::comma
emu aniya emu tanggū yan menggun ,	nv::nv nv::nv nv::nv nv::nv nv::nv nv::nv mark::comma
muse i nikan be jušen umai jobobu rakū ,	nv::nv cm::gen nv::nv cm::acc nv::nv nv::nv verb::vv e::npst.ptcp.neg mark::comma
muse i cooha i niyalma tuwa de muke makta me mukiyebu ∅ ,	nv::nv cm::gen nv::nv cm::gen nv::nv nv::nv cm::dat nv::nv verb::vv e::cve verb::vv e::fve.imperative mark::comma
suwen i ciha i ji he dabala ,	pn::2pl cm::gen nv::nv cm::gen verb::vv e::pst.ptcp ptcl mark::comma
ganggada_saman ,	nn::prpn mark::comma
jang_iogi ,	nn::prpn mark::comma
šajin i niyalma beide me ,	nv::nv cm::gen nv::nv verb::vv e::cve mark::comma
emu juwe niyalma i ehe de ,	nv::nv nv::nv nv::nv cm::gen nv::adj cm::dat mark::comma
aita i mukūn be ume huthu re ,	nn::prpn.person cm::gen nv::nv cm::acc nv::nv verb::vv e::npst.ptcp mark::comma
kubu he suwayan i gūsa i orin emu da emu gala ,	verb::vv e::pst.ptcp nv::adj cm::gen nv::nv cm::gen nv::nv nv::nv nv::nv nv::nv nv::nv mark::comma
min i da ci banji ha jurgan ,	pn::1sg cm::gen nv::nv cm::abl verb::vv e::pst.ptcp nv::nv mark::comma
morin ,	nv::nv mark::comma
cin_ši_hūwang_han doro akū ehe o fi ,	nn::prpn nv::nv nv::adj nv::adj verb::vv e::cve mark::comma
ejen akū jeku orho be hūdun geterembu me baica fi icihiya me gai fi benji ∅ ,	nv::nv nv::adj nv::nv nv::nv cm::acc nv::adj verb::vv e::cve verb::vv e::cve verb::vv e::cve verb::vv e::cve verb::vv e::fve.imperative mark::comma
dain cooha de juleri afa ra ,	nv::nv nv::nv cm::dat nv::nv verb::vv e::npst.ptcp mark::comma
guwangning ci guri me gene he boigon i niyalma be ume suilabu re ,	nn::prpn.plc cm::abl verb::vv e::cve verb::vv e::pst.ptcp nv::nv cm::gen nv::nv cm::acc nv::nv verb::vv e::npst.ptcp mark::comma
du_tang ni jergi urgūdai ,	nv::nv cm::gen nv::nv nn::prpn.person mark::comma
juwe minggan jakūn tanggū susai ,	nv::nv nv::nv nv::nv nv::nv nv::nv mark::comma
geren cooha be gai fi gene ci ,	nv::adj nv::nv cm::acc verb::vv e::cve verb::vv e::cve mark::comma
min i ajige sargan jui omolo geli songgo mbi ,	pn::1sg cm::gen nv::adj nv::nv nv::nv nv::nv nv::nv verb::vv e::fve.npst mark::comma
○ hošonggo ordo de tuci fi ,	mark::circle nv::adj nv::nv cm::dat verb::vv e::cve mark::comma
yaya tai niyalma dain sabu ha de ,	nv::nv nv::nv nv::nv nv::nv verb::vv e::pst.ptcp cm::dat mark::comma
suwen be jete re etu re ngge baha fi benji he seme bi urgunje rakū ,	pn::2pl cm::acc verb::vv e::npst.ptcp verb::vv e::npst.ptcp nmlz::nmlz verb::vv e::cve verb::vv e::pst.ptcp comp pn::1sg verb::vv e::npst.ptcp.neg mark::comma
wei mujilen beye i weile o ho de ,	nv::nv nv::nv nv::nv cm::gen nv::nv verb::vv e::pst.ptcp cm::dat mark::comma
juwe jergi buce re weile be guwebu mbi ,	nv::nv nv::nv verb::vv e::npst.ptcp nv::nv cm::acc verb::vv e::fve.npst mark::comma
afuni bi ,	nn::prpn.person verb::vv.npst mark::comma
du_tang de fonji fi jide re seme ilibu habi ,	nv::nv cm::dat verb::vv e::cve verb::vv e::npst.ptcp comp verb::vv e::fve.prs.prf mark::comma
muse i cooha i niyalma suwe ume jobo ro ,	nv::nv cm::gen nv::nv cm::gen nv::nv pn::2pl nv::nv verb::vv e::npst.ptcp mark::comma
jilgan tucibu rakū ,	nv::nv verb::vv e::npst.ptcp.neg mark::comma
emu angga de sunja sin bisi re niyalma be ,	nv::nv nv::nv cm::dat nv::nv nv::nv verb::vv e::npst.ptcp nv::nv cm::acc mark::comma
lio_hūwang ara ra niyalma bi ci ,	nv::nv verb::vv e::npst.ptcp nv::nv verb::vv e::cve mark::comma
acan kimjinak_wei i du_jy_hūi camdumu i omolo kimcibu ,	nv::nv nn::prpn cm::gen nv::nv nn::prpn.person cm::gen nv::nv nn::prpn.person mark::comma
jakūn wang ni jaka de jušen baksi jakūn ,	nv::nv nv::nv cm::gen nv::nv cm::dat nv::nv nv::nv nv::nv mark::comma
orin nadan cuwan ji fi ili habi seme cohoro niru i siberi alanji ha .	nv::nv nv::nv nv::nv verb::vv e::cve verb::vv e::fve.prs.prf comp nn::prpn.person nv::nv cm::gen nv::nv verb::vv e::pst.ptcp mark::period
si gene ∅ ,	pn::2sg verb::vv e::fve.imperative mark::comma
ši_fang_sy ,	nn::prpn mark::comma
sin i cihala hai aba abala me ,	pn::2sg cm::gen verb::vv e::cve nv::nv verb::vv e::cve mark::comma
duin šoro foyoro ,	nv::nv nv::nv nv::nv mark::comma
ere juwe nofi de šangna me bu he jaka be gemu amasi gai ha .	nv::nv nv::nv nv::nv cm::dat verb::vv e::cve verb::vv e::pst.ptcp nv::nv cm::acc nv::nv nv::nv verb::vv e::pst.ptcp mark::period
suje i jibehun sishe ,	nv::nv cm::gen nv::nv nv::nv mark::comma
amba_beile in i beye dulimba be dosi me gene re ,	nn::prpn pn::3sg cm::gen nv::nv nv::nv cm::acc verb::vv e::cve verb::vv e::npst.ptcp mark::comma
○ orin ninggun de ,	mark::circle nv::nv nv::nv cm::dat mark::comma
jori ha jurgan be jurce rakū seme beiguwan obu ha .	verb::vv e::pst.ptcp nv::nv cm::acc verb::vv e::npst.ptcp.neg comp nv::nv verb::vv e::pst.ptcp mark::period
monggo i yun de toso me gene fi ,	nv::nv cm::gen nv::nv cm::dat verb::vv e::cve verb::vv e::cve mark::comma
emu jergi buce re weile be guwebu mbi .	nv::nv nv::nv verb::vv e::npst.ptcp nv::nv cm::acc verb::vv e::fve.npst mark::period
afabu ha jurgan be tondo i kice me akūmbu me banji ki .	verb::vv e::pst.ptcp nv::nv cm::acc nv::adj cm::gen verb::vv e::cve verb::vv e::cve verb::vv e::fve.opt mark::period
han ,	nv::nv mark::comma
jai geren ba habša fi ,	nv::nv nv::adj nv::nv verb::vv e::cve mark::comma
emte yan aisin bu he ,	nv::nv nv::nv nv::nv verb::vv e::pst.ptcp mark::comma
iogi min i kadala ra emu jalan i cooha be han i fafun i tondo i kadala mbi ,	nv::nv pn::1sg cm::gen verb::vv e::npst.ptcp nv::nv nv::nv cm::gen nv::nv cm::acc nv::nv cm::gen nv::nv cm::gen nv::adj cm::gen verb::vv e::fve.npst mark::comma
jai mudan ula de niyengniyeri cooha gene re de ,	nv::nv nv::nv nv::nv cm::dat nv::nv nv::nv verb::vv e::npst.ptcp cm::dat mark::comma
sengge_tabunang ni jui ,	nn::prpn cm::gen nv::nv mark::comma
ere i onggolo muse i elcin yabu re de ,	nv::nv cm::gen nv::nv nv::nv cm::gen nv::nv verb::vv e::npst.ptcp cm::dat mark::comma
han ,	nv::nv mark::comma
fulgiyan girdan lakiya fi ,	nv::nv nv::nv verb::vv e::cve mark::comma
ilan tanggū adun be gama me korcin de gene re be ,	nv::nv nv::nv nv::nv cm::acc verb::vv e::cve nn::prpn.plc cm::dat verb::vv e::npst.ptcp cm::acc mark::comma
efu se de je kini seme juwan ihan ,	nv::nv nv::nv cm::dat verb::vv e::fve.opt comp nv::nv nv::nv mark::comma
ihan_alin de emu feye baha ha seme sunjata yan i weile waliya mbi ,	nn::prpn cm::dat nv::nv nv::nv verb::vv e::pst.ptcp comp nv::nv nv::nv cm::gen nv::nv verb::vv e::fve.npst mark::comma
hai_si sotar_wei i du_jy_hūi_tungjy esen i omolo daimbulu ,	nn::prpn nn::prpn cm::gen nv::nv nn::prpn.person cm::gen nv::nv nn::prpn.person mark::comma
omšon biya i ice nadan de han i hecen de isinji ha ,	nv::nv nv::nv cm::gen nv::adj nv::nv cm::dat nv::nv cm::gen nv::nv cm::dat verb::vv e::pst.ptcp mark::comma
dulga cooha be morin ci ebubu fi ,	nv::adj nv::nv cm::acc nv::nv cm::abl verb::vv e::cve mark::comma
liyoodung ni ba de ji he ngge waka ,	nn::prpn.plc cm::gen nv::nv cm::dat verb::vv e::pst.ptcp nmlz::nmlz nv::adj mark::comma
asai ,	nn::prpn.person mark::comma
emte tanggū susaita boso ,	nv::nv nv::nv nv::nv nv::nv mark::comma
muse i ergi dalin be saikan tuwakiya ∅ ,	nv::nv cm::gen nv::nv nv::nv cm::acc nv::adj verb::vv e::fve.imperative mark::comma
abka ende mbi o ,	nv::nv verb::vv e::fve.npst ptcl mark::comma
hehe juse nadan minggan ninggun tanggū gūsin duin ,	nv::nv nv::nv nv::nv nv::nv nv::nv nv::nv nv::nv nv::nv mark::comma
darhan_hiya i bai ha de ,	nn::prpn cm::gen verb::vv e::pst.ptcp cm::dat mark::comma
juwe jergi buce re weile be guwebu mbi .	nv::nv nv::nv verb::vv e::npst.ptcp nv::nv cm::acc verb::vv e::fve.npst mark::period
dorgi idu de dedu re niyalma ,	nv::nv nv::nv cm::dat verb::vv e::npst.ptcp nv::nv mark::comma
poo miyoocan ,	nv::nv nv::nv mark::comma
du_tang ,	nv::nv mark::comma
si ainu ekisaka ali me gai mbi ,	pn::2sg nv::nv nv::adj verb::vv e::cve verb::vv e::fve.npst mark::comma
kemuni te kini .	nv::nv verb::vv e::fve.opt mark::period
tere inenggi ,	nv::nv nv::nv mark::comma
ume ergele me uda ra ,	nv::nv verb::vv e::cve verb::vv e::npst.ptcp mark::comma
gūwa de adarame bu rakū ,	nv::nv cm::dat nv::nv verb::vv e::npst.ptcp.neg mark::comma
ginjeo ,	nn::prpn.plc mark::comma
jakūnju ihan ,	nv::nv nv::nv mark::comma
morin ninggun tanggū jakūnju ilan ,	nv::nv nv::nv nv::nv nv::nv nv::nv mark::comma
○ duin biya i orin duin de morin inenggi nadan tanggū ba de hibsu aga aga ha .	mark::circle nv::nv nv::nv cm::gen nv::nv nv::nv cm::dat nv::nv nv::nv nv::nv nv::nv nv::nv cm::dat nv::nv nv::nv verb::vv e::pst.ptcp mark::period
juwe ilan angga de emu eihen bu ∅ ,	nv::nv nv::nv nv::nv cm::dat nv::nv nv::nv verb::vv e::fve.imperative mark::comma
dobori jaila fi dedu hekū ,	nv::nv verb::vv e::cve verb::vv e::pst.ptcp.neg mark::comma
gemu bu fi tondo i canggi aca fi dende me gai ha ,	nv::nv verb::vv e::cve nv::adj cm::gen nv::nv verb::vv e::cve verb::vv e::cve verb::vv e::pst.ptcp mark::comma
enteke facuhūn be naka kini seme wehe i bithe ilibu me ,	nv::nv nv::adj cm::acc verb::vv e::fve.opt comp nv::nv cm::gen nv::nv verb::vv e::cve mark::comma
tuttu o fi ,	nv::nv verb::vv e::cve mark::comma
sain be sain ,	nv::adj cm::acc nv::adj mark::comma
min be gama me jaifiyan ci sarhū de guri he manggi ,	pn::1sg cm::acc verb::vv e::cve nv::nv cm::abl nv::nv cm::dat verb::vv e::pst.ptcp nv::nv mark::comma
giya_jing ni orin duici aniya nadan biya i ice ninggun de baha ha .	nn::prpn cm::gen nv::nv nv::nv nv::nv nv::nv nv::nv cm::gen nv::adj nv::nv cm::dat verb::vv e::pst.ptcp mark::period
○ du_tang ni bithe ,	mark::circle nv::nv cm::gen nv::nv mark::comma
ere liyoodung ni ba de te he dung_ning_wei gurun ,	nv::nv nn::prpn.plc cm::gen nv::nv cm::dat verb::vv e::pst.ptcp nn::prpn nv::nv mark::comma
yoto_taiji ,	nn::prpn mark::comma
ere gisun be daba me encu mujilen i banji ci ,	nv::nv nv::nv cm::acc verb::vv e::cve nv::nv nv::nv cm::gen verb::vv e::cve mark::comma
fusi hecen i ejen iogi si afa ha seme ete rakū kai ,	nn::prpn.plc nv::nv cm::gen nv::nv nv::nv pn::2sg verb::vv e::pst.ptcp comp verb::vv e::npst.ptcp.neg ptcl mark::comma
jarut i sangtu toso fi ,	nn::prpn.plc cm::gen nn::prpn.person verb::vv e::cve mark::comma
nikan gurun i wan_lii_han de waka ambula o fi ,	nv::nv nv::nv cm::gen nn::prpn cm::dat nv::adj nv::nv verb::vv e::cve mark::comma
si weri hekū ainu gaji ha seme weile ara fi ,	pn::2sg verb::vv e::pst.ptcp.neg nv::nv verb::vv e::pst.ptcp comp nv::nv verb::vv e::cve mark::comma
han hendu me ,	nv::nv verb::vv e::cve mark::comma
gašan i giyai de sorson hada ha boro be enteheme naka ∅ ,	nv::nv cm::gen nv::nv cm::dat nv::nv verb::vv e::pst.ptcp nv::nv cm::acc nv::nv verb::vv e::fve.imperative mark::comma
beye be sulakan ara me ,	nv::nv cm::acc nv::adj verb::vv e::cve mark::comma
min i ere gisun aca cibe ,	pn::1sg cm::gen nv::nv nv::nv verb::vv e::cve mark::comma
ai ai fafun be kemuni kice me kadala ∅ ,	nv::nv nv::nv nv::nv cm::acc nv::nv verb::vv e::cve verb::vv e::fve.imperative mark::comma
ehe be ehe ,	nv::adj cm::acc nv::adj mark::comma
in i takūra ha juwan emu niyalma be baha ki seme gūni fi ,	pn::3sg cm::gen verb::vv e::pst.ptcp nv::nv nv::nv nv::nv cm::acc verb::vv e::fve.opt comp verb::vv e::cve mark::comma
han i fafun i tondo i kadala mbi ,	nv::nv cm::gen nv::nv cm::gen nv::adj cm::gen verb::vv e::fve.npst mark::comma
dajuhū sa mbi ,	nn::prpn.person verb::vv e::fve.npst mark::comma
hošotu fujiyang ,	nn::prpn.person nv::nv mark::comma
○ orin duin de ,	mark::circle nv::nv nv::nv cm::dat mark::comma
ula de emu feye gidalabu ha seme juwan emu yan i weile waliya mbi ,	nv::nv cm::dat nv::nv nv::nv verb::vv e::pst.ptcp comp nv::nv nv::nv nv::nv cm::gen nv::nv verb::vv e::fve.npst mark::comma
duin minggan cooha be weri fi fusi hecen be efule fi ji he ,	nv::nv nv::nv nv::nv cm::acc verb::vv e::cve nn::prpn.plc nv::nv cm::acc verb::vv e::cve verb::vv e::pst.ptcp mark::comma
i_jeo de aohan dureng ni monggo dosi fi ,	nn::prpn cm::dat nn::prpn.plc nn::prpn.person cm::gen nv::nv verb::vv e::cve mark::comma
monggo de bu re emu niru i orita uksin be ,	nv::nv cm::dat verb::vv e::npst.ptcp nv::nv nv::nv cm::gen nv::nv nv::nv cm::acc mark::comma
aisin i dube i jalan i han ,	nv::nv cm::gen nv::nv cm::gen nv::nv cm::gen nv::nv mark::comma
hoifa ,	nn::prpn.plc mark::comma
jeku emu tanggū jakūnju hule bi seme bithe wesimbu he .	nv::nv nv::nv nv::nv nv::nv nv::nv verb::vv.npst comp nv::nv verb::vv e::pst.ptcp mark::period
gene he amban bithe ara fi gaji me ji ∅ .	verb::vv e::pst.ptcp nv::nv nv::nv verb::vv e::cve verb::vv e::cve verb::vv e::fve.imperative mark::period
wentasi min be wa kini ,	nn::prpn.person pn::1sg cm::acc verb::vv e::fve.opt mark::comma
muse juwe ,	pn::1pl.incl nv::nv mark::comma
songko tuci ke be sa ha de ,	nv::nv verb::vv e::pst.ptcp cm::acc verb::vv e::pst.ptcp cm::dat mark::comma
tuttu tondo i fafula rakū ehe miosihon jurgan i yabu ci ,	nv::nv nv::adj cm::gen verb::vv e::npst.ptcp.neg nv::adj nv::adj nv::nv cm::gen verb::vv e::cve mark::comma
geli ehe gūni ha doro bi o ,	nv::nv nv::adj verb::vv e::pst.ptcp nv::nv verb::vv.npst ptcl mark::comma
emu tanggū juwan ilan niyalma ,	nv::nv nv::nv nv::nv nv::nv nv::nv mark::comma
hai_si uši_wei i du_jy_hūi_ciyanši layuju i jui eide ,	nn::prpn nn::prpn cm::gen nv::nv nn::prpn.person cm::gen nv::nv nn::prpn.person mark::comma
han i beye ,	nv::nv cm::gen nv::nv mark::comma
cooha i morin turgala habi ,	nv::nv cm::gen nv::nv verb::vv e::fve.prs.prf mark::comma
hūri ,	nv::nv mark::comma
te bi cibe ,	nv::nv verb::vv e::cve mark::comma
○ hūwašan be ,	mark::circle nv::nv cm::acc mark::comma
karun ,	nv::nv mark::comma
cooha bedere re de ,	nv::nv verb::vv e::npst.ptcp cm::dat mark::comma
geren šajin i niyalma duile ∅ seme duilebu fi ,	nv::adj nv::nv cm::gen nv::nv verb::vv e::fve.imperative comp verb::vv e::cve mark::comma
in i harangga gūsin boo i jušen be gaji me uka me ji he ,	pn::3sg cm::gen nv::nv nv::nv nv::nv cm::gen nv::nv cm::acc verb::vv e::cve verb::vv e::cve verb::vv e::pst.ptcp mark::comma
juwe tanggū cooha i niyalma be gemu weihun jafa ha ,	nv::nv nv::nv nv::nv cm::gen nv::nv cm::acc nv::nv nv::adj verb::vv e::pst.ptcp mark::comma
weile he jeku ,	verb::vv e::pst.ptcp nv::nv mark::comma
ajige gung ni niyalma de majige šangna ha .	nv::adj nv::nv cm::gen nv::nv cm::dat nv::adj verb::vv e::pst.ptcp mark::period
○ asan i kadala ra loo_biyan_tun i lio_san_sin ,	mark::circle nn::prpn.person cm::gen verb::vv e::npst.ptcp nn::prpn cm::gen nn::prpn mark::comma
sin i yabu ha sargan jui be gai mbi seme gisure he ngge inu akū kai ,	pn::2sg cm::gen verb::vv e::pst.ptcp nv::nv nv::nv cm::acc verb::vv e::fve.npst comp verb::vv e::pst.ptcp nmlz::nmlz nv::nv nv::adj ptcl mark::comma
niowanggiyaha ,	nn::prpn.plc mark::comma
dain cooha sabu ci sunja niyalma yarhūda me ,	nv::nv nv::nv verb::vv e::cve nv::nv nv::nv verb::vv e::cve mark::comma
baduri_age i ilan monggo ,	nn::prpn cm::gen nv::nv nv::nv mark::comma
nikan ,	nv::nv mark::comma
ere ilan niyalma ihan_alin de emte feye baha ha seme ,	nv::nv nv::nv nv::nv nn::prpn cm::dat nv::nv nv::nv verb::vv e::pst.ptcp comp mark::comma
geren beile se amban sa ci fusihūn ,	nv::adj nv::nv nv::nv nv::nv nv::nv cm::abl nv::adj mark::comma
yaka niyalma sargan buce fi gai ci baha rakū jobo mbi ayoo ,	nv::nv nv::nv nv::nv verb::vv e::cve verb::vv e::cve verb::vv e::npst.ptcp.neg verb::vv e::fve.npst nv::nv mark::comma
baigal ,	nn::prpn.person mark::comma
sin i juwe jui de sunjata tanggū haha bu re ,	pn::2sg cm::gen nv::nv nv::nv cm::dat nv::nv nv::nv nv::nv verb::vv e::npst.ptcp mark::comma
jušen i guru re orhoda ,	nv::nv cm::gen verb::vv e::npst.ptcp nv::nv mark::comma
ere duin niyalma juwan juwe ci jergi ,	nv::nv nv::nv nv::nv nv::nv verb::vv e::cve nv::nv mark::comma
delken ,	nn::prpn.person mark::comma
hang_jeo ,	nn::prpn mark::comma
enggemu hadala toho hoi emu morin šangna me bu he ,	nv::nv nv::nv verb::vv e::cve nv::nv nv::nv verb::vv e::cve verb::vv e::pst.ptcp mark::comma
ere weile de borjin_hiya i deo burhan ucara fi hendu me ,	nv::nv nv::nv cm::dat nn::prpn cm::gen nv::nv nn::prpn.person verb::vv e::cve verb::vv e::cve mark::comma
jušen i emu angga de ,	nv::nv cm::gen nv::nv nv::nv cm::dat mark::comma
kintai be hayan ,	nn::prpn.person cm::acc nv::adj mark::comma
sunja inenggi dube de ,	nv::nv nv::nv nv::nv cm::dat mark::comma
han i hecen i weile beide re amba yamun de habšanji ∅ ,	nv::nv cm::gen nv::nv cm::gen nv::nv verb::vv e::npst.ptcp nv::adj nv::nv cm::dat verb::vv e::fve.imperative mark::comma
eigen sargan be ume faksala ra ,	nv::nv nv::nv cm::acc nv::nv verb::vv e::npst.ptcp mark::comma
buhi ,	nv::nv mark::comma
amin_beile ihan wa me juwan ba i dube de okdo fi gaji ha ,	nn::prpn nv::nv verb::vv e::cve nv::nv nv::nv cm::gen nv::nv cm::dat verb::vv e::cve verb::vv e::pst.ptcp mark::comma
fulgiyan jafu emken ,	nv::nv nv::nv nv::nv mark::comma
julergi de anafu te he cooha i amban sa de wasimbu ha ,	nv::nv cm::dat nv::nv verb::vv e::pst.ptcp nv::nv cm::gen nv::nv nv::nv cm::dat verb::vv e::pst.ptcp mark::comma
ere ci amasi ,	nv::nv cm::abl nv::nv mark::comma
yehe de gene me jura ka ,	nv::nv cm::dat verb::vv e::cve verb::vv e::pst.ptcp mark::comma
ere gese ba be ,	nv::nv nv::nv nv::nv cm::acc mark::comma
yehe i narimbulu i susai niyalma be jafa fi ,	nv::nv cm::gen nn::prpn.person cm::gen nv::nv nv::nv cm::acc verb::vv e::cve mark::comma
monggo i beile se be baha fi wa fi ,	nv::nv cm::gen nv::nv nv::nv cm::acc verb::vv e::cve verb::vv e::cve mark::comma
na be jiramin seme gūwaliya fi ,	nv::nv cm::acc nv::adj comp verb::vv e::cve mark::comma
ere ilan ,	nv::nv nv::nv mark::comma
tacibu ha gisun be eje rakū ,	verb::vv e::pst.ptcp nv::nv cm::acc verb::vv e::npst.ptcp.neg mark::comma
hungkere me sain ,	verb::vv e::cve nv::adj mark::comma
muse afa ci buce mbi ,	pn::1pl.incl verb::vv e::cve verb::vv e::fve.npst mark::comma
aita be yaya fon de dulba i dosimbu ha ngge akū ,	nn::prpn.person cm::acc nv::nv nv::nv cm::dat nv::adj cm::gen verb::vv e::pst.ptcp nmlz::nmlz nv::adj mark::comma
suwe ainu uttu weile i ejen bata o fi ,	pn::2pl nv::nv nv::nv nv::nv cm::gen nv::nv nv::nv verb::vv e::cve mark::comma
wei te he boo ,	nv::nv verb::vv e::pst.ptcp nv::nv mark::comma
urun i doro i aldangga niyakūra fi ,	nv::nv cm::gen nv::nv cm::gen nv::adj verb::vv e::cve mark::comma
amin_taiji ,	nn::prpn mark::comma
tongki fuka sinda ha hergen i dangse .	nv::nv nv::nv verb::vv e::pst.ptcp nv::nv cm::gen nv::nv mark::period
meni meni jori ha ba de hūdun gene ∅ ,	nv::nv nv::nv verb::vv e::pst.ptcp nv::nv cm::dat nv::adj verb::vv e::fve.imperative mark::comma
hingkan_golo i amban bi he ,	nn::prpn cm::gen nv::nv verb::vv e::pst.ptcp mark::comma
juwe tanggū susai yan menggun gaji ha bi he ,	nv::nv nv::nv nv::nv nv::nv nv::nv verb::vv e::pst.ptcp verb::vv e::pst.ptcp mark::comma
susai uksin bu re ,	nv::nv nv::nv verb::vv e::npst.ptcp mark::comma
tere cooha de feye baha ha niyalma burula ra de ,	nv::nv nv::nv cm::dat nv::nv verb::vv e::pst.ptcp nv::nv verb::vv e::npst.ptcp cm::dat mark::comma
muse i amban sa de uji ∅ seme afabu habi ,	nv::nv cm::gen nv::nv nv::nv cm::dat verb::vv e::fve.imperative comp verb::vv e::fve.prs.prf mark::comma
min de suwen i nikan šang ambula bu fi ,	pn::1sg cm::dat pn::2pl cm::gen nv::nv nv::nv nv::nv verb::vv e::cve mark::comma
sure_kundulen_han gabta ra mangga ,	nn::prpn verb::vv e::npst.ptcp nv::adj mark::comma
guwangning ci guri me ji he boigon be ,	nn::prpn.plc cm::abl verb::vv e::cve verb::vv e::pst.ptcp nv::nv cm::acc mark::comma
tuttu wa ha manggi ,	nv::nv verb::vv e::pst.ptcp nv::nv mark::comma
mohoto ,	nv::nv mark::comma
fakca rakū ci ,	verb::vv e::npst.ptcp.neg e::cve mark::comma
min i emgi adarame doro jafa mbi seme hendu mbi dere seme elcin unggi hekū ,	pn::1sg cm::gen nv::nv nv::nv nv::nv verb::vv e::fve.npst comp verb::vv e::fve.npst ptcl comp nv::nv verb::vv e::pst.ptcp.neg mark::comma
emu gecuheri ,	nv::nv nv::nv mark::comma
hai_jeo ci wesihun ,	nn::prpn cm::abl nv::nv mark::comma
in i jaka de bibu rakū tulergi golo de dzung_bing_guwan obu fi unggi re jaka de ,	pn::3sg cm::gen nv::nv cm::dat verb::vv e::npst.ptcp.neg nv::nv nv::nv cm::dat nv::nv verb::vv e::cve verb::vv e::npst.ptcp nv::nv cm::dat mark::comma
fulgiyan gebungge ala ∅ de ,	nv::nv nv::adj verb::vv e::fve.imperative cm::dat mark::comma
ahūn be sinda fi ,	nv::nv cm::acc verb::vv e::cve mark::comma
jušen i ba de gene he de ,	nv::nv cm::gen nv::nv cm::dat verb::vv e::pst.ptcp cm::dat mark::comma
han i gisun i aca mbi ,	nv::nv cm::gen nv::nv cm::gen verb::vv e::fve.npst mark::comma
ula de gidabu cina ,	nv::nv cm::dat verb::vv e::fve.opt mark::comma
hahasi be gemu wa ha ,	nv::nv cm::acc nv::nv verb::vv e::pst.ptcp mark::comma
sunja ba de te he jušen i morin i cooha be ,	nv::nv nv::nv cm::dat verb::vv e::pst.ptcp nv::nv cm::gen nv::nv cm::gen nv::nv cm::acc mark::comma
jebele beri akū seme ala ra jaka de ,	nv::nv nv::nv nv::adj comp verb::vv e::npst.ptcp nv::nv cm::dat mark::comma
guwangning de te he cooha i amban sa i unggi he bithe ,	nn::prpn.plc cm::dat verb::vv e::pst.ptcp nv::nv cm::gen nv::nv nv::nv cm::gen verb::vv e::pst.ptcp nv::nv mark::comma
solho ,	nv::nv mark::comma
min i kadala ra emu niru i cooha be iogi tsanjiyang ci fakca rakū ,	pn::1sg cm::gen verb::vv e::npst.ptcp nv::nv nv::nv cm::gen nv::nv cm::acc nv::nv nv::nv cm::abl verb::vv e::npst.ptcp.neg mark::comma
jušen i kamci hakū ba i niyalma ,	nv::nv cm::gen verb::vv e::pst.ptcp.neg nv::nv cm::gen nv::nv mark::comma
menggetu gulhun hai_si u_lii_ho_wei i du_jy_hūi_ciyanši cita i omolo muli ,	nn::prpn.person nv::adj nn::prpn nn::prpn cm::gen nv::nv nn::prpn.person cm::gen nv::nv nn::prpn.person mark::comma
men be monggo sucu fi gama mbi seme alanji ha manggi ,	pn::1pl.excl cm::acc nv::nv verb::vv e::cve verb::vv e::fve.npst comp verb::vv e::pst.ptcp nv::nv mark::comma
hecen i julergi hunehe_bira be doo me bošo hobi ,	nv::nv cm::gen nv::nv nn::prpn cm::acc verb::vv e::cve verb::vv e::fve.prs.prf mark::comma
tere cooha gida ha inenggi ,	nv::nv nv::nv verb::vv e::pst.ptcp nv::nv mark::comma
deye me yabu re doksin gasha i gese gūni me yabu ha ,	verb::vv e::cve verb::vv e::npst.ptcp nv::adj nv::nv cm::gen nv::nv verb::vv e::cve verb::vv e::pst.ptcp mark::comma
niru i ejen i wasimbu ha gisun be onggo rakū ,	nv::nv cm::gen nv::nv cm::gen verb::vv e::pst.ptcp nv::nv cm::acc verb::vv e::npst.ptcp.neg mark::comma
liyoodung ni hecen be tuwakiya me weri he ,	nn::prpn.plc cm::gen nv::nv cm::acc verb::vv e::cve verb::vv e::pst.ptcp mark::comma
hanci baha mbi ,	nv::adj verb::vv e::fve.npst mark::comma
juwe ulgiyan ,	nv::nv nv::nv mark::comma
sui isi fi se jalgan foholon o fi buce kini ,	nv::nv verb::vv e::cve nv::nv nv::nv nv::adj verb::vv e::cve verb::vv e::fve.opt mark::comma
nene me efule me waji ha niyalma ,	verb::vv e::cve verb::vv e::cve verb::vv e::pst.ptcp nv::nv mark::comma
bele isi rakū seme ,	nv::nv verb::vv e::npst.ptcp.neg comp mark::comma
g'ao_taigiyan i alban de gele me ninggun tumen niyalma jase jaka de ji fi ,	nn::prpn cm::gen nv::nv cm::dat verb::vv e::cve nv::nv nv::nv nv::nv nv::nv nv::nv cm::dat verb::vv e::cve mark::comma
beile se amban sa hecen de bi he cooha be gai fi ,	nv::nv nv::nv nv::nv nv::nv nv::nv cm::dat verb::vv e::pst.ptcp nv::nv cm::acc verb::vv e::cve mark::comma
tondo sain mujilen i banji re niyalma ,	nv::adj nv::adj nv::nv cm::gen verb::vv e::npst.ptcp nv::nv mark::comma
miosihon mujilen i banji ci ,	nv::adj nv::nv cm::gen verb::vv e::cve mark::comma
ere be nakabu ci ,	nv::nv cm::acc verb::vv e::cve mark::comma
jakūn gūsa i jakūn ubu sinda me faita me wa fi ,	nv::nv nv::nv cm::gen nv::nv nv::nv verb::vv e::cve verb::vv e::cve verb::vv e::cve mark::comma
fujisa i baru hendu me ,	nv::nv cm::gen nv::nv verb::vv e::cve mark::comma
gai fi gene he jalan i ejen janggin de weile ,	verb::vv e::cve verb::vv e::pst.ptcp nv::nv cm::gen nv::nv nv::nv cm::dat nv::nv mark::comma
ginjeo i juwe wei be guwangning de tebu he ,	nn::prpn.plc cm::gen nv::nv nv::nv cm::acc nn::prpn.plc cm::dat verb::vv e::pst.ptcp mark::comma
morin yalu fi jakūn gūsa i cooha be gemu gai fi ,	nv::nv verb::vv e::cve nv::nv nv::nv cm::gen nv::nv cm::acc nv::nv verb::vv e::cve mark::comma
○ sunja biya i ice inenggi ,	mark::circle nv::nv nv::nv cm::gen nv::adj nv::nv mark::comma
lang_iogi ,	nn::prpn mark::comma
mao_wen_lung de sain gisun bi ,	nn::prpn cm::dat nv::adj nv::nv verb::vv.npst mark::comma
hoifa ,	nn::prpn.plc mark::comma
giya_jing ni dehi ilaci aniya ninggun biya i orin juwe de baha ha ,	nn::prpn cm::gen nv::nv nv::nv nv::nv nv::nv nv::nv cm::gen nv::nv nv::nv cm::dat verb::vv e::pst.ptcp mark::comma
ice guribu he ba i niyalma o ci ,	nv::adj verb::vv e::pst.ptcp nv::nv cm::gen nv::nv verb::vv e::cve mark::comma
te jakūn gūsa i jakūn iogi tuci fi ,	nv::nv nv::nv nv::nv cm::gen nv::nv nv::nv verb::vv e::cve mark::comma
ama i hergen bu fi uji mbi ,	nv::nv cm::gen nv::nv verb::vv e::cve verb::vv e::fve.npst mark::comma
losa hūlha ha seme iogi hergen be nakabu ha ,	nv::nv verb::vv e::pst.ptcp comp nv::nv nv::nv cm::acc verb::vv e::pst.ptcp mark::comma
hehe i eigen langtu jafa fi afanji re jaka de ,	nv::nv cm::gen nv::nv nv::nv verb::vv e::cve verb::vv e::npst.ptcp nv::nv cm::dat mark::comma
ba i goro de ,	nv::nv cm::gen nv::nv cm::dat mark::comma
○ dzung_bing_guwan yangguri ,	mark::circle nv::nv nn::prpn.person mark::comma
bira be hūrhada ci ,	nv::nv cm::acc verb::vv e::cve mark::comma
beye i sasa nukte me gai fi yabu ci antaka ,	nv::nv cm::gen nv::nv verb::vv e::cve verb::vv e::cve verb::vv e::cve nv::nv mark::comma
yanjuhū beiguwan daise iogi ,	nn::prpn.person nv::nv nv::nv nv::nv mark::comma
jui de emu morin yalubu fi gucu dahabu fi unggi ∅ ,	nv::nv cm::dat nv::nv nv::nv verb::vv e::cve nv::nv verb::vv e::cve verb::vv e::fve.imperative mark::comma
hecen saha mbi ,	nv::nv verb::vv e::fve.npst mark::comma
ere ilan ba i harangga nikasa be gai fi ,	nv::nv nv::nv nv::nv cm::gen nv::nv nv::nv cm::acc verb::vv e::cve mark::comma
lio_fujiyang de wasimbu ha ,	nn::prpn cm::dat verb::vv e::pst.ptcp mark::comma
fusi de ,	nn::prpn.plc cm::dat mark::comma
juwe tumen emu minggan emu tanggū susai ,	nv::nv nv::nv nv::nv nv::nv nv::nv nv::nv nv::nv mark::comma
mujakū ama jui ahūn deo eigen sargan be faksala fi ainu unggi mbi ,	nv::nv nv::nv nv::nv nv::nv nv::nv nv::nv nv::nv cm::acc verb::vv e::cve nv::nv verb::vv e::fve.npst mark::comma
sunja biya i ice juwe de fusi_efu ,	nv::nv nv::nv cm::gen nv::adj nv::nv cm::dat nn::prpn mark::comma
ume ali me gaija ra ,	nv::nv verb::vv e::cve verb::vv e::npst.ptcp mark::comma
sin be kemuni dain seme gūni mbi ,	pn::2sg cm::acc nv::nv nv::nv comp verb::vv e::fve.npst mark::comma
ineku nadan biya i ice uyun de ,	nv::nv nv::nv nv::nv cm::gen nv::adj nv::nv cm::dat mark::comma
ciyandzung ni hergen bi he ,	nv::nv cm::gen nv::nv verb::vv e::pst.ptcp mark::comma
afabu ha weile be mute mbi ,	verb::vv e::pst.ptcp nv::nv cm::acc verb::vv e::fve.npst mark::comma
nikan han ete he bi ci ,	nv::nv nv::nv verb::vv e::pst.ptcp verb::vv e::cve mark::comma
uksin saca ,	nv::nv nv::nv mark::comma
aba i dolo dosi me ume feksi re ,	nv::nv cm::gen nv::nv verb::vv e::cve nv::nv verb::vv e::npst.ptcp mark::comma
seke i mahala ,	nv::nv cm::gen nv::nv mark::comma
ihan_alin de emu feye baha ha ,	nn::prpn cm::dat nv::nv nv::nv verb::vv e::pst.ptcp mark::comma
ginjeo i hoton de nikan i ilan minggan cooha dosi kabi seme alanji ha manggi ,	nn::prpn.plc cm::gen nv::nv cm::dat nv::nv cm::gen nv::nv nv::nv nv::nv verb::vv e::fve.prs.prf comp verb::vv e::pst.ptcp nv::nv mark::comma
alban i ihan be uji he niyalma usin tari kini seme sinda fi unggi he ,	nv::nv cm::gen nv::nv cm::acc verb::vv e::pst.ptcp nv::nv nv::nv verb::vv e::fve.opt comp verb::vv e::cve verb::vv e::pst.ptcp mark::comma
gene he cooha i niyalma ice_hecen de morin ulebu ∅ ,	verb::vv e::pst.ptcp nv::nv cm::gen nv::nv nn::prpn cm::dat nv::nv verb::vv e::fve.imperative mark::comma
iogi gai fi ,	nv::nv verb::vv e::cve mark::comma
geli min i juwe omolo sargan jui be bu he ,	nv::nv pn::1sg cm::gen nv::nv nv::nv nv::nv nv::nv cm::acc verb::vv e::pst.ptcp mark::comma
daimbu dzung_bing_guwan ,	nn::prpn.person nv::nv mark::comma
suwe ulhi re unde kai ,	pn::2pl verb::vv e::npst.ptcp nv::nv ptcl mark::comma
jakūnju niyalma be gai fi ,	nv::nv nv::nv cm::acc verb::vv e::cve mark::comma
in i hanci bi he hashū ergi gala i emu gūsa i cooha be sinda fi unggi he ,	pn::3sg cm::gen nv::adj verb::vv e::pst.ptcp nv::nv nv::nv nv::nv cm::gen nv::nv nv::nv cm::gen nv::nv cm::acc verb::vv e::cve verb::vv e::pst.ptcp mark::comma
○ orin ninggun de wasimbu ha bithe i gisun ,	mark::circle nv::nv nv::nv cm::dat verb::vv e::pst.ptcp nv::nv cm::gen nv::nv mark::comma
tongki fuka sinda ha hergen i dangse .	nv::nv nv::nv verb::vv e::pst.ptcp nv::nv cm::gen nv::nv mark::period
jai inenggi fu_jeo i ice jase ci amasi amba alin i da ci mederi de isi tala ,	nv::nv nv::nv nn::prpn cm::gen nv::adj nv::nv cm::abl nv::nv nv::adj nv::nv cm::gen nv::nv cm::abl nv::nv cm::dat verb::vv e::cve mark::comma
weile de afabu ha baksi ,	nv::nv cm::dat verb::vv e::pst.ptcp nv::nv mark::comma
cahar ,	nn::prpn.plc mark::comma
šun dekde re julergi hošo i baru aca ha .	nv::nv verb::vv e::npst.ptcp nv::nv nv::nv cm::gen nv::nv verb::vv e::pst.ptcp mark::period
○ sahalca i sahaliyan_bayan i emgi guwangning de hūda gene he emu niyalma ,	mark::circle nv::nv cm::gen nn::prpn cm::gen nv::nv nn::prpn.plc cm::dat nv::nv verb::vv e::pst.ptcp nv::nv nv::nv mark::comma
suwe hūdun tokso dende fi ,	pn::2pl nv::adj nv::nv verb::vv e::cve mark::comma
tere omo i dalin de dedu he .	nv::nv nv::nv cm::gen nv::nv cm::dat verb::vv e::pst.ptcp mark::period
ula i cooha hoton ci tuci fi okdo me ji hebi ,	nv::nv cm::gen nv::nv nv::nv cm::abl verb::vv e::cve verb::vv e::cve verb::vv e::fve.prs.prf mark::comma
ere menggun fete he niyalma juwe jergi bu re jeku bu he o seme fonji fi ,	nv::nv nv::nv verb::vv e::pst.ptcp nv::nv nv::nv nv::nv verb::vv e::npst.ptcp nv::nv verb::vv e::pst.ptcp ptcl comp verb::vv e::cve mark::comma
○ neici_beile i emu haha ,	mark::circle nn::prpn cm::gen nv::nv nv::nv mark::comma
○ juwe biya de ,	mark::circle nv::nv nv::nv cm::dat mark::comma
ula de juwe feye gidalabu ha ,	nv::nv cm::dat nv::nv nv::nv verb::vv e::pst.ptcp mark::comma
ere emte hūntahan arki omibu ha ngge ,	nv::nv nv::nv nv::nv nv::nv verb::vv e::pst.ptcp nmlz::nmlz mark::comma
yung_ping ci abatai_beile ,	nn::prpn cm::abl nn::prpn mark::comma
aba cooha i gisun be bi donji hakū ,	nv::nv nv::nv cm::gen nv::nv cm::acc pn::1sg verb::vv e::pst.ptcp.neg mark::comma
ara rakū jaka be ara ra faksi niyalma ,	verb::vv e::npst.ptcp.neg nv::nv cm::acc verb::vv e::npst.ptcp nv::nv nv::nv mark::comma
jakūn gūsa i emu niru i duite uksin be gai fi gene fi baha hakū o fi ,	nv::nv nv::nv cm::gen nv::nv nv::nv cm::gen nv::nv nv::nv cm::acc verb::vv e::cve verb::vv e::cve verb::vv e::pst.ptcp.neg verb::vv e::cve mark::comma
bujantai duri me gai mbi seme gisure he ,	nn::prpn.person verb::vv e::cve verb::vv e::fve.npst comp verb::vv e::pst.ptcp mark::comma
suwe ši_fang_sy i šurde me ulha be ulebu me ili ∅ ,	pn::2pl nn::prpn cm::gen verb::vv e::cve nv::nv cm::acc verb::vv e::cve verb::vv e::fve.imperative mark::comma
niyaman hūncihin seme harša rakū ,	nv::nv nv::nv comp verb::vv e::npst.ptcp.neg mark::comma
geren hebe akū tuci ke niyalma de weile ara ha ,	nv::adj nv::nv nv::adj verb::vv e::pst.ptcp nv::nv cm::dat nv::nv verb::vv e::pst.ptcp mark::comma
coko unca ra niyalma ,	nv::nv verb::vv e::npst.ptcp nv::nv mark::comma
tugi hafu šun be atanggi tuci re seme tuwa ra gese ,	nv::nv nv::nv nv::nv cm::acc nv::nv verb::vv e::npst.ptcp comp verb::vv e::npst.ptcp nv::nv mark::comma
jasaktu ,	nn::prpn.person mark::comma
gūsa i ejen beile i boo de aha dosimbu ha ,	nv::nv cm::gen nv::nv nv::nv cm::gen nv::nv cm::dat nv::nv verb::vv e::pst.ptcp mark::comma
tung_tsanjiyang be sio_yan i hecen de amasi unggi ∅ ,	nn::prpn cm::acc nn::prpn cm::gen nv::nv cm::dat nv::nv verb::vv e::fve.imperative mark::comma
solho i sunja minggan cooha be dahabu fi unggi he manggi ,	nv::nv cm::gen nv::nv nv::nv nv::nv cm::acc verb::vv e::cve verb::vv e::pst.ptcp nv::nv mark::comma
tere gūsa i amba ing ni cooha i ejen dzung_bing_guwan hergen i eidu_baturu ,	nv::nv nv::nv cm::gen nv::adj nv::nv cm::gen nv::nv cm::gen nv::nv nv::nv nv::nv cm::gen nn::prpn mark::comma
meni meni te he ba be saikan akdula me songko faita ∅ ,	nv::nv nv::nv verb::vv e::pst.ptcp nv::nv cm::acc nv::adj verb::vv e::cve nv::nv verb::vv e::fve.imperative mark::comma
unege be encule me weile beide he seme ,	nn::prpn.person cm::acc verb::vv e::cve nv::nv verb::vv e::pst.ptcp comp mark::comma
hashū ergi duin gūsa i amba ing ni cooha de isina ha manggi ,	nv::nv nv::nv nv::nv nv::nv cm::gen nv::adj nv::nv cm::gen nv::nv cm::dat verb::vv e::pst.ptcp nv::nv mark::comma
juse uji fi hūsun gai mbi seme hendu he bi he kai ,	nv::nv verb::vv e::cve nv::nv verb::vv e::fve.npst comp verb::vv e::pst.ptcp verb::vv e::pst.ptcp ptcl mark::comma
uttu ehe gisun be gisure fi ,	nv::nv nv::adj nv::nv cm::acc verb::vv e::cve mark::comma
○ monggo i jarut gurun i jongnon_beile i monggo ,	mark::circle nv::nv cm::gen nn::prpn.plc nv::nv cm::gen nn::prpn cm::gen nv::nv mark::comma
ebu ci ,	verb::vv e::cve mark::comma
geren niru niru de sarin sarila me bu he bithe ,	nv::adj nv::nv nv::nv cm::dat nv::nv verb::vv e::cve verb::vv e::pst.ptcp nv::nv mark::comma
nikan cooha duin jugūn be tuci ke bi he ngge ,	nv::nv nv::nv nv::nv nv::nv cm::acc verb::vv e::pst.ptcp verb::vv e::pst.ptcp nmlz::nmlz mark::comma
muse ume hendu re ,	pn::1pl.incl nv::nv verb::vv e::npst.ptcp mark::comma
jai ninggun muheliyen duka o fi ,	nv::nv nv::nv nv::adj nv::nv verb::vv e::cve mark::comma
taka birai_wargi jeku juwe re de ,	nv::nv nn::prpn nv::nv verb::vv e::npst.ptcp cm::dat mark::comma
tere muse i cooha daha me gene fi ,	nv::nv nv::nv cm::gen nv::nv verb::vv e::cve verb::vv e::cve mark::comma
i_jeo de gene he ,	nn::prpn cm::dat verb::vv e::pst.ptcp mark::comma
emu jergi gaija ra weile waliya ha ,	nv::nv nv::nv verb::vv e::npst.ptcp nv::nv verb::vv e::pst.ptcp mark::comma
ilaci jergi fujiyang obu ha ,	nv::nv nv::nv nv::nv verb::vv e::pst.ptcp mark::comma
ujula me ji he jakūn amban de ,	verb::vv e::cve verb::vv e::pst.ptcp nv::nv nv::nv cm::dat mark::comma
emu silun i dahū ,	nv::nv nv::nv cm::gen nv::nv mark::comma
juwenggeri baha ra ubu ci nakabu mbi ,	nv::nv verb::vv e::npst.ptcp nv::nv cm::abl verb::vv e::fve.npst mark::comma
jai niyalma wa ha kooli se re gisun hendu ci ,	nv::nv nv::nv verb::vv e::pst.ptcp nv::nv verb::vv e::npst.ptcp nv::nv verb::vv e::cve mark::comma
weri gala be ša me ,	nv::nv nv::nv cm::acc verb::vv e::cve mark::comma
dahatai ,	nn::prpn.person mark::comma
sabigan be acan beiguwan ,	nn::prpn.person cm::acc nv::nv nv::nv mark::comma
ula i amba hecen i wargi duka i teisu juwe ba i dube de ,	nv::nv cm::gen nv::adj nv::nv cm::gen nv::nv nv::nv cm::gen nv::nv nv::nv nv::nv cm::gen nv::nv cm::dat mark::comma
fu_jeo i ba i usin i jeku be ,	nn::prpn cm::gen nv::nv cm::gen nv::nv cm::gen nv::nv cm::acc mark::comma
hai_si giya_doo_wei i du_jy_hūi_ciyanši cubu i omolo tutaha ,	nn::prpn nn::prpn cm::gen nv::nv nn::prpn.person cm::gen nv::nv nn::prpn.person mark::comma
genggiyen galga bi he ,	nv::adj nv::nv verb::vv e::pst.ptcp mark::comma
tere ilan ing ni cooha be sarkū bi he bi ci ,	nv::nv nv::nv nv::nv cm::gen nv::nv cm::acc nv::nv verb::vv e::pst.ptcp verb::vv e::cve mark::comma
gūwa geren elcin be unggi me ,	nv::nv nv::adj nv::nv cm::acc verb::vv e::cve mark::comma
gai ha jaka be tooda mbi ,	verb::vv e::pst.ptcp nv::nv cm::acc verb::vv e::fve.npst mark::comma
dain de fujiyang ni ba be kadala me fafula me mute mbi ,	nv::nv cm::dat nv::nv cm::gen nv::nv cm::acc verb::vv e::cve verb::vv e::cve verb::vv e::fve.npst mark::comma
wa ci buce ki ,	verb::vv e::cve verb::vv e::fve.opt mark::comma
sin i cisu i gisun donji me ji ci adarame o mbi ,	pn::2sg cm::gen nv::nv cm::gen nv::nv verb::vv e::cve verb::vv e::cve nv::nv verb::vv e::fve.npst mark::comma
su_langjung ,	nn::prpn mark::comma
donoi ,	nn::prpn.person mark::comma
wanca janggin ,	nn::prpn.person nv::nv mark::comma
tere ba be min i beye dacila me tuwa me gene mbi ,	nv::nv nv::nv cm::acc pn::1sg cm::gen nv::nv verb::vv e::cve verb::vv e::cve verb::vv e::fve.npst mark::comma
manggūltai be gene he waka se ci ,	nn::prpn.person cm::acc verb::vv e::pst.ptcp nv::adj verb::vv e::cve mark::comma
sunjata yan aisin ,	nv::nv nv::nv nv::nv mark::comma
ilaci jergi iogi obu ha ,	nv::nv nv::nv nv::nv verb::vv e::pst.ptcp mark::comma
šun dekde re ergi duka i tule ,	nv::nv verb::vv e::npst.ptcp nv::nv nv::nv cm::gen nv::nv mark::comma
min i juse omosi jalan hala me han de gosibu me wesihun banji kini .	pn::1sg cm::gen nv::nv nv::nv nv::nv verb::vv e::cve nv::nv cm::dat verb::vv e::cve nv::nv verb::vv e::fve.opt mark::period
bi miosihon ,	pn::1sg nv::adj mark::comma
uka ra ubaša ra niyalma be baica rakū niyalma ,	verb::vv e::npst.ptcp verb::vv e::npst.ptcp nv::nv cm::acc verb::vv e::npst.ptcp.neg nv::nv mark::comma
duka tolo ci ,	nv::nv verb::vv e::cve mark::comma
lii_fuma ,	nn::prpn mark::comma
baindari ,	nn::prpn.person mark::comma
men i gai re gūsin tumen usin be ,	pn::1pl.excl cm::gen verb::vv e::npst.ptcp nv::nv nv::nv nv::nv cm::acc mark::comma
buya niyalma ,	nv::adj nv::nv mark::comma
ihan minggan emken ,	nv::nv nv::nv nv::nv mark::comma
sui isabu re ngge kai ,	nv::nv verb::vv e::npst.ptcp nmlz::nmlz ptcl mark::comma
karun ,	nv::nv mark::comma
gucu ara me yabu kini seme ,	nv::nv verb::vv e::cve verb::vv e::fve.opt comp mark::comma
han i hergen bu he amban sa ,	nv::nv cm::gen nv::nv verb::vv e::pst.ptcp nv::nv nv::nv mark::comma
wan_lii i orin nadaci aniya juwe biya i ice uyun de baha ha ,	nn::prpn cm::gen nv::nv nv::nv nv::nv nv::nv nv::nv cm::gen nv::adj nv::nv cm::dat verb::vv e::pst.ptcp mark::comma
wehe i bithe de ,	nv::nv cm::gen nv::nv cm::dat mark::comma
menggun ainu gai mbi seme ma_šeo_pu be jafa ha jafa ha manggi ,	nv::nv nv::nv verb::vv e::fve.npst comp nn::prpn cm::acc verb::vv e::pst.ptcp verb::vv e::pst.ptcp nv::nv mark::comma
boo usin jeku bu re niyalma ,	nv::nv nv::nv nv::nv verb::vv e::npst.ptcp nv::nv mark::comma
udu hecen be tuwakiya ha seme ,	nv::nv nv::nv cm::acc verb::vv e::pst.ptcp comp mark::comma
nene me axša fi burula ha ,	verb::vv e::cve verb::vv e::cve verb::vv e::pst.ptcp mark::comma
tere bojiri gebungge hojihon i emgi seke uda me gūsin niyalma unggi he bi he ,	nv::nv nn::prpn.person nv::adj nv::nv cm::gen nv::nv nv::nv verb::vv e::cve nv::nv nv::nv verb::vv e::pst.ptcp verb::vv e::pst.ptcp mark::comma
cooha i agūra be ici akū ehe ba be dasa ∅ ,	nv::nv cm::gen nv::nv cm::acc nv::nv nv::adj nv::adj nv::nv cm::acc verb::vv e::fve.imperative mark::comma
han takūra fi ,	nv::nv verb::vv e::cve mark::comma
mao_wen_lung niyalma sinda fi kemuni dobori dosi fi hūlha me tuwa me yabu mbi ,	nn::prpn nv::nv verb::vv e::cve nv::nv nv::nv verb::vv e::cve verb::vv e::cve verb::vv e::cve verb::vv e::fve.npst mark::comma
jai geli suje ulin hūlha ha seme ,	nv::nv nv::nv nv::nv nv::nv verb::vv e::pst.ptcp comp mark::comma
emgeri den mujilen be jafa hakū ,	nv::nv nv::adj nv::nv cm::acc verb::vv e::pst.ptcp.neg mark::comma
duici jergi kūwata ,	nv::nv nv::nv nn::prpn.person mark::comma
nikan daba me jase i tule jušen i orhoda guru re ,	nv::nv verb::vv e::cve nv::nv cm::gen nv::nv nv::nv cm::gen nv::nv verb::vv e::npst.ptcp mark::comma
jeku bisi re niyalma ilan minggan juwe tanggū haha akū doro bi o ,	nv::nv verb::vv e::npst.ptcp nv::nv nv::nv nv::nv nv::nv nv::nv nv::nv nv::adj nv::nv verb::vv.npst ptcl mark::comma
emu gūsa de juwete beidesi ,	nv::nv nv::nv cm::dat nv::nv nv::nv mark::comma
nikan han de usha ha koro ho nadan amba koro i gisun be gemu bithe ara fi ,	nv::nv nv::nv cm::dat verb::vv e::pst.ptcp verb::vv e::pst.ptcp nv::nv nv::adj nv::nv cm::gen nv::nv cm::acc nv::nv nv::nv verb::vv e::cve mark::comma
afabu ha weile be mute mbi ,	verb::vv e::pst.ptcp nv::nv cm::acc verb::vv e::fve.npst mark::comma
abka i ioi_hūwang_miyoo ,	nv::nv cm::gen nv::nv mark::comma
jeng_giyang ni ba i niyalma ,	nn::prpn cm::gen nv::nv cm::gen nv::nv mark::comma
tere i amala jaka i golo be geli cooha ji mbi seme donji ci ,	nv::nv cm::gen nv::nv nv::nv cm::gen nv::nv cm::acc nv::nv nv::nv verb::vv e::fve.npst comp verb::vv e::cve mark::comma
tokso de yabu cibe ,	nv::nv cm::dat verb::vv e::cve mark::comma
juwe ihan ,	nv::nv nv::nv mark::comma
tere ci ajigen_mergen ,	nv::nv cm::abl nn::prpn mark::comma
sacikū golo i amban bi he ,	nv::nv nv::nv cm::gen nv::nv verb::vv e::pst.ptcp mark::comma
dailiyoo de olho me ,	nn::prpn.plc cm::dat verb::vv e::cve mark::comma
muhaliyan i jui joohana ,	nv::nv cm::gen nv::nv nn::prpn.person mark::comma
han wa ra be naka ha se re ,	nv::nv verb::vv e::npst.ptcp cm::acc verb::vv e::pst.ptcp verb::vv e::npst.ptcp mark::comma
jase i dolo o cibe dain sabu ha de ,	nv::nv cm::gen nv::nv verb::vv e::cve nv::nv verb::vv e::pst.ptcp cm::dat mark::comma
ulin gida hakū tondo amban sa de ,	nv::nv verb::vv e::pst.ptcp.neg nv::adj nv::nv nv::nv cm::dat mark::comma
han gosi me uji re de ,	nv::nv verb::vv e::cve verb::vv e::npst.ptcp cm::dat mark::comma
baisin irgen de gemu ba bu fi ,	nv::nv nv::nv cm::dat nv::nv nv::nv verb::vv e::cve mark::comma
sio_yan i siyoo_beiguwan orin jakūn de alanji ha .	nn::prpn cm::gen nn::prpn nv::nv nv::nv cm::dat verb::vv e::pst.ptcp mark::period
fujisa be gama me gene mbi ,	nv::nv cm::acc verb::vv e::cve verb::vv e::fve.npst mark::comma
tuttu tondo i fafula rakū ehe miosihon jurgan i yabu ci ,	nv::nv nv::adj cm::gen verb::vv e::npst.ptcp.neg nv::adj nv::adj nv::nv cm::gen verb::vv e::cve mark::comma
janggin ,	nv::nv mark::comma
ya fudasihūn jurgan i yabu re niyalma be sa ha de ,	nv::nv nv::adj nv::nv cm::gen verb::vv e::npst.ptcp nv::nv cm::acc verb::vv e::pst.ptcp cm::dat mark::comma
cooha teni faida ki se re de ,	nv::nv nv::nv verb::vv e::fve.opt verb::vv e::npst.ptcp cm::dat mark::comma
○ jakūn biya i orin de ,	mark::circle nv::nv nv::nv cm::gen nv::nv cm::dat mark::comma
borjin i beye ,	nn::prpn.person cm::gen nv::nv mark::comma
jakūnjuta eje he bu he ,	nv::nv verb::vv e::pst.ptcp verb::vv e::pst.ptcp mark::comma
du_tang de juwe biya i ice duin de wasimbu ha ,	nv::nv cm::dat nv::nv nv::nv cm::gen nv::adj nv::nv cm::dat verb::vv e::pst.ptcp mark::comma
bojiri goro ba ci yalu fi ji he morin šada ha dere ,	nn::prpn.person nv::nv nv::nv cm::abl verb::vv e::cve verb::vv e::pst.ptcp nv::nv verb::vv e::pst.ptcp ptcl mark::comma
juwe simhun gabtabu ha seme ,	nv::nv nv::nv verb::vv e::pst.ptcp comp mark::comma
bi hendu ci ete rakū ,	pn::1sg verb::vv e::cve verb::vv e::npst.ptcp.neg mark::comma
han hendu me ,	nv::nv verb::vv e::cve mark::comma
emu ciyandzung de duin niyalma ,	nv::nv nv::nv cm::dat nv::nv nv::nv mark::comma
ice nadan de aita fujiyang de unggi he bithe ,	nv::adj nv::nv cm::dat nn::prpn.person nv::nv cm::dat verb::vv e::pst.ptcp nv::nv mark::comma
fusi_efu i juse be ,	nn::prpn cm::gen nv::nv cm::acc mark::comma
bejang_guwan_tun_gašan i niyalma suwe ,	nn::prpn cm::gen nv::nv pn::2pl mark::comma
jori ha jurgan be jurce rakū seme beiguwan obu ha .	verb::vv e::pst.ptcp nv::nv cm::acc verb::vv e::npst.ptcp.neg comp nv::nv verb::vv e::pst.ptcp mark::period
han sadun de akda ha bi he ,	nv::nv nv::nv cm::dat verb::vv e::pst.ptcp verb::vv e::pst.ptcp mark::comma
boo usin be goi ha ba i niyalma de bu ∅ .	nv::nv nv::nv cm::acc verb::vv e::pst.ptcp nv::nv cm::gen nv::nv cm::dat verb::vv e::fve.imperative mark::period
gemu gama ∅ seme suwen i elcin de hendu he se re ,	nv::nv verb::vv e::fve.imperative comp pn::2pl cm::gen nv::nv cm::dat verb::vv e::pst.ptcp verb::vv e::npst.ptcp mark::comma
batuhan ,	nn::prpn.person mark::comma
afabu ha jurgan be kice ki .	verb::vv e::pst.ptcp nv::nv cm::acc verb::vv e::fve.opt mark::period
fujiyang ,	nv::nv mark::comma
fu_jeo i ba i niyalma be ubaša me gene mbi seme donji fi cooha ji he ,	nn::prpn cm::gen nv::nv cm::gen nv::nv cm::acc verb::vv e::cve verb::vv e::fve.npst comp verb::vv e::cve nv::nv verb::vv e::pst.ptcp mark::comma
te ere aniya cuwan_ceng ni niyalma ,	nv::nv nv::nv nv::nv nn::prpn cm::gen nv::nv mark::comma
ere ci julesi hūlha holo koimali jalingga akū ,	nv::nv cm::abl nv::nv nv::nv nv::nv nv::adj nv::adj nv::adj mark::comma
tere ci towakui_angga de dedu he .	nv::nv cm::abl nn::prpn cm::dat verb::vv e::pst.ptcp mark::period
durhu ,	nn::prpn.person mark::comma
○ orin ilan de ,	mark::circle nv::nv nv::nv cm::dat mark::comma
tere ci funce he uksin i niyalma ,	nv::nv cm::abl verb::vv e::pst.ptcp nv::nv cm::gen nv::nv mark::comma
geren amban sa be amala niyakūrabu fi hendu me ,	nv::adj nv::nv nv::nv cm::acc nv::nv verb::vv e::cve verb::vv e::cve mark::comma
han i fafun i tondo i kadala mbi ,	nv::nv cm::gen nv::nv cm::gen nv::adj cm::gen verb::vv e::fve.npst mark::comma
ere dule min i boo i aika jaka be wacihiya ha nikai seme jili banji fi ,	nv::nv nv::nv pn::1sg cm::gen nv::nv cm::gen nv::nv nv::nv cm::acc verb::vv e::pst.ptcp ptcl comp nv::nv verb::vv e::cve mark::comma
ulin aci ha morin ,	nv::nv verb::vv e::pst.ptcp nv::nv mark::comma
yamun de dosi fi te fi amba sarin sarila ha .	nv::nv cm::dat verb::vv e::cve verb::vv e::cve nv::adj nv::nv verb::vv e::pst.ptcp mark::period
weihu saci re emu niru i ilata niyalma be unggi ∅ ,	nv::nv verb::vv e::npst.ptcp nv::nv nv::nv cm::gen nv::nv nv::nv cm::acc verb::vv e::fve.imperative mark::comma
dandari ,	nn::prpn.person mark::comma
juse hehe ulha be gai habi ,	nv::nv nv::nv nv::nv cm::acc verb::vv e::fve.prs.prf mark::comma
tere ici ergi ilan tumen gurun sin de dalji akū ,	nv::nv nv::nv nv::nv nv::nv nv::nv nv::nv pn::2sg cm::dat nv::nv nv::adj mark::comma
okdo me tuci fi daha ci ,	verb::vv e::cve verb::vv e::cve verb::vv e::cve mark::comma
cihakū o ci bi ∅ ,	nv::adj verb::vv e::cve verb::vv e::fve.imperative mark::comma
dungsan janggin ,	nn::prpn.person nv::nv mark::comma
jete re jeku ,	verb::vv e::npst.ptcp nv::nv mark::comma
neodei be ,	nn::prpn.person cm::acc mark::comma
in i emgi daya fi bi he emu udu boigon be gai fi ,	pn::3sg cm::gen nv::nv verb::vv e::cve verb::vv e::pst.ptcp nv::nv nv::nv nv::nv cm::acc verb::vv e::cve mark::comma
buya niyalma ,	nv::adj nv::nv mark::comma
fujin i somi me bene he ulin be hūlha me takūra fi gaji re be han sa hakū bi he ,	nv::nv cm::gen verb::vv e::cve verb::vv e::pst.ptcp nv::nv cm::acc verb::vv e::cve verb::vv e::cve verb::vv e::npst.ptcp cm::acc nv::nv verb::vv e::pst.ptcp.neg verb::vv e::pst.ptcp mark::comma
jaisa ,	nn::prpn.person mark::comma
ša_ling de bonio erin de isina fi šurde me ka fi dedu he ,	nn::prpn cm::dat nv::nv nv::nv cm::dat verb::vv e::cve verb::vv e::cve verb::vv e::cve verb::vv e::pst.ptcp mark::comma
○ ice nadan i yamji ,	mark::circle nv::adj nv::nv cm::gen nv::nv mark::comma
nikan ,	nv::nv mark::comma
gu_šan ci tung_yuwan_pu i baru ice jase tondolo me ilibu me gene he .	nn::prpn cm::abl nn::prpn cm::gen nv::nv nv::adj nv::nv verb::vv e::cve verb::vv e::cve verb::vv e::pst.ptcp mark::period
tung_can_gung ,	nn::prpn mark::comma
gurun i baita ambula ,	nv::nv cm::gen nv::nv nv::nv mark::comma
emu feye gidalabu ha seme juwan emu yan i weile waliya mbi ,	nv::nv nv::nv verb::vv e::pst.ptcp comp nv::nv nv::nv nv::nv cm::gen nv::nv verb::vv e::fve.npst mark::comma
sin i ba de nikan i emu gašan bi seme hendu hebi ,	pn::2sg cm::gen nv::nv cm::dat nv::nv cm::gen nv::nv nv::nv verb::vv.npst comp verb::vv e::fve.prs.prf mark::comma
baha ha jaka be ilan ubu sinda fi ,	verb::vv e::pst.ptcp nv::nv cm::acc nv::nv nv::nv verb::vv e::cve mark::comma
dobori o ci ,	nv::nv verb::vv e::cve mark::comma
alban i niyalma o fi ,	nv::nv cm::gen nv::nv verb::vv e::cve mark::comma
jui tai_cang sira me han te fi ,	nv::nv nn::prpn verb::vv e::cve nv::nv verb::vv e::cve mark::comma
indahūci janggin ,	nn::prpn.person nv::nv mark::comma
jušen i boo de dosi ka niyalma be ,	nv::nv cm::gen nv::nv cm::dat verb::vv e::pst.ptcp nv::nv cm::acc mark::comma
acan emu ihan ,	nv::nv nv::nv nv::nv mark::comma
dosi fi tuci re be ume amca ra ,	verb::vv e::cve verb::vv e::npst.ptcp cm::acc nv::nv verb::vv e::npst.ptcp mark::comma
jai ši_fujiyang ,	nv::nv nn::prpn mark::comma
muduri erin de jakūn hošonggo ordo de tuci fi te he manggi ,	nv::nv nv::nv cm::dat nv::nv nv::adj nv::nv cm::dat verb::vv e::cve verb::vv e::pst.ptcp nv::nv mark::comma
gurbusi ,	nn::prpn.person mark::comma
ošan ,	nn::prpn.person mark::comma
han i tere hecen weile re de ,	nv::nv cm::gen nv::nv nv::nv verb::vv e::npst.ptcp cm::dat mark::comma
juwe morin be cooha i niyalma yalu kini seme amasi bederebu he ,	nv::nv nv::nv cm::acc nv::nv cm::gen nv::nv verb::vv e::fve.opt comp nv::nv verb::vv e::pst.ptcp mark::comma
weile be deribu re ngge niyalma ,	nv::nv cm::acc verb::vv e::npst.ptcp nmlz::nmlz nv::nv mark::comma
geren dangse bithe i emgi ainu asara mbi ,	nv::adj nv::nv nv::nv cm::gen nv::nv nv::nv verb::vv e::fve.npst mark::comma
amaga inenggi suwe gūwaliya fi weile ara ci ,	nv::adj nv::nv pn::2pl verb::vv e::cve nv::nv verb::vv e::cve mark::comma
in i fe asarabu ha bele ufa tubihe be gaji ∅ seme ji hebi ,	pn::3sg cm::gen nv::adj verb::vv e::pst.ptcp nv::nv nv::nv nv::nv cm::acc verb::vv e::fve.imperative comp verb::vv e::fve.prs.prf mark::comma
sonom_taiji i sargan i non be jafa ha be sinda ∅ ,	nn::prpn cm::gen nv::nv cm::gen nv::nv cm::acc verb::vv e::pst.ptcp cm::acc verb::vv e::fve.imperative mark::comma
geren cooha i beile se gemu hendu me ,	nv::adj nv::nv cm::gen nv::nv nv::nv nv::nv verb::vv e::cve mark::comma
ere nadan niyalma ,	nv::nv nv::nv nv::nv mark::comma
songgotu be gemu jafa ha bi he ,	nv::adj cm::acc nv::nv verb::vv e::pst.ptcp verb::vv e::pst.ptcp mark::comma
jai susai boso be piyoo_gui_ing ni emgi ji he niyalma de etu ∅ seme ce bu hebi ,	nv::nv nv::nv nv::nv cm::acc nn::prpn cm::gen nv::nv verb::vv e::pst.ptcp nv::nv cm::dat verb::vv e::fve.imperative comp pn::3pl verb::vv e::fve.prs.prf mark::comma
olji hehe juwan uyun ,	nv::nv nv::nv nv::nv nv::nv mark::comma
tere ci han amasi bedere fi ,	nv::nv cm::abl nv::nv nv::nv verb::vv e::cve mark::comma
lii_g'o gebungge niyalma ,	nn::prpn nv::adj nv::nv mark::comma
han i bithe ,	nv::nv cm::gen nv::nv mark::comma
šancin i niyalma de nikan bithe ara fi kemuni bu ∅ ,	nv::nv cm::gen nv::nv cm::dat nv::nv nv::nv verb::vv e::cve nv::nv verb::vv e::fve.imperative mark::comma
jai ai ai weile de baitala ci ojo ro sain niyalma bi ci ,	nv::nv nv::nv nv::nv nv::nv cm::dat verb::vv e::cve verb::vv e::npst.ptcp nv::adj nv::nv verb::vv e::cve mark::comma
tafula ra amban i gisun be gaija rakū ci ,	verb::vv e::npst.ptcp nv::nv cm::gen nv::nv cm::acc verb::vv e::npst.ptcp.neg e::cve mark::comma
cing_ho ,	nn::prpn mark::comma
tere ci sure_kundulen_han suwayan sara tukiye fi ,	nv::nv cm::abl nn::prpn nv::adj nv::nv verb::vv e::cve mark::comma
ihan juwe tanggū ,	nv::nv nv::nv nv::nv mark::comma
tondo i kice me hūsun bu ki ,	nv::adj cm::gen verb::vv e::cve nv::nv verb::vv e::fve.opt mark::comma
○ ice juwe de ,	mark::circle nv::adj nv::nv cm::dat mark::comma
jai dehi ninggun niyalma uka me gene re gisun be lasha sarkū se mbi ,	nv::nv nv::nv nv::nv nv::nv verb::vv e::cve verb::vv e::npst.ptcp nv::nv cm::acc nv::nv nv::nv verb::vv e::fve.npst mark::comma
wan ara ra moo saci re be geren be ulhi rahū seme ,	nv::nv verb::vv e::npst.ptcp nv::nv verb::vv e::npst.ptcp cm::acc nv::adj cm::acc verb::vv e::fve.prv comp mark::comma
ula_bira i ebergi cikin be amasi bedere me jide re de ,	nn::prpn cm::gen nv::nv nv::nv cm::acc nv::nv verb::vv e::cve verb::vv e::npst.ptcp cm::dat mark::comma
fonji ha gisun icakū o fi ,	verb::vv e::pst.ptcp nv::nv nv::adj verb::vv e::cve mark::comma
afabu ha weile be mute mbi ,	verb::vv e::pst.ptcp nv::nv cm::acc verb::vv e::fve.npst mark::comma
mujakū nikan be jafa fi ,	nv::nv nv::nv cm::acc verb::vv e::cve mark::comma
baigal_taiji gene he .	nn::prpn verb::vv e::pst.ptcp mark::period
morin i dosi ci ojo rakū o fi ,	nv::nv cm::gen verb::vv e::cve verb::vv e::npst.ptcp.neg verb::vv e::cve mark::comma
min de šang ambula gaji ∅ seme ududu jergi abka de gashū ha be abka wakala fi ,	pn::1sg cm::dat nv::nv nv::nv verb::vv e::fve.imperative comp nv::nv nv::nv nv::nv cm::dat verb::vv e::pst.ptcp cm::acc nv::nv verb::vv e::cve mark::comma
afabu ha weile be mute mbi ,	verb::vv e::pst.ptcp nv::nv cm::acc verb::vv e::fve.npst mark::comma
sonom_taiji sin i beye akdun akū o mbi kai ,	nn::prpn pn::2sg cm::gen nv::nv nv::adj nv::adj verb::vv e::fve.npst ptcl mark::comma
ara ra niyalma akū o ci ,	verb::vv e::npst.ptcp nv::nv nv::adj verb::vv e::cve mark::comma
han i beye gene fi kundule me sarila ha ngge ,	nv::nv cm::gen nv::nv verb::vv e::cve verb::vv e::cve verb::vv e::pst.ptcp nmlz::nmlz mark::comma
ooba de gene he arajai i gaji ha bithe i gisun ,	nn::prpn.person cm::dat verb::vv e::pst.ptcp nn::prpn.person cm::gen verb::vv e::pst.ptcp nv::nv cm::gen nv::nv mark::comma
hafan i beye de tuhe re weile ,	nv::nv cm::gen nv::nv cm::dat verb::vv e::npst.ptcp nv::nv mark::comma
muse i cooha i niyalma gemu musi omi ∅ ,	nv::nv cm::gen nv::nv cm::gen nv::nv nv::nv nv::nv verb::vv e::fve.imperative mark::comma
men be taka ara fi ,	pn::1pl.excl cm::acc nv::nv verb::vv e::cve mark::comma
muse juwe gurun de gemu bata kimun bi he ,	pn::1pl.incl nv::nv nv::nv cm::dat nv::nv nv::nv nv::nv verb::vv e::pst.ptcp mark::comma
ehe sain be dere bani rakū ,	nv::adj nv::adj cm::acc nv::nv verb::vv e::npst.ptcp.neg mark::comma
emu minggan juwe minggan cooha o ci ,	nv::nv nv::nv nv::nv nv::nv nv::nv verb::vv e::cve mark::comma
sunja yan i weile waliya mbi ,	nv::nv nv::nv cm::gen nv::nv verb::vv e::fve.npst mark::comma
wan_lii i orin nadaci aniya juwe biya i ice uyun de baha ha ,	nn::prpn cm::gen nv::nv nv::nv nv::nv nv::nv nv::nv cm::gen nv::adj nv::nv cm::dat verb::vv e::pst.ptcp mark::comma
han i etu he seke i siji ha jibca bu he .	nv::nv cm::gen verb::vv e::pst.ptcp nv::nv cm::gen verb::vv e::pst.ptcp nv::nv verb::vv e::pst.ptcp mark::period
si_uli efu be ,	nn::prpn nv::nv cm::acc mark::comma
han i fafun i tondo i kadala mbi ,	nv::nv cm::gen nv::nv cm::gen nv::adj cm::gen verb::vv e::fve.npst mark::comma
juwe han inu men i aisin han de jafabu fi ,	nv::nv nv::nv nv::nv pn::1pl.excl cm::gen nv::nv nv::nv cm::dat verb::vv e::cve mark::comma
sure_kundulen_han hendu me ,	nn::prpn verb::vv e::cve mark::comma
juwan emu yan i weile waliya mbi ,	nv::nv nv::nv nv::nv cm::gen nv::nv verb::vv e::fve.npst mark::comma
burgi fujiyang ,	nn::prpn.person nv::nv mark::comma
šang nonggi me bu hekū ,	nv::nv verb::vv e::cve verb::vv e::pst.ptcp.neg mark::comma
beile se hecen i duka be tuci me ,	nv::nv nv::nv nv::nv cm::gen nv::nv cm::acc verb::vv e::cve mark::comma
sin i nikan i wan_lii_han deribu he kai ,	pn::2sg cm::gen nv::nv cm::gen nn::prpn verb::vv e::pst.ptcp ptcl mark::comma
hoifa i baindari_beile ,	nn::prpn.plc cm::gen nn::prpn mark::comma
hai_si uje_šan_wei i du_jy_hūi_tungjy senggu i omolo ulusuga ,	nn::prpn nn::prpn cm::gen nv::nv nn::prpn.person cm::gen nv::nv nn::prpn.person mark::comma
tabai_age baha ra unde seme fonji re jaka de ,	nn::prpn verb::vv e::npst.ptcp nv::nv comp verb::vv e::npst.ptcp nv::nv cm::dat mark::comma
uyun yan i weile waliya mbi ,	nv::nv nv::nv cm::gen nv::nv verb::vv e::fve.npst mark::comma
yehe i gintaisi ,	nv::nv cm::gen nn::prpn.person mark::comma
bandi i elcin ,	nv::nv cm::gen nv::nv mark::comma
buya niyalma gercile me alanji mbi ,	nv::adj nv::nv verb::vv e::cve verb::vv e::fve.npst mark::comma
darja_age i emu niyalma be ,	nn::prpn cm::gen nv::nv nv::nv cm::acc mark::comma
gemu jafa fi bu ∅ .	nv::nv verb::vv e::cve verb::vv e::fve.imperative mark::period
○ jakūn gūsa i dube jecen be bargiya ra dangse ,	mark::circle nv::nv nv::nv cm::gen nv::nv nv::nv cm::acc verb::vv e::npst.ptcp nv::nv mark::comma
jai jergi beiguwan bu he ,	nv::nv nv::nv nv::nv verb::vv e::pst.ptcp mark::comma
šan de icakū ,	nv::nv cm::dat nv::adj mark::comma
duwan_cing_be ,	nn::prpn mark::comma
fakca rakū ci ,	verb::vv e::npst.ptcp.neg e::cve mark::comma
yarbu i niru kadala ra be nakabu fi murtai be kadala ∅ seme guribu he ,	nn::prpn.person cm::gen nv::nv verb::vv e::npst.ptcp cm::acc verb::vv e::cve nv::nv cm::acc verb::vv e::fve.imperative comp verb::vv e::pst.ptcp mark::comma
hashū ergi dzung_bing_guwan hergen i eidu_baturu akū o ho ,	nv::nv nv::nv nv::nv nv::nv cm::gen nn::prpn nv::adj verb::vv e::pst.ptcp mark::comma
emu jergi gaija ra weile be waliya mbi .	nv::nv nv::nv verb::vv e::npst.ptcp nv::nv cm::acc verb::vv e::fve.npst mark::period
bira i muke nonggi hakūbi ,	nv::nv cm::gen nv::nv verb::vv e::fve.prs.prf.neg mark::comma
cing_ho i niyalma ,	nn::prpn cm::gen nv::nv mark::comma
cooha i niyalma uheri sunja tanggū funce me baha fi wa ha ,	nv::nv cm::gen nv::nv nv::nv nv::nv nv::nv verb::vv e::cve verb::vv e::cve verb::vv e::pst.ptcp mark::comma
tere abka ka abka ,	nv::nv verb::vv e::pst.ptcp nv::nv mark::comma
šumboi ,	nn::prpn.person mark::comma
han be ,	nv::nv cm::acc mark::comma
hojokon be ,	nn::prpn.person cm::acc mark::comma
jai geren cooha i niyalma de sunjata jiha menggun šangna ha .	nv::nv nv::adj nv::nv cm::gen nv::nv cm::dat nv::nv nv::nv nv::nv verb::vv e::pst.ptcp mark::period
jakūn beile se i ubu i juwan ninggute ihan ,	nv::nv nv::nv nv::nv cm::gen nv::nv cm::gen nv::nv nv::nv nv::nv mark::comma
gene he ba de bai me niyalma gene kini ,	verb::vv e::pst.ptcp nv::nv cm::dat verb::vv e::cve nv::nv verb::vv e::fve.opt mark::comma
in i sargan jui de banji ha omolo de suje etuku hūlha fi unggi re be ,	pn::3sg cm::gen nv::nv nv::nv cm::dat verb::vv e::pst.ptcp nv::nv cm::dat nv::nv nv::nv verb::vv e::cve verb::vv e::npst.ptcp cm::acc mark::comma
emu honin wa fi sarila ha .	nv::nv nv::nv verb::vv e::cve verb::vv e::pst.ptcp mark::period
solho sin be bibu rakū ,	nv::nv pn::2sg cm::acc verb::vv e::npst.ptcp.neg mark::comma
genggiyen_han de tuktan hengkile me ji he doro i seme ,	nn::prpn cm::dat nv::adj verb::vv e::cve verb::vv e::pst.ptcp nv::nv cm::gen comp mark::comma
cooliyan janggin de duite yan sunjata jiha i weile waliya mbi ,	nn::prpn.person nv::nv cm::dat nv::nv nv::nv nv::nv nv::nv cm::gen nv::nv verb::vv e::fve.npst mark::comma
○ guwangning ni xi_san_šan i alin i ninggu de emu niru i emte niyalma ,	mark::circle nn::prpn.plc cm::gen nn::prpn cm::gen nv::nv cm::gen nv::nv cm::dat nv::nv nv::nv cm::gen nv::nv nv::nv mark::comma
tere tai fejile ili ha cooha i ejete beile se amban sa hendu me ,	nv::nv nv::nv nv::nv verb::vv e::pst.ptcp nv::nv cm::gen nv::nv nv::nv nv::nv nv::nv nv::nv verb::vv e::cve mark::comma
orin yan de niru re okto uda ∅ ,	nv::nv nv::nv cm::dat verb::vv e::npst.ptcp nv::nv verb::vv e::fve.imperative mark::comma
konggor_beile i jui mujai_taiji in i non be han de benji me ji mbi seme ,	nn::prpn cm::gen nv::nv nn::prpn pn::3sg cm::gen nv::nv cm::acc nv::nv cm::dat verb::vv e::cve verb::vv e::fve.npst comp mark::comma
bi te usin be tolo fi ,	pn::1sg nv::nv nv::nv cm::acc verb::vv e::cve mark::comma
gisure he gisun be efule me taiji sa i beye yabu re be naka ha .	verb::vv e::pst.ptcp nv::nv cm::acc verb::vv e::cve nv::nv nv::nv cm::gen nv::nv verb::vv e::npst.ptcp cm::acc verb::vv e::pst.ptcp mark::period
mina ,	nn::prpn.person mark::comma
nikan i sonjo ho juwe ing ni cooha be gemu wa ha ,	nv::nv cm::gen verb::vv e::pst.ptcp nv::nv nv::nv cm::gen nv::nv cm::acc nv::nv verb::vv e::pst.ptcp mark::comma
damin ,	nv::nv mark::comma
simiyan i niyalma hiyabun dabu re erin de uthai sa ha ,	nn::prpn.plc cm::gen nv::nv nv::nv verb::vv e::npst.ptcp nv::nv cm::dat nv::nv verb::vv e::pst.ptcp mark::comma
waka uru be dacila rakū ,	nv::adj nv::nv cm::acc verb::vv e::npst.ptcp.neg mark::comma
han i bethe i fejile niyakūra fi buhi be tebeliye he ,	nv::nv cm::gen nv::nv cm::gen nv::nv verb::vv e::cve nv::nv cm::acc verb::vv e::pst.ptcp mark::comma
sin i beye de ali fi kadala me ,	pn::2sg cm::gen nv::nv cm::dat verb::vv e::cve verb::vv e::cve mark::comma
manggūltai_beile i sadun ,	nn::prpn cm::gen nv::nv mark::comma
ajige mocin juwan ,	nv::adj nv::nv nv::nv mark::comma
ujei ,	nn::prpn.person mark::comma
inu beye i jaka de sinda fi dedu ∅ ,	nv::nv nv::nv cm::gen nv::nv cm::dat verb::vv e::cve verb::vv e::fve.imperative mark::comma
urgunje me gai ha niyalma de jai geli neme me bu mbi ,	verb::vv e::cve verb::vv e::pst.ptcp nv::nv cm::dat nv::nv nv::nv verb::vv e::cve verb::vv e::fve.npst mark::comma
tere inenggi abala me gene fi ,	nv::nv nv::nv verb::vv e::cve verb::vv e::cve mark::comma
weihu ca ra de inu ca ha ,	nv::nv verb::vv e::npst.ptcp cm::dat nv::nv verb::vv e::pst.ptcp mark::comma
esitu ,	nn::prpn.person mark::comma
uhereme emu tanggū ninggun niyalma wa ha ,	nv::nv nv::nv nv::nv nv::nv nv::nv verb::vv e::pst.ptcp mark::comma
muse i jušen i cooha ume jide re ,	nv::nv cm::gen nv::nv cm::gen nv::nv nv::nv verb::vv e::npst.ptcp mark::comma
jorigai ,	nn::prpn.person mark::comma
han de hanci takūrabu me ambula hūsun bu he niyalma bi he ,	nv::nv cm::dat nv::adj verb::vv e::cve nv::nv nv::nv verb::vv e::pst.ptcp nv::nv verb::vv e::pst.ptcp mark::comma
bagadarhan i baru hendu me ,	nn::prpn.person cm::gen nv::nv verb::vv e::cve mark::comma
monggo de bu he aha be ,	nv::nv cm::dat verb::vv e::pst.ptcp nv::nv cm::acc mark::comma
laba bileri fulgiye re baitangga niyalma hecen de bi kini ,	nv::nv nv::nv verb::vv e::npst.ptcp nv::adj nv::nv nv::nv cm::dat verb::vv e::fve.opt mark::comma
○ niowanggiyan tasha aniya ,	mark::circle nv::adj nv::nv nv::nv mark::comma
beile se i sira me monggo i enggeder_efu ,	nv::nv nv::nv cm::gen verb::vv e::cve nv::nv cm::gen nn::prpn mark::comma
te wesihun gurun ,	nv::nv nv::nv nv::nv mark::comma
dergi hoton i buyanggū ,	nv::nv nv::nv cm::gen nn::prpn.person mark::comma
morin ci ebu fi dulembu ∅ ,	nv::nv cm::abl verb::vv e::cve verb::vv e::fve.imperative mark::comma
bojiri be beikuwen de etu kini seme ,	nn::prpn.person cm::acc nv::adj cm::dat verb::vv e::fve.opt comp mark::comma
orin yan i weile ara ha .	nv::nv nv::nv cm::gen nv::nv verb::vv e::pst.ptcp mark::period
sin jeku niru de ice baha ra sunja tanggū haha de dosimbu me gai ∅ ,	nv::nv nv::nv nv::nv cm::dat nv::adj verb::vv e::npst.ptcp nv::nv nv::nv nv::nv cm::dat verb::vv e::cve verb::vv e::fve.imperative mark::comma
liyoha i dalin i si_ning_pu i šeo_pu lii_dzung_ciyan bi hoton i duka be feksi fi ,	nn::prpn.plc cm::gen nv::nv cm::gen nn::prpn cm::gen nv::nv nn::prpn pn::1sg nv::nv cm::gen nv::nv cm::acc verb::vv e::cve mark::comma
barin i dureng_beile i deo gurbusi_taiji ,	nv::nv cm::gen nn::prpn cm::gen nv::nv nn::prpn mark::comma
booi sunggani ,	nv::nv nn::prpn.person mark::comma
sain be sain ,	nv::adj cm::acc nv::adj mark::comma
niyalma wa ra jeku gama ra be sa fi ,	nv::nv verb::vv e::npst.ptcp nv::nv verb::vv e::npst.ptcp cm::acc verb::vv e::cve mark::comma
asina ,	nn::prpn.person mark::comma
nikan cooha gemu tuhe me waji ha ,	nv::nv nv::nv nv::nv verb::vv e::cve verb::vv e::pst.ptcp mark::comma
hatan i elcin ,	nv::adj cm::gen nv::nv mark::comma
barin i ubasi_taiji i elcin ,	nv::nv cm::gen nn::prpn cm::gen nv::nv mark::comma
ilan tanggū cooha te mbi ,	nv::nv nv::nv nv::nv verb::vv e::fve.npst mark::comma
babutai ,	nn::prpn.person mark::comma
muse i cooha be mangga se mbi ,	nv::nv cm::gen nv::nv cm::acc nv::adj verb::vv e::fve.npst mark::comma
amasi jeng_giyang deri bene he .	nv::nv nn::prpn nv::nv verb::vv e::pst.ptcp mark::period
tese gemu arki nure hehe ulin de dosi fi ,	nv::nv nv::nv nv::nv nv::nv nv::nv nv::nv cm::dat verb::vv e::cve mark::comma
solho i elcin sunja niyalma ji mbi seme alanji ha manggi ,	nv::nv cm::gen nv::nv nv::nv nv::nv verb::vv e::fve.npst comp verb::vv e::pst.ptcp nv::nv mark::comma
simiyan ,	nn::prpn.plc mark::comma
jori ha jurgan be jurce rakū seme beiguwan obu ha .	verb::vv e::pst.ptcp nv::nv cm::acc verb::vv e::npst.ptcp.neg comp nv::nv verb::vv e::pst.ptcp mark::period
ninju ba i dube de an_šan i ba de isi tala wa ha ,	nv::nv nv::nv cm::gen nv::nv cm::dat nn::prpn cm::gen nv::nv cm::dat verb::vv e::cve verb::vv e::pst.ptcp mark::comma
fe ice anggala i ton ilan tanggū nadanju .	nv::adj nv::adj nv::nv cm::gen nv::nv nv::nv nv::nv nv::nv mark::period
wargi ci morin de ulin aci fi boo de gama ci ,	nv::nv cm::abl nv::nv cm::dat nv::nv verb::vv e::cve nv::nv cm::dat verb::vv e::cve mark::comma
dailiyoo i tiyan_dzo_han ,	nn::prpn.plc cm::gen nn::prpn mark::comma
alin de niyalma ume bai re .	nv::nv cm::dat nv::nv nv::nv verb::vv e::npst.ptcp mark::period
bolgo walgiya fi ,	nv::adj verb::vv e::cve mark::comma
bangnio janggin de uyute yan i weile waliya mbi ,	nn::prpn.person nv::nv cm::dat nv::nv nv::nv cm::gen nv::nv verb::vv e::fve.npst mark::comma
emu feye langtula bu ha seme ,	nv::nv nv::nv verb::vv sfx e::pst.ptcp comp mark::comma
cooha gida ha amban sa de gida ha medege be fonji fi ,	nv::nv verb::vv e::pst.ptcp nv::nv nv::nv cm::dat verb::vv e::pst.ptcp nv::nv cm::acc verb::vv e::cve mark::comma
boo de umai mejige akū ,	nv::nv cm::dat nv::nv nv::nv nv::adj mark::comma
men de beri sirdan be šajila fi ainu unca rakū ,	pn::1pl.excl cm::dat nv::nv nv::nv cm::acc verb::vv e::cve nv::nv verb::vv e::npst.ptcp.neg mark::comma
lung_king ni te he aniya jakūn biya i orin ilan de baha ha ,	nn::prpn cm::gen verb::vv e::pst.ptcp nv::nv nv::nv nv::nv cm::gen nv::nv nv::nv cm::dat verb::vv e::pst.ptcp mark::comma
jaisai be jafa ha manggi ,	nn::prpn.person cm::acc verb::vv e::pst.ptcp nv::nv mark::comma
men i šajin i gama mbi kai .	pn::1pl.excl cm::gen nv::nv cm::gen verb::vv e::fve.npst ptcl mark::period
bisi re akū be saikan baica ∅ ,	verb::vv e::npst.ptcp nv::adj cm::acc nv::adj verb::vv e::fve.imperative mark::comma
boigon g'ai_jeo de bi ci ,	nv::nv nn::prpn cm::dat verb::vv e::cve mark::comma
jai min i gisun be daha mbi o ,	nv::nv pn::1sg cm::gen nv::nv cm::acc verb::vv e::fve.npst ptcl mark::comma
jeku akū niyalma i ton de dosimbu ∅ ,	nv::nv nv::adj nv::nv cm::gen nv::nv cm::dat verb::vv e::fve.imperative mark::comma
abka de saišabu me ,	nv::nv cm::dat verb::vv e::cve mark::comma
jori ha jurgan be jurce rakū seme beiguwan obu ha .	verb::vv e::pst.ptcp nv::nv cm::acc verb::vv e::npst.ptcp.neg comp nv::nv verb::vv e::pst.ptcp mark::period
gisun hese i ucuri ,	nv::nv nv::nv cm::gen nv::nv mark::comma
○ ice uyun de ,	mark::circle nv::adj nv::nv cm::dat mark::comma
jakūn gūsa i beile se amban sa jakūn ba de te fi ,	nv::nv nv::nv cm::gen nv::nv nv::nv nv::nv nv::nv nv::nv nv::nv cm::dat verb::vv e::cve mark::comma
bayartu ,	nn::prpn.person mark::comma
beile se amban sa i doro ai de efuje mbi ,	nv::nv nv::nv nv::nv nv::nv cm::gen nv::nv nv::nv cm::dat verb::vv e::fve.npst mark::comma
ta_šan_tun i wang_sio_i ,	nn::prpn cm::gen nn::prpn mark::comma
efen ,	nv::nv mark::comma
emu ihan i yali benji he .	nv::nv nv::nv cm::gen nv::nv verb::vv e::pst.ptcp mark::period
laba bileri fulgiye me tungken can tū me dule me gene fi ,	nv::nv nv::nv verb::vv e::cve nv::nv nv::nv verb::vv e::cve verb::vv e::cve verb::vv e::cve mark::comma
bada ,	nv::adj mark::comma
ulin jeku aika tetun be gai ki seme juwe ilan minggan niyalma ,	nv::nv nv::nv nv::nv nv::nv cm::acc verb::vv e::fve.opt comp nv::nv nv::nv nv::nv nv::nv mark::comma
kanggūri ,	nn::prpn.person mark::comma
ehe sain be dere bani rakū ,	nv::adj nv::adj cm::acc nv::nv verb::vv e::npst.ptcp.neg mark::comma
dulga hecen de dosi me jabdu ha ,	nv::adj nv::nv cm::dat verb::vv e::cve verb::vv e::pst.ptcp mark::comma
jui hūnta de uju jergi fujiyang ni hergen bu he .	nv::nv nv::nv cm::dat nv::nv nv::nv nv::nv cm::gen nv::nv verb::vv e::pst.ptcp mark::period
afabu ha weile be mute mbi ,	verb::vv e::pst.ptcp nv::nv cm::acc verb::vv e::fve.npst mark::comma
gurun i banji re doro de tusa ara ra tondo sain niyalma o ci ,	nv::nv cm::gen verb::vv e::npst.ptcp nv::nv cm::dat nv::nv verb::vv e::npst.ptcp nv::adj nv::adj nv::nv verb::vv e::cve mark::comma
yangguri be dain de baturu ,	nn::prpn.person cm::acc nv::nv cm::dat nv::nv mark::comma
ainci bagadarhan heture fi wa ha aise seme hendu re be ,	nv::nv nn::prpn.person verb::vv e::cve verb::vv e::pst.ptcp nv::nv comp verb::vv e::npst.ptcp cm::acc mark::comma
○ manggūltai_beile ,	mark::circle nn::prpn mark::comma
nikan uksin nadan ,	nv::nv nv::nv nv::nv mark::comma
tede koro fi ,	nv::nv verb::vv e::cve mark::comma
jušen i amban sa be yohinda rakū ,	nv::nv cm::gen nv::nv nv::nv cm::acc verb::vv e::npst.ptcp.neg mark::comma
gūsin mocin ,	nv::nv nv::nv mark::comma
tere ci geli cooha be dasa me dasa fi afa me gene re de ,	nv::nv cm::abl nv::nv nv::nv cm::acc verb::vv e::cve verb::vv e::cve verb::vv e::cve verb::vv e::npst.ptcp cm::dat mark::comma
cargi ci komsokon cooha sabu ci ,	nv::nv cm::abl nv::adj nv::nv verb::vv e::cve mark::comma
suwe inu derakū ,	pn::2pl nv::nv nv::adj mark::comma
šajin doro be efule re hutu be geli gosi ci o mbi o .	nv::nv nv::nv cm::acc verb::vv e::npst.ptcp nv::nv cm::acc nv::nv verb::vv e::cve verb::vv e::fve.npst ptcl mark::period
jeku juwe re sejen be juwe gūsa i emu iogi daha mbihe ,	nv::nv verb::vv e::npst.ptcp nv::nv cm::acc nv::nv nv::nv cm::gen nv::nv nv::nv verb::vv e::fve.pst.ipfv mark::comma
damtun benji he juse be gemu amasi gama ha ,	nv::nv verb::vv e::pst.ptcp nv::nv cm::acc nv::nv nv::nv verb::vv e::pst.ptcp mark::comma
han de darhan_hiya i wesimbu he bithe ,	nv::nv cm::dat nn::prpn cm::gen verb::vv e::pst.ptcp nv::nv mark::comma
liyoha bira de ambula wa ha ,	nn::prpn.plc nv::nv cm::dat nv::nv verb::vv e::pst.ptcp mark::comma
ehe be ehe seme han de ala mbi ,	nv::adj cm::acc nv::adj comp nv::nv cm::dat verb::vv e::fve.npst mark::comma
beiguwan i hergen sunja tanggū nikan bu hebi ,	nv::nv cm::gen nv::nv nv::nv nv::nv nv::nv verb::vv e::fve.prs.prf mark::comma
geren beile se i gashū ha kooli gashūbu ha .	nv::adj nv::nv nv::nv cm::gen verb::vv e::pst.ptcp nv::nv verb::vv e::pst.ptcp mark::period
muse de bu rakū bi ci ,	pn::1pl.incl cm::dat verb::vv e::npst.ptcp.neg verb::vv e::cve mark::comma
ilaci jergi tsanjiyang obu ha ,	nv::nv nv::nv nv::nv verb::vv e::pst.ptcp mark::comma
kemir_ho_wei i du_jy_hūi_ši belektei i jui asidi ,	nn::prpn cm::gen nv::nv nn::prpn.person cm::gen nv::nv nn::prpn.person mark::comma
ere ilan de sunjata yan i weile waliya mbi ,	nv::nv nv::nv cm::dat nv::nv nv::nv cm::gen nv::nv verb::vv e::fve.npst mark::comma
min i kadala ra emu gala i cooha be han i fafun i tondo i kadala mbi ,	pn::1sg cm::gen verb::vv e::npst.ptcp nv::nv nv::nv cm::gen nv::nv cm::acc nv::nv cm::gen nv::nv cm::gen nv::adj cm::gen verb::vv e::fve.npst mark::comma
na de dosi ci jurun akū seme šeri me ainu habša ha seme ,	nv::nv cm::dat verb::vv e::cve nv::nv nv::adj comp verb::vv e::cve nv::nv verb::vv e::pst.ptcp comp mark::comma
sin de sain gisun akū ūn ,	pn::2sg cm::dat nv::adj nv::nv nv::nv ptcl mark::comma
○ beri faksi šose ,	mark::circle nv::nv nv::nv nn::prpn.person mark::comma
han i jabu ha bithe be monggoli fi gūni me bi ∅ seme monggolibu ha .	nv::nv cm::gen verb::vv e::pst.ptcp nv::nv cm::acc verb::vv e::cve verb::vv e::cve verb::vv e::fve.imperative comp verb::vv e::pst.ptcp mark::period
han de hūturi akū o ci ,	nv::nv cm::dat nv::nv nv::adj verb::vv e::cve mark::comma
ši_cing_liyang ,	nn::prpn mark::comma
han monggo ci ji he beile se de bithe bu me tacibu ha gisun ,	nv::nv nv::nv cm::abl verb::vv e::pst.ptcp nv::nv nv::nv cm::dat nv::nv verb::vv e::cve verb::vv e::pst.ptcp nv::nv mark::comma
juwan de wasimbu ha ,	nv::nv cm::dat verb::vv e::pst.ptcp mark::comma
namdulu_golo i amban bi he ,	nn::prpn cm::gen nv::nv verb::vv e::pst.ptcp mark::comma
doro be kice me dasa mbi ,	nv::nv cm::acc verb::vv e::cve verb::vv e::fve.npst mark::comma
boo manabu ha ,	nv::nv verb::vv e::pst.ptcp mark::comma
beye buce mbi ,	nv::nv verb::vv e::fve.npst mark::comma
afabu ha weile be mute mbi ,	verb::vv e::pst.ptcp nv::nv cm::acc verb::vv e::fve.npst mark::comma
tere niyalma i gebu ging_tiyan_yan ,	nv::nv nv::nv cm::gen nv::nv nn::prpn mark::comma
tari ha kubun jeku baha ra onggolo ume habša ra ,	verb::vv e::pst.ptcp nv::nv nv::nv verb::vv e::npst.ptcp nv::nv nv::nv verb::vv e::npst.ptcp mark::comma
te he ba ci ili fi ,	verb::vv e::pst.ptcp nv::nv cm::abl verb::vv e::cve mark::comma
gebu manggūs .	nv::nv nn::prpn.person mark::period
○ io_tun_wei de bisi re bele i ton ,	mark::circle nn::prpn cm::dat verb::vv e::npst.ptcp nv::nv cm::gen nv::nv mark::comma
amba doro be gūni me daha ha ngge ,	nv::adj nv::nv cm::acc verb::vv e::cve verb::vv e::pst.ptcp nmlz::nmlz mark::comma
moobari niru i hūsi ,	nn::prpn.person nv::nv cm::gen nn::prpn.person mark::comma
ninju ninggun boo ,	nv::nv nv::nv nv::nv mark::comma
amba_beile sunja ba i dube de ihan wa fi sarin sarila fi fude fi unggi he .	nn::prpn nv::nv nv::nv cm::gen nv::nv cm::dat nv::nv verb::vv e::cve nv::nv verb::vv e::cve verb::vv e::cve verb::vv e::pst.ptcp mark::period
han i bithe ,	nv::nv cm::gen nv::nv mark::comma
samjan de te he yafahan ,	nn::prpn.plc cm::dat verb::vv e::pst.ptcp nv::adj mark::comma
min i dolo da ci ehe ara ki seme gūni ha bi ci ,	pn::1sg cm::gen nv::nv nv::nv cm::abl nv::adj verb::vv e::fve.opt comp verb::vv e::pst.ptcp verb::vv e::cve mark::comma
giya_jing ni dehi juwe ci aniya ninggun biya i juwan duin de baha ha ,	nn::prpn cm::gen nv::nv verb::vv e::cve nv::nv nv::nv nv::nv cm::gen nv::nv nv::nv cm::dat verb::vv e::pst.ptcp mark::comma
honin ilan tanggū ,	nv::nv nv::nv nv::nv mark::comma
juleri dosi ka niyalma be nikan dehele me tuhebu ci ,	nv::nv verb::vv e::pst.ptcp nv::nv cm::acc nv::nv verb::vv e::cve verb::vv e::cve mark::comma
hecen waji ha manggi ,	nv::nv verb::vv e::pst.ptcp nv::nv mark::comma
ice jeku be suwen de bu rakū ,	nv::adj nv::nv cm::acc pn::2pl cm::dat verb::vv e::npst.ptcp.neg mark::comma
asidarhan be doro i jurgan de afabu habi ,	nn::prpn.person cm::acc nv::nv cm::gen nv::nv cm::dat verb::vv e::fve.prs.prf mark::comma
ginjeo de tebu ∅ ,	nn::prpn.plc cm::dat verb::vv e::fve.imperative mark::comma
beye buce kini ,	nv::nv verb::vv e::fve.opt mark::comma
gecuheri buri ha seke haya ha jibca juwan ,	nv::nv verb::vv e::pst.ptcp nv::nv verb::vv e::pst.ptcp nv::nv nv::nv mark::comma
han i toktobu ha šajin be jurce me ,	nv::nv cm::gen verb::vv e::pst.ptcp nv::nv cm::acc verb::vv e::cve mark::comma
han i fafun i tondo i kadala mbi ,	nv::nv cm::gen nv::nv cm::gen nv::adj cm::gen verb::vv e::fve.npst mark::comma
isun i jaka de isina ha seme ,	nn::prpn.person cm::gen nv::nv cm::dat verb::vv e::pst.ptcp comp mark::comma
jontai gene fi ,	nn::prpn.person verb::vv e::cve mark::comma
yeodehe ,	nn::prpn.person mark::comma
wan_lii i nadaci aniya ninggun biya i juwan juwe de baha ha ,	nn::prpn cm::gen nv::nv nv::nv nv::nv nv::nv cm::gen nv::nv nv::nv cm::dat verb::vv e::pst.ptcp mark::comma
jori ha jurgan be jurce rakū seme beiguwan obu ha ,	verb::vv e::pst.ptcp nv::nv cm::acc verb::vv e::npst.ptcp.neg comp nv::nv verb::vv e::pst.ptcp mark::comma
aisin juwan yan ,	nv::nv nv::nv nv::nv mark::comma
duka i niyalma de weile ,	nv::nv cm::gen nv::nv cm::dat nv::nv mark::comma
abka saiša fi ,	nv::nv verb::vv e::cve mark::comma
mama ,	nv::nv mark::comma
ši hūwang ,	nv::nv nv::nv mark::comma
baihū ,	nn::prpn.person mark::comma
gung heo hergen bu fi ,	nv::nv nv::nv nv::nv verb::vv e::cve mark::comma
te bi cibe ,	nv::nv verb::vv e::cve mark::comma
emu biya emu aniya ojo ro onggolo ,	nv::nv nv::nv nv::nv nv::nv verb::vv e::npst.ptcp nv::nv mark::comma
ihan mada ra ,	nv::nv verb::vv e::npst.ptcp mark::comma
emu jergi buce re weile be guwebu mbi .	nv::nv nv::nv verb::vv e::npst.ptcp nv::nv cm::acc verb::vv e::fve.npst mark::period
jui mutu habi kai ,	nv::nv verb::vv e::fve.prs.prf ptcl mark::comma
siowan_i_yuwan ,	nn::prpn mark::comma
yoo_jeo de ,	nn::prpn cm::dat mark::comma
niyaman hūncihin seme ehe be tukiye me o ci ,	nv::nv nv::nv comp nv::adj cm::acc verb::vv e::cve verb::vv e::cve mark::comma
ere ji he hioi_šeobei dehi niyalma de bu mbi .	nv::nv verb::vv e::pst.ptcp nn::prpn nv::nv nv::nv cm::dat verb::vv e::fve.npst mark::period
yecen_gufu i jui sibe de šangna ra ba de ama i tsanjiyang ni hergen de baha kini ,	nn::prpn cm::gen nv::nv nv::nv cm::dat verb::vv e::npst.ptcp nv::nv cm::dat nv::nv cm::gen nv::nv cm::gen nv::nv cm::dat verb::vv e::fve.opt mark::comma
ere gisun be jurce ci ,	nv::nv nv::nv cm::acc verb::vv e::cve mark::comma
šajin i niyalma gai ha .	nv::nv cm::gen nv::nv verb::vv e::pst.ptcp mark::period
nikan gurun ,	nv::nv nv::nv mark::comma
○ min i tukiye he amban sa gung ni akūmbu fi dain de buce cibe ,	mark::circle pn::1sg cm::gen verb::vv e::pst.ptcp nv::nv nv::nv nv::nv cm::gen verb::vv e::cve nv::nv cm::dat verb::vv e::cve mark::comma
kūniyakta ,	nn::prpn.person mark::comma
si inu nikan han i niyalma o fi hendu rakū dere ,	pn::2sg nv::nv nv::nv nv::nv cm::gen nv::nv verb::vv e::cve verb::vv e::npst.ptcp.neg ptcl mark::comma
cilin ci casi dung ci ebsi ,	nv::nv cm::abl nv::nv nv::nv cm::abl nv::nv mark::comma
huniolan ,	nn::prpn.person mark::comma
sahaliyan lamun siren goci ka ,	nv::adj nv::adj nv::nv verb::vv e::pst.ptcp mark::comma
tsoo_io ,	nn::prpn mark::comma
fe jeku geli bi ,	nv::adj nv::nv nv::nv verb::vv.npst mark::comma
dergi abka sa kini ,	nv::nv nv::nv verb::vv e::fve.opt mark::comma
suwe men i jušen i nungne re de gele me ,	pn::2pl pn::1pl.excl cm::gen nv::nv cm::gen verb::vv e::npst.ptcp cm::dat verb::vv e::cve mark::comma
julge aisin han ,	nv::nv nv::nv nv::nv mark::comma
niyaman hūncihin seme harša rakū ,	nv::nv nv::nv comp verb::vv e::npst.ptcp.neg mark::comma
du_tang dobihi dakūla i jibca de juwan yan menggun salibu fi ,	nv::nv nv::nv nv::nv cm::gen nv::nv cm::dat nv::nv nv::nv nv::nv verb::vv e::cve mark::comma
ula de emu feye baha ha ,	nv::nv cm::dat nv::nv nv::nv verb::vv e::pst.ptcp mark::comma
han'_tsanjiyang ni yafan i tokso i boo de miyoo ara fi sinda ha manggi ,	nn::prpn cm::gen nv::nv cm::gen nv::nv cm::gen nv::nv cm::dat nv::nv verb::vv e::cve verb::vv e::pst.ptcp nv::nv mark::comma
wargi nahan i fejile falan de jafu sekte fi te he ,	nv::nv nv::nv cm::gen nv::nv nv::nv cm::dat nv::nv verb::vv e::cve verb::vv e::pst.ptcp mark::comma
monggo i ergi de beile se i gene he songko de karun gene he .	nv::nv cm::gen nv::nv cm::dat nv::nv nv::nv cm::gen verb::vv e::pst.ptcp nv::nv cm::dat nv::nv verb::vv e::pst.ptcp mark::period
omoho_suru ,	nn::prpn mark::comma
beye buce kini ,	nv::nv verb::vv e::fve.opt mark::comma
afabu ha weile be mute mbi ,	verb::vv e::pst.ptcp nv::nv cm::acc verb::vv e::fve.npst mark::comma
gercile me alanji ∅ .	verb::vv e::cve verb::vv e::fve.imperative mark::period
ainu wa mbi ,	nv::nv verb::vv e::fve.npst mark::comma
cimari erde šun alin ci tuci fi ,	nv::nv nv::nv nv::nv nv::nv cm::abl verb::vv e::cve mark::comma
amba_beile ice ilan inenggi ,	nn::prpn nv::adj nv::nv nv::nv mark::comma
○ handu be ,	mark::circle nn::prpn.person cm::acc mark::comma
afabu ha weile be mute mbi ,	verb::vv e::pst.ptcp nv::nv cm::acc verb::vv e::fve.npst mark::comma
duli re dobori sucu re cimari abka ka bi he bi ci ,	verb::vv e::npst.ptcp nv::nv verb::vv e::npst.ptcp nv::nv verb::vv e::pst.ptcp verb::vv e::pst.ptcp verb::vv e::cve mark::comma
gemu dahabu fi uju fusi habi ,	nv::nv verb::vv e::cve nv::nv verb::vv e::fve.prs.prf mark::comma
monggo_taiji gaji ha ulha i ton ,	nn::prpn verb::vv e::pst.ptcp nv::nv cm::gen nv::nv mark::comma
ice duin de wasimbu ha ,	nv::adj nv::nv cm::dat verb::vv e::pst.ptcp mark::comma
gu_šan be jase obu ∅ ,	nn::prpn cm::acc nv::nv verb::vv e::fve.imperative mark::comma
lang_iogi de ji he giyansi be gercile me ala ha seme wesibu fi iogi obu ha .	nn::prpn cm::dat verb::vv e::pst.ptcp nv::nv cm::acc verb::vv e::cve verb::vv e::pst.ptcp comp verb::vv e::cve nv::nv verb::vv e::pst.ptcp mark::period
hecen be dule fi cooha i ergi de okdo me gene fi aliya ci ,	nv::nv cm::acc verb::vv e::cve nv::nv cm::gen nv::nv cm::dat verb::vv e::cve verb::vv e::cve verb::vv e::cve mark::comma
du_jy_hūi_tungjy kuliosan i jui ageni ,	nv::nv nn::prpn.person cm::gen nv::nv nn::prpn.person mark::comma
dube i beidesi de sunjata yan i weile ara ha ,	nv::nv cm::gen nv::nv cm::dat nv::nv nv::nv cm::gen nv::nv verb::vv e::pst.ptcp mark::comma
emte yan menggun gai ∅ .	nv::nv nv::nv nv::nv verb::vv e::fve.imperative mark::period
han i bu re šang ,	nv::nv cm::gen verb::vv e::npst.ptcp nv::nv mark::comma
soohai ,	nn::prpn.person mark::comma
saikan kimci me bai me wa fi ,	nv::adj verb::vv e::cve verb::vv e::cve verb::vv e::cve mark::comma
juwan niyalma ,	nv::nv nv::nv mark::comma
ede emte gecuheri ,	nv::nv nv::nv nv::nv mark::comma
men de gaji ∅ ,	pn::1pl.excl cm::dat verb::vv e::fve.imperative mark::comma
tere turgun de ,	nv::nv nv::nv cm::dat mark::comma
wa ci ainu ji mbi ,	verb::vv e::cve nv::nv verb::vv e::fve.npst mark::comma
emu niru i jušen ,	nv::nv nv::nv cm::gen nv::nv mark::comma
si min i jui be gai mbi seme gisure fi ,	pn::2sg pn::1sg cm::gen nv::nv cm::acc verb::vv e::fve.npst comp verb::vv e::cve mark::comma
bulakan be ,	nn::prpn.person cm::acc mark::comma
sarhū i ba de ili ha cooha be gida fi ,	nv::nv cm::gen nv::nv cm::dat verb::vv e::pst.ptcp nv::nv cm::acc verb::vv e::cve mark::comma
muse i jalin de faxša rakū ,	nv::nv cm::gen nv::nv cm::dat verb::vv e::npst.ptcp.neg mark::comma
nakcu hendu me ,	nv::nv verb::vv e::cve mark::comma
lingse ,	nv::nv mark::comma
sin i kiru asha ha adu gebungge niyalma gene fi ili ∅ se ci ili habi dere seme hendu he manggi ,	pn::2sg cm::gen nv::nv verb::vv e::pst.ptcp nn::prpn.person nv::adj nv::nv verb::vv e::cve verb::vv e::fve.imperative verb::vv e::cve verb::vv e::fve.prs.prf ptcl comp verb::vv e::pst.ptcp nv::nv mark::comma
dehi funce me hecen be gai fi ubaša ci ,	nv::nv verb::vv e::cve nv::nv cm::acc verb::vv e::cve verb::vv e::cve mark::comma
tiyei_ling ni hecen i duin jugūn i arbun i dulimba i leose de tafambu fi tebu he ,	nn::prpn cm::gen nv::nv cm::gen nv::nv nv::nv cm::gen nv::nv cm::gen nv::nv cm::gen nv::nv cm::dat verb::vv e::cve verb::vv e::pst.ptcp mark::comma
usin weile re erin de ume fete re ,	nv::nv verb::vv e::npst.ptcp nv::nv cm::dat nv::nv verb::vv e::npst.ptcp mark::comma
tondo i beye banda rakū kice me kadala ki .	nv::adj cm::gen nv::nv verb::vv e::npst.ptcp.neg verb::vv e::cve verb::vv e::fve.opt mark::period
○ jekduri ,	mark::circle nn::prpn.person mark::comma
edun de hendu fi ,	nv::nv cm::dat verb::vv e::cve mark::comma
juwe guwejihe nimenggi ,	nv::nv nv::nv nv::nv mark::comma
gung bai me han de bithe alibu ha manggi ,	nv::nv verb::vv e::cve nv::nv cm::dat nv::nv verb::vv e::pst.ptcp nv::nv mark::comma
i_mu_ho_wei i du_jy_hūi_tungjy daijuha i jui baindari ,	nn::prpn cm::gen nv::nv nn::prpn.person cm::gen nv::nv nn::prpn.person mark::comma
gurun sere kini ,	nv::nv verb::vv e::fve.opt mark::comma
jori ha jurgan be jurce rakū seme beiguwan obu ha .	verb::vv e::pst.ptcp nv::nv cm::acc verb::vv e::npst.ptcp.neg comp nv::nv verb::vv e::pst.ptcp mark::period
efu gege de gala hanci takūrabu re jušen haha sunja ,	nv::nv nv::nv cm::dat nv::nv nv::adj verb::vv e::npst.ptcp nv::nv nv::nv nv::nv mark::comma
siden_i_hada de emu dedu he ,	nn::prpn cm::dat nv::nv verb::vv e::pst.ptcp mark::comma
○ cooha be gai fi fulha i hoton be dule me ji fi yafahala fi ali me gai habi ,	mark::circle nv::nv cm::acc verb::vv e::cve nn::prpn.plc cm::gen nv::nv cm::acc verb::vv e::cve verb::vv e::cve verb::vv e::cve verb::vv e::cve verb::vv e::fve.prs.prf mark::comma
weile gai me ,	nv::nv verb::vv e::cve mark::comma
amba sarin sarila ha ,	nv::adj nv::nv verb::vv e::pst.ptcp mark::comma
bangsu bi ,	nn::prpn.person verb::vv.npst mark::comma
suwen i jalin de bi ambula aka me ,	pn::2pl cm::gen nv::nv cm::dat pn::1sg nv::nv verb::vv e::cve mark::comma
ba_giya_ho_cang_tun i nan_jing_heo ,	nn::prpn cm::gen nn::prpn mark::comma
muse i jušen i morin i emgi adula ∅ ,	nv::nv cm::gen nv::nv cm::gen nv::nv cm::gen nv::nv verb::vv e::fve.imperative mark::comma
liyoodung de ara ha sejen i gese sejen ara fi ,	nn::prpn.plc cm::dat verb::vv e::pst.ptcp nv::nv cm::gen nv::nv nv::nv verb::vv e::cve mark::comma
afa fi jafabu ha niyalma ,	verb::vv e::cve verb::vv e::pst.ptcp nv::nv mark::comma
yaya niyalma i beye ci jobolon tuci mbi se re ngge tere inu .	nv::nv nv::nv cm::gen nv::nv cm::abl nv::nv verb::vv e::fve.npst verb::vv e::npst.ptcp nmlz::nmlz nv::nv nv::nv mark::period
hecen i dergi duka jaka i ulan i muke de niyalma morin saha me buce he ,	nv::nv cm::gen nv::nv nv::nv nv::nv cm::gen nv::nv cm::gen nv::nv cm::dat nv::nv nv::nv verb::vv e::cve verb::vv e::pst.ptcp mark::comma
gemu emu fisihe kai ,	nv::nv nv::nv nv::nv ptcl mark::comma
nikan be daila ki se mbi dere ,	nv::nv cm::acc verb::vv e::fve.opt verb::vv e::fve.npst ptcl mark::comma
lenggeri ,	nv::nv mark::comma
fakūri yooni hala me etubu fi ,	nv::nv nv::nv verb::vv e::cve verb::vv e::cve mark::comma
du_tang ,	nv::nv mark::comma
suwen de ambula gene fi bi se re ,	pn::2pl cm::dat nv::nv verb::vv e::cve verb::vv.npst verb::vv e::npst.ptcp mark::comma
sinda ha morin be si adarame baha mbi ,	verb::vv e::pst.ptcp nv::nv cm::acc pn::2sg nv::nv verb::vv e::fve.npst mark::comma
○ ginggūlda ,	mark::circle nn::prpn.person mark::comma
○ orin emu de ,	mark::circle nv::nv nv::nv cm::dat mark::comma
niyalma wa ki seme gūni rakū kai ,	nv::nv verb::vv e::fve.opt comp verb::vv e::npst.ptcp.neg ptcl mark::comma
šongkoro ,	nv::nv mark::comma
afa ci ,	verb::vv e::cve mark::comma
○ gvlmahūn ,	mark::circle nv::nv mark::comma
ali me gai hakū ,	verb::vv e::cve verb::vv e::pst.ptcp.neg mark::comma
afabu ha weile be mute mbi ,	verb::vv e::pst.ptcp nv::nv cm::acc verb::vv e::fve.npst mark::comma
nikan i hacin hacin i efin efibu me amba sarin sarila ha .	nv::nv cm::gen nv::nv nv::nv cm::gen nv::nv verb::vv e::cve nv::adj nv::nv verb::vv e::pst.ptcp mark::period
○ udahai beiguwan ,	mark::circle nn::prpn.person nv::nv mark::comma
nasan hengke juwe fan ,	nv::nv nv::nv nv::nv nv::nv mark::comma
je ke muke be waliya fi ,	verb::vv e::pst.ptcp nv::nv cm::acc verb::vv e::cve mark::comma
ere mao_wen_lung julesi emu okson okso me baha rakū ,	nv::nv nn::prpn nv::nv nv::nv nv::nv verb::vv e::cve verb::vv e::npst.ptcp.neg mark::comma
waka ba de ainu da mbi ,	nv::adj nv::nv cm::dat nv::nv verb::vv e::fve.npst mark::comma
○ orin juwe de ,	mark::circle nv::nv nv::nv cm::dat mark::comma
han hendu me ,	nv::nv verb::vv e::cve mark::comma
○ juwan biya i juwan duin de monggo gurun i korcin i minggan_beile i sunjaci jui batma_taiji ,	mark::circle nv::nv nv::nv cm::gen nv::nv nv::nv cm::dat nv::nv nv::nv cm::gen nn::prpn.plc cm::gen nn::prpn cm::gen nv::nv nv::nv nn::prpn mark::comma
jeng_dung ,	nn::prpn mark::comma
tonio ,	nv::nv mark::comma
usin weile re erin tuta rahū seme guwangning de tebu he .	nv::nv verb::vv e::npst.ptcp nv::nv verb::vv e::fve.prv comp nn::prpn.plc cm::dat verb::vv e::pst.ptcp mark::period
ahūngga jui be doro jafabu ci ,	nv::nv nv::nv cm::acc nv::nv verb::vv e::cve mark::comma
tuttu yabu ci ,	nv::nv verb::vv e::cve mark::comma
boigon be kice me ara ∅ ,	nv::nv cm::acc verb::vv e::cve verb::vv e::fve.imperative mark::comma
namida_hari i sargan ji fi ,	nn::prpn cm::gen nv::nv verb::vv e::cve mark::comma
liyoodung ni cooha ,	nn::prpn.plc cm::gen nv::nv mark::comma
○ xušalan be ,	mark::circle nn::prpn.person cm::acc mark::comma
be te akda rakū .	pn::1pl.excl nv::nv verb::vv e::npst.ptcp.neg mark::period
emu suru morin gaji ha bi he ,	nv::nv nv::adj nv::nv verb::vv e::pst.ptcp verb::vv e::pst.ptcp mark::comma
tere boo tari re usin be gemu doigon de te icihiya fi bu mbi ,	nv::nv nv::nv verb::vv e::npst.ptcp nv::nv cm::acc nv::nv nv::nv cm::dat nv::nv verb::vv e::cve verb::vv e::fve.npst mark::comma
han cooha bedere fi ,	nv::nv nv::nv verb::vv e::cve mark::comma
ilan beile i cooha jugūn toso fi ,	nv::nv nv::nv cm::gen nv::nv nv::nv verb::vv e::cve mark::comma
sele i iogi i hergen be nakabu fi beiguwan obu ha ,	nv::nv cm::gen nv::nv cm::gen nv::nv cm::acc verb::vv e::cve nv::nv verb::vv e::pst.ptcp mark::comma
jakūn niyalma i emgi acan dende fi gaji habi ,	nv::nv nv::nv cm::gen nv::nv nv::nv verb::vv e::cve verb::vv e::fve.prs.prf mark::comma
lioi_šūn_keo de gene fi hecen be afa me gai ha .	nn::prpn cm::dat verb::vv e::cve nv::nv cm::acc verb::vv e::cve verb::vv e::pst.ptcp mark::period
su_ši_deng baica hakū ,	nn::prpn verb::vv e::pst.ptcp.neg mark::comma
amban sa toktobu fi jakūn wang de wesimbu ∅ ,	nv::nv nv::nv verb::vv e::cve nv::nv nv::nv cm::dat verb::vv e::fve.imperative mark::comma
○ orin nadan de ,	mark::circle nv::nv nv::nv cm::dat mark::comma
min de adarame banji mbi ,	pn::1sg cm::dat nv::nv verb::vv e::fve.npst mark::comma
hūlha holo koimali jalingga ehe kiyangdu mujilen i banji re niyalma ,	nv::nv nv::nv nv::adj nv::adj nv::adj nv::adj nv::nv cm::gen verb::vv e::npst.ptcp nv::nv mark::comma
jakūn gūsa i orin niyalma be tucibu fi ,	nv::nv nv::nv cm::gen nv::nv nv::nv cm::acc verb::vv e::cve mark::comma
ilan haha de nene me emu hule gai ha ,	nv::nv nv::nv cm::dat verb::vv e::cve nv::nv nv::nv verb::vv e::pst.ptcp mark::comma
jakūn guise ,	nv::nv nv::nv mark::comma
ajige ihan be gaija rakū ,	nv::adj nv::nv cm::acc verb::vv e::npst.ptcp.neg mark::comma
hahana ,	nn::prpn.person mark::comma
juwe doron bu fi unggi he .	nv::nv nv::nv verb::vv e::cve verb::vv e::pst.ptcp mark::period
šanggiyan_fu i niyalma poo juwe jergi sinda ha ,	nn::prpn cm::gen nv::nv nv::nv nv::nv nv::nv verb::vv e::pst.ptcp mark::comma
han hendu me ,	nv::nv verb::vv e::cve mark::comma
nikan i amba dain jide re be ,	nv::nv cm::gen nv::adj nv::nv verb::vv e::npst.ptcp cm::acc mark::comma
otonggo ,	nn::prpn.person mark::comma
kalka i joriktu_beile i duin niyalma ,	nv::nv cm::gen nn::prpn cm::gen nv::nv nv::nv mark::comma
gemu wa mbi ,	nv::nv verb::vv e::fve.npst mark::comma
mafa min i emgi bi kini ,	nv::nv pn::1sg cm::gen nv::nv verb::vv e::fve.opt mark::comma
ojin ,	nv::nv mark::comma
jori ha jurgan be jurce rakū seme beiguwan obu ha .	verb::vv e::pst.ptcp nv::nv cm::acc verb::vv e::npst.ptcp.neg comp nv::nv verb::vv e::pst.ptcp mark::period
bi meni meni ba de encule me weile beidebu rakū ,	pn::1sg nv::nv nv::nv nv::nv cm::dat verb::vv e::cve nv::nv verb::vv e::npst.ptcp.neg mark::comma
beye mute ci ,	nv::nv verb::vv e::cve mark::comma
amasi bedere he ,	nv::nv verb::vv e::pst.ptcp mark::comma
si ainu sarkū ,	pn::2sg nv::nv nv::nv mark::comma
amba_beile hendu me ,	nn::prpn verb::vv e::cve mark::comma
han i bithe ,	nv::nv cm::gen nv::nv mark::comma
hūda bu ki ,	nv::nv verb::vv e::fve.opt mark::comma
dain o fi ufara ha kooli inu bi ,	nv::nv verb::vv e::cve verb::vv e::pst.ptcp nv::nv nv::nv verb::vv.npst mark::comma
jase furdan be jafa ki ,	nv::nv nv::nv cm::acc verb::vv e::fve.opt mark::comma
sure_genggiyen_han i ilibu ha eiten hacin i sain doro be ,	nn::prpn cm::gen verb::vv e::pst.ptcp nv::adj nv::nv cm::gen nv::adj nv::nv cm::acc mark::comma
baindari si yehe i etenggi fon de narimbulu de da fi ,	nn::prpn.person pn::2sg nv::nv cm::gen nv::adj nv::nv cm::dat nn::prpn.person cm::dat verb::vv e::cve mark::comma
emu niru i juwanta niyalma tucibu fi dangse ara ha .	nv::nv nv::nv cm::gen nv::nv nv::nv verb::vv e::cve nv::nv verb::vv e::pst.ptcp mark::period
anggala i ton ambula gojime ,	nv::nv cm::gen nv::nv nv::nv nv::nv mark::comma
narin beiguwan be daise iogi sinda ha ,	nn::prpn.person nv::nv cm::acc nv::nv nv::nv verb::vv e::pst.ptcp mark::comma
jeku gai me yafahan cooha be gama me ,	nv::nv verb::vv e::cve nv::adj nv::nv cm::acc verb::vv e::cve mark::comma
hai_si gitan_ho_wei i du_jy_hūi_ciyanši daiju i omolo manda ,	nn::prpn nn::prpn cm::gen nv::nv nn::prpn.person cm::gen nv::nv nv::adj mark::comma
sara emte ,	nv::nv nv::nv mark::comma
eihen de yalubu ∅ ,	nv::nv cm::dat verb::vv e::fve.imperative mark::comma
hai_jeo i tsanjiyang be sin de kamcibu ha ,	nn::prpn cm::gen nv::nv cm::acc pn::2sg cm::dat verb::vv e::pst.ptcp mark::comma
niyaman hūncihin seme harša rakū ,	nv::nv nv::nv comp verb::vv e::npst.ptcp.neg mark::comma
juwan emuci jergi ,	nv::nv nv::nv nv::nv mark::comma
mahadan ,	nn::prpn.plc mark::comma
menggun be juwan jakūn ba de jafabu fi ,	nv::nv cm::acc nv::nv nv::nv nv::nv cm::dat verb::vv e::cve mark::comma
jai hoton hecen weile re ,	nv::nv nv::nv nv::nv verb::vv e::npst.ptcp mark::comma
ehe ba o fi baha hakū unggi he ,	nv::adj nv::nv verb::vv e::cve verb::vv e::pst.ptcp.neg verb::vv e::pst.ptcp mark::comma
eidu_baturu ,	nn::prpn mark::comma
mursa juwe sin benji he .	nv::nv nv::nv nv::nv verb::vv e::pst.ptcp mark::period
samsu i ergume ,	nv::nv cm::gen nv::nv mark::comma
si gūwa be kadala ra niyalma ulin hūlha ci ,	pn::2sg nv::nv cm::acc verb::vv e::npst.ptcp nv::nv nv::nv verb::vv e::cve mark::comma
iogi tsanjiyang fakca hakū seme wesihun han de ala ∅ ,	nv::nv nv::nv verb::vv e::pst.ptcp.neg comp nv::nv nv::nv cm::dat verb::vv e::fve.imperative mark::comma
olji ara ∅ seme hendu he gisun de ,	nv::nv verb::vv e::fve.imperative comp verb::vv e::pst.ptcp nv::nv cm::dat mark::comma
golo be bargiyabu re ejen manggūltai_beile de weile ara fi ,	nv::nv cm::acc verb::vv e::npst.ptcp nv::nv nn::prpn cm::dat nv::nv verb::vv e::cve mark::comma
gosi re da de gosi kini .	verb::vv e::npst.ptcp nv::nv cm::dat verb::vv e::fve.opt mark::period
janggalji ,	nn::prpn.person mark::comma
ilan biya i juwan de waji ha seme bithe ara fi du_tang de benji ∅ ,	nv::nv nv::nv cm::gen nv::nv cm::dat verb::vv e::pst.ptcp comp nv::nv verb::vv e::cve nv::nv cm::dat verb::vv e::fve.imperative mark::comma
in i cooha be geren seme ,	pn::3sg cm::gen nv::nv cm::acc nv::adj comp mark::comma
amala geren cooha be gaji me ji kini seme fonji re jaka de ,	nv::nv nv::adj nv::nv cm::acc verb::vv e::cve verb::vv e::fve.opt comp verb::vv e::npst.ptcp nv::nv cm::dat mark::comma
han in i emgi da ci gucule he be gūni me hokobu hakū ,	nv::nv pn::3sg cm::gen nv::nv nv::nv cm::abl verb::vv e::pst.ptcp cm::acc verb::vv e::cve verb::vv e::pst.ptcp.neg mark::comma
han i bithe ,	nv::nv cm::gen nv::nv mark::comma
duici_beile de emu jergi buda bene he bi he ,	nn::prpn cm::dat nv::nv nv::nv nv::nv verb::vv e::pst.ptcp verb::vv e::pst.ptcp mark::comma
afabu ha weile be mute mbi ,	verb::vv e::pst.ptcp nv::nv cm::acc verb::vv e::fve.npst mark::comma
tuttu beile se gene ci ,	nv::nv nv::nv nv::nv verb::vv e::cve mark::comma
ilan bedzung de ilata niyalma ,	nv::nv nv::nv cm::dat nv::nv nv::nv mark::comma
hai_si tiye_ling_wei i du_jy_hūi_tungjy šose i jui yatabu ,	nn::prpn nn::prpn cm::gen nv::nv nn::prpn.person cm::gen nv::nv nn::prpn.person mark::comma
( ere gemu afabu ha hafan fudasihūn i haran kai ,	mark::lparen nv::nv nv::nv verb::vv e::pst.ptcp nv::nv nv::adj cm::gen nv::nv ptcl mark::comma
han i bithe ,	nv::nv cm::gen nv::nv mark::comma
ning_yuwan ci komso budun i haran waka ,	nn::prpn cm::abl nv::adj nv::adj cm::gen nv::nv nv::adj mark::comma
min i beye ci ana me hendu re ngge ere inu ,	pn::1sg cm::gen nv::nv cm::abl verb::vv e::cve verb::vv e::npst.ptcp nmlz::nmlz nv::nv nv::nv mark::comma
men i jušen adarame taka fi jafa ha ,	pn::1pl.excl cm::gen nv::nv nv::nv verb::vv e::cve verb::vv e::pst.ptcp mark::comma
jing kemuni giyansi baha fi benji ci ,	nv::nv nv::nv nv::nv verb::vv e::cve verb::vv e::cve mark::comma
jui hūwang_yan_jeng be tukiye fi šeo_pu obu fi ,	nv::nv nn::prpn cm::acc verb::vv e::cve nv::nv verb::vv e::cve mark::comma
ilan minggan nikan ,	nv::nv nv::nv nv::nv mark::comma
min i deo morohon i eigen sargan be ,	pn::1sg cm::gen nv::nv nv::adj cm::gen nv::nv nv::nv cm::acc mark::comma
tere inenggi amba_beile guwangning ci isinji ha .	nv::nv nv::nv nn::prpn nn::prpn.plc cm::abl verb::vv e::pst.ptcp mark::period
amban sa ji ci ,	nv::nv nv::nv verb::vv e::cve mark::comma
giya_jing ni dehi duici aniya nadan biya i orin sunja de baha ha ,	nn::prpn cm::gen nv::nv nv::nv nv::nv nv::nv nv::nv cm::gen nv::nv nv::nv cm::dat verb::vv e::pst.ptcp mark::comma
min i kadala ra emu gala i cooha be han i fafun i kadala mbi ,	pn::1sg cm::gen verb::vv e::npst.ptcp nv::nv nv::nv cm::gen nv::nv cm::acc nv::nv cm::gen nv::nv cm::gen verb::vv e::fve.npst mark::comma
jaka de uyun niru ,	nv::nv cm::dat nv::nv nv::nv mark::comma
kalka i monggo be aca fi bošo me gama ra de ,	nv::nv cm::gen nv::nv cm::acc verb::vv e::cve verb::vv e::cve verb::vv e::npst.ptcp cm::dat mark::comma
yabu ha niyalma be wa mbi ,	verb::vv e::pst.ptcp nv::nv cm::acc verb::vv e::fve.npst mark::comma
han ,	nv::nv mark::comma
ere ilan weile ,	nv::nv nv::nv nv::nv mark::comma
tsanjiyang ni hergen bu he ,	nv::nv cm::gen nv::nv verb::vv e::pst.ptcp mark::comma
niyalma be dahala ra ngge ili fi tuta ha ,	nv::nv cm::acc verb::vv e::npst.ptcp nmlz::nmlz verb::vv e::cve verb::vv e::pst.ptcp mark::comma
jang_ši_g'ao gebungge niyalma uka me gene re be ,	nn::prpn nv::adj nv::nv verb::vv e::cve verb::vv e::npst.ptcp cm::acc mark::comma
○ ilan biya i ice inenggi ,	mark::circle nv::nv nv::nv cm::gen nv::adj nv::nv mark::comma
yoto_beile ,	nn::prpn mark::comma
hesihe i juse hehesi be gemu lafa de unggi ∅ ,	nn::prpn.plc cm::gen nv::nv nv::nv cm::acc nv::nv nn::prpn.plc cm::dat verb::vv e::fve.imperative mark::comma
ere juwari ninggun biya i halhūn de ,	nv::nv nv::nv nv::nv nv::nv cm::gen nv::adj cm::dat mark::comma
juse omosi jalan hala me gosi re doro be ume lashala ra .	nv::nv nv::nv nv::nv verb::vv e::cve verb::vv e::npst.ptcp nv::nv cm::acc nv::nv verb::vv e::npst.ptcp mark::period
○ kalka i barin i nangnuk_taiji i elcin sunja niyalma ,	mark::circle nv::nv cm::gen nv::nv cm::gen nn::prpn cm::gen nv::nv nv::nv nv::nv mark::comma
gene he niyalma ulha bisi re be ,	verb::vv e::pst.ptcp nv::nv nv::nv verb::vv e::npst.ptcp cm::acc mark::comma
jang ni hoton ,	nv::nv cm::gen nv::nv mark::comma
afabu ha weile be mute mbi ,	verb::vv e::pst.ptcp nv::nv cm::acc verb::vv e::fve.npst mark::comma
u_ši_jai ,	nn::prpn mark::comma
○ yabka be ,	mark::circle nn::prpn.person cm::acc mark::comma
jai cimari tung_iogi be gama me ,	nv::nv nv::nv nn::prpn cm::acc verb::vv e::cve mark::comma
ehe be ehe seme han de ala mbi ,	nv::adj cm::acc nv::adj comp nv::nv cm::dat verb::vv e::fve.npst mark::comma
uheri gūsin sunja niyalma be gai fi ,	nv::nv nv::nv nv::nv nv::nv cm::acc verb::vv e::cve mark::comma
wa ra ba o ci ,	verb::vv e::npst.ptcp nv::nv verb::vv e::cve mark::comma
eidu_baturu i jušen ilan tanggū haha be gai ha ,	nn::prpn cm::gen nv::nv nv::nv nv::nv nv::nv cm::acc verb::vv e::pst.ptcp mark::comma
tere amban sa be dule me adarame hendu mbi ,	nv::nv nv::nv nv::nv cm::acc verb::vv e::cve nv::nv verb::vv e::fve.npst mark::comma
pan fori ∅ ,	nv::nv verb::vv e::fve.imperative mark::comma
duin iogi gai fi emu minggan cooha gene he .	nv::nv nv::nv verb::vv e::cve nv::nv nv::nv nv::nv verb::vv e::pst.ptcp mark::period
suje boso ele tele bu fi unggi he .	nv::nv nv::nv verb::vv e::cve verb::vv e::cve verb::vv e::pst.ptcp mark::period
yoo_jeo de benji ∅ ,	nn::prpn cm::dat verb::vv e::fve.imperative mark::comma
nunggan_subargan de ili fi ,	nn::prpn cm::dat verb::vv e::cve mark::comma
emu jergi buce re weile be guwebu mbi .	nv::nv nv::nv verb::vv e::npst.ptcp nv::nv cm::acc verb::vv e::fve.npst mark::period
malanggū ,	nv::nv mark::comma
duin mocin ,	nv::nv nv::nv mark::comma
geren beile se ,	nv::adj nv::nv nv::nv mark::comma
ice nadan de hendu me ,	nv::adj nv::nv cm::dat verb::vv e::cve mark::comma
dain cooha de o ci ,	nv::nv nv::nv cm::dat verb::vv e::cve mark::comma
efule re ci uthai bibu re ngge dele ,	verb::vv e::npst.ptcp cm::abl nv::nv verb::vv e::npst.ptcp nmlz::nmlz nv::nv mark::comma
ejen akū niyalma o ,	nv::nv nv::adj nv::nv ptcl mark::comma
sure_kundulen_han i isabu ha amba gurun be gemu neigen teksile me tolo fi ,	nn::prpn cm::gen verb::vv e::pst.ptcp nv::adj nv::nv cm::acc nv::nv nv::adj verb::vv e::cve verb::vv e::cve mark::comma
jobobu re de doso rakū cooha tuci ci ,	verb::vv e::npst.ptcp cm::dat verb::vv e::npst.ptcp.neg nv::nv verb::vv e::cve mark::comma
suwe jai min de akda mbi o ,	pn::2pl nv::nv pn::1sg cm::dat verb::vv e::fve.npst ptcl mark::comma
jori ha jurgan be jurce rakū seme beiguwan obu ha .	verb::vv e::pst.ptcp nv::nv cm::acc verb::vv e::npst.ptcp.neg comp nv::nv verb::vv e::pst.ptcp mark::period
duin biya i juwan duin de gene fi ,	nv::nv nv::nv cm::gen nv::nv nv::nv cm::dat verb::vv e::cve mark::comma
afabu ha weile be mute mbi ,	verb::vv e::pst.ptcp nv::nv cm::acc verb::vv e::fve.npst mark::comma
korcin i manggūs_mafa i orin haha ,	nn::prpn.plc cm::gen nn::prpn cm::gen nv::nv nv::nv mark::comma
kalka i nangnuk_beile i ilan boigon juwan nadan niyalma ,	nv::nv cm::gen nn::prpn cm::gen nv::nv nv::nv nv::nv nv::nv nv::nv mark::comma
afabu ha weile be mute mbi ,	verb::vv e::pst.ptcp nv::nv cm::acc verb::vv e::fve.npst mark::comma
afabu ha jurgan be kice me banji ki .	verb::vv e::pst.ptcp nv::nv cm::acc verb::vv e::cve verb::vv e::fve.opt mark::period
jaisai sin be inu uji fi sinda fi unggi he ,	nn::prpn.person pn::2sg cm::acc nv::nv verb::vv e::cve verb::vv e::cve verb::vv e::pst.ptcp mark::comma
birai_dergi yoo_jeo i hecen be gai mbi seme ji fi ,	nn::prpn nn::prpn cm::gen nv::nv cm::acc verb::vv e::fve.npst comp verb::vv e::cve mark::comma
jang_lio ,	nn::prpn mark::comma
malan ,	nn::prpn.person mark::comma
šeo_pu hergen be wesibu fi ,	nv::nv nv::nv cm::acc verb::vv e::cve mark::comma
takūra ra aha ,	verb::vv e::npst.ptcp nv::nv mark::comma
andala ilan ihan wa me sarila fi dung_ging de dosi ka ,	nv::nv nv::nv nv::nv verb::vv e::cve verb::vv e::cve nn::prpn cm::dat verb::vv e::pst.ptcp mark::comma
sese ara mbi seme tukiye fi ,	nv::nv verb::vv e::fve.npst comp verb::vv e::cve mark::comma
morin susai funce me gai ha ,	nv::nv nv::nv verb::vv e::cve verb::vv e::pst.ptcp mark::comma
warka_fiyanggū be ,	nn::prpn cm::acc mark::comma
emu tungse ,	nv::nv nv::nv mark::comma
jai dasa me in i tusa ara ha ba be beile se de bithe ara fi wesimbu re jaka de ,	nv::nv verb::vv e::cve pn::3sg cm::gen nv::nv verb::vv e::pst.ptcp nv::nv cm::acc nv::nv nv::nv cm::dat nv::nv verb::vv e::cve verb::vv e::npst.ptcp nv::nv cm::dat mark::comma
cen i cisu i hūlha me nikan be sucu fi ,	pn::3pl cm::gen nv::nv cm::gen verb::vv e::cve nv::nv cm::acc verb::vv e::cve mark::comma
cooha afabu fi ,	nv::nv verb::vv e::cve mark::comma
○ du_tang ni bithe wasimbu ha ,	mark::circle nv::nv cm::gen nv::nv verb::vv e::pst.ptcp mark::comma
ci_giya_pu ,	nn::prpn mark::comma
abka na sa kini seme beile se i beye gashū ha de ,	nv::nv nv::nv verb::vv e::fve.opt comp nv::nv nv::nv cm::gen nv::nv verb::vv e::pst.ptcp cm::dat mark::comma
fujisa inu kiyoo de te rakū bi he ,	nv::nv nv::nv nv::nv cm::dat verb::vv e::npst.ptcp.neg verb::vv e::pst.ptcp mark::comma
šang ni dabala ,	nv::nv cm::gen ptcl mark::comma
hai_jeo hecen dasa ra be ,	nn::prpn nv::nv verb::vv e::npst.ptcp cm::acc mark::comma
ginjeo de morin ulebu me ili ∅ ,	nn::prpn.plc cm::dat nv::nv verb::vv e::cve verb::vv e::fve.imperative mark::comma
ilaci jergi iogi obu ha ,	nv::nv nv::nv nv::nv verb::vv e::pst.ptcp mark::comma
sunja morin ,	nv::nv nv::nv mark::comma
engke_tabunang ni sargan ,	nn::prpn cm::gen nv::nv mark::comma
embici suwen i dergi eshete ahūta be ume han tebu re ,	nv::nv pn::2pl cm::gen nv::nv nv::nv nv::nv cm::acc nv::nv nv::nv verb::vv e::npst.ptcp mark::comma
buhelji ,	nn::prpn.person mark::comma
○ orin de ,	mark::circle nv::nv cm::dat mark::comma
te ere beikuwen de unggi ci ,	nv::nv nv::nv nv::adj cm::dat verb::vv e::cve mark::comma
bi gurun nonggi ha ,	pn::1sg nv::nv verb::vv e::pst.ptcp mark::comma
afabu ha weile be mute mbi ,	verb::vv e::pst.ptcp nv::nv cm::acc verb::vv e::fve.npst mark::comma
han hendu me ,	nv::nv verb::vv e::cve mark::comma
tere inenggi ,	nv::nv nv::nv mark::comma
tongki fuka sinda ha hergen i dangse .	nv::nv nv::nv verb::vv e::pst.ptcp nv::nv cm::gen nv::nv mark::period
dorji ,	nn::prpn.person mark::comma
○ ineku tere inenggi ,	mark::circle nv::nv nv::nv nv::nv mark::comma
si min i niyaman i gese jui waka o ,	pn::2sg pn::1sg cm::gen nv::nv cm::gen nv::nv nv::nv nv::nv ptcl mark::comma
han i bithe ,	nv::nv cm::gen nv::nv mark::comma
amasi orin nadan de isinji ha .	nv::nv nv::nv nv::nv cm::dat verb::vv e::pst.ptcp mark::period
jušen ,	nv::nv mark::comma
fakca rakū ci ,	verb::vv e::npst.ptcp.neg e::cve mark::comma
guwangning ni duin tanggū hule jeku bu ∅ seme hendu fi unggi he .	nn::prpn.plc cm::gen nv::nv nv::nv nv::nv nv::nv verb::vv e::fve.imperative comp verb::vv e::cve verb::vv e::pst.ptcp mark::period
moro ,	nv::nv mark::comma
beiguwan langge ,	nv::nv nn::prpn.person mark::comma
tofohoci jergi .	nv::nv nv::nv mark::period
meni meni kadala ra ba de ,	nv::nv nv::nv verb::vv e::npst.ptcp nv::nv cm::dat mark::comma
ere juwe doro i dube be ,	nv::nv nv::nv nv::nv cm::gen nv::nv cm::acc mark::comma
dehi ulhūma ,	nv::nv nv::nv mark::comma
gene he cooha i niyalma nikan i gašan de ume dosi re ,	verb::vv e::pst.ptcp nv::nv cm::gen nv::nv nv::nv cm::gen nv::nv cm::dat nv::nv verb::vv e::npst.ptcp mark::comma
ninggun niyalma be gai fi orin nadan de uka me ji he .	nv::nv nv::nv cm::acc verb::vv e::cve nv::nv nv::nv cm::dat verb::vv e::cve verb::vv e::pst.ptcp mark::period
nikan bithe taci fi ,	nv::nv nv::nv verb::vv e::cve mark::comma
afabu ha jurgan be tondo i banji ki ,	verb::vv e::pst.ptcp nv::nv cm::acc nv::adj cm::gen verb::vv e::fve.opt mark::comma
yoo_jeo de te he cooha ,	nn::prpn cm::dat verb::vv e::pst.ptcp nv::nv mark::comma
hecen be šurde me eyebu he ulan i muke i wargi si ki ,	nv::nv cm::acc verb::vv e::cve verb::vv e::pst.ptcp nv::nv cm::gen nv::nv cm::gen nv::nv verb::vv e::fve.opt mark::comma
olbo i niyalma ,	nv::nv cm::gen nv::nv mark::comma
wa fi aina mbi ,	verb::vv e::cve verb::vv e::fve.npst mark::comma
fu_an ,	nn::prpn mark::comma
nikan cooha jase tuci fi ,	nv::nv nv::nv nv::nv verb::vv e::cve mark::comma
yenggei ,	nn::prpn.person mark::comma
suwen i monggo gurun ,	pn::2pl cm::gen nv::nv nv::nv mark::comma
hūsibu bi kice me tondo i akūmbu ki ,	nn::prpn.person pn::1sg verb::vv e::cve nv::adj cm::gen verb::vv e::fve.opt mark::comma
geren beile se ,	nv::adj nv::nv nv::nv mark::comma
hetungge ba i harangga tal_ioi gašan i niyalma be ubaša ra hebe de daha ∅ bi ci ,	nn::prpn.plc nv::nv cm::gen nv::nv nn::prpn nv::nv cm::gen nv::nv cm::acc verb::vv e::npst.ptcp nv::nv cm::dat verb::vv e::fve.imperative verb::vv e::cve mark::comma
in i ahūn ukšan_taiji ,	pn::3sg cm::gen nv::nv nn::prpn mark::comma
han be suilabu ha ngge ,	nv::nv cm::acc verb::vv e::pst.ptcp nmlz::nmlz mark::comma
afa ki ,	verb::vv e::fve.opt mark::comma
in i in i sargan i emgi gama ha bi he ,	pn::3sg cm::gen pn::3sg cm::gen nv::nv cm::gen nv::nv verb::vv e::pst.ptcp verb::vv e::pst.ptcp mark::comma
untuhun beye amargi ci feksi me acana ∅ ,	nv::adj nv::nv nv::nv cm::abl verb::vv e::cve verb::vv e::fve.imperative mark::comma
sirke ehe ,	nv::adj nv::adj mark::comma
dabaša ra gisun be ume gisure re ,	verb::vv e::npst.ptcp nv::nv cm::acc nv::nv verb::vv e::npst.ptcp mark::comma
bi bisi rakū buce mbi ,	pn::1sg verb::vv e::npst.ptcp.neg verb::vv e::fve.npst mark::comma
han hendu me ,	nv::nv verb::vv e::cve mark::comma
uttu neigen uji re be ele rakū ,	nv::nv nv::adj verb::vv e::npst.ptcp cm::acc verb::vv e::npst.ptcp.neg mark::comma
min i kadala ra emu gala i cooha be han i fafun i tondo i kadala mbi ,	pn::1sg cm::gen verb::vv e::npst.ptcp nv::nv nv::nv cm::gen nv::nv cm::acc nv::nv cm::gen nv::nv cm::gen nv::adj cm::gen verb::vv e::fve.npst mark::comma
tofohoci jergi ,	nv::nv nv::nv mark::comma
suwen i gurun i gese hafan sa i beye ,	pn::2pl cm::gen nv::nv cm::gen nv::nv nv::nv nv::nv cm::gen nv::nv mark::comma
jori ha jurgan be jurce rakū seme ,	verb::vv e::pst.ptcp nv::nv cm::acc verb::vv e::npst.ptcp.neg comp mark::comma
tabai_age i emgi becunu me etuku be jafa ha seme ,	nn::prpn cm::gen nv::nv verb::vv e::cve nv::nv cm::acc verb::vv e::pst.ptcp comp mark::comma
○ tambai be ,	mark::circle nn::prpn.person cm::acc mark::comma
sui_yang_di_han ,	nn::prpn mark::comma
tuba de gene he ihan sejen be dabu me tumen sejen jalukiya me unggi mbi ,	nv::nv cm::dat verb::vv e::pst.ptcp nv::nv nv::nv cm::acc verb::vv e::cve nv::nv nv::nv verb::vv e::cve verb::vv e::fve.npst mark::comma
barin i sirhūnak i gurun ,	nv::nv cm::gen nn::prpn.person cm::gen nv::nv mark::comma
sain be sain ,	nv::adj cm::acc nv::adj mark::comma
buya kutule yafahan niyalma ci wesihun ,	nv::adj nv::nv nv::adj nv::nv cm::abl nv::nv mark::comma
emgeri daya de gene he elcin be toso fi etu he etuku gaji re ulha be gemu gai fi ,	nv::nv nn::prpn.person cm::dat verb::vv e::pst.ptcp nv::nv cm::acc verb::vv e::cve verb::vv e::pst.ptcp nv::nv verb::vv e::npst.ptcp nv::nv cm::acc nv::nv verb::vv e::cve mark::comma
juwe ulgiyan ,	nv::nv nv::nv mark::comma
○ teling ,	mark::circle nn::prpn.person mark::comma
tere be donji fi daha ha dain i gurun gemu dasa me ubaša fi ,	nv::nv cm::acc verb::vv e::cve verb::vv e::pst.ptcp nv::nv cm::gen nv::nv nv::nv verb::vv e::cve verb::vv e::cve mark::comma
deiji kini ,	verb::vv e::fve.opt mark::comma
ere gai ha ulin be ,	nv::nv verb::vv e::pst.ptcp nv::nv cm::acc mark::comma
kalka i joriktu_beile i nadan haha ,	nv::nv cm::gen nn::prpn cm::gen nv::nv nv::nv mark::comma
juwan niyalma ,	nv::nv nv::nv mark::comma
babulai ,	nn::prpn.person mark::comma
tsanjiyang de ninggute bu he ,	nv::nv cm::dat nv::nv verb::vv e::pst.ptcp mark::comma
imio ,	nn::prpn.person mark::comma
unggi fi muke dosimbu ha ba be si me ,	verb::vv e::cve nv::nv verb::vv e::pst.ptcp nv::nv cm::acc verb::vv e::cve mark::comma
tanggū niyalma be kadala ra niyalma o ci ,	nv::nv nv::nv cm::acc verb::vv e::npst.ptcp nv::nv verb::vv e::cve mark::comma
juwan poo ,	nv::nv nv::nv mark::comma
xušalan ,	nn::prpn.person mark::comma
sure_kundulen_han hendu me ,	nn::prpn verb::vv e::cve mark::comma
jakūnju boigon emu tanggū tofohon haha ,	nv::nv nv::nv nv::nv nv::nv nv::nv nv::nv mark::comma
ere i gese guwangning ci ji he niyalma de hūda gai ha bi ci ,	nv::nv cm::gen nv::nv nn::prpn.plc cm::abl verb::vv e::pst.ptcp nv::nv cm::dat nv::nv verb::vv e::pst.ptcp verb::vv e::cve mark::comma
nikan i mao_iogi ,	nv::nv cm::gen nn::prpn mark::comma
han i elcin ,	nv::nv cm::gen nv::nv mark::comma
ere duin niyalma juwan juwe ci jergi ,	nv::nv nv::nv nv::nv nv::nv verb::vv e::cve nv::nv mark::comma
nikan i wan_lii_han i nene he ehe be gūni hakū ,	nv::nv cm::gen nn::prpn cm::gen verb::vv e::pst.ptcp nv::adj cm::acc verb::vv e::pst.ptcp.neg mark::comma
nene me hendu me ,	verb::vv e::cve verb::vv e::cve mark::comma
genggiyen_han i susai uyun se de ,	nn::prpn cm::gen nv::nv nv::nv nv::nv cm::dat mark::comma
hūwa_boo_cung ,	nn::prpn mark::comma
jacin jui daišan_beile de ,	nv::nv nv::nv nn::prpn cm::dat mark::comma
dahai dahabu fi gaji ha niyalma duin tanggū ,	nn::prpn.person verb::vv e::cve verb::vv e::pst.ptcp nv::nv nv::nv nv::nv mark::comma
jori ha jurgan be jurce rakū seme ilaci jergi iogi obu ha ,	verb::vv e::pst.ptcp nv::nv cm::acc verb::vv e::npst.ptcp.neg comp nv::nv nv::nv nv::nv verb::vv e::pst.ptcp mark::comma
nene he ehe be tooda me baili tusa isibu rakū ,	verb::vv e::pst.ptcp nv::adj cm::acc verb::vv e::cve nv::nv nv::nv verb::vv e::npst.ptcp.neg mark::comma
muke moo gaija ra ba be muse tuwakiya fi gaibu rakū ci ,	nv::nv nv::nv verb::vv e::npst.ptcp nv::nv cm::acc pn::1pl.incl verb::vv e::cve verb::vv e::npst.ptcp.neg e::cve mark::comma
emu kiru bu fi unggi he ,	nv::nv nv::nv verb::vv e::cve verb::vv e::pst.ptcp mark::comma
folo ho enggemu hadala toho hoi emu morin bu he ,	verb::vv e::pst.ptcp nv::nv nv::nv verb::vv e::cve nv::nv nv::nv verb::vv e::pst.ptcp mark::comma
gašan i nikan i emgi ume bisi re .	nv::nv cm::gen nv::nv cm::gen nv::nv nv::nv verb::vv e::npst.ptcp mark::period
ula de bolori cooha gene re de ,	nv::nv cm::dat nv::nv nv::nv verb::vv e::npst.ptcp cm::dat mark::comma
bata kimun seme gida rakū ,	nv::nv nv::nv comp verb::vv e::npst.ptcp.neg mark::comma
emu niyalma de ilan yan menggun šangna ra ,	nv::nv nv::nv cm::dat nv::nv nv::nv nv::nv verb::vv e::npst.ptcp mark::comma
tuttu han ,	nv::nv nv::nv mark::comma
afabu ha weile be mute mbi ,	verb::vv e::pst.ptcp nv::nv cm::acc verb::vv e::fve.npst mark::comma
juse omosi jalan hala me gosi re doro be ume lashala ra .	nv::nv nv::nv nv::nv verb::vv e::cve verb::vv e::npst.ptcp nv::nv cm::acc nv::nv verb::vv e::npst.ptcp mark::period
olji icihiya me waji fi ,	nv::nv verb::vv e::cve verb::vv e::cve mark::comma
ilu ,	nn::prpn.plc mark::comma
erguwen i aniya ,	nv::nv cm::gen nv::nv mark::comma
afabu ha weile be mute mbi ,	verb::vv e::pst.ptcp nv::nv cm::acc verb::vv e::fve.npst mark::comma
tere i amala ,	nv::nv cm::gen nv::nv mark::comma
hecen de te fi ali hakū burula me tuci ke ,	nv::nv cm::dat verb::vv e::cve verb::vv e::pst.ptcp.neg verb::vv e::cve verb::vv e::pst.ptcp mark::comma
korcin i minggan_mafa i jui se i elcin ,	nn::prpn.plc cm::gen nn::prpn cm::gen nv::nv nv::nv cm::gen nv::nv mark::comma
nikan i juwe hūlha ,	nv::nv cm::gen nv::nv nv::nv mark::comma
gūsin uksin bu he ,	nv::nv nv::nv verb::vv e::pst.ptcp mark::comma
lioi_šūn_keo se re ba ci ebsi ,	nn::prpn verb::vv e::npst.ptcp nv::nv cm::abl nv::nv mark::comma
han de ala ra jaka de ,	nv::nv cm::dat verb::vv e::npst.ptcp nv::nv cm::dat mark::comma
nikan iogi lii_wei_lung uka mbi seme ala ha heo_ši_giyūn be wesibu fi beiguwan obu ha .	nv::nv nv::nv nn::prpn verb::vv e::fve.npst comp verb::vv e::pst.ptcp nn::prpn cm::acc verb::vv e::cve nv::nv verb::vv e::pst.ptcp mark::period
tondo banji re niyalma be geli wa ki seme ,	nv::adj verb::vv e::npst.ptcp nv::nv cm::acc nv::nv verb::vv e::fve.opt comp mark::comma
darhan_hiya seme gebu bu he ,	nn::prpn comp nv::nv verb::vv e::pst.ptcp mark::comma
tari ha jeku be gemu morin ulebu he ,	verb::vv e::pst.ptcp nv::nv cm::acc nv::nv nv::nv verb::vv e::pst.ptcp mark::comma
han šangna me bithe unggi he ,	nv::nv verb::vv e::cve nv::nv verb::vv e::pst.ptcp mark::comma
dergi_mederi jakara me te fi daha rakū samsi fi bisi re gurun be gai ∅ seme unggi he .	nn::prpn verb::vv e::cve verb::vv e::cve verb::vv e::npst.ptcp.neg verb::vv e::cve verb::vv e::npst.ptcp nv::nv cm::acc verb::vv e::fve.imperative comp verb::vv e::pst.ptcp mark::period
muse de enteheme alban bu re niyalma waka ,	pn::1pl.incl cm::dat nv::nv nv::nv verb::vv e::npst.ptcp nv::nv nv::adj mark::comma
ganio jori ha gese lio_be_wen i gisun ,	nv::adj verb::vv e::pst.ptcp nv::nv nn::prpn cm::gen nv::nv mark::comma
orin be dule ke de ,	nv::nv cm::acc verb::vv e::pst.ptcp cm::dat mark::comma
tainju ,	nn::prpn.person mark::comma
abka ,	nv::nv mark::comma
emu jergi buce re weile be guwebu mbi .	nv::nv nv::nv verb::vv e::npst.ptcp nv::nv cm::acc verb::vv e::fve.npst mark::period
ice ninggun i inenggi muduri erin de afabu ha ngge ,	nv::adj nv::nv cm::gen nv::nv nv::nv nv::nv cm::dat verb::vv e::pst.ptcp nmlz::nmlz mark::comma
monggo i cahar han de jui bu me niyaman jafa ha be gūni ha de ,	nv::nv cm::gen nn::prpn.plc nv::nv cm::dat nv::nv verb::vv e::cve nv::nv verb::vv e::pst.ptcp cm::acc verb::vv e::pst.ptcp cm::dat mark::comma
jai gūsin nadan niyalma de ,	nv::nv nv::nv nv::nv nv::nv cm::dat mark::comma
bingtu i elcin ,	nn::prpn.person cm::gen nv::nv mark::comma
han i boo i eje he ,	nv::nv cm::gen nv::nv cm::gen verb::vv e::pst.ptcp mark::comma
sin i gašan de bargiya ∅ ,	pn::2sg cm::gen nv::nv cm::dat verb::vv e::fve.imperative mark::comma
giya_jing ni dehi ilaci aniya ninggun biya i orin juwe de baha ha ,	nn::prpn cm::gen nv::nv nv::nv nv::nv nv::nv nv::nv cm::gen nv::nv nv::nv cm::dat verb::vv e::pst.ptcp mark::comma
minggan_mafa i jui conoko_taiji i harangga sibe i gašan de isina ci ,	nn::prpn cm::gen nv::nv nn::prpn cm::gen nv::nv nv::nv cm::gen nv::nv cm::dat verb::vv e::cve mark::comma
surma be sinda ha ,	nn::prpn.person cm::acc verb::vv e::pst.ptcp mark::comma
urgūdai bi ,	nn::prpn.person verb::vv.npst mark::comma
han hendu me ,	nv::nv verb::vv e::cve mark::comma
nuta ,	nn::prpn.person mark::comma
niru de juwen sinda me gaija ra jeku ,	nv::nv cm::dat nv::nv verb::vv e::cve verb::vv e::npst.ptcp nv::nv mark::comma
susai boso ,	nv::nv nv::nv mark::comma
suifun_golo i amban bi he ,	nn::prpn cm::gen nv::nv verb::vv e::pst.ptcp mark::comma
jaha ara ∅ ,	nv::nv verb::vv e::fve.imperative mark::comma
dzung_bing_guwan ci fusihūn ,	nv::nv cm::abl nv::adj mark::comma
jang_lii_tun i tsoo_sio_fu ,	nn::prpn cm::gen nn::prpn mark::comma
juwete yan menggun ,	nv::nv nv::nv nv::nv mark::comma
dureng_hūng_baturu_beile hendu me ,	nn::prpn verb::vv e::cve mark::comma
sahaliyan_ula an i juhe jafa ra tofohon orin i inenggi onggolo juhe jafa ha ngge ,	nn::prpn nv::nv cm::gen nv::nv verb::vv e::npst.ptcp nv::nv nv::nv cm::gen nv::nv nv::nv nv::nv verb::vv e::pst.ptcp nmlz::nmlz mark::comma
fulgiyan muduri aniya amba edun de ,	nv::nv nv::nv nv::nv nv::adj nv::nv cm::dat mark::comma
weihu de te me jabdu hakū susai juwe solho ,	nv::nv cm::dat verb::vv e::cve verb::vv e::pst.ptcp.neg nv::nv nv::nv nv::nv mark::comma
ere bithe be ,	nv::nv nv::nv cm::acc mark::comma
temurtu ,	nn::prpn.person mark::comma
jafa fi tebu re be tebu he ,	verb::vv e::cve verb::vv e::npst.ptcp cm::acc verb::vv e::pst.ptcp mark::comma
○ tere inenggi ,	mark::circle nv::nv nv::nv mark::comma
fe ilan iogi be adabu fi unggi fi tuwa me icihiyabu ∅ .	nv::adj nv::nv nv::nv cm::acc verb::vv e::cve verb::vv e::cve verb::vv e::cve verb::vv e::fve.imperative mark::period
aha obu ki .	nv::nv verb::vv e::fve.opt mark::period
honin aniya ilan biya i orin de ,	nv::nv nv::nv nv::nv nv::nv cm::gen nv::nv cm::dat mark::comma
moo akū buda ai de ara fi je mbi ,	nv::nv nv::adj nv::nv nv::nv cm::dat verb::vv e::cve verb::vv e::fve.npst mark::comma
min i giran be ,	pn::1sg cm::gen nv::nv cm::acc mark::comma
○ orin juwe de ,	mark::circle nv::nv nv::nv cm::dat mark::comma
julergi de anafu te he amban sa be hala me gene he .	nv::nv cm::dat nv::nv verb::vv e::pst.ptcp nv::nv nv::nv cm::acc verb::vv e::cve verb::vv e::pst.ptcp mark::period
○ jai mukūn i sunjaci tatan ,	mark::circle nv::nv nv::nv cm::gen nv::nv nv::nv mark::comma
tumen ulha bi o ,	nv::nv nv::nv verb::vv.npst ptcl mark::comma
sain be sain ,	nv::adj cm::acc nv::adj mark::comma
cen_liyang_tse be ,	nn::prpn cm::acc mark::comma
orin duin de gene he ,	nv::nv nv::nv cm::dat verb::vv e::pst.ptcp mark::comma
○ ilan biya i ice nadan de ,	mark::circle nv::nv nv::nv cm::gen nv::adj nv::nv cm::dat mark::comma
jakūn guise šangna ha .	nv::nv nv::nv verb::vv e::pst.ptcp mark::period
kasari be susai šusiha šusihala fi ,	nv::nv cm::acc nv::nv nv::nv verb::vv e::cve mark::comma
nikan i u_wang han ,	nv::nv cm::gen nn::prpn nv::nv mark::comma
hai_si itili_šan_wei i du_jy_hūi_tungjy cunculu i jui simulun ,	nn::prpn nn::prpn cm::gen nv::nv nn::prpn.person cm::gen nv::nv nn::prpn.person mark::comma
gurun de jeku i alban gai ci ,	nv::nv cm::dat nv::nv cm::gen nv::nv verb::vv e::cve mark::comma
han de waka sabu fi weile baha fi boo yada kini ,	nv::nv cm::dat nv::adj verb::vv e::cve nv::nv verb::vv e::cve nv::nv verb::vv e::fve.opt mark::comma
wang_ging_lung ni ama ,	nn::prpn cm::gen nv::nv mark::comma
○ olbo be gai fi yabu re niru i ejen ,	mark::circle nv::nv cm::acc verb::vv e::cve verb::vv e::npst.ptcp nv::nv cm::gen nv::nv mark::comma
asan ,	nn::prpn.person mark::comma
solho de unggi he bithe i gisun ,	nv::nv cm::dat verb::vv e::pst.ptcp nv::nv cm::gen nv::nv mark::comma
doro jafa ha gurun i ejen han beile ,	nv::nv verb::vv e::pst.ptcp nv::nv cm::gen nv::nv nv::nv nv::nv mark::comma
habujai ,	nn::prpn.person mark::comma
han ,	nv::nv mark::comma
jai jergi iogi obu ha ,	nv::nv nv::nv nv::nv verb::vv e::pst.ptcp mark::comma
jai balai niyalma de bu re be encu ,	nv::nv nv::nv nv::nv cm::dat verb::vv e::npst.ptcp cm::acc nv::nv mark::comma
uji he ujima ,	verb::vv e::pst.ptcp nv::nv mark::comma
muse gaji fi tere sargan jui hūdun amasi bedere ci ,	pn::1pl.incl verb::vv e::cve nv::nv nv::nv nv::nv nv::adj nv::nv verb::vv e::cve mark::comma
lama i emgi ,	nv::nv cm::gen nv::nv mark::comma
emte sara ,	nv::nv nv::nv mark::comma
inu kemuni jabu me poo sinda ∅ ,	nv::nv nv::nv verb::vv e::cve nv::nv verb::vv e::fve.imperative mark::comma
bisi re niyalma ume gaija ra ,	verb::vv e::npst.ptcp nv::nv nv::nv verb::vv e::npst.ptcp mark::comma
sargan wang_sio_ju ,	nv::nv nn::prpn mark::comma
folo ho umiyesun emke ,	verb::vv e::pst.ptcp nv::nv nv::nv mark::comma
orin uyun de fusi_efu de wasimbu ha ,	nv::nv nv::nv cm::dat nn::prpn cm::dat verb::vv e::pst.ptcp mark::comma
han i hūwa i duka dosi ka be ,	nv::nv cm::gen nv::nv cm::gen nv::nv verb::vv e::pst.ptcp cm::acc mark::comma
○ juwan de ,	mark::circle nv::nv cm::dat mark::comma
jušen i tai niyalma de alana habi ,	nv::nv cm::gen nv::nv nv::nv cm::dat verb::vv e::fve.prs.prf mark::comma
suihun juwe juru ,	nv::nv nv::nv nv::nv mark::comma
lio_fujiyang ,	nn::prpn mark::comma
urut i kibtar_taiji ,	nn::prpn.plc cm::gen nn::prpn mark::comma
meni meni ba de gemu bedere ∅ ,	nv::nv nv::nv nv::nv cm::dat nv::nv verb::vv e::fve.imperative mark::comma
han i gosi me bu he ulin be balai bai ha niyalma de bu ci ,	nv::nv cm::gen verb::vv e::cve verb::vv e::pst.ptcp nv::nv cm::acc nv::nv verb::vv e::pst.ptcp nv::nv cm::dat verb::vv e::cve mark::comma
dada ,	nn::prpn.person mark::comma
kalka i juwe monggo uka me ji he .	nv::nv cm::gen nv::nv nv::nv verb::vv e::cve verb::vv e::pst.ptcp mark::period
šanggiyan derhi orin ,	nv::nv nv::nv nv::nv mark::comma
liyoodung ni dooli ,	nn::prpn.plc cm::gen nv::nv mark::comma
○ fu_jeo de te he monggo ,	mark::circle nn::prpn cm::dat verb::vv e::pst.ptcp nv::nv mark::comma
ineku tere inenggi wasimbu ha ,	nv::nv nv::nv nv::nv verb::vv e::pst.ptcp mark::comma
ilan šeo_pu de juwete niyalma ,	nv::nv nv::nv cm::dat nv::nv nv::nv mark::comma
tuhe re an i orin sunja yan weile ara fi gung faita ha ,	verb::vv e::npst.ptcp nv::nv cm::gen nv::nv nv::nv nv::nv nv::nv verb::vv e::cve nv::nv verb::vv e::pst.ptcp mark::comma
tung_jeng_guwe ,	nn::prpn mark::comma
babai de ilan yan menggun ,	nn::prpn.person cm::dat nv::nv nv::nv nv::nv mark::comma
○ orin ninggun de ,	mark::circle nv::nv nv::nv cm::dat mark::comma
han hendu me ,	nv::nv verb::vv e::cve mark::comma
○ muse i boigon i nikan uka me gene re be ,	mark::circle nv::nv cm::gen nv::nv cm::gen nv::nv verb::vv e::cve verb::vv e::npst.ptcp cm::acc mark::comma
fusi_efu i sargan ,	nn::prpn cm::gen nv::nv mark::comma
daimbulu ,	nn::prpn.person mark::comma
cang_šan_doo i niyalma ,	nn::prpn cm::gen nv::nv mark::comma
fakca fi ing guri me julesi axša fi jase i jaka de dedu he ,	verb::vv e::cve nv::nv verb::vv e::cve nv::nv verb::vv e::cve nv::nv cm::gen nv::nv cm::dat verb::vv e::pst.ptcp mark::comma
cooha i niyalma de bu hebi o ,	nv::nv cm::gen nv::nv cm::dat verb::vv e::fve.prs.prf ptcl mark::comma
sekiyen ci wasihūn ,	nv::nv cm::abl nv::nv mark::comma
wan_lii i juwan uyuci aniya ninggun biya i orin duin de baha ha ,	nn::prpn cm::gen nv::nv nv::nv nv::nv nv::nv nv::nv cm::gen nv::nv nv::nv cm::dat verb::vv e::pst.ptcp mark::comma
uji he ujima i dabala ,	verb::vv e::pst.ptcp nv::nv cm::gen ptcl mark::comma
ere aniya suwen i ninggu de dai_darhan ,	nv::nv nv::nv pn::2pl cm::gen nv::nv cm::dat nn::prpn mark::comma
ihan honin be gai fi benji he ,	nv::nv nv::nv cm::acc verb::vv e::cve verb::vv e::pst.ptcp mark::comma
wan_lii i uyuci aniya duin biya i orin jakūn de baha ha ,	nn::prpn cm::gen nv::nv nv::nv nv::nv nv::nv cm::gen nv::nv nv::nv cm::dat verb::vv e::pst.ptcp mark::comma
han i fafun i tondo i kadala mbi ,	nv::nv cm::gen nv::nv cm::gen nv::adj cm::gen verb::vv e::fve.npst mark::comma
juwan ba i dube de fude me gene fi ,	nv::nv nv::nv cm::gen nv::nv cm::dat verb::vv e::cve verb::vv e::cve mark::comma
han i beye ,	nv::nv cm::gen nv::nv mark::comma
min be taka adali gūni me ,	pn::1sg cm::acc nv::nv nv::adj verb::vv e::cve mark::comma
amasi isinji ha ,	nv::nv verb::vv e::pst.ptcp mark::comma
solho i hanci te he warka be sucu me ilan iogi cooha gama me ,	nv::nv cm::gen nv::adj verb::vv e::pst.ptcp nn::prpn.plc cm::acc verb::vv e::cve nv::nv nv::nv nv::nv verb::vv e::cve mark::comma
ehe sain be dere bani rakū ,	nv::adj nv::adj cm::acc nv::nv verb::vv e::npst.ptcp.neg mark::comma
jakūn gūsa i jakūn niyalma ,	nv::nv nv::nv cm::gen nv::nv nv::nv mark::comma
cing_tai_ioi ebergi dabagan de dobori jugūn toso me gene re de ,	nn::prpn nv::nv nv::nv cm::dat nv::nv nv::nv verb::vv e::cve verb::vv e::npst.ptcp cm::dat mark::comma
dajuhū fujiyang de unggi he ,	nn::prpn.person nv::nv cm::dat verb::vv e::pst.ptcp mark::comma
mederi tun de akda fi daha rakū bisi re gurun be ,	nv::nv nv::nv cm::dat verb::vv e::cve verb::vv e::npst.ptcp.neg verb::vv e::npst.ptcp nv::nv cm::acc mark::comma
tari ha usin be umai acinggiya hakū te hei bi he ,	verb::vv e::pst.ptcp nv::nv cm::acc nv::nv verb::vv e::pst.ptcp.neg verb::vv e::cve verb::vv e::pst.ptcp mark::comma
kemuni sinda fi unggi ci ,	nv::nv verb::vv e::cve verb::vv e::cve mark::comma
tere yaya ci dele ,	nv::nv nv::nv cm::abl nv::nv mark::comma
in i hūsun be dele ara me banji fi ,	pn::3sg cm::gen nv::nv cm::acc nv::nv verb::vv e::cve verb::vv e::cve mark::comma
utala dain gurun be daila fi dahabu ha seme emgeri ehe cokto gisun be gisure hekū ,	nv::nv nv::nv nv::nv cm::acc verb::vv e::cve verb::vv e::pst.ptcp comp nv::nv nv::adj nv::adj nv::nv cm::acc verb::vv e::pst.ptcp.neg mark::comma
tubihe tuwakiya ra niyalma isi rakū o ci o kini ,	nv::nv verb::vv e::npst.ptcp nv::nv verb::vv e::npst.ptcp.neg verb::vv e::cve verb::vv e::fve.opt mark::comma
pengduwan ,	nv::nv mark::comma
ula de emu feye gidalabu ha ,	nv::nv cm::dat nv::nv nv::nv verb::vv e::pst.ptcp mark::comma
monggo gurun i jarut ba i jongnon_beile ,	nv::nv nv::nv cm::gen nn::prpn.plc nv::nv cm::gen nn::prpn mark::comma
šanggiyan bayara ,	nv::nv nv::nv mark::comma
han be amba_gašan i bigan de aca fi ala ra jaka de ,	nv::nv cm::acc nn::prpn cm::gen nv::nv cm::dat verb::vv e::cve verb::vv e::npst.ptcp nv::nv cm::dat mark::comma
te yehe be daila me gai me wacihiya mbi ,	nv::nv nv::nv cm::acc verb::vv e::cve verb::vv e::cve verb::vv e::fve.npst mark::comma
buhatu_baksi ,	nn::prpn mark::comma
jai te mbi se he ba de ,	nv::nv verb::vv e::fve.npst verb::vv e::pst.ptcp nv::nv cm::dat mark::comma
duka ,	nv::nv mark::comma
ba i amban sa kiyoo tukiye fi ,	nv::nv cm::gen nv::nv nv::nv nv::nv verb::vv e::cve mark::comma
○ orin sunja de ,	mark::circle nv::nv nv::nv cm::dat mark::comma
hūlha holo koimali jalingga akū ,	nv::nv nv::nv nv::adj nv::adj nv::adj mark::comma
yehe i niyalma keyen i nikan de alana fi ,	nv::nv cm::gen nv::nv nn::prpn.plc cm::gen nv::nv cm::dat verb::vv e::cve mark::comma
han be uji re sain seme ,	nv::nv cm::acc verb::vv e::npst.ptcp nv::adj comp mark::comma
sargan ,	nv::nv mark::comma
sunja niyalma aibari medege alanji me orin de isinji ha .	nv::nv nv::nv nn::prpn.person nv::nv verb::vv e::cve nv::nv cm::dat verb::vv e::pst.ptcp mark::period
tuci rakū ,	verb::vv e::npst.ptcp.neg mark::comma
○ gulu šanggiyan de ,	mark::circle nv::adj nv::nv cm::dat mark::comma
monggo i jase ,	nv::nv cm::gen nv::nv mark::comma
gahari ,	nv::nv mark::comma
noimohon ,	nn::prpn.person mark::comma
bak_taiji ,	nn::prpn mark::comma
tere be han donji fi ,	nv::nv cm::acc nv::nv verb::vv e::cve mark::comma
juse hehesi be ume unggi re ,	nv::nv nv::nv cm::acc nv::nv verb::vv e::npst.ptcp mark::comma
morin cooha i niyalma i amala daha me yabu ∅ ,	nv::nv nv::nv cm::gen nv::nv cm::gen nv::nv verb::vv e::cve verb::vv e::fve.imperative mark::comma
boo i aha be usin weile kini seme weri he ,	nv::nv cm::gen nv::nv cm::acc nv::nv verb::vv e::fve.opt comp verb::vv e::pst.ptcp mark::comma
hecen šurde me usin de dosi ka nikan i cooha be sa fi ,	nv::nv verb::vv e::cve nv::nv cm::dat verb::vv e::pst.ptcp nv::nv cm::gen nv::nv cm::acc verb::vv e::cve mark::comma
baisi ,	nn::prpn.person mark::comma
hūnta be geren niyalma de ejen ara fi ,	nv::nv cm::acc nv::adj nv::nv cm::dat nv::nv verb::vv e::cve mark::comma
juse omosi jalan hala me gosi re doro be ume lashala ra .	nv::nv nv::nv nv::nv verb::vv e::cve verb::vv e::npst.ptcp nv::nv cm::acc nv::nv verb::vv e::npst.ptcp mark::period
kambulu janggin de ,	nn::prpn.person nv::nv cm::dat mark::comma
sin i elcin hono yabubu rakū ,	pn::2sg cm::gen nv::nv nv::nv verb::vv e::npst.ptcp.neg mark::comma
sin i gisun be donji fi ,	pn::2sg cm::gen nv::nv cm::acc verb::vv e::cve mark::comma
ulha be ,	nv::nv cm::acc mark::comma
lung_king ni te he aniya jakūn biya i orin ilan de baha ha ,	nn::prpn cm::gen verb::vv e::pst.ptcp nv::nv nv::nv nv::nv cm::gen nv::nv nv::nv cm::dat verb::vv e::pst.ptcp mark::comma
○ juwan uyun de ,	mark::circle nv::nv nv::nv cm::dat mark::comma
tungken tū me laba bileri fulgiye me buren burde me ,	nv::nv verb::vv e::cve nv::nv nv::nv verb::vv e::cve nv::nv verb::vv e::cve mark::comma
sihan ,	nv::nv mark::comma
○ niyang_niyang_gung de adun ulebu me gene he niyalma ,	mark::circle nn::prpn cm::dat nv::nv verb::vv e::cve verb::vv e::pst.ptcp nv::nv mark::comma
gege ,	nv::nv mark::comma
ji he ba i niyalma be komso yabu ha de dule wa mbi o ,	verb::vv e::pst.ptcp nv::nv cm::gen nv::nv cm::acc nv::adj verb::vv e::pst.ptcp cm::dat nv::nv verb::vv e::fve.npst ptcl mark::comma
uda ,	nn::prpn.person mark::comma
si aikabade giyansi takūra me ukanju ali me gai me min de waka sabu ha seme gūni rahū ,	pn::2sg nv::nv nv::nv verb::vv e::cve nv::nv verb::vv e::cve verb::vv e::cve pn::1sg cm::dat nv::adj verb::vv e::pst.ptcp comp verb::vv e::fve.prv mark::comma
emu ciyandzung de duin niyalma ,	nv::nv nv::nv cm::dat nv::nv nv::nv mark::comma
jang_beiguwan ,	nn::prpn mark::comma
hūsun i baha ci inu wa ∅ ,	nv::nv cm::gen verb::vv e::cve nv::nv verb::vv e::fve.imperative mark::comma
jase i jaka i nikan alanji me ,	nv::nv cm::gen nv::nv cm::gen nv::nv verb::vv e::cve mark::comma
geren beile se i elcin ji hekū ,	nv::adj nv::nv nv::nv cm::gen nv::nv verb::vv e::pst.ptcp.neg mark::comma
nio_juwang de hecen ara me ,	nn::prpn cm::dat nv::nv verb::vv e::cve mark::comma
han i hashū ergi de juleri ili fi ,	nv::nv cm::gen nv::nv nv::nv cm::dat nv::nv verb::vv e::cve mark::comma
○ hoto te he cing_tai_ioi ba ci nadanju niyalma ninggun morin baha fi benji he .	mark::circle nn::prpn.person verb::vv e::pst.ptcp nn::prpn nv::nv cm::abl nv::nv nv::nv nv::nv nv::nv verb::vv e::cve verb::vv e::pst.ptcp mark::period
fujin de emgeri hengkile he ,	nv::nv cm::dat nv::nv verb::vv e::pst.ptcp mark::comma
niyalma i gebu bija ra anggala ,	nv::nv cm::gen nv::nv verb::vv e::npst.ptcp nv::nv mark::comma
niowanggiyan singgeri aniya aniya biya i ice ilan de gashū ha ,	nv::adj nv::nv nv::nv nv::nv nv::nv cm::gen nv::adj nv::nv cm::dat verb::vv e::pst.ptcp mark::comma
hai_si kilamon_wei i du_jy_hūi_tungjy bagan i omolo takta ,	nn::prpn nn::prpn cm::gen nv::nv nn::prpn.person cm::gen nv::nv nn::prpn.person mark::comma
min i yasa be nicu bu me ,	pn::1sg cm::gen nv::nv cm::acc verb::vv sfx e::cve mark::comma
○ monggo babu ,	mark::circle nv::nv nn::prpn.person mark::comma
ihan ,	nv::nv mark::comma
moo i hoton bošo me ara ra amban yegude juwe niyalma ,	nv::nv cm::gen nv::nv verb::vv e::cve verb::vv e::npst.ptcp nv::nv nn::prpn.person nv::nv nv::nv mark::comma
argatu_tumen ,	nn::prpn mark::comma
ihan uyun ,	nv::nv nv::nv mark::comma
hūlaša mbi seme i amasi gama habi .	verb::vv e::fve.npst comp pn::3sg nv::nv verb::vv e::fve.prs.prf mark::period
hafasa meni meni harangga niyalma de bithe unggi fi baica me gaji fi ,	nv::nv nv::nv nv::nv nv::nv nv::nv cm::dat nv::nv verb::vv e::cve verb::vv e::cve verb::vv e::cve mark::comma
amtan akū ume gūni re ,	nv::nv nv::adj nv::nv verb::vv e::npst.ptcp mark::comma
emu tanggū ninju boo ,	nv::nv nv::nv nv::nv nv::nv mark::comma
hūdun juwe me wacihiya ∅ .	nv::adj verb::vv e::cve verb::vv e::fve.imperative mark::period
beile se i gisun akū ,	nv::nv nv::nv cm::gen nv::nv nv::adj mark::comma
takūra ha ilan niyalma be jafa ha ,	verb::vv e::pst.ptcp nv::nv nv::nv cm::acc verb::vv e::pst.ptcp mark::comma
tulu ,	nv::nv mark::comma
○ onoi iogi ,	mark::circle nn::prpn.person nv::nv mark::comma
ninggun janggin ,	nv::nv nv::nv mark::comma
te bi cibe ,	nv::nv verb::vv e::cve mark::comma
ciyandzung ni hergen de juwanta yan bu he ,	nv::nv cm::gen nv::nv cm::dat nv::nv nv::nv verb::vv e::pst.ptcp mark::comma
baduri dzung_bing_guwan ,	nn::prpn.person nv::nv mark::comma
ehe be ehe seme han de ala mbi ,	nv::adj cm::acc nv::adj comp nv::nv cm::dat verb::vv e::fve.npst mark::comma
han hendu me ,	nv::nv verb::vv e::cve mark::comma
emu gūsa i juwanta bayara be gai fi ,	nv::nv nv::nv cm::gen nv::nv nv::nv cm::acc verb::vv e::cve mark::comma
yabai ,	nn::prpn.person mark::comma
jušen gai ha seme usha rakū ,	nv::nv verb::vv e::pst.ptcp comp verb::vv e::npst.ptcp.neg mark::comma
subahai i gūsa ,	nn::prpn.person cm::gen nv::nv mark::comma
ere uheri niyalma i ton emu tanggū ninju duin ,	nv::nv nv::nv nv::nv cm::gen nv::nv nv::nv nv::nv nv::nv nv::nv mark::comma
weilengge niyalma kai ,	nv::adj nv::nv ptcl mark::comma
sain be sain ,	nv::adj cm::acc nv::adj mark::comma
han i bu re šang ,	nv::nv cm::gen verb::vv e::npst.ptcp nv::nv mark::comma
fe_ala ci ebsi ,	nn::prpn cm::abl nv::nv mark::comma
ginjeo i tsanjiyang aita i buksibu fi sinda ha bedzung ,	nn::prpn.plc cm::gen nv::nv nn::prpn.person cm::gen verb::vv e::cve verb::vv e::pst.ptcp nv::nv mark::comma
ice ninggun de wasimbu he ,	nv::adj nv::nv cm::dat verb::vv e::pst.ptcp mark::comma
cooha i niyalma be weihu i doobu fi yafahan gene he songko be amca ∅ seme unggi he .	nv::nv cm::gen nv::nv cm::acc nv::nv cm::gen verb::vv e::cve nv::adj verb::vv e::pst.ptcp nv::nv cm::acc verb::vv e::fve.imperative comp verb::vv e::pst.ptcp mark::period
yahican ,	nn::prpn.person mark::comma
niyaman hūncihin seme harša rakū ,	nv::nv nv::nv comp verb::vv e::npst.ptcp.neg mark::comma
gašan de te he amban sa de ,	nv::nv cm::dat verb::vv e::pst.ptcp nv::nv nv::nv cm::dat mark::comma
lekjungge ,	nn::prpn.person mark::comma
weile re alban de dabu kini seme hendu he .	verb::vv e::npst.ptcp nv::nv cm::dat verb::vv e::fve.opt comp verb::vv e::pst.ptcp mark::period
ihan be afabu me bu he ejen i gebu be bithe ara fi bu ∅ ,	nv::nv cm::acc verb::vv e::cve verb::vv e::pst.ptcp nv::nv cm::gen nv::nv cm::acc nv::nv verb::vv e::cve verb::vv e::fve.imperative mark::comma
asidarhan ,	nn::prpn.person mark::comma
jakūci jergi de sunjata ,	nv::nv nv::nv cm::dat nv::nv mark::comma
namtai ,	nn::prpn.person mark::comma
emu tanggū ba i dube de donggo i golo be dosi ka cooha be geli gene fi wa ha manggi ,	nv::nv nv::nv nv::nv cm::gen nv::nv cm::dat nn::prpn.plc cm::gen nv::nv cm::acc verb::vv e::pst.ptcp nv::nv cm::acc nv::nv verb::vv e::cve verb::vv e::pst.ptcp nv::nv mark::comma
ujula ha emu udu niyalma be wa ∅ se he bi he ,	verb::vv e::pst.ptcp nv::nv nv::nv nv::nv cm::acc verb::vv e::fve.imperative verb::vv e::pst.ptcp verb::vv e::pst.ptcp mark::comma
umai seme jabu rakū ili ha ba ci axša rakū o fi ,	nv::nv comp verb::vv e::npst.ptcp.neg verb::vv e::pst.ptcp nv::nv cm::abl verb::vv e::npst.ptcp.neg verb::vv e::cve mark::comma
ulhungge etuku ,	nv::nv nv::nv mark::comma
wan_lii i orin nadaci aniya juwe biya i ice uyun de baha ha ,	nn::prpn cm::gen nv::nv nv::nv nv::nv nv::nv nv::nv cm::gen nv::adj nv::nv cm::dat verb::vv e::pst.ptcp mark::comma
min i kadala ra emu jalan i sunja niru i cooha be fujiyang ci fakca rakū ,	pn::1sg cm::gen verb::vv e::npst.ptcp nv::nv nv::nv cm::gen nv::nv nv::nv cm::gen nv::nv cm::acc nv::nv cm::abl verb::vv e::npst.ptcp.neg mark::comma
tere dain be gida fi saci me gama ra de ,	nv::nv nv::nv cm::acc verb::vv e::cve verb::vv e::cve verb::vv e::npst.ptcp cm::dat mark::comma
dzung_bing_guwan ci fusihūn ,	nv::nv cm::abl nv::adj mark::comma
ma_giya_ho ,	nn::prpn mark::comma
jori ha jurgan be jurce rakū seme beiguwan obu ha .	verb::vv e::pst.ptcp nv::nv cm::acc verb::vv e::npst.ptcp.neg comp nv::nv verb::vv e::pst.ptcp mark::period
uhete ,	nv::nv mark::comma
○ orin ninggun de ,	mark::circle nv::nv nv::nv cm::dat mark::comma
fila duite ,	nv::nv nv::nv mark::comma
in i niyalma be jafa fi benji he gung de ,	pn::3sg cm::gen nv::nv cm::acc verb::vv e::cve verb::vv e::pst.ptcp nv::nv cm::dat mark::comma
gūwa geren isinji re unde ,	nv::nv nv::adj verb::vv e::npst.ptcp nv::nv mark::comma
ama ,	nv::nv mark::comma
ajigan de han gaji fi jui ara fi uji he ,	nv::adj cm::dat nv::nv verb::vv e::cve nv::nv verb::vv e::cve verb::vv e::pst.ptcp mark::comma
baijuhū ,	nn::prpn.person mark::comma
asidarhan ,	nn::prpn.person mark::comma
todai ,	nv::nv mark::comma
tulergi ci jide rakū ,	nv::nv cm::abl verb::vv e::npst.ptcp.neg mark::comma
wei gūsa i hūrhan yooni gaji habi ,	nv::nv nv::nv cm::gen nv::nv nv::nv verb::vv e::fve.prs.prf mark::comma
sibe ,	nv::nv mark::comma
bata kimun seme gida rakū ,	nv::nv nv::nv comp verb::vv e::npst.ptcp.neg mark::comma
geren aca fi cooha i ejen be jafa fi daha me tucinu ∅ ,	nv::adj verb::vv e::cve nv::nv cm::gen nv::nv cm::acc verb::vv e::cve verb::vv e::cve verb::vv e::fve.imperative mark::comma
tere ci amaga cooha be aliya hakū ,	nv::nv cm::abl nv::adj nv::nv cm::acc verb::vv e::pst.ptcp.neg mark::comma
samhana ,	nn::prpn.person mark::comma
○ orin duin de ,	mark::circle nv::nv nv::nv cm::dat mark::comma
g'o_iogi ,	nn::prpn mark::comma
haha i erdemu be gung be tuwa fi ,	nv::nv cm::gen nv::nv cm::acc nv::nv cm::acc verb::vv e::cve mark::comma
darhan_baturu ,	nn::prpn mark::comma
abala hakū seme jabu ha manggi ,	verb::vv e::pst.ptcp.neg comp verb::vv e::pst.ptcp nv::nv mark::comma
yamburi ,	nn::prpn.person mark::comma
puho ,	nn::prpn.plc mark::comma
usin acan tari ∅ seme kamcibu habi kai ,	nv::nv nv::nv verb::vv e::fve.imperative comp verb::vv e::fve.prs.prf ptcl mark::comma
○ enggeder_efu i eyun de ,	mark::circle nn::prpn cm::gen nv::nv cm::dat mark::comma
siyoo_he_šan se re ilan pu be kadala ra šeo_pu acanji me ji he manggi ,	nn::prpn verb::vv e::npst.ptcp nv::nv nv::nv cm::acc verb::vv e::npst.ptcp nv::nv verb::vv e::cve verb::vv e::pst.ptcp nv::nv mark::comma
giya_jing ni dehi ilaci aniya ninggun biya i orin juwe de baha ha ,	nn::prpn cm::gen nv::nv nv::nv nv::nv nv::nv nv::nv cm::gen nv::nv nv::nv cm::dat verb::vv e::pst.ptcp mark::comma
hoifa de emu feye baha ha seme ,	nn::prpn.plc cm::dat nv::nv nv::nv verb::vv e::pst.ptcp comp mark::comma
han i tacibu ha tondo fafun be jurce rakū banji ci ,	nv::nv cm::gen verb::vv e::pst.ptcp nv::adj nv::nv cm::acc verb::vv e::npst.ptcp.neg verb::vv e::cve mark::comma
jušen de tusa kai ,	nv::nv cm::dat nv::nv ptcl mark::comma
okto nure omi fi gemu buce hebi ,	nv::nv nv::nv verb::vv e::cve nv::nv verb::vv e::fve.prs.prf mark::comma
niowanggiyaha i halhūn muke de gene fi ,	nn::prpn.plc cm::gen nv::adj nv::nv cm::dat verb::vv e::cve mark::comma
○ lii_fuma hendu me ,	mark::circle nn::prpn verb::vv e::cve mark::comma
han i takūra fi cooha gai fi tulergi ba de anafu te me gene he cooha i ejete ,	nv::nv cm::gen verb::vv e::cve nv::nv verb::vv e::cve nv::nv nv::nv cm::dat nv::nv verb::vv e::cve verb::vv e::pst.ptcp nv::nv cm::gen nv::nv mark::comma
baitangga faksi niyalma be uji he ,	nv::adj nv::nv nv::nv cm::acc verb::vv e::pst.ptcp mark::comma
uyute yan i weile waliya mbi ,	nv::nv nv::nv cm::gen nv::nv verb::vv e::fve.npst mark::comma
si hehe i adali kai ,	pn::2sg nv::nv cm::gen nv::adj ptcl mark::comma
fe sain be dasa fi banji ci sain akū ūn .	nv::adj nv::adj cm::acc verb::vv e::cve verb::vv e::cve nv::adj nv::nv ptcl mark::period
duin tumen cooha jura ka ,	nv::nv nv::nv nv::nv verb::vv e::pst.ptcp mark::comma
tere be uka ka seme alanji ha hiyang_wei_šan de juwan yan menggun ,	nv::nv cm::acc verb::vv e::pst.ptcp comp verb::vv e::pst.ptcp nn::prpn cm::dat nv::nv nv::nv nv::nv mark::comma
min i uji he baili be gūni rakū ,	pn::1sg cm::gen verb::vv e::pst.ptcp nv::nv cm::acc verb::vv e::npst.ptcp.neg mark::comma
ere uyun niyalma uju jergi .	nv::nv nv::nv nv::nv nv::nv nv::nv mark::period
liyoodung i hecen i wargi guwali de ,	nn::prpn.plc cm::gen nv::nv cm::gen nv::nv nv::nv cm::dat mark::comma
morin tarhū habi seme elcin takūra ∅ .	nv::nv verb::vv e::fve.prs.prf comp nv::nv verb::vv e::fve.imperative mark::period
wei gūsa tuta habi seme ,	nv::nv nv::nv verb::vv e::fve.prs.prf comp mark::comma
han i fafun i tondo i kadala mbi ,	nv::nv cm::gen nv::nv cm::gen nv::adj cm::gen verb::vv e::fve.npst mark::comma
emke be ekiyehun ,	nv::nv cm::acc nv::adj mark::comma
emu ihan ,	nv::nv nv::nv mark::comma
jakūn sejen moo bu he ,	nv::nv nv::nv nv::nv verb::vv e::pst.ptcp mark::comma
geren aca fi jakūn ihan benji he .	nv::adj verb::vv e::cve nv::nv nv::nv verb::vv e::pst.ptcp mark::period
uheri jakūnju funce me baha fi gaji ha .	nv::nv nv::nv verb::vv e::cve verb::vv e::cve verb::vv e::pst.ptcp mark::period
elbihe dahū juwan uyun ,	nv::nv nv::nv nv::nv nv::nv mark::comma
karun i niyalma gene fi ala ra jaka de ,	nv::nv cm::gen nv::nv verb::vv e::cve verb::vv e::npst.ptcp nv::nv cm::dat mark::comma
tere ci hashū ergi duin gūsa i manggūltai_beile ,	nv::nv cm::abl nv::nv nv::nv nv::nv nv::nv cm::gen nn::prpn mark::comma
min i kadala ra emu jalan i sunja niru i cooha be fujiyang ci fakca rakū ,	pn::1sg cm::gen verb::vv e::npst.ptcp nv::nv nv::nv cm::gen nv::nv nv::nv cm::gen nv::nv cm::acc nv::nv cm::abl verb::vv e::npst.ptcp.neg mark::comma
ujitai ,	nn::prpn.person mark::comma
birai_dergi liyoodung ni ba i dahabu ha gurun be tuwa me hecen ci tuci ke inenggi ,	nn::prpn nn::prpn.plc cm::gen nv::nv cm::gen verb::vv e::pst.ptcp nv::nv cm::acc verb::vv e::cve nv::nv cm::abl verb::vv e::pst.ptcp nv::nv mark::comma
bi inu akda rakū ,	pn::1sg nv::nv verb::vv e::npst.ptcp.neg mark::comma
tuttu tondo i fafula rakū ehe miosihon jurgan i banji ci ,	nv::nv nv::adj cm::gen verb::vv e::npst.ptcp.neg nv::adj nv::adj nv::nv cm::gen verb::vv e::cve mark::comma
tung_jeng_guwe de ,	nn::prpn cm::dat mark::comma
niyalma ,	nv::nv mark::comma
weihede min be wa kini ,	nn::prpn.person pn::1sg cm::acc verb::vv e::fve.opt mark::comma
dobihi dahū emte ,	nv::nv nv::nv nv::nv mark::comma
buya niyalma gercile ci ,	nv::adj nv::nv verb::vv e::cve mark::comma
□□□ cen i cisu i bi kini ,	mark::unknown pn::3pl cm::gen nv::nv cm::gen verb::vv e::fve.opt mark::comma
ice nergin de jobo mbi dere ,	nv::adj nv::nv cm::dat verb::vv e::fve.npst ptcl mark::comma
ši_ho_i ,	nn::prpn mark::comma
○ juwan emu de ,	mark::circle nv::nv nv::nv cm::dat mark::comma
jai suwe sain banji ki se he seme bi akda rakū ,	nv::nv pn::2pl nv::adj verb::vv e::fve.opt verb::vv e::pst.ptcp comp pn::1sg verb::vv e::npst.ptcp.neg mark::comma
anggala ilan minggan juwe tanggū jakūnju ninggun ,	nv::nv nv::nv nv::nv nv::nv nv::nv nv::nv nv::nv mark::comma
○ jai mukūn i jakūci tatan ,	mark::circle nv::nv nv::nv cm::gen nv::nv nv::nv mark::comma
suwen i monggo i cahar ,	pn::2pl cm::gen nv::nv cm::gen nn::prpn.plc mark::comma
ere ci amasi ,	nv::nv cm::abl nv::nv mark::comma
jakūn sejen moo ,	nv::nv nv::nv nv::nv mark::comma
wan_lii i orin nadaci aniya juwe biya i ice uyun de baha ha ,	nn::prpn cm::gen nv::nv nv::nv nv::nv nv::nv nv::nv cm::gen nv::adj nv::nv cm::dat verb::vv e::pst.ptcp mark::comma
efu de juwe minggan ,	nv::nv cm::dat nv::nv nv::nv mark::comma
fiongdon ,	nn::prpn.person mark::comma
ice_hecen de emu ciyandzung ,	nn::prpn cm::dat nv::nv nv::nv mark::comma
gūsin yan i weile ara me ,	nv::nv nv::nv cm::gen nv::nv verb::vv e::cve mark::comma
deli_wehe de ilan tanggū nadanju uksin ,	nn::prpn cm::dat nv::nv nv::nv nv::nv nv::nv mark::comma
han hendu me ,	nv::nv verb::vv e::cve mark::comma
abatai_age de sunjata ihan bu he ,	nn::prpn cm::dat nv::nv nv::nv verb::vv e::pst.ptcp mark::comma
ihan ulgiyan be ,	nv::nv nv::nv cm::acc mark::comma
abka i fulingga i ilaci aniya aniya biya ci anagan i duin biya de isina habi .	nv::nv cm::gen nv::adj cm::gen nv::nv nv::nv nv::nv nv::nv cm::abl nv::nv cm::gen nv::nv nv::nv cm::dat verb::vv e::fve.prs.prf mark::period
ice hoton be bošo me sahabu ha ,	nv::adj nv::nv cm::acc verb::vv e::cve verb::vv e::pst.ptcp mark::comma
usin huweki ,	nv::nv nv::adj mark::comma
han ,	nv::nv mark::comma
menggun i ton sunja tanggū yan ,	nv::nv cm::gen nv::nv nv::nv nv::nv nv::nv mark::comma
manjusiri ,	nv::nv mark::comma
men be han tebu ∅ seme tuttu gūni me ulin bu he dere ,	pn::1pl.excl cm::acc nv::nv verb::vv e::fve.imperative comp nv::nv verb::vv e::cve nv::nv verb::vv e::pst.ptcp ptcl mark::comma
te bi cibe ,	nv::nv verb::vv e::cve mark::comma
han i pai be gai fi ,	nv::nv cm::gen nv::nv cm::acc verb::vv e::cve mark::comma
tari re ihan ,	verb::vv e::npst.ptcp nv::nv mark::comma
han i bu re šang ,	nv::nv cm::gen verb::vv e::npst.ptcp nv::nv mark::comma
uju jergi beiguwan i caliyan ,	nv::nv nv::nv nv::nv cm::gen nv::nv mark::comma
amiyan janggin seme uyun yan i weile waliya mbi ,	nn::prpn.person nv::nv comp nv::nv nv::nv cm::gen nv::nv verb::vv e::fve.npst mark::comma
yan_giya_ja_šan i mederi be doo ha niyalma i jeku be da de lii_iogi de boola me ,	nn::prpn cm::gen nv::nv cm::acc verb::vv e::pst.ptcp nv::nv cm::gen nv::nv cm::acc nv::nv cm::dat nn::prpn cm::dat verb::vv e::cve mark::comma
duka fihe me ji mbihe de ,	nv::nv verb::vv e::cve verb::vv e::fve.pst.ipfv cm::dat mark::comma
šanggiyan_hada de ili ha cooha ,	nn::prpn cm::dat verb::vv e::pst.ptcp nv::nv mark::comma
○ juwan emu de ,	mark::circle nv::nv nv::nv cm::dat mark::comma
yamun ci hokobu rakū ,	nv::nv cm::abl verb::vv e::npst.ptcp.neg mark::comma
jori ha jurgan be jurce rakū seme ,	verb::vv e::pst.ptcp nv::nv cm::acc verb::vv e::npst.ptcp.neg comp mark::comma
jai yaya ba be daila mbi seme ume deribu re seme ,	nv::nv nv::nv nv::nv cm::acc verb::vv e::fve.npst comp nv::nv verb::vv e::npst.ptcp comp mark::comma
nikan_mafa ,	nn::prpn mark::comma
kalka ci ji he beile se be isabu fi ,	nv::nv cm::abl verb::vv e::pst.ptcp nv::nv nv::nv cm::acc verb::vv e::cve mark::comma
○ orin jakūn de ,	mark::circle nv::nv nv::nv cm::dat mark::comma
ejen o ci ,	nv::nv verb::vv e::cve mark::comma
tere inu facuhūn ,	nv::nv nv::nv nv::adj mark::comma
siran siran i pan fori hai ,	nv::nv nv::nv cm::gen nv::nv verb::vv e::cve mark::comma
bi donji ci ,	pn::1sg verb::vv e::cve mark::comma
suwe men be we aina mbi seme ,	pn::2pl pn::1pl.excl cm::acc nv::nv verb::vv e::fve.npst comp mark::comma
emu sunja niru i emte janggin de šangna me ,	nv::nv nv::nv nv::nv cm::gen nv::nv nv::nv cm::dat verb::vv e::cve mark::comma
giyansi jafa ha seme wesibu fi šeobei obu ha .	nv::nv verb::vv e::pst.ptcp comp verb::vv e::cve nv::nv verb::vv e::pst.ptcp mark::period
○ bonio aniya jakūn biya de ,	mark::circle nv::nv nv::nv nv::nv nv::nv cm::dat mark::comma
○ du_tang ni bithe ,	mark::circle nv::nv cm::gen nv::nv mark::comma
jai dabsun fuifu re niyalma orin ,	nv::nv nv::nv verb::vv e::npst.ptcp nv::nv nv::nv mark::comma
liyoodung de bai me ji he .	nn::prpn.plc cm::dat verb::vv e::cve verb::vv e::pst.ptcp mark::period
matala_mafa ,	nn::prpn mark::comma
amargi ergi de gaji ha ,	nv::nv nv::nv cm::dat verb::vv e::pst.ptcp mark::comma
wasibu fi fujiyang ni hergen obu ha ,	verb::vv e::cve nv::nv cm::gen nv::nv verb::vv e::pst.ptcp mark::comma
ningguta_golo i amban bi he ,	nn::prpn cm::gen nv::nv verb::vv e::pst.ptcp mark::comma
min i eje he be faita hai dele ,	pn::1sg cm::gen verb::vv e::pst.ptcp cm::acc verb::vv e::cve nv::nv mark::comma
aiha i niyalma samsi ha bi he ,	nv::nv cm::gen nv::nv verb::vv e::pst.ptcp verb::vv e::pst.ptcp mark::comma
jai emu niyalma ,	nv::nv nv::nv nv::nv mark::comma
sunja tatan i beile se ,	nv::nv nv::nv cm::gen nv::nv nv::nv mark::comma
○ orin juwe de ,	mark::circle nv::nv nv::nv cm::dat mark::comma
han i kesi de ,	nv::nv cm::gen nv::nv cm::dat mark::comma
poo miyoocan sinda me gabta me ili ha be majige andan de tuhebu fi ,	nv::nv nv::nv verb::vv e::cve verb::vv e::cve verb::vv e::pst.ptcp cm::acc nv::adj nv::nv cm::dat verb::vv e::cve mark::comma
facuhūn naka rakū seme guribu fi ,	nv::adj verb::vv e::npst.ptcp.neg comp verb::vv e::cve mark::comma
beile se geren du_tang de duile ∅ seme afabu ha ,	nv::nv nv::nv nv::adj nv::nv cm::dat verb::vv e::fve.imperative comp verb::vv e::pst.ptcp mark::comma
uda ha niyalma de tanggū šusiha ,	verb::vv e::pst.ptcp nv::nv cm::dat nv::nv nv::nv mark::comma
min i juse omosi jalan hala me han de gosibu me wesihun banji kini .	pn::1sg cm::gen nv::nv nv::nv nv::nv verb::vv e::cve nv::nv cm::dat verb::vv e::cve nv::nv verb::vv e::fve.opt mark::period
emu kūlan morin bu he ,	nv::nv nv::adj nv::nv verb::vv e::pst.ptcp mark::comma
jakūn boo juwete tanggū gai ∅ ,	nv::nv nv::nv nv::nv nv::nv verb::vv e::fve.imperative mark::comma
inenggidari emu inenggi juwe ilan jergi amga mbi seme dedu mbihe ,	nv::nv nv::nv nv::nv nv::nv nv::nv nv::nv verb::vv e::fve.npst comp verb::vv e::fve.pst.ipfv mark::comma
lamun_ho_wei i du_jy_hūi_tungjy samha i jui yekehe ,	nn::prpn cm::gen nv::nv nv::nv cm::gen nv::nv nn::prpn.person mark::comma
jai orin niyalma be sinda ∅ ,	nv::nv nv::nv nv::nv cm::acc verb::vv e::fve.imperative mark::comma
gosin niru i emu niyalma ,	nv::nv nv::nv cm::gen nv::nv nv::nv mark::comma
jao_jan_can_tun i pung_dzung ,	nn::prpn cm::gen nn::prpn mark::comma
ere aisin be taka asara ∅ ,	nv::nv nv::nv cm::acc nv::nv verb::vv e::fve.imperative mark::comma
○ juwan ninggun de ,	mark::circle nv::nv nv::nv cm::dat mark::comma
ula de emu feye baha ha seme nadata yan i weile waliya mbi ,	nv::nv cm::dat nv::nv nv::nv verb::vv e::pst.ptcp comp nv::nv nv::nv cm::gen nv::nv verb::vv e::fve.npst mark::comma
boo i uji he ujima ,	nv::nv cm::gen verb::vv e::pst.ptcp nv::nv mark::comma
geren buya de buya i teisu komso goibu me bu he ,	nv::adj nv::adj cm::dat nv::adj cm::gen nv::nv nv::adj verb::vv e::cve verb::vv e::pst.ptcp mark::comma
faksisa ,	nv::nv mark::comma
i_cu_šan ,	nn::prpn mark::comma
afabu ha jurgan be tondo i kice mbi .	verb::vv e::pst.ptcp nv::nv cm::acc nv::adj cm::gen verb::vv e::fve.npst mark::period
muse i tuwakiya ra cooha i niyalma de inu huwesi ume ashabu re ,	nv::nv cm::gen verb::vv e::npst.ptcp nv::nv cm::gen nv::nv cm::dat nv::nv nv::nv nv::nv verb::vv e::npst.ptcp mark::comma
ehe be ehe seme han de ala mbi ,	nv::adj cm::acc nv::adj comp nv::nv cm::dat verb::vv e::fve.npst mark::comma
abdari gebungge alin i ninggu de tafa ka ,	nv::nv nv::adj nv::nv cm::gen nv::nv cm::dat verb::vv e::pst.ptcp mark::comma
yangšan ,	nv::adj mark::comma
tongki fuka sinda ha hergen i dangse .	nv::nv nv::nv verb::vv e::pst.ptcp nv::nv cm::gen nv::nv mark::period
ama han sin i gurun kai ,	nv::nv nv::nv pn::2sg cm::gen nv::nv ptcl mark::comma
○ solho i cooha ,	mark::circle nv::nv cm::gen nv::nv mark::comma
han i beye be han ete mbi o ,	nv::nv cm::gen nv::nv cm::acc nv::nv verb::vv e::fve.npst ptcl mark::comma
han hendu me ,	nv::nv verb::vv e::cve mark::comma
han de gene re niyalma be ,	nv::nv cm::dat verb::vv e::npst.ptcp nv::nv cm::acc mark::comma
jase i dorgi daha ha gurun be sucu fi ,	nv::nv cm::gen nv::nv verb::vv e::pst.ptcp nv::nv cm::acc verb::vv e::cve mark::comma
cahar i emgi aca rakū yabu ha elcin sarkū bi o ,	nn::prpn.plc cm::gen nv::nv verb::vv e::npst.ptcp.neg verb::vv e::pst.ptcp nv::nv nv::nv verb::vv.npst ptcl mark::comma
ere boihon i gese boihon de gidabu me ,	nv::nv nv::nv cm::gen nv::nv nv::nv cm::dat verb::vv e::cve mark::comma
tere ci jilakan ai bi ,	nv::nv cm::abl nv::nv nv::nv verb::vv.npst mark::comma
gemu meni meni beye be janggingga fafungga mergen baturu ara mbi ,	nv::nv nv::nv nv::nv nv::nv cm::acc nv::nv nv::adj nv::adj nv::nv verb::vv e::fve.npst mark::comma
damtun jafa fi menggun bu ci ,	nv::nv verb::vv e::cve nv::nv verb::vv e::cve mark::comma
○ ice duin de ,	mark::circle nv::adj nv::nv cm::dat mark::comma
ere juwe hehe de ,	nv::nv nv::nv nv::nv cm::dat mark::comma
sain be sain ,	nv::adj cm::acc nv::adj mark::comma
enteheme banji mbi seme deribu he ngge waka ,	nv::nv verb::vv e::fve.npst comp verb::vv e::pst.ptcp nmlz::nmlz nv::adj mark::comma
guwangning ci gaji ha boigon de bu mbi ,	nn::prpn.plc cm::abl verb::vv e::pst.ptcp nv::nv cm::dat verb::vv e::fve.npst mark::comma
bata kimun seme gida rakū ,	nv::nv nv::nv comp verb::vv e::npst.ptcp.neg mark::comma
baisin ton udu ,	nv::nv nv::nv nv::nv mark::comma
○ sitangga be ,	mark::circle nn::prpn.person cm::acc mark::comma
tottoi ,	nn::prpn.person mark::comma
jenjuken jili banji fi ,	nn::prpn.person nv::nv verb::vv e::cve mark::comma
gūsa i ejete suwe afa ra ba de ume gene re ,	nv::nv cm::gen nv::nv pn::2pl verb::vv e::npst.ptcp nv::nv cm::dat nv::nv verb::vv e::npst.ptcp mark::comma
narimbulu ,	nn::prpn.person mark::comma
jeku be ume mamgiya ra ,	nv::nv cm::acc nv::nv verb::vv e::npst.ptcp mark::comma
tetun agūra ai jaka be gemu yongkiya me jalukiya me yooni bu fi ,	nv::nv nv::nv nv::nv nv::nv cm::acc nv::nv verb::vv e::cve verb::vv e::cve nv::nv verb::vv e::cve mark::comma
arki hisalabu fi ji he ,	nv::nv verb::vv e::cve verb::vv e::pst.ptcp mark::comma
han donji fi ,	nv::nv verb::vv e::cve mark::comma
jori ha jurgan be jurce rakū seme beiguwan obu ha .	verb::vv e::pst.ptcp nv::nv cm::acc verb::vv e::npst.ptcp.neg comp nv::nv verb::vv e::pst.ptcp mark::period
yaka meni meni boo de dari rahū ,	nv::nv nv::nv nv::nv nv::nv cm::dat verb::vv e::fve.prv mark::comma
afabu ha beile be daha hakū ,	verb::vv e::pst.ptcp nv::nv cm::acc verb::vv e::pst.ptcp.neg mark::comma
min i emgi da gashū ha hebe gūwaliya kakū bi ci ,	pn::1sg cm::gen nv::nv nv::nv verb::vv e::pst.ptcp nv::nv verb::vv e::pst.ptcp.neg verb::vv e::cve mark::comma
fe_ala ci casi ,	nn::prpn cm::abl nv::nv mark::comma
ulha wa me ume karula ra ,	nv::nv verb::vv e::cve nv::nv verb::vv e::npst.ptcp mark::comma
han ahūn gosi me boihoci min de iogi hergen bu he ,	nv::nv nv::nv verb::vv e::cve nn::prpn.person pn::1sg cm::dat nv::nv nv::nv verb::vv e::pst.ptcp mark::comma
aba i niyalma gemu boo ci tuci fi gurgu be gabta ki wa ki seme ji hekū ainu ji hebi ,	nv::nv cm::gen nv::nv nv::nv nv::nv cm::abl verb::vv e::cve nv::nv cm::acc verb::vv e::fve.opt verb::vv e::fve.opt comp verb::vv e::pst.ptcp.neg nv::nv verb::vv e::fve.prs.prf mark::comma
wakda_age emu gūsa i juwete bayara be gai fi ,	nn::prpn nv::nv nv::nv cm::gen nv::nv nv::nv cm::acc verb::vv e::cve mark::comma
aiha ci amasi dehi susai niyalma baha ha ,	nv::nv cm::abl nv::nv nv::nv nv::nv nv::nv verb::vv e::pst.ptcp mark::comma
duin biya de tasurhai ,	nv::nv nv::nv cm::dat nn::prpn.person mark::comma
suwen i te re boo usin be eje me gai ∅ ,	pn::2pl cm::gen verb::vv e::npst.ptcp nv::nv nv::nv cm::acc verb::vv e::cve verb::vv e::fve.imperative mark::comma
gemu nikan gurun bu me etu me je me banji mbi o ,	nv::nv nv::nv nv::nv verb::vv e::cve verb::vv e::cve verb::vv e::cve verb::vv e::fve.npst ptcl mark::comma
○ lii_cing_sai be ,	mark::circle nn::prpn cm::acc mark::comma
fujisa ,	nv::nv mark::comma
alin de burula me tafa ka niyalma de jeku gaibu rakū o ho de ,	nv::nv cm::dat verb::vv e::cve verb::vv e::pst.ptcp nv::nv cm::dat nv::nv verb::vv e::npst.ptcp.neg verb::vv e::pst.ptcp cm::dat mark::comma
han ,	nv::nv mark::comma
hūlha be enteheme nakabu ∅ ,	nv::nv cm::acc nv::nv verb::vv e::fve.imperative mark::comma
nikan gurun de nene me aca ci ,	nv::nv nv::nv cm::dat verb::vv e::cve verb::vv e::cve mark::comma
jakūn dangse de sasa ara ∅ ,	nv::nv nv::nv cm::dat nv::nv verb::vv e::fve.imperative mark::comma
ere be si tuwa ∅ ,	nv::nv cm::acc pn::2sg verb::vv e::fve.imperative mark::comma
ere ilan jalan de isi tala ,	nv::nv nv::nv nv::nv cm::dat verb::vv e::cve mark::comma
wan_lii i orin sunjaci aniya sunja biya i ice de baha ha ,	nn::prpn cm::gen nv::nv nv::nv nv::nv nv::nv nv::nv cm::gen nv::adj cm::dat verb::vv e::pst.ptcp mark::comma
muse i cooha daha me gene fi jeku gai ha manggi ,	nv::nv cm::gen nv::nv verb::vv e::cve verb::vv e::cve nv::nv verb::vv e::pst.ptcp nv::nv mark::comma
afiya xušu orho be meni meni ejen gai kini ,	nv::nv nv::nv nv::nv cm::acc nv::nv nv::nv nv::nv verb::vv e::fve.opt mark::comma
g'ai_jeo de tebu he ,	nn::prpn cm::dat verb::vv e::pst.ptcp mark::comma
ilan biya i juwan ilan i inenggi ,	nv::nv nv::nv cm::gen nv::nv nv::nv cm::gen nv::nv mark::comma
sin i untuhun i turgun de nikan wa ci inu wa ha ,	pn::2sg cm::gen nv::adj cm::gen nv::nv cm::dat nv::nv verb::vv e::cve nv::nv verb::vv e::pst.ptcp mark::comma
gedurbei ,	nn::prpn.person mark::comma
karun i niyalma sa fi data de alanji fi amca fi duin morin gai habi ,	nv::nv cm::gen nv::nv verb::vv e::cve nv::nv cm::dat verb::vv e::cve verb::vv e::cve nv::nv nv::nv verb::vv e::fve.prs.prf mark::comma
isibu rakū ba i niyalma de menggun gai ∅ .	verb::vv e::npst.ptcp.neg nv::nv cm::gen nv::nv cm::dat nv::nv verb::vv e::fve.imperative mark::period
kubu he šanggiyan ,	verb::vv e::pst.ptcp nv::nv mark::comma
juse hehe gaibu ha nadan monggo ubaša me dosinji ha ,	nv::nv nv::nv verb::vv e::pst.ptcp nv::nv nv::nv verb::vv e::cve verb::vv e::pst.ptcp mark::comma
ula de emu feye ,	nv::nv cm::dat nv::nv nv::nv mark::comma
bi da de jobo me banji re fon de ,	pn::1sg nv::nv cm::dat verb::vv e::cve verb::vv e::npst.ptcp nv::nv cm::dat mark::comma
emu haha kora fi ,	nv::nv nv::nv verb::vv e::cve mark::comma
wangšan_ecike jabu me ,	nn::prpn verb::vv e::cve mark::comma
○ ooba_taiji i elcin gene he .	mark::circle nn::prpn cm::gen nv::nv verb::vv e::pst.ptcp mark::period
geren hafasa be gai fi duka i tule hengkile he ,	nv::adj nv::nv cm::acc verb::vv e::cve nv::nv cm::gen nv::nv verb::vv e::pst.ptcp mark::comma
boo i uji he ujima ,	nv::nv cm::gen verb::vv e::pst.ptcp nv::nv mark::comma
ulin gai me gurun be jobobu me ,	nv::nv verb::vv e::cve nv::nv cm::acc verb::vv e::cve mark::comma
julge han'_sin ,	nv::nv nn::prpn mark::comma
iogi i šang de baha kini ,	nv::nv cm::gen nv::nv cm::dat verb::vv e::fve.opt mark::comma
○ orin duin de ,	mark::circle nv::nv nv::nv cm::dat mark::comma
min i sargan be bi wa ra ,	pn::1sg cm::gen nv::nv cm::acc pn::1sg verb::vv e::npst.ptcp mark::comma
abatai_age i gūsa de emu tanggū orin bu he ,	nn::prpn cm::gen nv::nv cm::dat nv::nv nv::nv nv::nv verb::vv e::pst.ptcp mark::comma
si waka kai ,	pn::2sg nv::adj ptcl mark::comma
inu tuba de ilibu fi alanji ∅ ,	nv::nv nv::nv cm::dat verb::vv e::cve verb::vv e::fve.imperative mark::comma
muse i bu he anggara_age i jui gege be gabta me wa ha ,	nv::nv cm::gen verb::vv e::pst.ptcp nn::prpn cm::gen nv::nv nv::nv cm::acc verb::vv e::cve verb::vv e::pst.ptcp mark::comma
dailiyoo tiyan_dzo_han ,	nn::prpn.plc nn::prpn mark::comma
hūwa i dorgi fujisa ,	nv::nv cm::gen nv::nv nv::nv mark::comma
ehe be wasibu rakū efule rakū ci ,	nv::adj cm::acc verb::vv e::npst.ptcp.neg verb::vv e::npst.ptcp.neg e::cve mark::comma
ehe mujilen jafa fi ehe be deribu ci ,	nv::adj nv::nv verb::vv e::cve nv::adj cm::acc verb::vv e::cve mark::comma
mao_wen_lung ,	nn::prpn mark::comma
ilaci jergi iogi obu ha ,	nv::nv nv::nv nv::nv verb::vv e::pst.ptcp mark::comma
tuttu in i gašan de bisi rakū jurce me yabu re niyalma ukanju kai ,	nv::nv pn::3sg cm::gen nv::nv cm::dat verb::vv e::npst.ptcp.neg verb::vv e::cve verb::vv e::npst.ptcp nv::nv nv::nv ptcl mark::comma
tu tukiye rakū ,	nv::nv verb::vv e::npst.ptcp.neg mark::comma
tenteke ai ai buta ha jaka be gemu jakūn ubu i neigen dende he .	nv::nv nv::nv nv::nv verb::vv e::pst.ptcp nv::nv cm::acc nv::nv nv::nv nv::nv cm::gen nv::adj verb::vv e::pst.ptcp mark::period
jai dung_ging de in i eme akū o ho manggi ,	nv::nv nn::prpn cm::dat pn::3sg cm::gen nv::nv nv::adj verb::vv e::pst.ptcp nv::nv mark::comma
jori ha jurgan be jurce rakū seme beiguwan obu ha .	verb::vv e::pst.ptcp nv::nv cm::acc verb::vv e::npst.ptcp.neg comp nv::nv verb::vv e::pst.ptcp mark::period
nikan i iogi hafan be ,	nv::nv cm::gen nv::nv nv::nv cm::acc mark::comma
weile ara mbi ,	nv::nv verb::vv e::fve.npst mark::comma
jeku akū niyalma i haha i ton ,	nv::nv nv::adj nv::nv cm::gen nv::nv cm::gen nv::nv mark::comma
uji he ujima ,	verb::vv e::pst.ptcp nv::nv mark::comma
geren gemu emu yamun de te fi beide mbi ,	nv::adj nv::nv nv::nv nv::nv cm::dat verb::vv e::cve verb::vv e::fve.npst mark::comma
min i morin suwen de bu rakū ,	pn::1sg cm::gen nv::nv pn::2pl cm::dat verb::vv e::npst.ptcp.neg mark::comma
abka be sarkū ,	nv::nv cm::acc nv::nv mark::comma
amasi julesi lakca rakū ama de aca me yabu mbi se he bi he ,	nv::nv nv::nv verb::vv e::npst.ptcp.neg nv::nv cm::dat verb::vv e::cve verb::vv e::fve.npst verb::vv e::pst.ptcp verb::vv e::pst.ptcp mark::comma
sain gisun de sain gisun karula me gisure fi tuwa hakū unggi he .	nv::adj nv::nv cm::dat nv::adj nv::nv verb::vv e::cve verb::vv e::cve verb::vv e::pst.ptcp.neg verb::vv e::pst.ptcp mark::period
be_ši_jung be wa fi ,	nn::prpn cm::acc verb::vv e::cve mark::comma
ihan ,	nv::nv mark::comma
wan_lii i orin emuci aniya uyun biya i orin ilan de baha ha ,	nn::prpn cm::gen nv::nv nv::nv nv::nv nv::nv nv::nv cm::gen nv::nv nv::nv cm::dat verb::vv e::pst.ptcp mark::comma
tere anggala men i amban cooha ,	nv::nv nv::nv pn::1pl.excl cm::gen nv::nv nv::nv mark::comma
jang_sing_guwan beiguwan be sio_yan de unggi he ,	nn::prpn nv::nv cm::acc nn::prpn cm::dat verb::vv e::pst.ptcp mark::comma
cen_liyang_tse ,	nn::prpn mark::comma
amba_beile be tuwana ∅ seme unggi fi tuwa ci ,	nn::prpn cm::acc verb::vv e::fve.imperative comp verb::vv e::cve verb::vv e::cve mark::comma
han hendu me ,	nv::nv verb::vv e::cve mark::comma
nikan de hūda yabu re amban sa de juse suwe hendu ∅ ,	nv::nv cm::dat nv::nv verb::vv e::npst.ptcp nv::nv nv::nv cm::dat nv::nv pn::2pl verb::vv e::fve.imperative mark::comma
genggiyen_han geli uji ki seme cihala fi uji he be daha me ,	nn::prpn nv::nv verb::vv e::fve.opt comp verb::vv e::cve verb::vv e::pst.ptcp cm::acc verb::vv e::cve mark::comma
nunggan_subargan ,	nn::prpn mark::comma
○ jai muhaliyan dzung_bing_guwan de ,	mark::circle nv::nv nv::nv nv::nv cm::dat mark::comma
han i šajin be ume jurce re .	nv::nv cm::gen nv::nv cm::acc nv::nv verb::vv e::npst.ptcp mark::period
hoifa i gurun i amban sa ,	nn::prpn.plc cm::gen nv::nv cm::gen nv::nv nv::nv mark::comma
uksin saca ,	nv::nv nv::nv mark::comma
○ hahana ,	mark::circle nn::prpn.person mark::comma
nikan ,	nv::nv mark::comma
sonom_taiji arki omi re be juse sargan tafula hakū ,	nn::prpn nv::nv verb::vv e::npst.ptcp cm::acc nv::nv nv::nv verb::vv e::pst.ptcp.neg mark::comma
jakūn gūsa i beile se amban sa ilhi ilhi se baha ha seme han de ilata jergi hengkile he ,	nv::nv nv::nv cm::gen nv::nv nv::nv nv::nv nv::nv nv::nv nv::nv nv::nv verb::vv e::pst.ptcp comp nv::nv cm::dat nv::nv nv::nv verb::vv e::pst.ptcp mark::comma
duin niyalma wa ra jaka de ,	nv::nv nv::nv verb::vv e::npst.ptcp nv::nv cm::dat mark::comma
liyoha bira i wargi si_ning_pu de te fi ,	nn::prpn.plc nv::nv cm::gen nv::nv nn::prpn cm::dat verb::vv e::cve mark::comma
ajige weile be holto ci ,	nv::adj nv::nv cm::acc verb::vv e::cve mark::comma
beile i fon de ulhun_monggo ,	nv::nv cm::gen nv::nv cm::dat nn::prpn mark::comma
ula de emgeri langtula bu ha seme ,	nv::nv cm::dat nv::nv verb::vv sfx e::pst.ptcp comp mark::comma
g'ai_jeo de unggi ∅ ,	nn::prpn cm::dat verb::vv e::fve.imperative mark::comma
oilo jiramin kubun sinda me saca mahala ,	nv::nv nv::adj nv::nv verb::vv e::cve nv::nv nv::nv mark::comma
emu niru i orita uksin ,	nv::nv nv::nv cm::gen nv::nv nv::nv mark::comma
bi sin be nan_ging de isibu re ,	pn::1sg pn::2sg cm::acc nn::prpn cm::dat verb::vv e::npst.ptcp mark::comma
jai ilan haha be wa ha ,	nv::nv nv::nv nv::nv cm::acc verb::vv e::pst.ptcp mark::comma
yoto_age hūda bu me gai ha ,	nn::prpn nv::nv verb::vv e::cve verb::vv e::pst.ptcp mark::comma
fiongdon_jargūci ,	nn::prpn mark::comma
hai_si ai_ho_wei i du_jy_hūi_tungjy sidengge i omolo fuka ,	nn::prpn nn::prpn cm::gen nv::nv nn::prpn.person cm::gen nv::nv nv::nv mark::comma
han i tukiye he sunja amban ,	nv::nv cm::gen verb::vv e::pst.ptcp nv::nv nv::nv mark::comma
nikan i julergi amba ing ni cooha be dulembu fi ,	nv::nv cm::gen nv::nv nv::adj nv::nv cm::gen nv::nv cm::acc verb::vv e::cve mark::comma
beye buce kini ,	nv::nv verb::vv e::fve.opt mark::comma
beiguwan i bodo me haha bu ∅ ,	nv::nv cm::gen verb::vv e::cve nv::nv verb::vv e::fve.imperative mark::comma
min i jai jergi takūra ha ,	pn::1sg cm::gen nv::nv nv::nv verb::vv e::pst.ptcp mark::comma
simiyan i juleri hunehe_bira i dalin de dedu he ,	nn::prpn.plc cm::gen nv::nv nn::prpn cm::gen nv::nv cm::dat verb::vv e::pst.ptcp mark::comma
nene he amaga uheri emu tumen gin dabsun bu he ,	verb::vv e::pst.ptcp nv::adj nv::nv nv::nv nv::nv nv::nv nv::nv verb::vv e::pst.ptcp mark::comma
dergi wargi cooha i niyalma be gemu guile fi ,	nv::nv nv::nv nv::nv cm::gen nv::nv cm::acc nv::nv verb::vv e::cve mark::comma
heo_dzung_bing_guwan ,	nn::prpn mark::comma
baju i ere gung be nomtu i eje he de ara habi .	nv::nv cm::gen nv::nv nv::nv cm::acc nn::prpn.person cm::gen verb::vv e::pst.ptcp cm::dat verb::vv e::fve.prs.prf mark::period
○ ulkun be ,	mark::circle nn::prpn.person cm::acc mark::comma
geren beile se be gai fi fujisa de hengkile me aca ha ,	nv::adj nv::nv nv::nv cm::acc verb::vv e::cve nv::nv cm::dat verb::vv e::cve verb::vv e::pst.ptcp mark::comma
abka de acabu me dasa ra ngge adarame se ci ,	nv::nv cm::dat verb::vv e::cve verb::vv e::npst.ptcp nmlz::nmlz nv::nv verb::vv e::cve mark::comma
aika buce re weile o ci ,	nv::nv verb::vv e::npst.ptcp nv::nv verb::vv e::cve mark::comma
( wang_du_tang ,	mark::lparen nn::prpn mark::comma
tuba ci giyansi takūra ha gisun be ali me gaija ra ,	nv::nv cm::abl nv::nv verb::vv e::pst.ptcp nv::nv cm::acc verb::vv e::cve verb::vv e::npst.ptcp mark::comma
hoifa de emu feye baha ha seme sunjata yan i weile waliya mbi ,	nn::prpn.plc cm::dat nv::nv nv::nv verb::vv e::pst.ptcp comp nv::nv nv::nv cm::gen nv::nv verb::vv e::fve.npst mark::comma
liyoodung ci ebsi bu he šang be gemu gai ha ,	nn::prpn.plc cm::abl nv::nv verb::vv e::pst.ptcp nv::nv cm::acc nv::nv verb::vv e::pst.ptcp mark::comma
juwan ulhūma ,	nv::nv nv::nv mark::comma
suwen be uji me ele re unde kai .	pn::2pl cm::acc verb::vv e::cve verb::vv e::npst.ptcp nv::nv ptcl mark::period
janggin de weile .	nv::nv cm::dat nv::nv mark::period
gecuheri suje uhereme susai bu he .	nv::nv nv::nv nv::nv nv::nv verb::vv e::pst.ptcp mark::period
ama mafa i giran ,	nv::nv nv::nv cm::gen nv::nv mark::comma
uyun cuwan baha fi tuwa sinda ha ,	nv::nv nv::nv verb::vv e::cve nv::nv verb::vv e::pst.ptcp mark::comma
○ be_tu_cang ni boigon i juwe tumen anggala be gaji fi guwangning de tebu he .	mark::circle nn::prpn cm::gen nv::nv cm::gen nv::nv nv::nv nv::nv cm::acc verb::vv e::cve nn::prpn.plc cm::dat verb::vv e::pst.ptcp mark::period
han ama kemuni gosi kini ,	nv::nv nv::nv nv::nv verb::vv e::fve.opt mark::comma
sengge ,	nv::nv mark::comma
gašan bošokū i akdula ra gisun ,	nv::nv nv::nv cm::gen verb::vv e::npst.ptcp nv::nv mark::comma
han ,	nv::nv mark::comma
jeng_an_pu i tsanjiyang ,	nn::prpn cm::gen nv::nv mark::comma
jai donji ci ,	nv::nv verb::vv e::cve mark::comma
hai_jeo i niyalma guri me yoo_jeo de gene hebi ,	nn::prpn cm::gen nv::nv verb::vv e::cve nn::prpn cm::dat verb::vv e::fve.prs.prf mark::comma
hontoho ,	nv::nv mark::comma
dube jecen i olho ro karma ra be ,	nv::nv nv::nv cm::gen verb::vv e::npst.ptcp verb::vv e::npst.ptcp cm::acc mark::comma
hai_jeo ,	nn::prpn mark::comma
in i fe jeku ,	pn::3sg cm::gen nv::adj nv::nv mark::comma
hūdun dayanji ∅ .	nv::adj verb::vv e::fve.imperative mark::period
gurun be jobobu ha seme jili banji mbi ,	nv::nv cm::acc verb::vv e::pst.ptcp comp nv::nv verb::vv e::fve.npst mark::comma
yegude i emgi gene fi ,	nn::prpn.person cm::gen nv::nv verb::vv e::cve mark::comma
han de ala ha de weile ara mbi ,	nv::nv cm::dat verb::vv e::pst.ptcp cm::dat nv::nv verb::vv e::fve.npst mark::comma
acan hai_si silmen_wei i du_jy_hūi_ši isuha i jui saosi ,	nv::nv nn::prpn nn::prpn cm::gen nv::nv nn::prpn.person cm::gen nv::nv nn::prpn.person mark::comma
keyen i hecen de juse hehesi gaibu ha ciyandzung ni hergen i duin hafan ,	nn::prpn.plc cm::gen nv::nv cm::dat nv::nv nv::nv verb::vv e::pst.ptcp nv::nv cm::gen nv::nv cm::gen nv::nv nv::nv mark::comma
hūwang_gu_doo de te he nikan i cooha sunja tanggū kemuni te fi bi ∅ ,	nn::prpn cm::dat verb::vv e::pst.ptcp nv::nv cm::gen nv::nv nv::nv nv::nv nv::nv verb::vv e::cve verb::vv e::fve.imperative mark::comma
han gemu jori fi bu he ,	nv::nv nv::nv verb::vv e::cve verb::vv e::pst.ptcp mark::comma
oforo šan ,	nv::nv nv::nv mark::comma
olji icihiya me waji fi beye be gemu jabdubu fi ji he ngge ,	nv::nv verb::vv e::cve verb::vv e::cve nv::nv cm::acc nv::nv verb::vv e::cve verb::vv e::pst.ptcp nmlz::nmlz mark::comma
monggo ,	nv::nv mark::comma
suwen i jeku be yargiyan ala rakū ci ,	pn::2pl cm::gen nv::nv cm::acc nv::adj verb::vv e::npst.ptcp.neg e::cve mark::comma
○ ice nadan de ,	mark::circle nv::adj nv::nv cm::dat mark::comma
○ iogi ši_tiyan_ju be wesibu fi fujiyang obu ha .	mark::circle nv::nv nn::prpn cm::acc verb::vv e::cve nv::nv verb::vv e::pst.ptcp mark::period
in i aha i teisule me koro me yada me gaji ci gaji habi dere ,	pn::3sg cm::gen nv::nv cm::gen verb::vv e::cve verb::vv e::cve verb::vv e::cve verb::vv e::cve verb::vv e::fve.prs.prf ptcl mark::comma
morin tuwa me gene fi niyalma yordo fi buce he seme ,	nv::nv verb::vv e::cve verb::vv e::cve nv::nv verb::vv e::cve verb::vv e::pst.ptcp comp mark::comma
tofohoci jergi ,	nv::nv nv::nv mark::comma
šun i teisu šanggiyan lamun siren ilan jurgan i abka i siren goci fi ,	nv::nv cm::gen nv::nv nv::nv nv::adj nv::nv nv::nv nv::nv cm::gen nv::nv cm::gen nv::nv verb::vv e::cve mark::comma
weile ara ci ,	nv::nv verb::vv e::cve mark::comma
in i ciyandzung be takūra fi ,	pn::3sg cm::gen nv::nv cm::acc verb::vv e::cve mark::comma
emu malu arki ,	nv::nv nv::nv nv::nv mark::comma
bi inu jili banji habi ,	pn::1sg nv::nv nv::nv verb::vv e::fve.prs.prf mark::comma
nikan cooha hecen i ninggu de seriken ili habi ,	nv::nv nv::nv nv::nv cm::gen nv::nv cm::dat nv::adj verb::vv e::fve.prs.prf mark::comma
hoton i niyalma afa ki ,	nv::nv cm::gen nv::nv verb::vv e::fve.opt mark::comma
duin hacin i suje emu tanggū nadanju jakūn ,	nv::nv nv::nv cm::gen nv::nv nv::nv nv::nv nv::nv nv::nv mark::comma
du_tang ,	nv::nv mark::comma
daimbu ,	nn::prpn.person mark::comma
poo ,	nv::nv mark::comma
hecen saha ra ulan fete re niyalma de ,	nv::nv verb::vv e::npst.ptcp nv::nv verb::vv e::npst.ptcp nv::nv cm::dat mark::comma
hergengge niyalma de šangna ra dangse ,	nv::adj nv::nv cm::dat verb::vv e::npst.ptcp nv::nv mark::comma
ninggun morin ,	nv::nv nv::nv mark::comma
abka i gama ra ici be tuwa rakū ,	nv::nv cm::gen verb::vv e::npst.ptcp nv::nv cm::acc verb::vv e::npst.ptcp.neg mark::comma
in i beye morin ci ebu fi yafahan juleri gai fi afa me ,	pn::3sg cm::gen nv::nv nv::nv cm::abl verb::vv e::cve nv::adj nv::nv verb::vv e::cve verb::vv e::cve mark::comma
han ,	nv::nv mark::comma
ihan juwe minggan jakūn tanggū jakūnju juwe ,	nv::nv nv::nv nv::nv nv::nv nv::nv nv::nv nv::nv mark::comma
amban sa ulgiyan ambula o ci ,	nv::nv nv::nv nv::nv nv::nv verb::vv e::cve mark::comma
uheri orin sunja niyalma ka fi ,	nv::nv nv::nv nv::nv nv::nv verb::vv e::cve mark::comma
solho hafan de sunja inenggi dube de ajige sarin sarila me ,	nv::nv nv::nv cm::dat nv::nv nv::nv nv::nv cm::dat nv::adj nv::nv verb::vv e::cve mark::comma
bila ha inenggi be jurce ci ,	verb::vv e::pst.ptcp nv::nv cm::acc verb::vv e::cve mark::comma
○ fu_jeo de anafu te he moobari tsanjiyang ,	mark::circle nn::prpn cm::dat nv::nv verb::vv e::pst.ptcp nn::prpn.person nv::nv mark::comma
jugūn de jide re de ,	nv::nv cm::dat verb::vv e::npst.ptcp cm::dat mark::comma
han hendu me ,	nv::nv verb::vv e::cve mark::comma
○ tuhei be ,	mark::circle nn::prpn.person cm::acc mark::comma
kalka i monggo i joriktu_beile i sunja haha ,	nv::nv cm::gen nv::nv cm::gen nn::prpn cm::gen nv::nv nv::nv mark::comma
šun dekde re ergi de solho gurun bi ,	nv::nv verb::vv e::npst.ptcp nv::nv cm::dat nv::nv nv::nv verb::vv.npst mark::comma
ejen akū aha ,	nv::nv nv::adj nv::nv mark::comma
bi duin jergi doro jafa fi sain banji ki seme bithe unggi me niyalma takūra ci ,	pn::1sg nv::nv nv::nv nv::nv verb::vv e::cve nv::adj verb::vv e::fve.opt comp nv::nv verb::vv e::cve nv::nv verb::vv e::cve mark::comma
hai_si amin_ho_wei i du_jy_hūi_ciyanši sai_oo i omolo ambulu ,	nn::prpn nn::prpn cm::gen nv::nv nn::prpn cm::gen nv::nv nn::prpn.person mark::comma
urgucen muren_golo i niyalma sucu fi gama ha dehi uksin be benji hekū ,	nn::prpn.plc nn::prpn cm::gen nv::nv verb::vv e::cve verb::vv e::pst.ptcp nv::nv nv::nv cm::acc verb::vv e::pst.ptcp.neg mark::comma
kiyoo de hūda hūdašabu re ,	nv::nv cm::dat nv::nv verb::vv e::npst.ptcp mark::comma
ilhi gecuheri ojin ,	nv::nv nv::nv nv::nv mark::comma
ojo rakū ,	verb::vv e::npst.ptcp.neg mark::comma
wehe de luhulebu fi jaha hūwaja fi ,	nv::nv cm::dat verb::vv e::cve nv::nv verb::vv e::cve mark::comma
te he ba o ci ,	verb::vv e::pst.ptcp nv::nv verb::vv e::cve mark::comma
○ bungkori ,	mark::circle nn::prpn.person mark::comma
ulin gaija ra weile baha ci waliya ∅ ,	nv::nv verb::vv e::npst.ptcp nv::nv verb::vv e::cve verb::vv e::fve.imperative mark::comma
abka i kemne fi unggi he jalgan kai ,	nv::nv cm::gen verb::vv e::cve verb::vv e::pst.ptcp nv::nv ptcl mark::comma
ubaša me gene mbi seme habšanji ha turgun .	verb::vv e::cve verb::vv e::fve.npst comp verb::vv e::pst.ptcp nv::nv mark::period
ujen weile ara mbi seme hendu hekū bi he o ,	nv::adj nv::nv verb::vv e::fve.npst comp verb::vv e::pst.ptcp.neg verb::vv e::pst.ptcp ptcl mark::comma
uksun geren niyalma i akdun akdun be gaji fi suwen i jaka de tebu ∅ seme hendu he bi he kai ,	nv::nv nv::adj nv::nv cm::gen nv::adj nv::adj cm::acc verb::vv e::cve pn::2pl cm::gen nv::nv cm::dat verb::vv e::fve.imperative comp verb::vv e::pst.ptcp verb::vv e::pst.ptcp ptcl mark::comma
tese be gene he lii_fuma de habša ∅ ,	nv::nv cm::acc verb::vv e::pst.ptcp nn::prpn cm::dat verb::vv e::fve.imperative mark::comma
urgunje me ainu šangna rakū seme ,	verb::vv e::cve nv::nv verb::vv e::npst.ptcp.neg comp mark::comma
tari ha usin ,	verb::vv e::pst.ptcp nv::nv mark::comma
duka ,	nv::nv mark::comma
hengke emu fan ,	nv::nv nv::nv nv::nv mark::comma
○ šajin tsanjiyang be in i boo i hehe gercile me ,	mark::circle nv::nv nv::nv cm::acc pn::3sg cm::gen nv::nv cm::gen nv::nv verb::vv e::cve mark::comma
iogi tsanjiyang fakca hakū seme wesihun han de ala ∅ ,	nv::nv nv::nv verb::vv e::pst.ptcp.neg comp nv::nv nv::nv cm::dat verb::vv e::fve.imperative mark::comma
baha ha nadanju ninggun elbihe be ,	verb::vv e::pst.ptcp nv::nv nv::nv nv::nv cm::acc mark::comma
ehe miosihon niyalma be wa ci o mbi dere ,	nv::adj nv::adj nv::nv cm::acc verb::vv e::cve verb::vv e::fve.npst ptcl mark::comma
gemu dung_ging ni hecen de tebu ∅ ,	nv::nv nn::prpn cm::gen nv::nv cm::dat verb::vv e::fve.imperative mark::comma
abka gosi ha be daha me ,	nv::nv verb::vv e::pst.ptcp cm::acc verb::vv e::cve mark::comma
yali buju fi arki nure wenje fi sile cai omibu re ulebu re doro be ,	nv::nv verb::vv e::cve nv::nv nv::nv verb::vv e::cve nv::nv nv::nv verb::vv e::npst.ptcp verb::vv e::npst.ptcp nv::nv cm::acc mark::comma
suwen i gūni ha ba be jabu fi unggi ∅ ,	pn::2pl cm::gen verb::vv e::pst.ptcp nv::nv cm::acc verb::vv e::cve verb::vv e::fve.imperative mark::comma
min de ehe amban sa be ,	pn::1sg cm::dat nv::adj nv::nv nv::nv cm::acc mark::comma
keyen ,	nn::prpn.plc mark::comma
ilaci jergi iogi obu ha ,	nv::nv nv::nv nv::nv verb::vv e::pst.ptcp mark::comma
iletu hendu fi monggo i ba de gene ci ,	nv::adj verb::vv e::cve nv::nv cm::gen nv::nv cm::dat verb::vv e::cve mark::comma
jai dasa me tungse takūra fi hendu me ,	nv::nv verb::vv e::cve nv::nv verb::vv e::cve verb::vv e::cve mark::comma
bene he mujangga o fi ,	verb::vv e::pst.ptcp nv::adj verb::vv e::cve mark::comma
šusai ,	nv::nv mark::comma
weile he jeku be te hei je mbi ,	verb::vv e::pst.ptcp nv::nv cm::acc verb::vv e::cve verb::vv e::fve.npst mark::comma
jakūta de jakūn feye baha ha ,	nv::nv cm::dat nv::nv nv::nv verb::vv e::pst.ptcp mark::comma
jui amba_beile be gūni me ,	nv::nv nn::prpn cm::acc verb::vv e::cve mark::comma
○ duici_beile ,	mark::circle nn::prpn mark::comma
uhereme duin iogi ,	nv::nv nv::nv nv::nv mark::comma
sohin ,	nv::nv mark::comma
bata wa ha jafa ha niyalma be bithe ara fi unggi ∅ ,	nv::nv verb::vv e::pst.ptcp verb::vv e::pst.ptcp nv::nv cm::acc nv::nv verb::vv e::cve verb::vv e::fve.imperative mark::comma
komso baha ha niyalma ,	nv::adj verb::vv e::pst.ptcp nv::nv mark::comma
han i afabu ha jurgan be ,	nv::nv cm::gen verb::vv e::pst.ptcp nv::nv cm::acc mark::comma
hehe juse be ,	nv::nv nv::nv cm::acc mark::comma
yeru ,	nv::nv mark::comma
losa ,	nv::nv mark::comma
ere gisun be jurce me hūlha holo ehe miosihon mujilen i banji ci ,	nv::nv nv::nv cm::acc verb::vv e::cve nv::nv nv::nv nv::adj nv::adj nv::nv cm::gen verb::vv e::cve mark::comma
budai donji fi ,	nn::prpn.person verb::vv e::cve mark::comma
kubu he fulgiyan i langge ,	verb::vv e::pst.ptcp nv::nv cm::gen nn::prpn.person mark::comma
min i tondo uru be dabu rakū afa mbi se ci ,	pn::1sg cm::gen nv::adj nv::nv cm::acc verb::vv e::npst.ptcp.neg verb::vv e::fve.npst verb::vv e::cve mark::comma
susan ,	nn::prpn.person mark::comma
cing_ho ,	nn::prpn mark::comma
ere utala ulin be men i canggi gai ci ambula kai ,	nv::nv nv::nv nv::nv cm::acc pn::1pl.excl cm::gen nv::nv verb::vv e::cve nv::nv ptcl mark::comma
udaha ,	nn::prpn.person mark::comma
jao_kindzung ,	nn::prpn mark::comma
meni meni ba i ejen baica fi ,	nv::nv nv::nv nv::nv cm::gen nv::nv verb::vv e::cve mark::comma
hecen be efule fi gemu wa ha ,	nv::nv cm::acc verb::vv e::cve nv::nv verb::vv e::pst.ptcp mark::comma
tere be gana fi gaji me ji ∅ ,	nv::nv cm::acc verb::vv e::cve verb::vv e::cve verb::vv e::fve.imperative mark::comma
ere ninggun niyalma be daise fujiyang obu ha .	nv::nv nv::nv nv::nv cm::acc nv::nv nv::nv verb::vv e::pst.ptcp mark::period
yendei gebungge juwe amban be ejen ara fi hendu me ,	nn::prpn.person nv::adj nv::nv nv::nv cm::acc nv::nv verb::vv e::cve verb::vv e::cve mark::comma
ama han be aliya fi gisun gai fi ,	nv::nv nv::nv cm::acc verb::vv e::cve nv::nv verb::vv e::cve mark::comma
si_mu_ceng ,	nn::prpn mark::comma
jai afabu ha weile be mute mbi ,	nv::nv verb::vv e::pst.ptcp nv::nv cm::acc verb::vv e::fve.npst mark::comma
ume cuwangna ra ,	nv::nv verb::vv e::npst.ptcp mark::comma
hecen tuci fi tangse de miyoo de hengkile he ,	nv::nv verb::vv e::cve nv::nv cm::dat nv::nv cm::dat verb::vv e::pst.ptcp mark::comma
dolo ehe arga be asara fi ,	nv::nv nv::adj nv::nv cm::acc verb::vv e::cve mark::comma
beiguwan i hergen bu he .	nv::nv cm::gen nv::nv verb::vv e::pst.ptcp mark::period
hai_si ši_fang_ho_wei i du_jy_hūi_ciyanši hutu i omolo šose ,	nn::prpn nn::prpn cm::gen nv::nv nv::nv cm::gen nv::nv nn::prpn.person mark::comma
daicing be han i ici ergi de ,	nv::nv cm::acc nv::nv cm::gen nv::nv nv::nv cm::dat mark::comma
○ korcin i minggan_mafa i elcin omoktu i emgi duin niyalma ,	mark::circle nn::prpn.plc cm::gen nn::prpn cm::gen nv::nv nn::prpn.person cm::gen nv::nv nv::nv nv::nv mark::comma
suwe saikan bodo me duile rakū ,	pn::2pl nv::adj verb::vv e::cve verb::vv e::npst.ptcp.neg mark::comma
orin nadan de busan dzung_bing_guwan de wasimbu ha ,	nv::nv nv::nv cm::dat nn::prpn.person nv::nv cm::dat verb::vv e::pst.ptcp mark::comma
fakca rakū ci ,	verb::vv e::npst.ptcp.neg e::cve mark::comma
○ lišan ,	mark::circle nn::prpn.person mark::comma
bultana ,	nn::prpn.person mark::comma
amba_beile isina fi cooha be dasa fi gene ci ,	nn::prpn verb::vv e::cve nv::nv cm::acc verb::vv e::cve verb::vv e::cve mark::comma
min i cooha geren seme ertu fi bi sere seme akdabu ha be abka wakala fi ,	pn::1sg cm::gen nv::nv nv::adj comp verb::vv e::cve verb::vv.npst nv::nv comp verb::vv e::pst.ptcp cm::acc nv::nv verb::vv e::cve mark::comma
min i jui be yordo ho seme donji fi ,	pn::1sg cm::gen nv::nv cm::acc verb::vv e::pst.ptcp comp verb::vv e::cve mark::comma
morin i dele gala tukiye me aca fi ,	nv::nv cm::gen nv::nv nv::nv verb::vv e::cve verb::vv e::cve mark::comma
jaisai juse suwen be uba de sinda fi ,	nn::prpn.person nv::nv pn::2pl cm::acc nv::nv cm::dat verb::vv e::cve mark::comma
gemu usin bu mbi ,	nv::nv nv::nv verb::vv e::fve.npst mark::comma
beile se i hiyasa ,	nv::nv nv::nv cm::gen nv::nv mark::comma
ai ai jaka i ton be getuken i bithe ara fi unggi ∅ seme ,	nv::nv nv::nv nv::nv cm::gen nv::nv cm::acc nv::adj cm::gen nv::nv verb::vv e::cve verb::vv e::fve.imperative comp mark::comma
abka sarkū bi o .	nv::nv nv::nv verb::vv.npst ptcl mark::period
tetun ,	nv::nv mark::comma
dzung_bing_guwan be nakabu fi tsanjiyang ni hergen obu ha ,	nv::nv cm::acc verb::vv e::cve nv::nv cm::gen nv::nv verb::vv e::pst.ptcp mark::comma
ice daise iogi sinda ha ,	nv::adj nv::nv nv::nv verb::vv e::pst.ptcp mark::comma
majige andan de gemu wa fi ,	nv::adj nv::nv cm::dat nv::nv verb::vv e::cve mark::comma
orin jakūn de dung_cang_pu de isina ∅ ,	nv::nv nv::nv cm::dat nn::prpn cm::dat verb::vv e::fve.imperative mark::comma
○ borjin i gūsa de ,	mark::circle nn::prpn.person cm::gen nv::nv cm::dat mark::comma
ooba_tabunang sargan ,	nn::prpn nv::nv mark::comma
morin ,	nv::nv mark::comma
janggiya ,	nn::prpn.person mark::comma
aniya biya i ice jakūn de ,	nv::nv nv::nv cm::gen nv::adj nv::nv cm::dat mark::comma
gu_šan de isi tala tari ∅ ,	nn::prpn cm::dat verb::vv e::cve verb::vv e::fve.imperative mark::comma
suwe muke be oilori waida ra gese ume gisure re ,	pn::2pl nv::nv cm::acc nv::nv verb::vv e::npst.ptcp nv::nv nv::nv verb::vv e::npst.ptcp mark::comma
ilan minggan juwe tanggū haha weri ∅ ,	nv::nv nv::nv nv::nv nv::nv nv::nv verb::vv e::fve.imperative mark::comma
juwe ihan ,	nv::nv nv::nv mark::comma
cooha i beile se amban sa be ,	nv::nv cm::gen nv::nv nv::nv nv::nv nv::nv cm::acc mark::comma
jušen waka ,	nv::nv nv::adj mark::comma
to de tana bi fi muse de unca ci ,	nv::nv cm::dat nv::nv verb::vv e::cve pn::1pl.incl cm::dat verb::vv e::cve mark::comma
geren hūsun be gai fi amca ∅ ,	nv::adj nv::nv cm::acc verb::vv e::cve verb::vv e::fve.imperative mark::comma
amba_gašan i bigan de han be aliya me bisi re de ,	nn::prpn cm::gen nv::nv cm::dat nv::nv cm::acc verb::vv e::cve verb::vv e::npst.ptcp cm::dat mark::comma
elcin takūra ∅ ,	nv::nv verb::vv e::fve.imperative mark::comma
ninggun feye yali da habi ,	nv::nv nv::nv nv::nv verb::vv e::fve.prs.prf mark::comma
buhatu tsanjiyang ,	nv::nv nv::nv mark::comma
jergi bodo me tebu fi ,	nv::nv verb::vv e::cve verb::vv e::cve mark::comma
han hendu me ,	nv::nv verb::vv e::cve mark::comma
beile i boo i tokso bošo ro ulha tuwa ra weile de afabu ha ,	nv::nv cm::gen nv::nv cm::gen nv::nv verb::vv e::npst.ptcp nv::nv verb::vv e::npst.ptcp nv::nv cm::dat verb::vv e::pst.ptcp mark::comma
men i emu niyalma i jete re jeku be juwan niyalma je mbi ,	pn::1pl.excl cm::gen nv::nv nv::nv cm::gen verb::vv e::npst.ptcp nv::nv cm::acc nv::nv nv::nv verb::vv e::fve.npst mark::comma
ula de juwe feye gidalabu ha ,	nv::nv cm::dat nv::nv nv::nv verb::vv e::pst.ptcp mark::comma
orin i dobori ,	nv::nv cm::gen nv::nv mark::comma
○ du_tang ni bithe ,	mark::circle nv::nv cm::gen nv::nv mark::comma
tofohoci jergi ,	nv::nv nv::nv mark::comma
tere holo be dosi ka cooha i ejen amba dzung_bing_guwan lio_ting be baha fi wa ha ,	nv::nv nv::nv cm::acc verb::vv e::pst.ptcp nv::nv cm::gen nv::nv nv::adj nv::nv nn::prpn cm::acc verb::vv e::cve verb::vv e::pst.ptcp mark::comma
beye i aika jaka be asara ra cooha uyunju ,	nv::nv cm::gen nv::nv nv::nv cm::acc verb::vv e::npst.ptcp nv::nv nv::nv mark::comma
han hendu me ,	nv::nv verb::vv e::cve mark::comma
duici_beile ,	nn::prpn mark::comma
jeng_giyang ni ergi de medege tuwana me gene he ,	nn::prpn cm::gen nv::nv cm::dat nv::nv verb::vv e::cve verb::vv e::pst.ptcp mark::comma
○ orin uyun de ,	mark::circle nv::nv nv::nv cm::dat mark::comma
inu o mbi ,	nv::nv verb::vv e::fve.npst mark::comma
in i gebu tsoo_io_kui ,	pn::3sg cm::gen nv::nv nn::prpn mark::comma
ama eme akū emhun gioha me yabu fi ,	nv::nv nv::nv nv::adj nv::nv verb::vv e::cve verb::vv e::cve mark::comma
juwe ubu be cifun gaija ra niyalma gai ∅ ,	nv::nv nv::nv cm::acc nv::nv verb::vv e::npst.ptcp nv::nv verb::vv e::fve.imperative mark::comma
hošotu fujiyang ,	nn::prpn.person nv::nv mark::comma
nikan de cooha da fi tabcila mbi seme alanji ha .	nv::nv cm::dat nv::nv verb::vv e::cve verb::vv e::fve.npst comp verb::vv e::pst.ptcp mark::period
giyai de gemu hetu futa goci fi ,	nv::nv cm::dat nv::nv nv::adj nv::nv verb::vv e::cve mark::comma
uhereme gūsin tumen inenggi usin be gai fi ,	nv::nv nv::nv nv::nv nv::nv nv::nv cm::acc verb::vv e::cve mark::comma
moro fila emte tanggū ,	nv::nv nv::nv nv::nv nv::nv mark::comma
darhan_hiya i gūsa de emu tanggū gūsin bu he ,	nn::prpn cm::gen nv::nv cm::dat nv::nv nv::nv nv::nv verb::vv e::pst.ptcp mark::comma
ba ba i weji be saci me dasa fi tala obu ha ,	nv::nv nv::nv cm::gen nv::nv cm::acc verb::vv e::cve verb::vv e::cve nv::nv verb::vv e::pst.ptcp mark::comma
cooha be kadala me ete mbi seme ,	nv::nv cm::acc verb::vv e::cve verb::vv e::fve.npst comp mark::comma
manju i han i gosi ha be onggo rakū sain yabu ci ,	nv::nv cm::gen nv::nv cm::gen verb::vv e::pst.ptcp cm::acc verb::vv e::npst.ptcp.neg nv::adj verb::vv e::cve mark::comma
buyanggū_beile juwe bethe tondokon niyakūra hakū ,	nn::prpn nv::nv nv::nv nv::adj verb::vv e::pst.ptcp.neg mark::comma
niyaman hūncihin seme harša rakū ,	nv::nv nv::nv comp verb::vv e::npst.ptcp.neg mark::comma
gemu olji o ho kai ,	nv::nv nv::nv verb::vv e::pst.ptcp ptcl mark::comma
imahū ,	nv::nv mark::comma
juwe jušen ning_beiguwan be ganabu ha .	nv::nv nv::nv nn::prpn cm::acc verb::vv e::pst.ptcp mark::period
han i pai be gai fi ,	nv::nv cm::gen nv::nv cm::acc verb::vv e::cve mark::comma
han i tacibu ha tondo fafun be jurce rakū banji ci ,	nv::nv cm::gen verb::vv e::pst.ptcp nv::adj nv::nv cm::acc verb::vv e::npst.ptcp.neg verb::vv e::cve mark::comma
suwen i gene re niyalma i anggala i ton be ,	pn::2pl cm::gen verb::vv e::npst.ptcp nv::nv cm::gen nv::nv cm::gen nv::nv cm::acc mark::comma
○ be_tu_cang ni lio_tsanjiyang ,	mark::circle nn::prpn cm::gen nn::prpn mark::comma
jai cimari jarut gurun de elcin gene he arajai isinji fi medege ala me ,	nv::nv nv::nv nn::prpn.plc nv::nv cm::dat nv::nv verb::vv e::pst.ptcp nn::prpn.person verb::vv e::cve nv::nv verb::vv e::cve mark::comma
in i hafasa de ulin bu fi ,	pn::3sg cm::gen nv::nv cm::dat nv::nv verb::vv e::cve mark::comma
han i bithe wasimbu me ,	nv::nv cm::gen nv::nv verb::vv e::cve mark::comma
suwe emu eje he be faita ha ,	pn::2pl nv::nv verb::vv e::pst.ptcp cm::acc verb::vv e::pst.ptcp mark::comma
cooha unggi re doigon inenggi ,	nv::nv verb::vv e::npst.ptcp nv::nv nv::nv mark::comma
uksin i niyalma uksin gaji hakū ji he ,	nv::nv cm::gen nv::nv nv::nv verb::vv e::pst.ptcp.neg verb::vv e::pst.ptcp mark::comma
guise ,	nv::nv mark::comma
mandari ,	nn::prpn.person mark::comma
juwe niyalma gaibu habi ,	nv::nv nv::nv verb::vv e::fve.prs.prf mark::comma
jai ere durun i bithe ara fi ,	nv::nv nv::nv nv::nv cm::gen nv::nv verb::vv e::cve mark::comma
ice nadan de benji he .	nv::adj nv::nv cm::dat verb::vv e::pst.ptcp mark::period
○ guwangning ci alanji ha mejige ,	mark::circle nn::prpn.plc cm::abl verb::vv e::pst.ptcp nv::nv mark::comma
undurakū gecuheri ilan ,	nv::nv nv::nv nv::nv mark::comma
sin i hanciki pu tun tokso i niyalma be ,	pn::2sg cm::gen nv::adj nv::nv nv::nv nv::nv cm::gen nv::nv cm::acc mark::comma
geren gemu donji ha dere ,	nv::adj nv::nv verb::vv e::pst.ptcp ptcl mark::comma
han i hendu fi unggi he gisun ,	nv::nv cm::gen verb::vv e::cve verb::vv e::pst.ptcp nv::nv mark::comma
tere ci jilakan ai bi ,	nv::nv cm::abl nv::nv nv::nv verb::vv.npst mark::comma
orin i inenggi gvlmahūn erin de ,	nv::nv cm::gen nv::nv nv::nv nv::nv cm::dat mark::comma
cagan ,	nv::nv mark::comma
emte tanggū honin bu he ,	nv::nv nv::nv nv::nv verb::vv e::pst.ptcp mark::comma
suwayan morin aniya duin biya de emgeri ,	nv::adj nv::nv nv::nv nv::nv nv::nv cm::dat nv::nv mark::comma
boigon gida ha weile be gercile he manggi ,	nv::nv verb::vv e::pst.ptcp nv::nv cm::acc verb::vv e::pst.ptcp nv::nv mark::comma
ulin be gaija rakū bi he ,	nv::nv cm::acc verb::vv e::npst.ptcp.neg verb::vv e::pst.ptcp mark::comma
in i hontoho beiguwan i tofohon yan gung faita ha .	pn::3sg cm::gen nv::nv nv::nv cm::gen nv::nv nv::nv nv::nv verb::vv e::pst.ptcp mark::period
emhun beye ilibu ha manggi ,	nv::nv nv::nv verb::vv e::pst.ptcp nv::nv mark::comma
han i jui duici_beile ,	nv::nv cm::gen nv::nv nn::prpn mark::comma
efu i arbun be sere hebi seme hendu me ,	nv::nv cm::gen nv::nv cm::acc verb::vv e::fve.prs.prf comp verb::vv e::cve mark::comma
dailiyoo i tiyan_dzo_han ,	nn::prpn.plc cm::gen nn::prpn mark::comma
sunja yan ,	nv::nv nv::nv mark::comma
min i kadala ra emu jalan i sunja niru i cooha be fujiyang ci fakca rakū ,	pn::1sg cm::gen verb::vv e::npst.ptcp nv::nv nv::nv cm::gen nv::nv nv::nv cm::gen nv::nv cm::acc nv::nv cm::abl verb::vv e::npst.ptcp.neg mark::comma
olbo etu fi jebele asha fi hūwaita ha morin yalu fi ji ∅ .	nv::nv verb::vv e::cve nv::nv verb::vv e::cve verb::vv e::pst.ptcp nv::nv verb::vv e::cve verb::vv e::fve.imperative mark::period
gūsa i ejen be nakabu ha ,	nv::nv cm::gen nv::nv cm::acc verb::vv e::pst.ptcp mark::comma
ulha de orho liyoo be acan ulebu ∅ seme hendu he bi he ,	nv::nv cm::dat nv::nv nv::nv cm::acc nv::nv verb::vv e::fve.imperative comp verb::vv e::pst.ptcp verb::vv e::pst.ptcp mark::comma
beye buce kini ,	nv::nv verb::vv e::fve.opt mark::comma
wajima gebungge karun i ejen ,	nv::nv nv::adj nv::nv cm::gen nv::nv mark::comma
cooha i teile goi ha ejen be daha ∅ ,	nv::nv cm::gen nv::nv verb::vv e::pst.ptcp nv::nv cm::acc verb::vv e::fve.imperative mark::comma
amban sa ice hoton ara ra ba de tuci fi gene fi ,	nv::nv nv::nv nv::adj nv::nv verb::vv e::npst.ptcp nv::nv cm::dat verb::vv e::cve verb::vv e::cve mark::comma
šajin be efule me hūdaša ha seme weile ara fi ,	nv::nv cm::acc verb::vv e::cve verb::vv e::pst.ptcp comp nv::nv verb::vv e::cve mark::comma
beye be ergembu me musi omi ∅ seme cooha i ing tehere me hūla fi ,	nv::nv cm::acc verb::vv e::cve nv::nv verb::vv e::fve.imperative comp nv::nv cm::gen nv::nv verb::vv e::cve verb::vv e::cve mark::comma
beile se ,	nv::nv nv::nv mark::comma
ejen sinda ha daimbu dzung_bing_guwan juleri gai fi feksi he ,	nv::nv verb::vv e::pst.ptcp nn::prpn.person nv::nv nv::nv verb::vv e::cve verb::vv e::pst.ptcp mark::comma
jori ha jurgan be jurce rakū seme beiguwan obu ha .	verb::vv e::pst.ptcp nv::nv cm::acc verb::vv e::npst.ptcp.neg comp nv::nv verb::vv e::pst.ptcp mark::period
yafahan niyalma morin kutule fi gene re niyalma be ,	nv::adj nv::nv nv::nv verb::vv e::cve verb::vv e::npst.ptcp nv::nv cm::acc mark::comma
hecemu ,	nn::prpn.plc mark::comma
ilaci jergi iogi obu ha ,	nv::nv nv::nv nv::nv verb::vv e::pst.ptcp mark::comma
simiyan i cooha de burula ha seme ,	nn::prpn.plc cm::gen nv::nv cm::dat verb::vv e::pst.ptcp comp mark::comma
bira i bajargi cooha komso sili fi ,	nv::nv cm::gen nv::nv nv::nv nv::adj verb::vv e::cve mark::comma
nikan monggo dzung_bing_guwan ci fusihūn ,	nv::nv nv::nv nv::nv cm::abl nv::adj mark::comma
○ ice uyun de ,	mark::circle nv::adj nv::nv cm::dat mark::comma
men i ilan niyalma be ,	pn::1pl.excl cm::gen nv::nv nv::nv cm::acc mark::comma
monggo i banji re ngge ,	nv::nv cm::gen verb::vv e::npst.ptcp nmlz::nmlz mark::comma
ula de emu feye baha ha seme nadata yan i weile waliya mbi ,	nv::nv cm::dat nv::nv nv::nv verb::vv e::pst.ptcp comp nv::nv nv::nv cm::gen nv::nv verb::vv e::fve.npst mark::comma
beile se amban sa i ili ha be sabu ci ,	nv::nv nv::nv nv::nv nv::nv cm::gen verb::vv e::pst.ptcp cm::acc verb::vv e::cve mark::comma
minggan olji baha ha .	nv::nv nv::nv verb::vv e::pst.ptcp mark::period
han i booi nayan ,	nv::nv cm::gen nv::nv nn::prpn.person mark::comma
bayara i kiru i ejen obu ha .	nv::nv cm::gen nv::nv cm::gen nv::nv verb::vv e::pst.ptcp mark::period
niowanggiyaha ci amasi ,	nn::prpn.plc cm::abl nv::nv mark::comma
tuttu ehe o fi sui isi fi buce he ,	nv::nv nv::adj verb::vv e::cve nv::nv verb::vv e::cve verb::vv e::pst.ptcp mark::comma
han i bu re šang ni dabala ,	nv::nv cm::gen verb::vv e::npst.ptcp nv::nv cm::gen ptcl mark::comma
nacin ala ra seme ali me gai fi ala hakūbi ,	nv::nv verb::vv e::npst.ptcp comp verb::vv e::cve verb::vv e::cve verb::vv e::fve.prs.prf.neg mark::comma
daruhai ilike_wei i du_jy_hūi_ciyanši er i omolo iha ,	nn::prpn.person nn::prpn cm::gen nv::nv nn::prpn.person cm::gen nv::nv nn::prpn.person mark::comma
ili fi ing tehere me ilarsu ulan fete fi ,	verb::vv e::cve nv::nv verb::vv e::cve nv::nv nv::nv verb::vv e::cve mark::comma
ganggada ,	nn::prpn.person mark::comma
hecen i dorgi nikan i dengjan jafa fi dobori gere tele afa ha ,	nv::nv cm::gen nv::nv nv::nv cm::gen nv::nv verb::vv e::cve nv::nv verb::vv e::cve verb::vv e::pst.ptcp mark::comma
acabu me hengkile fi ,	verb::vv e::cve verb::vv e::cve mark::comma
○ yangguri be ,	mark::circle nn::prpn.person cm::acc mark::comma
tere jobolon de nikan i cooha men i solho de daha ∅ bi he ,	nv::nv nv::nv cm::dat nv::nv cm::gen nv::nv pn::1pl.excl cm::gen nv::nv cm::dat verb::vv e::fve.imperative verb::vv e::pst.ptcp mark::comma
gaija ra weile be waliya ha ,	verb::vv e::npst.ptcp nv::nv cm::acc verb::vv e::pst.ptcp mark::comma
○ corokei be ,	mark::circle nn::prpn.person cm::acc mark::comma
suwe te manggi olho ci ,	pn::2pl nv::nv nv::nv verb::vv e::cve mark::comma
tondo seme bu he jibca ,	nv::adj comp verb::vv e::pst.ptcp nv::nv mark::comma
nikan cooha niyang_niyang_gung ni dogon be doo fi ,	nv::nv nv::nv nn::prpn cm::gen nv::nv cm::acc verb::vv e::cve mark::comma
te gene he de gemu baha mbi ,	nv::nv verb::vv e::pst.ptcp cm::dat nv::nv verb::vv e::fve.npst mark::comma
erdeni_baksi sargan i deote i boo de somina ha bi he seme gercile re jaka de ,	nn::prpn nv::nv cm::gen nv::nv cm::gen nv::nv cm::dat verb::vv e::pst.ptcp verb::vv e::pst.ptcp comp verb::vv e::npst.ptcp nv::nv cm::dat mark::comma
jušen i sin i dehi nadan hule nadan sin ,	nv::nv cm::gen nv::nv cm::gen nv::nv nv::nv nv::nv nv::nv nv::nv mark::comma
neici_han ,	nn::prpn mark::comma
afa fi gemu wa ha ,	verb::vv e::cve nv::nv verb::vv e::pst.ptcp mark::comma
tulergi gurun be gemu hirha me gai ki ,	nv::nv nv::nv cm::acc nv::nv verb::vv e::cve verb::vv e::fve.opt mark::comma
min i beye be oliha seme ,	pn::1sg cm::gen nv::nv cm::acc nv::adj comp mark::comma
tanggū šusiha de ,	nv::nv nv::nv cm::dat mark::comma
jai geli ojo rakū o ci ,	nv::nv nv::nv verb::vv e::npst.ptcp.neg verb::vv e::cve mark::comma
tere baha ha nikan ,	nv::nv verb::vv e::pst.ptcp nv::nv mark::comma
uksin etu re niyalma i sargan de arabu ∅ .	nv::nv verb::vv e::npst.ptcp nv::nv cm::gen nv::nv cm::dat verb::vv e::fve.imperative mark::period
caiha_pu i jeku be ,	nn::prpn cm::gen nv::nv cm::acc mark::comma
jaisa ,	nn::prpn.person mark::comma
mendu ,	nn::prpn.person mark::comma
tongki fuka sinda ha hergen i dangse .	nv::nv nv::nv verb::vv e::pst.ptcp nv::nv cm::gen nv::nv mark::period
tondo mujilen kice me banji ki ,	nv::adj nv::nv verb::vv e::cve verb::vv e::fve.opt mark::comma
ši_fujiyang ni emgi g'ai_jeo i ba be kadala me umesi te kini seme unggi he bithe be ,	nn::prpn cm::gen nv::nv nn::prpn cm::gen nv::nv cm::acc verb::vv e::cve nv::nv verb::vv e::fve.opt comp verb::vv e::pst.ptcp nv::nv cm::acc mark::comma
jili banji fi ,	nv::nv verb::vv e::cve mark::comma
jai gegen i karun i burai niru i emu niyalma ,	nv::nv nn::prpn.person cm::gen nv::nv cm::gen nn::prpn.person nv::nv cm::gen nv::nv nv::nv mark::comma
hehesi i fokto nerebu fi ,	nv::nv cm::gen nv::nv verb::vv e::cve mark::comma
erdemungge sain niyalma be gida rakū ,	nv::adj nv::adj nv::nv cm::acc verb::vv e::npst.ptcp.neg mark::comma
juleri afa ha duin tanggū nikan de duin tanggū hehe ,	nv::nv verb::vv e::pst.ptcp nv::nv nv::nv nv::nv cm::dat nv::nv nv::nv nv::nv mark::comma
bira doo me gene fi amasi ji he ngge be ,	nv::nv verb::vv e::cve verb::vv e::cve nv::nv verb::vv e::pst.ptcp nmlz::nmlz cm::acc mark::comma
liyoodung de bene he ,	nn::prpn.plc cm::dat verb::vv e::pst.ptcp mark::comma
niowanggiyaha ,	nn::prpn.plc mark::comma
tulergi ci faitabu fi burula ha ,	nv::nv cm::abl verb::vv e::cve verb::vv e::pst.ptcp mark::comma
tere gemu min i uji re algin de ji mbi dere ,	nv::nv nv::nv pn::1sg cm::gen verb::vv e::npst.ptcp nv::nv cm::dat verb::vv e::fve.npst ptcl mark::comma
ilan buhū ,	nv::nv nv::nv mark::comma
si_mu_ceng ni ba ci ,	nn::prpn cm::gen nv::nv cm::abl mark::comma
komso bu he deote de bisi re jaka be geli si gai mbi seme gisure re ,	nv::adj verb::vv e::pst.ptcp nv::nv cm::dat verb::vv e::npst.ptcp nv::nv cm::acc nv::nv pn::2sg verb::vv e::fve.npst comp verb::vv e::npst.ptcp mark::comma
uici gebungge niyalma be holo dabduri seme olji faita hakū ,	nn::prpn.person nv::adj nv::nv cm::acc nv::nv nv::adj comp nv::nv verb::vv e::pst.ptcp.neg mark::comma
hai_jeo ,	nn::prpn mark::comma
ši_fujiyang mederi jecen i hehe juse be g'ai_jeo i hecen de dosimbu me waji ha ,	nn::prpn nv::nv nv::nv cm::gen nv::nv nv::nv cm::acc nn::prpn cm::gen nv::nv cm::dat verb::vv e::cve verb::vv e::pst.ptcp mark::comma
kemuni hafan sinda fi niyalma kadalabu ∅ ,	nv::nv nv::nv verb::vv e::cve nv::nv verb::vv e::fve.imperative mark::comma
jaisanggū de aika gisun fonji ki seme bai ci ,	nn::prpn.person cm::dat nv::nv nv::nv verb::vv e::fve.opt comp verb::vv e::cve mark::comma
juwe niyalma be ,	nv::nv nv::nv cm::acc mark::comma
nimanggi de usihibu fi ai baha mbi ,	nv::nv cm::dat verb::vv e::cve nv::nv verb::vv e::fve.npst mark::comma
nikan gurun i banji ha idu waji fi ,	nv::nv nv::nv cm::gen verb::vv e::pst.ptcp nv::nv verb::vv e::cve mark::comma
namusai_hiya ,	nn::prpn mark::comma
in i ahūta de aca ha bi he ,	pn::3sg cm::gen nv::nv cm::dat verb::vv e::pst.ptcp verb::vv e::pst.ptcp mark::comma
tere ci funce he niyalma be sonjo fi beri asha ci ojo ro sain niyalma be beri ashabu ∅ ,	nv::nv cm::abl verb::vv e::pst.ptcp nv::nv cm::acc verb::vv e::cve nv::nv verb::vv e::cve verb::vv e::npst.ptcp nv::adj nv::nv cm::acc nv::nv verb::vv e::fve.imperative mark::comma
ice_hecen de morin ulebu me bi kini .	nn::prpn cm::dat nv::nv verb::vv e::cve verb::vv e::fve.opt mark::period
abka i afabu ha gurun be saikan uji ci ,	nv::nv cm::gen verb::vv e::pst.ptcp nv::nv cm::acc nv::adj verb::vv e::cve mark::comma
tulergi gurun be gemu gai ki ,	nv::nv nv::nv cm::acc nv::nv verb::vv e::fve.opt mark::comma
bayan ,	nv::adj mark::comma
tere inenggi ,	nv::nv nv::nv mark::comma
šancin de tafa ka niyalma be ,	nv::nv cm::dat verb::vv e::pst.ptcp nv::nv cm::acc mark::comma
sain be sain ,	nv::adj cm::acc nv::adj mark::comma
g'ao_yung_fu beiguwan be dongsingga de unggi he ,	nn::prpn nv::nv cm::acc nn::prpn.plc cm::dat verb::vv e::pst.ptcp mark::comma
boo i niyalma in i ba de te fi usin weile kini ,	nv::nv cm::gen nv::nv pn::3sg cm::gen nv::nv cm::dat verb::vv e::cve nv::nv verb::vv e::fve.opt mark::comma
hai_jeo de ,	nn::prpn cm::dat mark::comma
bira i dalin de bisi re jeku be ume juwe re ,	nv::nv cm::gen nv::nv cm::dat verb::vv e::npst.ptcp nv::nv cm::acc nv::nv verb::vv e::npst.ptcp mark::comma
beye de waka ojo ro be gūni rakū hendu ki ,	nv::nv cm::dat nv::adj verb::vv e::npst.ptcp cm::acc verb::vv e::npst.ptcp.neg verb::vv e::fve.opt mark::comma
suwe tenteke yada ra jobo ro niyalma de ulebu he de ,	pn::2pl nv::nv verb::vv e::npst.ptcp verb::vv e::npst.ptcp nv::nv cm::dat verb::vv e::pst.ptcp cm::dat mark::comma
sunja haha hoko ho ,	nv::nv nv::nv verb::vv e::pst.ptcp mark::comma
○ orin ninggun de ,	mark::circle nv::nv nv::nv cm::dat mark::comma
jaode niru i yargu be hai_jeo hecen de golo i amban obu fi tebu he bi he ,	nn::prpn.person nv::nv cm::gen nn::prpn.person cm::acc nn::prpn nv::nv cm::dat nv::nv cm::gen nv::nv verb::vv e::cve verb::vv e::pst.ptcp verb::vv e::pst.ptcp mark::comma
bi amin_beile i gin_ciyandzung be guile fi ,	pn::1sg nn::prpn cm::gen nn::prpn cm::acc verb::vv e::cve mark::comma
juhūda ,	nn::prpn.person mark::comma
emte suje ,	nv::nv nv::nv mark::comma
afabu ha weile be mute mbi ,	verb::vv e::pst.ptcp nv::nv cm::acc verb::vv e::fve.npst mark::comma
sio_ioli ,	nn::prpn mark::comma
yabu ci ,	verb::vv e::cve mark::comma
sin de inu tere i kooli weile .	pn::2sg cm::dat nv::nv nv::nv cm::gen nv::nv nv::nv mark::period
○ tere inenggi monggo i bingtu_mafa de unggi he bithe ,	mark::circle nv::nv nv::nv nv::nv cm::gen nn::prpn cm::dat verb::vv e::pst.ptcp nv::nv mark::comma
deo beile sunja tanggū cooha be gai fi ,	nv::nv nv::nv nv::nv nv::nv nv::nv cm::acc verb::vv e::cve mark::comma
○ juwan ilan de ,	mark::circle nv::nv nv::nv cm::dat mark::comma
niyalma jailabu me yabu ∅ .	nv::nv verb::vv e::cve verb::vv e::fve.imperative mark::period
○ ice ninggun de ,	mark::circle nv::adj nv::nv cm::dat mark::comma
gūsin niyalma de ,	nv::nv nv::nv cm::dat mark::comma
ilan hehe ,	nv::nv nv::nv mark::comma
tolo fi bi he de ,	verb::vv e::cve verb::vv e::pst.ptcp cm::dat mark::comma
juwe sargan de ,	nv::nv nv::nv cm::dat mark::comma
emu cekemu ,	nv::nv nv::nv mark::comma
yehe i niyalma be min ci faksala me ainu gai mbi seme ,	nv::nv cm::gen nv::nv cm::acc pn::1sg cm::abl verb::vv e::cve nv::nv verb::vv e::fve.npst comp mark::comma
lakca rakū gosi mbi kai seme hendu fi ,	verb::vv e::npst.ptcp.neg verb::vv e::fve.npst ptcl comp verb::vv e::cve mark::comma
jeku i hūda mangga ,	nv::nv cm::gen nv::nv nv::adj mark::comma
lumbai ,	nn::prpn.person mark::comma
lii_dusy ,	nn::prpn mark::comma
cooha jura mbi seme alana fi ,	nv::nv verb::vv e::fve.npst comp verb::vv e::cve mark::comma
mao_wen_lung tiyei_šan de bi ,	nn::prpn nn::prpn cm::dat verb::vv.npst mark::comma
ulgiyan coko duri me hūlha me ume wa ra ,	nv::nv nv::nv verb::vv e::cve verb::vv e::cve nv::nv verb::vv e::npst.ptcp mark::comma
weile ci ojo rakū ,	verb::vv e::cve verb::vv e::npst.ptcp.neg mark::comma
lio_fujiyang ,	nn::prpn mark::comma
nio_juwang ni meni meni kadala ra hecen de dosimbu ∅ ,	nn::prpn cm::gen nv::nv nv::nv verb::vv e::npst.ptcp nv::nv cm::dat verb::vv e::fve.imperative mark::comma
uje_ho_wei du_jy_hūi_tungjy otohon i jui daijihan ,	nn::prpn nv::nv nn::prpn.person cm::gen nv::nv nn::prpn.person mark::comma
gene he niyalma de buda ,	verb::vv e::pst.ptcp nv::nv cm::dat nv::nv mark::comma
jorgon biya i orin ilan i inenggi ,	nv::nv nv::nv cm::gen nv::nv nv::nv cm::gen nv::nv mark::comma
monggo nikan solho gemu donji habi ,	nv::nv nv::nv nv::nv nv::nv verb::vv e::fve.prs.prf mark::comma
min be umai wesibu he šangna hakū ,	pn::1sg cm::acc nv::nv verb::vv e::pst.ptcp verb::vv e::pst.ptcp.neg mark::comma
jori ha jurgan be jurce rakū seme ,	verb::vv e::pst.ptcp nv::nv cm::acc verb::vv e::npst.ptcp.neg comp mark::comma
fakca rakū ci ,	verb::vv e::npst.ptcp.neg e::cve mark::comma
dube i niyalma o ci honin gai ∅ .	nv::nv cm::gen nv::nv verb::vv e::cve nv::nv verb::vv e::fve.imperative mark::period
hū ha seke i jibca emte ,	verb::vv e::pst.ptcp nv::nv cm::gen nv::nv nv::nv mark::comma
min i juse de gemu bithe ara fi bu hebi ,	pn::1sg cm::gen nv::nv cm::dat nv::nv nv::nv verb::vv e::cve verb::vv e::fve.prs.prf mark::comma
abka i gosi ha tondo be efule me ,	nv::nv cm::gen verb::vv e::pst.ptcp nv::adj cm::acc verb::vv e::cve mark::comma
jakūn gūsa i simne he duin tanggū uksin be soohai niru i arba gai fi te mbi .	nv::nv nv::nv cm::gen verb::vv e::pst.ptcp nv::nv nv::nv nv::nv cm::acc nn::prpn.person nv::nv cm::gen nn::prpn.person verb::vv e::cve verb::vv e::fve.npst mark::period
sunja amba poo ,	nv::nv nv::adj nv::nv mark::comma
suwe šanaha dosi me gene he seme ,	pn::2pl nn::prpn.plc verb::vv e::cve verb::vv e::pst.ptcp comp mark::comma
emu jergi buce re weile be guwebu mbi .	nv::nv nv::nv verb::vv e::npst.ptcp nv::nv cm::acc verb::vv e::fve.npst mark::period
nacibu gai fi monggo i ilan minggan ninggun tanggū gūsin uyun haha de ,	nn::prpn.person verb::vv e::cve nv::nv cm::gen nv::nv nv::nv nv::nv nv::nv nv::nv nv::nv nv::nv cm::dat mark::comma
han donji fi hendu me ,	nv::nv verb::vv e::cve verb::vv e::cve mark::comma
juwan niyalma ,	nv::nv nv::nv mark::comma
han ama ,	nv::nv nv::nv mark::comma
bu he ulin be gai ha de ,	verb::vv e::pst.ptcp nv::nv cm::acc verb::vv e::pst.ptcp cm::dat mark::comma
eihen uyun tanggū dehi emu ,	nv::nv nv::nv nv::nv nv::nv nv::nv mark::comma
dain o ci mute rakū ,	nv::nv verb::vv e::cve verb::vv e::npst.ptcp.neg mark::comma
hūlha holo mujilen jafa fi sula heolen o ci ,	nv::nv nv::nv nv::nv verb::vv e::cve nv::adj nv::adj verb::vv e::cve mark::comma
abka i urule he niyalma ete mbi banji mbi kai ,	nv::nv cm::gen verb::vv e::pst.ptcp nv::nv verb::vv e::fve.npst verb::vv e::fve.npst ptcl mark::comma
guile he moo juwan nadan ,	verb::vv e::pst.ptcp nv::nv nv::nv nv::nv mark::comma
hehe juse tokso de gene ci fonji re ,	nv::nv nv::nv nv::nv cm::dat verb::vv e::cve verb::vv e::npst.ptcp mark::comma
ciyandzung ni jergi de juwete niyalma bu he .	nv::nv cm::gen nv::nv cm::dat nv::nv nv::nv verb::vv e::pst.ptcp mark::period
hiyan_šan i šeo_pu be jafa fi bene hebi ,	nn::prpn cm::gen nv::nv cm::acc verb::vv e::cve verb::vv e::fve.prs.prf mark::comma
uyun biya i orin sunja de ,	nv::nv nv::nv cm::gen nv::nv nv::nv cm::dat mark::comma
aikabade sunja tatan i elcin jide rakū o ci ,	nv::nv nv::nv nv::nv cm::gen nv::nv verb::vv e::npst.ptcp.neg verb::vv e::cve mark::comma
juwan yan i weile waliya mbi ,	nv::nv nv::nv cm::gen nv::nv verb::vv e::fve.npst mark::comma
abka i sinda ha han de waka sabu fi hūdun efuje kini ,	nv::nv cm::gen verb::vv e::pst.ptcp nv::nv cm::dat nv::adj verb::vv e::cve nv::adj verb::vv e::fve.opt mark::comma
min i niyalma be wa ha ,	pn::1sg cm::gen nv::nv cm::acc verb::vv e::pst.ptcp mark::comma
sure_kundulen_han i mujilen jobo me ,	nn::prpn cm::gen nv::nv verb::vv e::cve mark::comma
nikan gurun be daila fi ,	nv::nv nv::nv cm::acc verb::vv e::cve mark::comma
tiyan_ki_han i boobai ulin gemu baha mbi ,	nn::prpn cm::gen nv::nv nv::nv nv::nv verb::vv e::fve.npst mark::comma
genggiyen_han inje me hendu me ,	nn::prpn verb::vv e::cve verb::vv e::cve mark::comma
ulgiyan de okto ulebu fi unca mbi se re ,	nv::nv cm::dat nv::nv verb::vv e::cve verb::vv e::fve.npst verb::vv e::npst.ptcp mark::comma
○ oode be ,	mark::circle nn::prpn.person cm::acc mark::comma
sin be amban nakabu mbi ,	pn::2sg cm::acc nv::nv verb::vv e::fve.npst mark::comma
kangkalai ,	nn::prpn.person mark::comma
giohoto niyalma be gioha bu rakū ,	nv::nv nv::nv cm::acc verb::vv sfx e::npst.ptcp.neg mark::comma
eje me ara me gai ∅ seme hendu he .	verb::vv e::cve verb::vv e::cve verb::vv e::fve.imperative comp verb::vv e::pst.ptcp mark::period
○ juwan de ,	mark::circle nv::nv cm::dat mark::comma
simiyan i iogi lio_io_kuwan de wasimbu ha ,	nn::prpn.plc cm::gen nv::nv nn::prpn cm::dat verb::vv e::pst.ptcp mark::comma
ninggun biya i orin juwe de ,	nv::nv nv::nv cm::gen nv::nv nv::nv cm::dat mark::comma
hiyan_šan i niyalma ,	nn::prpn cm::gen nv::nv mark::comma
manggūltai_beile ,	nn::prpn mark::comma
tere ci han be bai me wa me gene ki se re de ,	nv::nv cm::abl nv::nv cm::acc verb::vv e::cve verb::vv e::cve verb::vv e::fve.opt verb::vv e::npst.ptcp cm::dat mark::comma
ilan ihan bu he ,	nv::nv nv::nv verb::vv e::pst.ptcp mark::comma
u_ta_tun i gašan i emu nionioru guile he ,	nn::prpn cm::gen nv::nv cm::gen nv::nv nv::nv verb::vv e::pst.ptcp mark::comma
du_tang dzung_bing_guwan de susaita yan menggun ,	nv::nv nv::nv cm::dat nv::nv nv::nv nv::nv mark::comma
jafa ci nambu rakū o ci ,	verb::vv e::cve verb::vv e::npst.ptcp.neg verb::vv e::cve mark::comma
○ handai be ,	mark::circle nn::prpn.person cm::acc mark::comma
gai mbi seme gisure he sargan be gai hakū gūwaliya ka ,	verb::vv e::fve.npst comp verb::vv e::pst.ptcp nv::nv cm::acc verb::vv e::pst.ptcp.neg verb::vv e::pst.ptcp mark::comma
yamka niyalma bele hebi kai ,	nv::nv nv::nv verb::vv e::fve.prs.prf ptcl mark::comma
jaisanggū ,	nn::prpn.person mark::comma
○ ineku tere inenggi ,	mark::circle nv::nv nv::nv nv::nv mark::comma
guwangning de te he amban sa de unggi he bithe i gisun ,	nn::prpn.plc cm::dat verb::vv e::pst.ptcp nv::nv nv::nv cm::dat verb::vv e::pst.ptcp nv::nv cm::gen nv::nv mark::comma
ere juwari gene rakū o ho de ,	nv::nv nv::nv verb::vv e::npst.ptcp.neg verb::vv e::pst.ptcp cm::dat mark::comma
loosa i juse suwen i ahūn deo wa ha ,	nn::prpn.person cm::gen nv::nv pn::2pl cm::gen nv::nv nv::nv verb::vv e::pst.ptcp mark::comma
tana i weile be geren i jergi de donji ha be donji ha seme jabu ha ,	nv::nv cm::gen nv::nv cm::acc nv::adj cm::gen nv::nv cm::dat verb::vv e::pst.ptcp cm::acc verb::vv e::pst.ptcp comp verb::vv e::pst.ptcp mark::comma
afabu ha weile be mute mbi ,	verb::vv e::pst.ptcp nv::nv cm::acc verb::vv e::fve.npst mark::comma
jakūta_golo i amban bi he ,	nn::prpn cm::gen nv::nv verb::vv e::pst.ptcp mark::comma
ukanju da toktobu ha orin boo i niyalma usin tari ha ngge ,	nv::nv nv::nv verb::vv e::pst.ptcp nv::nv nv::nv cm::gen nv::nv nv::nv verb::vv e::pst.ptcp nmlz::nmlz mark::comma
min i juse omosi jalan hala me han de gosibu me wesihun banji kini .	pn::1sg cm::gen nv::nv nv::nv nv::nv verb::vv e::cve nv::nv cm::dat verb::vv e::cve nv::nv verb::vv e::fve.opt mark::period
mahala gūlha šangna ha .	nv::nv nv::nv verb::vv e::pst.ptcp mark::period
amba_beile jili banji fi hendu me ,	nn::prpn nv::nv verb::vv e::cve verb::vv e::cve mark::comma
fujiyang ni hergen be nakabu fi ,	nv::nv cm::gen nv::nv cm::acc verb::vv e::cve mark::comma
yargiyan ,	nv::adj mark::comma
sunjaci de duici_beile ,	nv::nv cm::dat nn::prpn mark::comma
tongki fuka sinda ha hergen i dangse .	nv::nv nv::nv verb::vv e::pst.ptcp nv::nv cm::gen nv::nv mark::period
borjin_hiya ,	nn::prpn mark::comma
ilgana ,	nn::prpn.person mark::comma
bak_taiji i gashū ha gisun ,	nn::prpn cm::gen verb::vv e::pst.ptcp nv::nv mark::comma
emu tanggū hule be simiyan de bene mbi ,	nv::nv nv::nv nv::nv cm::acc nn::prpn.plc cm::dat verb::vv e::fve.npst mark::comma
sula sinda fi weile tuci ke manggi ,	nv::adj verb::vv e::cve nv::nv verb::vv e::pst.ptcp nv::nv mark::comma
cooha i niyalma ehe o ci ,	nv::nv cm::gen nv::nv nv::adj verb::vv e::cve mark::comma
šajin i beile se amban sa be geren duile ∅ seme duilebu fi ,	nv::nv cm::gen nv::nv nv::nv nv::nv nv::nv cm::acc nv::adj verb::vv e::fve.imperative comp verb::vv e::cve mark::comma
suwe emu gūsa i susaita niyalma be gai fi ,	pn::2pl nv::nv nv::nv cm::gen nv::nv nv::nv cm::acc verb::vv e::cve mark::comma
suwen i gisun be gaija rakū ,	pn::2pl cm::gen nv::nv cm::acc verb::vv e::npst.ptcp.neg mark::comma
han i jete re tubihe moo be ,	nv::nv cm::gen verb::vv e::npst.ptcp nv::nv nv::nv cm::acc mark::comma
damu dube i alban i juwe uksin i niyalma goi fi buce he ,	nv::nv nv::nv cm::gen nv::nv cm::gen nv::nv nv::nv cm::gen nv::nv verb::vv e::cve verb::vv e::pst.ptcp mark::comma
min i jase i jaka de te he niyalma i te he boo ,	pn::1sg cm::gen nv::nv cm::gen nv::nv cm::dat verb::vv e::pst.ptcp nv::nv cm::gen verb::vv e::pst.ptcp nv::nv mark::comma
doro i jalin hebde ki seme min de acanji ha ngge ,	nv::nv cm::gen nv::nv verb::vv e::fve.opt comp pn::1sg cm::dat verb::vv e::pst.ptcp nmlz::nmlz mark::comma
gihi ,	nv::nv mark::comma
mocin samsu gūsin ,	nv::nv nv::nv nv::nv mark::comma
aisin juwan yan ,	nv::nv nv::nv nv::nv mark::comma
jai sese ,	nv::nv nv::nv mark::comma
jakūci inenggi weihu saci ha ba de isina fi ,	nv::nv nv::nv nv::nv verb::vv e::pst.ptcp nv::nv cm::dat verb::vv e::cve mark::comma
tese i weile be dacila ra unde ,	nv::nv cm::gen nv::nv cm::acc verb::vv e::npst.ptcp nv::nv mark::comma
tere ci han ,	nv::nv cm::abl nv::nv mark::comma
tere inenggi ,	nv::nv nv::nv mark::comma
giya_jing ni dehi ilaci aniya ninggun biya i orin juwe de baha ha .	nn::prpn cm::gen nv::nv nv::nv nv::nv nv::nv nv::nv cm::gen nv::nv nv::nv cm::dat verb::vv e::pst.ptcp mark::period
šajin be efule me fulu ainu gai mbi seme hendu fi ,	nv::nv cm::acc verb::vv e::cve nv::nv nv::nv verb::vv e::fve.npst comp verb::vv e::cve mark::comma
tere golo i eye i jeku be gemu juwe he ,	nv::nv nv::nv cm::gen nv::nv cm::gen nv::nv cm::acc nv::nv verb::vv e::pst.ptcp mark::comma
hoifa de emu feye ,	nn::prpn.plc cm::dat nv::nv nv::nv mark::comma
men de ala ∅ ,	pn::1pl.excl cm::dat verb::vv e::fve.imperative mark::comma
aika jaka be icihiya me waji fi beye be jabdu ha manggi ,	nv::nv nv::nv cm::acc verb::vv e::cve verb::vv e::cve nv::nv cm::acc verb::vv e::pst.ptcp nv::nv mark::comma
tari re usin be saikan geterembu me icihiya me bu ∅ ,	verb::vv e::npst.ptcp nv::nv cm::acc nv::adj verb::vv e::cve verb::vv e::cve verb::vv e::fve.imperative mark::comma
wan_lii i jai aniya juwan biya i ice jakūn de baha ha ,	nn::prpn cm::gen nv::nv nv::nv nv::nv nv::nv cm::gen nv::adj nv::nv cm::dat verb::vv e::pst.ptcp mark::comma
manggūldai de duici_beile i seke i hayahan šanggiyan jibca etubu he ,	nn::prpn.person cm::dat nn::prpn cm::gen nv::nv cm::gen nv::nv nv::nv nv::nv verb::vv e::pst.ptcp mark::comma
juwe tanggū uyun angga ,	nv::nv nv::nv nv::nv nv::nv mark::comma
liyoodung de ji he niyalma be dabu me hontoholo me unggi ∅ ,	nn::prpn.plc cm::dat verb::vv e::pst.ptcp nv::nv cm::acc verb::vv e::cve verb::vv e::cve verb::vv e::fve.imperative mark::comma
ba i niyalma yaru me benji ci ,	nv::nv cm::gen nv::nv verb::vv e::cve verb::vv e::cve mark::comma
guwangning ni duin wei i niyalma be ,	nn::prpn.plc cm::gen nv::nv nv::nv cm::gen nv::nv cm::acc mark::comma
si_uli efu ,	nn::prpn nv::nv mark::comma
geren hebeše me beide ∅ ,	nv::adj verb::vv e::cve verb::vv e::fve.imperative mark::comma
aise me aliya mbi ,	verb::vv e::cve verb::vv e::fve.npst mark::comma
○ langgida ,	mark::circle nn::prpn.person mark::comma
han i booi ilacin be sain seme tukiye fi ,	nv::nv cm::gen nv::nv nn::prpn.person cm::acc nv::adj comp verb::vv e::cve mark::comma
bagūla ,	nn::prpn.person mark::comma
adun in ci fakca fi tuta ha bi he seme ala ha manggi ,	nv::nv pn::3sg cm::abl verb::vv e::cve verb::vv e::pst.ptcp verb::vv e::pst.ptcp comp verb::vv e::pst.ptcp nv::nv mark::comma
jocit_keoken i gurun ,	nn::prpn cm::gen nv::nv mark::comma
yafahan niyalma be tūbu he seme ,	nv::adj nv::nv cm::acc verb::vv e::pst.ptcp comp mark::comma
urgūdai si ,	nn::prpn.person pn::2sg mark::comma
gaija ra juwe tanggū haha be gai hakū ,	verb::vv e::npst.ptcp nv::nv nv::nv nv::nv cm::acc verb::vv e::pst.ptcp.neg mark::comma
aika baita bisi re ,	nv::nv nv::nv verb::vv e::npst.ptcp mark::comma
niyaman hūncihin seme harša rakū ,	nv::nv nv::nv comp verb::vv e::npst.ptcp.neg mark::comma
geren gurun i ama kai ,	nv::adj nv::nv cm::gen nv::nv ptcl mark::comma
te han amban sa ,	nv::nv nv::nv nv::nv nv::nv mark::comma
○ aniya biya de ,	mark::circle nv::nv nv::nv cm::dat mark::comma
tere hecen i niyalma ,	nv::nv nv::nv cm::gen nv::nv mark::comma
han i fafun i tondo i kadala mbi ,	nv::nv cm::gen nv::nv cm::gen nv::adj cm::gen verb::vv e::fve.npst mark::comma
orin uyun de weile ara fi ,	nv::nv nv::nv cm::dat nv::nv verb::vv e::cve mark::comma
men i doro jafa ha juwan beile se de dorgideri šusihiye me niyalma takūra ci ,	pn::1pl.excl cm::gen nv::nv verb::vv e::pst.ptcp nv::nv nv::nv nv::nv cm::dat nv::nv verb::vv e::cve nv::nv verb::vv e::cve mark::comma
altanggol ,	nn::prpn.person mark::comma
udu donji ha sa ha seme ,	nv::nv verb::vv e::pst.ptcp verb::vv e::pst.ptcp comp mark::comma
ai jaka be ,	nv::nv nv::nv cm::acc mark::comma
duici_beile ,	nn::prpn mark::comma
waka be hendu ki ,	nv::adj cm::acc verb::vv e::fve.opt mark::comma
warkasi gebungge amba bigan de aca fi ,	nn::prpn.plc nv::adj nv::adj nv::nv cm::dat verb::vv e::cve mark::comma
afabu ha weile be mute mbi ,	verb::vv e::pst.ptcp nv::nv cm::acc verb::vv e::fve.npst mark::comma
usin i jeku be fehute rahū ,	nv::nv cm::gen nv::nv cm::acc verb::vv e::fve.prv mark::comma
sele urebu re ša_jing ni ba i niyalma be ,	nv::nv verb::vv e::npst.ptcp nn::prpn cm::gen nv::nv cm::gen nv::nv cm::acc mark::comma
g'ai_jeo ci ji he tongjing de ,	nn::prpn cm::abl verb::vv e::pst.ptcp nn::prpn.person cm::dat mark::comma
beliyen ,	nv::adj mark::comma
urut beile se ba ba i ji he monggo be urut beile se de bu ∅ ,	nn::prpn.plc nv::nv nv::nv nv::nv nv::nv cm::gen verb::vv e::pst.ptcp nv::nv cm::acc nn::prpn.plc nv::nv nv::nv cm::dat verb::vv e::fve.imperative mark::comma
duin ihan wa fi sarila ra de ,	nv::nv nv::nv verb::vv e::cve verb::vv e::npst.ptcp cm::dat mark::comma
nadata yan i weile waliya mbi ,	nv::nv nv::nv cm::gen nv::nv verb::vv e::fve.npst mark::comma
ilangga ,	nn::prpn.person mark::comma
hecen i tulergi cooha be wa me waji fi ,	nv::nv cm::gen nv::nv nv::nv cm::acc verb::vv e::cve verb::vv e::cve mark::comma
puseli ejen i hala gebu be ,	nv::nv nv::nv cm::gen nv::nv nv::nv cm::acc mark::comma
suwe doigon de tafula me sarkū ,	pn::2pl nv::nv cm::dat verb::vv e::cve nv::nv mark::comma
○ janu_korkon be ,	mark::circle nn::prpn cm::acc mark::comma
emu kiru jafabu fi unggi he .	nv::nv nv::nv verb::vv e::cve verb::vv e::pst.ptcp mark::period
ba ba i šeo_pu hafan ,	nv::nv nv::nv cm::gen nv::nv nv::nv mark::comma
suwen i sunja tatan i beile se be ai sa mbi seme ,	pn::2pl cm::gen nv::nv nv::nv cm::gen nv::nv nv::nv cm::acc nv::nv verb::vv e::fve.npst comp mark::comma
fujiyang ni hergen be efule he ,	nv::nv cm::gen nv::nv cm::acc verb::vv e::pst.ptcp mark::comma
bi men i han i ambula kesi be je me etu me banji fi ,	pn::1sg pn::1pl.excl cm::gen nv::nv cm::gen nv::nv nv::nv cm::acc verb::vv e::cve verb::vv e::cve verb::vv e::cve mark::comma
folo ho toohan umiyesun ,	verb::vv e::pst.ptcp nv::nv nv::nv mark::comma
nimaca_golo ,	nn::prpn mark::comma
○ du_tang ni bithe ,	mark::circle nv::nv cm::gen nv::nv mark::comma
mao_wen_lung jafa fi gama habi ,	nn::prpn verb::vv e::cve verb::vv e::fve.prs.prf mark::comma
han i hecen i dorgi eiten yamun de tebu he moo fulehe suwaliya me ukca ha ngge ,	nv::nv cm::gen nv::nv cm::gen nv::nv nv::adj nv::nv cm::dat verb::vv e::pst.ptcp nv::nv nv::nv verb::vv e::cve verb::vv e::pst.ptcp nmlz::nmlz mark::comma
solho efen emu hacin ,	nv::nv nv::nv nv::nv nv::nv mark::comma
orin hehe ,	nv::nv nv::nv mark::comma
bu he jui be duri me mara me ainu fonjibu ha seme weile ara fi ,	verb::vv e::pst.ptcp nv::nv cm::acc verb::vv e::cve verb::vv e::cve nv::nv verb::vv e::pst.ptcp comp nv::nv verb::vv e::cve mark::comma
min de šang ambula nonggi me gaji ∅ ,	pn::1sg cm::dat nv::nv nv::nv verb::vv e::cve verb::vv e::fve.imperative mark::comma
jaisa ,	nn::prpn.person mark::comma
eksingge i emgi gene he cooha ,	nn::prpn.person cm::gen nv::nv verb::vv e::pst.ptcp nv::nv mark::comma
tere i baru gisure mbi dere ,	nv::nv cm::gen nv::nv verb::vv e::fve.npst ptcl mark::comma
ice ninggun i inenggi ci yaya weile be ali me gai ha .	nv::adj nv::nv cm::gen nv::nv cm::abl nv::nv nv::nv cm::acc verb::vv e::cve verb::vv e::pst.ptcp mark::period
tasha be ali ci ojo rakū gese o fi ,	nv::nv cm::acc verb::vv e::cve verb::vv e::npst.ptcp.neg nv::nv verb::vv e::cve mark::comma
○ jaciba be ,	mark::circle nn::prpn.person cm::acc mark::comma
meni meni ejen ara fi unggi ∅ ,	nv::nv nv::nv nv::nv verb::vv e::cve verb::vv e::fve.imperative mark::comma
sin i ehe niyalma i ciha obu mbi o ,	pn::2sg cm::gen nv::adj nv::nv cm::gen nv::nv verb::vv e::fve.npst ptcl mark::comma
dain doro de ,	nv::nv nv::nv cm::dat mark::comma
gui_jeo ,	nn::prpn mark::comma
buya niyalma ,	nv::adj nv::nv mark::comma
cin_šeobei i kadala ra derhi hunio ara ra sunja gašan i juwan emu boigon be yoo_jeo de tebu he .	nn::prpn cm::gen verb::vv e::npst.ptcp nv::nv nv::nv verb::vv e::npst.ptcp nv::nv nv::nv cm::gen nv::nv nv::nv nv::nv cm::acc nn::prpn cm::dat verb::vv e::pst.ptcp mark::period
bedzung de sunja yan ,	nv::nv cm::dat nv::nv nv::nv mark::comma
orin ci casi ,	nv::nv cm::abl nv::nv mark::comma
juwe biya seole fi ,	nv::nv nv::nv verb::vv e::cve mark::comma
jambulu ,	nn::prpn.person mark::comma
tuttu tondo i fafula rakū ehe miosihon jurgan i yabu ci ,	nv::nv nv::adj cm::gen verb::vv e::npst.ptcp.neg nv::adj nv::adj nv::nv cm::gen verb::vv e::cve mark::comma
gaji re niyalma be ,	verb::vv e::npst.ptcp nv::nv cm::acc mark::comma
uji he ujima i dabala ,	verb::vv e::pst.ptcp nv::nv cm::gen ptcl mark::comma
karun i ejen tombasi gebungge niyalma be wa ha ,	nv::nv cm::gen nv::nv nn::prpn.person nv::adj nv::nv cm::acc verb::vv e::pst.ptcp mark::comma
loho jafa fi emgeri saci fi ,	nv::nv verb::vv e::cve nv::nv verb::vv e::cve mark::comma
tabai_age ,	nn::prpn mark::comma
jafu bithe be amban sa ali me gai ci ,	nv::nv nv::nv cm::acc nv::nv nv::nv verb::vv e::cve verb::vv e::cve mark::comma
karhama be mušu i huru gese ,	nv::nv cm::acc nv::nv cm::gen nv::nv nv::nv mark::comma
tere inu suwen be jai baha rakū seme gūni mbi ,	nv::nv nv::nv pn::2pl cm::acc nv::nv verb::vv e::npst.ptcp.neg comp verb::vv e::fve.npst mark::comma
muse juwe gurun i cooha ,	pn::1pl.incl nv::nv nv::nv cm::gen nv::nv mark::comma
ehe be ehe seme han de ala mbi ,	nv::adj cm::acc nv::adj comp nv::nv cm::dat verb::vv e::fve.npst mark::comma
sui kooli bi ,	nv::nv nv::nv verb::vv.npst mark::comma
niyalma i tuwa hakū sain suje be etubu me uji he ,	nv::nv cm::gen verb::vv e::pst.ptcp.neg nv::adj nv::nv cm::acc verb::vv e::cve verb::vv e::pst.ptcp mark::comma
min i juse omosi jalan hala me han de gosibu me wesihun banji kini .	pn::1sg cm::gen nv::nv nv::nv nv::nv verb::vv e::cve nv::nv cm::dat verb::vv e::cve nv::nv verb::vv e::fve.opt mark::period
afabu ha weile be mute mbi ,	verb::vv e::pst.ptcp nv::nv cm::acc verb::vv e::fve.npst mark::comma
bi suwen de da fi manju be daila rakū ci ,	pn::1sg pn::2pl cm::dat verb::vv e::cve nv::nv cm::acc verb::vv e::npst.ptcp.neg e::cve mark::comma
aitungga ,	nn::prpn.person mark::comma
dergi_mederi gurun be baha ki seme gūni habi o ,	nn::prpn nv::nv cm::acc verb::vv e::fve.opt comp verb::vv e::fve.prs.prf ptcl mark::comma
wang_du_tang de bene he ,	nn::prpn cm::dat verb::vv e::pst.ptcp mark::comma
ba be waliya fi juse be gai fi bai me ji he gung de ,	nv::nv cm::acc verb::vv e::cve nv::nv cm::acc verb::vv e::cve verb::vv e::cve verb::vv e::pst.ptcp nv::nv cm::dat mark::comma
monggo i fujisa tuta fi baha hakū seme ,	nv::nv cm::gen nv::nv verb::vv e::cve verb::vv e::pst.ptcp.neg comp mark::comma
honin dehi nadan ,	nv::nv nv::nv nv::nv mark::comma
boigon ara ha niyalma be ,	nv::nv verb::vv e::pst.ptcp nv::nv cm::acc mark::comma
○ tere biya de ,	mark::circle nv::nv nv::nv cm::dat mark::comma
be ainu uka mbi ,	pn::1pl.excl nv::nv verb::vv e::fve.npst mark::comma
wang_ming_tun i lii_sung ,	nn::prpn cm::gen nn::prpn mark::comma
baduhū ,	nn::prpn.person mark::comma
miyoocan poo sinda ra niyalma sunjata tanggū cooha be unggi fi tuwakiya me tebu he ,	nv::nv nv::nv verb::vv e::npst.ptcp nv::nv nv::nv nv::nv nv::nv cm::acc verb::vv e::cve verb::vv e::cve verb::vv e::pst.ptcp mark::comma
○ nimaha butana ha niyalma ji he ,	mark::circle nv::nv verb::vv e::pst.ptcp nv::nv verb::vv e::pst.ptcp mark::comma
sunja haha ,	nv::nv nv::nv mark::comma
jakūn ba de feye baha ha ,	nv::nv nv::nv cm::dat nv::nv verb::vv e::pst.ptcp mark::comma
hacin hacin i sain ehe kooli gisun i tacibu me gasa me hendu fi ,	nv::nv nv::nv cm::gen nv::adj nv::adj nv::nv nv::nv cm::gen verb::vv e::cve verb::vv e::cve verb::vv e::cve mark::comma
amasi boo de gene fi ,	nv::nv nv::nv cm::dat verb::vv e::cve mark::comma
sarhū i ba de hecen saha ra wehe juwe me ,	nv::nv cm::gen nv::nv cm::dat nv::nv verb::vv e::npst.ptcp nv::nv verb::vv e::cve mark::comma
gūsa de ejen obu ha ,	nv::nv cm::dat nv::nv verb::vv e::pst.ptcp mark::comma
dodo_taiji ,	nn::prpn mark::comma
morin ihan ,	nv::nv nv::nv mark::comma
emu ciyandzung de duin niyalma ,	nv::nv nv::nv cm::dat nv::nv nv::nv mark::comma
sain baitangga niyalma be golo golo i buya gašan de baica cina seme hendu he .	nv::adj nv::adj nv::nv cm::acc nv::nv nv::nv cm::gen nv::adj nv::nv cm::dat verb::vv e::fve.opt comp verb::vv e::pst.ptcp mark::period
afabu ha weile be mute mbi ,	verb::vv e::pst.ptcp nv::nv cm::acc verb::vv e::fve.npst mark::comma
juwe efu se he .	nv::nv nv::nv verb::vv e::pst.ptcp mark::period
min i uju jergi amban sa i gese uji rakū doro bi o ,	pn::1sg cm::gen nv::nv nv::nv nv::nv nv::nv cm::gen nv::nv verb::vv e::npst.ptcp.neg nv::nv verb::vv.npst ptcl mark::comma
fu_jeo ,	nn::prpn mark::comma
kanggūri dzung_bing_guwan ,	nn::prpn.person nv::nv mark::comma
○ tere inenggi ,	mark::circle nv::nv nv::nv mark::comma
baha ha jaha i ton udu ,	verb::vv e::pst.ptcp nv::nv cm::gen nv::nv nv::nv mark::comma
orin ninggun niyalma gemu gaibu habi ,	nv::nv nv::nv nv::nv nv::nv verb::vv e::fve.prs.prf mark::comma
huwesi giya me ajabu fi bila ci bija mbi dere ,	nv::nv verb::vv e::cve verb::vv e::cve verb::vv e::cve verb::vv e::fve.npst ptcl mark::comma
saikan gosi me haira me genggiyen i banji rakū ,	nv::adj verb::vv e::cve verb::vv e::cve nv::adj cm::gen verb::vv e::npst.ptcp.neg mark::comma
tuttu daha ci daha kini o ,	nv::nv verb::vv e::cve verb::vv e::fve.opt ptcl mark::comma
suwen de cahar ice biya i tofohon de cooha jura mbi ,	pn::2pl cm::dat nn::prpn.plc nv::adj nv::nv cm::gen nv::nv cm::dat nv::nv verb::vv e::fve.npst mark::comma
minggan ,	nv::nv mark::comma
mederi de jaha sabu mbi seme alanji ha bi he .	nv::nv cm::dat nv::nv verb::vv e::fve.npst comp verb::vv e::pst.ptcp verb::vv e::pst.ptcp mark::period
jolhur gebungge elcin de bederebu me bu he .	nn::prpn.person nv::adj nv::nv cm::dat verb::vv e::cve verb::vv e::pst.ptcp mark::period
bekti ,	nn::prpn.person mark::comma
jori ha jurgan be jurce rakū seme ,	verb::vv e::pst.ptcp nv::nv cm::acc verb::vv e::npst.ptcp.neg comp mark::comma
○ yehe de cooha gene he amala ,	mark::circle nv::nv cm::dat nv::nv verb::vv e::pst.ptcp nv::nv mark::comma
liyoodung ni ba i nikasa emdubei ubaša mbi ,	nn::prpn.plc cm::gen nv::nv cm::gen nv::nv nv::nv verb::vv e::fve.npst mark::comma
inu boo ara fi puseli tucibu fi hūda hūdaša kini .	nv::nv nv::nv verb::vv e::cve nv::nv verb::vv e::cve nv::nv verb::vv e::fve.opt mark::period
nikan ,	nv::nv mark::comma
emte mocin i ergume bu he .	nv::nv nv::nv cm::gen nv::nv verb::vv e::pst.ptcp mark::period
ice jakūn de wasimbu ha ,	nv::adj nv::nv cm::dat verb::vv e::pst.ptcp mark::comma
ajige_age de emu morin gaji me ,	nn::prpn cm::dat nv::nv nv::nv verb::vv e::cve mark::comma
tu_ho_pu i ala ∅ de dedu he ,	nn::prpn cm::gen verb::vv e::fve.imperative cm::dat verb::vv e::pst.ptcp mark::comma
niyaman hūncihin bisi re niyalma ,	nv::nv nv::nv verb::vv e::npst.ptcp nv::nv mark::comma
gintaisi ,	nn::prpn.person mark::comma
emhun mara me gisure fi ,	nv::nv verb::vv e::cve verb::vv e::cve mark::comma
tuttu yasa nei hekū niyahan i gese juwe buya juse ,	nv::nv nv::nv verb::vv e::pst.ptcp.neg nv::nv cm::gen nv::nv nv::nv nv::adj nv::nv mark::comma
tukšan gecuheri sunja ,	nv::nv nv::nv nv::nv mark::comma
gartu ,	nn::prpn.person mark::comma
wangge ,	nn::prpn.person mark::comma
wabu ha ngge wabu ha ,	verb::vv e::pst.ptcp nmlz::nmlz verb::vv e::pst.ptcp mark::comma
emu jergi buce re weile be guwebu mbi .	nv::nv nv::nv verb::vv e::npst.ptcp nv::nv cm::acc verb::vv e::fve.npst mark::period
be_ta_ho de yeodehe ,	nn::prpn cm::dat nn::prpn.person mark::comma
emu yan aisin baha ci ,	nv::nv nv::nv nv::nv verb::vv e::cve mark::comma
bithe cooha i hafan geli waka ,	nv::nv nv::nv cm::gen nv::nv nv::nv nv::adj mark::comma
muhu_gioro ci wasihūn ,	nn::prpn cm::abl nv::nv mark::comma
○ donoi be ,	mark::circle nn::prpn.person cm::acc mark::comma
banji ci ojo ro be bodo fi isi ci ,	verb::vv e::cve verb::vv e::npst.ptcp cm::acc verb::vv e::cve verb::vv e::cve mark::comma
hūng_dzui ,	nn::prpn mark::comma
ihan ,	nv::nv mark::comma
ehe be wa rakū ,	nv::adj cm::acc verb::vv e::npst.ptcp.neg mark::comma
ula ci bai me ji he gung ,	nv::nv cm::abl verb::vv e::cve verb::vv e::pst.ptcp nv::nv mark::comma
alin holo de bisi re nikan suwe hūdun alin ci wasi fi usin tari ∅ ,	nv::nv nv::nv cm::dat verb::vv e::npst.ptcp nv::nv pn::2pl nv::adj nv::nv cm::abl verb::vv e::cve nv::nv verb::vv e::fve.imperative mark::comma
yasun ,	nn::prpn.person mark::comma
sui turgun de elcin gene he hife ,	nv::nv nv::nv cm::dat nv::nv verb::vv e::pst.ptcp nv::nv mark::comma
nene me dosi ka be dabu rakū ,	verb::vv e::cve verb::vv e::pst.ptcp cm::acc verb::vv e::npst.ptcp.neg mark::comma
○ orin uyun de ,	mark::circle nv::nv nv::nv cm::dat mark::comma
○ juwan ilan de ,	mark::circle nv::nv nv::nv cm::dat mark::comma
jušen niyalma de ejen ai jobo ro ,	nv::nv nv::nv cm::dat nv::nv nv::nv verb::vv e::npst.ptcp mark::comma
○ nadan biya de ,	mark::circle nv::nv nv::nv cm::dat mark::comma
amba_hoton i dolo kalka wan be ara me hūwaita me waji fi ,	nn::prpn cm::gen nv::nv nv::nv nv::nv cm::acc verb::vv e::cve verb::vv e::cve verb::vv e::cve mark::comma
ihan gaji me ji he niyalma o ci ,	nv::nv verb::vv e::cve verb::vv e::pst.ptcp nv::nv verb::vv e::cve mark::comma
gene ci ,	verb::vv e::cve mark::comma
seke i dahū ,	nv::nv cm::gen nv::nv mark::comma
sin i ilan amban waka weile be uru ara me ,	pn::2sg cm::gen nv::nv nv::nv nv::adj nv::nv cm::acc nv::nv verb::vv e::cve mark::comma
jalu gurun be jobobu me gai ha seme ,	nv::adj nv::nv cm::acc verb::vv e::cve verb::vv e::pst.ptcp comp mark::comma
looye si men i ete rakū daha fi ergelebu fi banji re be sa fi gosi me gūni ci ,	nv::nv pn::2sg pn::1pl.excl cm::gen verb::vv e::npst.ptcp.neg verb::vv e::cve verb::vv e::cve verb::vv e::npst.ptcp cm::acc verb::vv e::cve verb::vv e::cve verb::vv e::cve mark::comma
tere ba be dasa me waji fi ,	nv::nv nv::nv cm::acc verb::vv e::cve verb::vv e::cve mark::comma
monggo i sunja tatan i kalka de gene he elcin isinji ha ,	nv::nv cm::gen nv::nv nv::nv cm::gen nv::nv cm::dat verb::vv e::pst.ptcp nv::nv verb::vv e::pst.ptcp mark::comma
○ orin sunja de ,	mark::circle nv::nv nv::nv cm::dat mark::comma
han i bu he doro de acabu me ,	nv::nv cm::gen verb::vv e::pst.ptcp nv::nv cm::dat verb::vv e::cve mark::comma
dosi ki seme cihala fi nikan i cooha i beile se i baru hendu me ,	verb::vv e::fve.opt comp verb::vv e::cve nv::nv cm::gen nv::nv cm::gen nv::nv nv::nv cm::gen nv::nv verb::vv e::cve mark::comma
han i bu he doro be acabu me ,	nv::nv cm::gen verb::vv e::pst.ptcp nv::nv cm::acc verb::vv e::cve mark::comma
jaogiya de juwe feye ,	nn::prpn.plc cm::dat nv::nv nv::nv mark::comma
gūwa ba de gene he de ,	nv::nv nv::nv cm::dat verb::vv e::pst.ptcp cm::dat mark::comma
geren beile se ,	nv::adj nv::nv nv::nv mark::comma
hooge_ama_beile de ala habi ,	nn::prpn cm::dat verb::vv e::fve.prs.prf mark::comma
juwan niyalma be wa ha ,	nv::nv nv::nv cm::acc verb::vv e::pst.ptcp mark::comma
turusi ,	nn::prpn.person mark::comma
bojiri ,	nn::prpn.person mark::comma
ineku liyoha bira de dedu he ,	nv::nv nn::prpn.plc nv::nv cm::dat verb::vv e::pst.ptcp mark::comma
dergi muke dosimbu ha angga be si seme hendu fi ,	nv::nv nv::nv verb::vv e::pst.ptcp nv::nv cm::acc pn::2sg comp verb::vv e::cve mark::comma
boo i hehe be kooli akū fefe be hari ha seme ,	nv::nv cm::gen nv::nv cm::acc nv::nv nv::adj nv::nv cm::acc verb::vv e::pst.ptcp comp mark::comma
jaisai cooha ji fi ,	nn::prpn.person nv::nv verb::vv e::cve mark::comma
jori ha jurgan be jurce rakū seme beiguwan obu ha .	verb::vv e::pst.ptcp nv::nv cm::acc verb::vv e::npst.ptcp.neg comp nv::nv verb::vv e::pst.ptcp mark::period
jang_i_jan i niyalma ,	nn::prpn cm::gen nv::nv mark::comma
yaya ba de ulme baha ci bila me ,	nv::nv nv::nv cm::dat nv::nv verb::vv e::cve verb::vv e::cve mark::comma
muse i gurun han akū banji me jobo ho ambula o fi ,	nv::nv cm::gen nv::nv nv::nv nv::adj verb::vv e::cve verb::vv e::pst.ptcp nv::nv verb::vv e::cve mark::comma
turusi gebungge niyalma be takūra fi gana fi ,	nn::prpn.person nv::adj nv::nv cm::acc verb::vv e::cve verb::vv e::cve mark::comma
encu ili ha seme jafa ha bi he ,	nv::nv verb::vv e::pst.ptcp comp verb::vv e::pst.ptcp verb::vv e::pst.ptcp mark::comma
gosingga ,	nv::adj mark::comma
tere cimari nikan cooha i tere holo be dosi me jide re be sa fi ,	nv::nv nv::nv nv::nv nv::nv cm::gen nv::nv nv::nv cm::acc verb::vv e::cve verb::vv e::npst.ptcp cm::acc verb::vv e::cve mark::comma
juwe malu arki ,	nv::nv nv::nv nv::nv mark::comma
tere bithe be sure_kundulen_han in i beye fusi duka de bene me gene re de ,	nv::nv nv::nv cm::acc nn::prpn pn::3sg cm::gen nv::nv nn::prpn.plc nv::nv cm::dat verb::vv e::cve verb::vv e::npst.ptcp cm::dat mark::comma
juwete juru aisin i ancun bu he .	nv::nv nv::nv nv::nv cm::gen nv::nv verb::vv e::pst.ptcp mark::period
gai hakū ,	verb::vv e::pst.ptcp.neg mark::comma
nikan i amala ili ha morin i cooha ,	nv::nv cm::gen nv::nv verb::vv e::pst.ptcp nv::nv cm::gen nv::nv mark::comma
min i kadala ra emu niru i cooha be iogi tsanjiyang ci fakca rakū ,	pn::1sg cm::gen verb::vv e::npst.ptcp nv::nv nv::nv cm::gen nv::nv cm::acc nv::nv nv::nv cm::abl verb::vv e::npst.ptcp.neg mark::comma
buce re niyalma be uji ci o mbi o seme hendu fi ,	verb::vv e::npst.ptcp nv::nv cm::acc verb::vv e::cve verb::vv e::fve.npst ptcl comp verb::vv e::cve mark::comma
gaji ha juwan ihan be gai ha ,	verb::vv e::pst.ptcp nv::nv nv::nv cm::acc verb::vv e::pst.ptcp mark::comma
emu jergi buce re weile be guwebu mbi .	nv::nv nv::nv verb::vv e::npst.ptcp nv::nv cm::acc verb::vv e::fve.npst mark::period
in i juwe deo be ,	pn::3sg cm::gen nv::nv nv::nv cm::acc mark::comma
suwen be juse de salibu habi o ,	pn::2pl cm::acc nv::nv cm::dat verb::vv e::fve.prs.prf ptcl mark::comma
elbihe ,	nv::nv mark::comma
sargan jui ama eme de fonji ki ,	nv::nv nv::nv nv::nv nv::nv cm::dat verb::vv e::fve.opt mark::comma
du_tang ,	nv::nv mark::comma
nikan i tanggū isi re cooha axša fi burula ha manggi ,	nv::nv cm::gen nv::nv verb::vv e::npst.ptcp nv::nv verb::vv e::cve verb::vv e::pst.ptcp nv::nv mark::comma
eigen sargan i beye i teile tucibu fi ,	nv::nv nv::nv cm::gen nv::nv cm::gen nv::nv verb::vv e::cve mark::comma
han hendu me ,	nv::nv verb::vv e::cve mark::comma
babai i elcin ,	nn::prpn.person cm::gen nv::nv mark::comma
si ambula seole fi acabu ∅ seme hendu he ,	pn::2sg nv::nv verb::vv e::cve verb::vv e::fve.imperative comp verb::vv e::pst.ptcp mark::comma
gaija ra weile be waliya ha ,	verb::vv e::npst.ptcp nv::nv cm::acc verb::vv e::pst.ptcp mark::comma
doro be akdun jafa fi banji mbi ,	nv::nv cm::acc nv::adj verb::vv e::cve verb::vv e::fve.npst mark::comma
iogi tsanjiyang fakca hakū seme wesihun han de ala ∅ ,	nv::nv nv::nv verb::vv e::pst.ptcp.neg comp nv::nv nv::nv cm::dat verb::vv e::fve.imperative mark::comma
alban bu re niyalma i sa ha aibi ,	nv::nv verb::vv e::npst.ptcp nv::nv cm::gen verb::vv e::pst.ptcp nv::nv mark::comma
amala amba cooha mahala be beri de hūwaita fi elki re jaka de ,	nv::nv nv::adj nv::nv nv::nv cm::acc nv::nv cm::dat verb::vv e::cve verb::vv e::npst.ptcp nv::nv cm::dat mark::comma
uyun biya i ice inenggi wasimbu ha ,	nv::nv nv::nv cm::gen nv::adj nv::nv verb::vv e::pst.ptcp mark::comma
emu niru juwete tu ara ∅ ,	nv::nv nv::nv nv::nv nv::nv verb::vv e::fve.imperative mark::comma
gūsin ilan niyalma wa ha ,	nv::nv nv::nv nv::nv verb::vv e::pst.ptcp mark::comma
juwan yan menggun ,	nv::nv nv::nv nv::nv mark::comma
gucu be ainu ala rakū ,	nv::nv cm::acc nv::nv verb::vv e::npst.ptcp.neg mark::comma
dzung_bing_guwan i jergi amban sa ,	nv::nv cm::gen nv::nv nv::nv nv::nv mark::comma
orin sunja de isinji ha manggi ,	nv::nv nv::nv cm::dat verb::vv e::pst.ptcp nv::nv mark::comma
suwen i cisu i were he de fete he de weile ,	pn::2pl cm::gen nv::nv cm::gen verb::vv e::pst.ptcp cm::dat verb::vv e::pst.ptcp cm::dat nv::nv mark::comma
iogi cohono ,	nv::nv nn::prpn.person mark::comma
daha ha irgen de eiten jaka be bu fi uji mbi ,	verb::vv e::pst.ptcp nv::nv cm::dat nv::adj nv::nv cm::acc verb::vv e::cve verb::vv e::fve.npst mark::comma
jakūta de emte feye baha ha ,	nv::nv cm::dat nv::nv nv::nv verb::vv e::pst.ptcp mark::comma
cen i cisu i lii_dusy i daise beiguwan be dacila ∅ seme afabu fi ,	pn::3pl cm::gen nv::nv cm::gen nn::prpn cm::gen nv::nv nv::nv cm::acc verb::vv e::fve.imperative comp verb::vv e::cve mark::comma
jide re toron be sabu fi ,	verb::vv e::npst.ptcp nv::nv cm::acc verb::vv e::cve mark::comma
niru i niyalma gercile he manggi ,	nv::nv cm::gen nv::nv verb::vv e::pst.ptcp nv::nv mark::comma
abka i sinda ha han se re ngge ,	nv::nv cm::gen verb::vv e::pst.ptcp nv::nv verb::vv e::npst.ptcp nmlz::nmlz mark::comma
ba i hafan de hendu fi bu kini .	nv::nv cm::gen nv::nv cm::dat verb::vv e::cve verb::vv e::fve.opt mark::period
han be ,	nv::nv cm::acc mark::comma
mao_wen_lung ni takūra ha niyalma be gemu gaica me jafa fi benji ∅ .	nn::prpn cm::gen verb::vv e::pst.ptcp nv::nv cm::acc nv::nv verb::vv e::cve verb::vv e::cve verb::vv e::fve.imperative mark::period
losa ,	nv::nv mark::comma
fuhan ,	nn::prpn.person mark::comma
jakūn biya i tofohon de tuwa mbi ,	nv::nv nv::nv cm::gen nv::nv cm::dat verb::vv e::fve.npst mark::comma
jaisai emu šanggiyan morin ,	nn::prpn.person nv::nv nv::nv nv::nv mark::comma
niru tome wasimbu ha ,	nv::nv nv::nv verb::vv e::pst.ptcp mark::comma
moobari tsanjiyang isinji ha .	nn::prpn.person nv::nv verb::vv e::pst.ptcp mark::period
solho si ,	nv::nv pn::2sg mark::comma
gemu abka i dolori gama ha ngge ,	nv::nv nv::nv cm::gen nv::nv verb::vv e::pst.ptcp nmlz::nmlz mark::comma
eigen bu hekū miyami fi in i jui de bu hebi ,	nv::nv verb::vv e::pst.ptcp.neg verb::vv e::cve pn::3sg cm::gen nv::nv cm::dat verb::vv e::fve.prs.prf mark::comma
suwe nikan de geli cooha da fi ,	pn::2pl nv::nv cm::dat nv::nv nv::nv verb::vv e::cve mark::comma
dai_sung_heo ,	nn::prpn mark::comma
hehe i adali seme ilan inenggi hehesi fokto hūsihan hūwaita fi yamun de tebu he .	nv::nv cm::gen nv::adj comp nv::nv nv::nv nv::nv nv::nv nv::nv verb::vv e::cve nv::nv cm::dat verb::vv e::pst.ptcp mark::period
niyalma dehite ,	nv::nv nv::nv mark::comma
šanggiyan indahūn aniya ,	nv::nv nv::nv nv::nv mark::comma
xi_san_šan ci ebsi jeku be ume juwe re ,	nn::prpn cm::abl nv::nv nv::nv cm::acc nv::nv verb::vv e::npst.ptcp mark::comma
bejang be ,	nv::nv cm::acc mark::comma
jušen gurun i genggiyen_han i te he hecen be efule mbi ,	nv::nv nv::nv cm::gen nn::prpn cm::gen verb::vv e::pst.ptcp nv::nv cm::acc verb::vv e::fve.npst mark::comma
hiyoošungga jui kai ,	nv::adj nv::nv ptcl mark::comma
nikan de da fi aisin gurun i han de ainu ehe seme ,	nv::nv cm::dat verb::vv e::cve nv::nv nv::nv cm::gen nv::nv cm::dat nv::nv nv::adj comp mark::comma
han i gisun be non i beile se gemu uru se mbi ,	nv::nv cm::gen nv::nv cm::acc nv::nv cm::gen nv::nv nv::nv nv::nv nv::nv verb::vv e::fve.npst mark::comma
guise horho be ,	nv::nv nv::nv cm::acc mark::comma
dain de baha fi wa ra beye be uji he bujantai ,	nv::nv cm::dat verb::vv e::cve verb::vv e::npst.ptcp nv::nv cm::acc verb::vv e::pst.ptcp nn::prpn.person mark::comma
ama ebu hekū manggi ,	nv::nv verb::vv e::pst.ptcp.neg nv::nv mark::comma
geren i jergi aiha de te kini ,	nv::adj cm::gen nv::nv nv::nv cm::dat verb::vv e::fve.opt mark::comma
aha bisi re niyalma de dere bani me sargan bu he ,	nv::nv verb::vv e::npst.ptcp nv::nv cm::dat nv::nv verb::vv e::cve nv::nv verb::vv e::pst.ptcp mark::comma
bi gunji sadun de majige endebu he jalin de hengkile ∅ seme elcin unggi he .	pn::1sg nn::prpn.person nv::nv cm::dat nv::adj verb::vv e::pst.ptcp nv::nv cm::dat verb::vv e::fve.imperative comp nv::nv verb::vv e::pst.ptcp mark::period
nikan i emu pu be bu fi lama i giran i jaka de tebu he ,	nv::nv cm::gen nv::nv nv::nv cm::acc verb::vv e::cve nv::nv cm::gen nv::nv cm::gen nv::nv cm::dat verb::vv e::pst.ptcp mark::comma
du_tang ,	nv::nv mark::comma
ajigen de aktala ∅ ,	nv::adj cm::dat verb::vv e::fve.imperative mark::comma
jai hendu me ,	nv::nv verb::vv e::cve mark::comma
ula de emu feye gidalabu ha seme ilaci jergi beiguwan i caliyan ,	nv::nv cm::dat nv::nv nv::nv verb::vv e::pst.ptcp comp nv::nv nv::nv nv::nv cm::gen nv::nv mark::comma
han i bithe ,	nv::nv cm::gen nv::nv mark::comma
tarhū jabu me ,	nn::prpn.person verb::vv e::cve mark::comma
gemu emu adali ejete de ninggute da mocin ,	nv::nv nv::nv nv::adj nv::nv cm::dat nv::nv nv::nv nv::nv mark::comma
suwen i gisun be mara rakū sain niyalma be sonjo fi sinda ∅ ,	pn::2pl cm::gen nv::nv cm::acc verb::vv e::npst.ptcp.neg nv::adj nv::nv cm::acc verb::vv e::cve verb::vv e::fve.imperative mark::comma
jase i tule liyoha bitu me usin tari ki jase nei ki seme ,	nv::nv cm::gen nv::nv nn::prpn.plc verb::vv e::cve nv::nv verb::vv e::fve.opt nv::nv verb::vv e::fve.opt comp mark::comma
hahana ,	nn::prpn.person mark::comma
alban i ihan unggi he bi ci ,	nv::nv cm::gen nv::nv verb::vv e::pst.ptcp verb::vv e::cve mark::comma
itokan ,	nn::prpn.person mark::comma
busan ,	nn::prpn.person mark::comma
jandai ,	nn::prpn.person mark::comma
enggemu akū morin yalu fi burula me tuci ke bi he ,	nv::nv nv::adj nv::nv verb::vv e::cve verb::vv e::cve verb::vv e::pst.ptcp verb::vv e::pst.ptcp mark::comma
abka gosi me tuwa fi ,	nv::nv verb::vv e::cve verb::vv e::cve mark::comma
folo ho umiyesun emke ,	verb::vv e::pst.ptcp nv::nv nv::nv mark::comma
lio_ceng_gung ,	nn::prpn mark::comma
min i juse omosi jalan hala me han de gosibu me wesihun banji kini .	pn::1sg cm::gen nv::nv nv::nv nv::nv verb::vv e::cve nv::nv cm::dat verb::vv e::cve nv::nv verb::vv e::fve.opt mark::period
monggo babu be iogi obu ha .	nv::nv nn::prpn.person cm::acc nv::nv verb::vv e::pst.ptcp mark::period
abala ki yabu cina seme cen i cisu i jendu gisure re be ,	verb::vv e::fve.opt verb::vv e::fve.opt comp pn::3pl cm::gen nv::nv cm::gen nv::nv verb::vv e::npst.ptcp cm::acc mark::comma
muse de haldabaša ra niyalma ,	pn::1pl.incl cm::dat verb::vv e::npst.ptcp nv::nv mark::comma
ere ilan hecen duka akū seme duka dagila ∅ seme du_tang ni bithe wasimbu ha .	nv::nv nv::nv nv::nv nv::nv nv::adj comp nv::nv verb::vv e::fve.imperative comp nv::nv cm::gen nv::nv verb::vv e::pst.ptcp mark::period
juwe niman ,	nv::nv nv::nv mark::comma
nikan cooha be bošo me gene hei ,	nv::nv nv::nv cm::acc verb::vv e::cve verb::vv e::cve mark::comma
nikan min be wa kini ,	nv::nv pn::1sg cm::acc verb::vv e::fve.opt mark::comma
tumen funce re cooha i niyalma gabta ra saci re ,	nv::nv verb::vv e::npst.ptcp nv::nv cm::gen nv::nv verb::vv e::npst.ptcp verb::vv e::npst.ptcp mark::comma
jai tso_tsoo_ioi ba i niyalma be ubaša mbi seme ,	nv::nv nn::prpn nv::nv cm::gen nv::nv cm::acc verb::vv e::fve.npst comp mark::comma
korcin i konggor_beile de elcin gene he .	nn::prpn.plc cm::gen nn::prpn cm::dat nv::nv verb::vv e::pst.ptcp mark::period
yangsela me ara fi te kini seme hendu fi ,	verb::vv e::cve verb::vv e::cve verb::vv e::fve.opt comp verb::vv e::cve mark::comma
han hūturingga o ci ,	nv::nv nv::adj verb::vv e::cve mark::comma
ujen weile ara mbi ,	nv::adj nv::nv verb::vv e::fve.npst mark::comma
min be yohinda rakū ,	pn::1sg cm::acc verb::vv e::npst.ptcp.neg mark::comma
ehe doro adarame sain ,	nv::adj nv::nv nv::nv nv::adj mark::comma
○ ice juwe de ,	mark::circle nv::adj nv::nv cm::dat mark::comma
dergi jalan i niyalma be kundule ci ,	nv::nv nv::nv cm::gen nv::nv cm::acc verb::vv e::cve mark::comma
ula de yasa ehe o hobi seme jai jergi beiguwan i caliyan ,	nv::nv cm::dat nv::nv nv::adj verb::vv e::fve.prs.prf comp nv::nv nv::nv nv::nv cm::gen nv::nv mark::comma
fakca ha de ,	verb::vv e::pst.ptcp cm::dat mark::comma
elbihe i dahū juwe ,	nv::nv cm::gen nv::nv nv::nv mark::comma
hūrha_golo i niyalma jafa fi wa ha mejige be alanji ha gung ,	nn::prpn cm::gen nv::nv verb::vv e::cve verb::vv e::pst.ptcp nv::nv cm::acc verb::vv e::pst.ptcp nv::nv mark::comma
○ tersun beiguwan ,	mark::circle nn::prpn.person nv::nv mark::comma
si_uli efu ,	nn::prpn nv::nv mark::comma
abka na de ,	nv::nv nv::nv cm::dat mark::comma
wantasi beiguwan afabu ha jurgan be tondo i akūmbu ki ,	nn::prpn.person nv::nv verb::vv e::pst.ptcp nv::nv cm::acc nv::adj cm::gen verb::vv e::fve.opt mark::comma
tari re usin akū o fi ,	verb::vv e::npst.ptcp nv::nv nv::adj verb::vv e::cve mark::comma
jai muduri erin de genggiyen o ho .	nv::nv nv::nv nv::nv cm::dat nv::adj verb::vv e::pst.ptcp mark::period
bi han te he manggi wa mbi seme hendu me uttu jobobu ha ,	pn::1sg nv::nv verb::vv e::pst.ptcp nv::nv verb::vv e::fve.npst comp verb::vv e::cve nv::nv verb::vv e::pst.ptcp mark::comma
tese banji mbi ,	nv::nv verb::vv e::fve.npst mark::comma
suila mbi kai seme hendu re jaka de ,	verb::vv e::fve.npst ptcl comp verb::vv e::npst.ptcp nv::nv cm::dat mark::comma
min i tanggū niyalma be wa fi minggan morin be gai habi ,	pn::1sg cm::gen nv::nv nv::nv cm::acc verb::vv e::cve nv::nv nv::nv cm::acc verb::vv e::fve.prs.prf mark::comma
buyanggū be min ci faksala me gaija ra jaka de ,	nn::prpn.person cm::acc pn::1sg cm::abl verb::vv e::cve verb::vv e::npst.ptcp nv::nv cm::dat mark::comma
fujiyang ci fakca ha de ,	nv::nv cm::abl verb::vv e::pst.ptcp cm::dat mark::comma
haha anggala be tolo fi ,	nv::nv nv::nv cm::acc verb::vv e::cve mark::comma
in de aca ki seme ,	pn::3sg cm::dat verb::vv e::fve.opt comp mark::comma
lo_cing_šan ,	nn::prpn mark::comma
jušen niyalma de ya ejen waka ,	nv::nv nv::nv cm::dat nv::nv nv::nv nv::adj mark::comma
morin ci ebu fi ibe me gene fi afa ra de ,	nv::nv cm::abl verb::vv e::cve verb::vv e::cve verb::vv e::cve verb::vv e::npst.ptcp cm::dat mark::comma
○ yangguri_efu i ša_ho_kambilin_tun i sung_šan_pu i bu_wen ,	mark::circle nn::prpn cm::gen nn::prpn cm::gen nn::prpn cm::gen nn::prpn mark::comma
han i elcin de gisun hendu fi neci hekū unggi he ,	nv::nv cm::gen nv::nv cm::dat nv::nv verb::vv e::cve verb::vv e::pst.ptcp.neg verb::vv e::pst.ptcp mark::comma
suwe saikan kice me bošo ∅ .	pn::2pl nv::adj verb::vv e::cve verb::vv e::fve.imperative mark::period
han i uksun deo wangšan ,	nv::nv cm::gen nv::nv nv::nv nn::prpn.person mark::comma
tuweri juwe ki ,	nv::nv verb::vv e::fve.opt mark::comma
○ enggeder_efu i boigon be gana me gene he amba_beile ,	mark::circle nn::prpn cm::gen nv::nv cm::acc verb::vv e::cve verb::vv e::pst.ptcp nn::prpn mark::comma
emu minggan ninggun tanggū jakūnju nadan ,	nv::nv nv::nv nv::nv nv::nv nv::nv nv::nv mark::comma
min i weile be ume ala ra seme hendu re niyalma ,	pn::1sg cm::gen nv::nv cm::acc nv::nv verb::vv e::npst.ptcp comp verb::vv e::npst.ptcp nv::nv mark::comma
dobori jeku gaji me ,	nv::nv nv::nv verb::vv e::cve mark::comma
kalka i gurun i kara_ot ba i angga_beile i orin sunja niyalma jugūn de toso fi ,	nv::nv cm::gen nv::nv cm::gen nn::prpn nv::nv cm::gen nn::prpn cm::gen nv::nv nv::nv nv::nv nv::nv cm::dat verb::vv e::cve mark::comma
suwen i gisun be bi donji re seme ,	pn::2pl cm::gen nv::nv cm::acc pn::1sg verb::vv e::npst.ptcp comp mark::comma
yaya niyalma hūlha me gama ra be sa ha de ,	nv::nv nv::nv verb::vv e::cve verb::vv e::npst.ptcp cm::acc verb::vv e::pst.ptcp cm::dat mark::comma
jori ha jurgan be jurce rakū seme beiguwan obu ha .	verb::vv e::pst.ptcp nv::nv cm::acc verb::vv e::npst.ptcp.neg comp nv::nv verb::vv e::pst.ptcp mark::period
nomci ,	nn::prpn.person mark::comma
cala gene rakū ebele bi he de ,	nv::nv verb::vv e::npst.ptcp.neg nv::nv verb::vv e::pst.ptcp cm::dat mark::comma
dain o ci ,	nv::nv verb::vv e::cve mark::comma
amasi bedere me ji fi ,	nv::nv verb::vv e::cve verb::vv e::cve mark::comma
lio_fujiyang de bithe wasimbu ha ,	nn::prpn cm::dat nv::nv verb::vv e::pst.ptcp mark::comma
hūlha me holto rakū tondo mujilen i afabu ha weile be kice me takūrabu ki ,	verb::vv e::cve verb::vv e::npst.ptcp.neg nv::adj nv::nv cm::gen verb::vv e::pst.ptcp nv::nv cm::acc verb::vv e::cve verb::vv e::fve.opt mark::comma
ere be gemu guwali de tebu hebi ,	nv::nv cm::acc nv::nv nv::nv cm::dat verb::vv e::fve.prs.prf mark::comma
bulangga ,	nv::adj mark::comma
hete fi aina mbi ,	verb::vv e::cve verb::vv e::fve.npst mark::comma
jušen i emu iogi ,	nv::nv cm::gen nv::nv nv::nv mark::comma
emu gūsa i ilata ulhu jibca ,	nv::nv nv::nv cm::gen nv::nv nv::nv nv::nv mark::comma
inu ,	nv::nv mark::comma
gūsa i niyalma be gai fi isina hakū seme ,	nv::nv cm::gen nv::nv cm::acc verb::vv e::cve verb::vv e::pst.ptcp.neg comp mark::comma
gisun de akda fi ba na be waliya fi ubaša me gene ci ,	nv::nv cm::dat verb::vv e::cve nv::nv nv::nv cm::acc verb::vv e::cve verb::vv e::cve verb::vv e::cve mark::comma
niyaman hūncihin seme harša rakū ,	nv::nv nv::nv comp verb::vv e::npst.ptcp.neg mark::comma
elemangga abka i wakala ha batangga nikan de da fi ,	nv::nv nv::nv cm::gen verb::vv e::pst.ptcp nv::adj nv::nv cm::dat verb::vv e::cve mark::comma
han de fonji re jaka de ,	nv::nv cm::dat verb::vv e::npst.ptcp nv::nv cm::dat mark::comma
hendu ci ,	verb::vv e::cve mark::comma
muse cooha gene ki ,	pn::1pl.incl nv::nv verb::vv e::fve.opt mark::comma
han i doro dasa me taifin ojo ro sain gisun be gisure rakū ,	nv::nv cm::gen nv::nv verb::vv e::cve nv::adj verb::vv e::npst.ptcp nv::adj nv::nv cm::acc verb::vv e::npst.ptcp.neg mark::comma
orin yan menggun šangna ha .	nv::nv nv::nv nv::nv verb::vv e::pst.ptcp mark::period
kūniyakta i beiguwan be efule he ,	nn::prpn.person cm::gen nv::nv cm::acc verb::vv e::pst.ptcp mark::comma
gerende re onggolo cooha uthai bedere me bira doo ha ,	verb::vv e::npst.ptcp nv::nv nv::nv nv::nv verb::vv e::cve nv::nv verb::vv e::pst.ptcp mark::comma
irešen ,	nn::prpn.person mark::comma
ere duin ba de te he yafahan i cooha ,	nv::nv nv::nv nv::nv cm::dat verb::vv e::pst.ptcp nv::adj cm::gen nv::nv mark::comma
bi kemuni bithe unggi me niyalma takūra ci ,	pn::1sg nv::nv nv::nv verb::vv e::cve nv::nv verb::vv e::cve mark::comma
jakūn biya de geli coohala ki seme hendu me ,	nv::nv nv::nv cm::dat nv::nv verb::vv e::fve.opt comp verb::vv e::cve mark::comma
○ tere inenggi ,	mark::circle nv::nv nv::nv mark::comma
g'ai_jeo i tung_iogi ,	nn::prpn cm::gen nn::prpn mark::comma
dusy hafan ,	nv::nv nv::nv mark::comma
si min i baru hoton ara ha manggi ,	pn::2sg pn::1sg cm::gen nv::nv nv::nv verb::vv e::pst.ptcp nv::nv mark::comma
olho ro ba o ci ,	verb::vv e::npst.ptcp nv::nv verb::vv e::cve mark::comma
niru i niyalma i tanggū yan be juwan yan faita ∅ ,	nv::nv cm::gen nv::nv cm::gen nv::nv nv::nv cm::acc nv::nv nv::nv verb::vv e::fve.imperative mark::comma
jakūta de juwe feye baha ha ,	nv::nv cm::dat nv::nv nv::nv verb::vv e::pst.ptcp mark::comma
○ yekšu be nimaca_golo i amban bi he ,	mark::circle nn::prpn.person cm::acc nn::prpn cm::gen nv::nv verb::vv e::pst.ptcp mark::comma
tere i jalin de suwe emu akdun gashū re gisun be gisure ki se mbi o ,	nv::nv cm::gen nv::nv cm::dat pn::2pl nv::nv nv::adj verb::vv e::npst.ptcp nv::nv cm::acc verb::vv e::fve.opt verb::vv e::fve.npst ptcl mark::comma
dobi be ali ci ojo rakū gese ,	nv::nv cm::acc verb::vv e::cve verb::vv e::npst.ptcp.neg nv::nv mark::comma
ushacun akū kai ,	nv::adj nv::adj ptcl mark::comma
lung_king ni ilaci aniya duin biya i orin sunja de baha ha ,	nn::prpn cm::gen nv::nv nv::nv nv::nv nv::nv cm::gen nv::nv nv::nv cm::dat verb::vv e::pst.ptcp mark::comma
jakūta de emu feye baha ha seme ,	nv::nv cm::dat nv::nv nv::nv verb::vv e::pst.ptcp comp mark::comma
niru i emu hehe ,	nv::nv cm::gen nv::nv nv::nv mark::comma
tari re usin ,	verb::vv e::npst.ptcp nv::nv mark::comma
yalu ha morin i uju hoto be hūwala me goibu fi gaji me ji cina ,	verb::vv e::pst.ptcp nv::nv cm::gen nv::nv nv::nv cm::acc verb::vv e::cve verb::vv e::cve verb::vv e::cve verb::vv e::fve.opt mark::comma
i fasi me buce he .	pn::3sg verb::vv e::cve verb::vv e::pst.ptcp mark::period
fakca rakū ci ,	verb::vv e::npst.ptcp.neg e::cve mark::comma
isina rakū yafahan de icihiya me bu ∅ .	verb::vv e::npst.ptcp.neg nv::adj cm::dat verb::vv e::cve verb::vv e::fve.imperative mark::period
fe an i han i iletu gaija ra ai ai alban be ume nonggi re ,	nv::adj nv::nv cm::gen nv::nv cm::gen nv::adj verb::vv e::npst.ptcp nv::nv nv::nv nv::nv cm::acc nv::nv verb::vv e::npst.ptcp mark::comma
tere jakūn niyalma gemu buce he ,	nv::nv nv::nv nv::nv nv::nv verb::vv e::pst.ptcp mark::comma
abatai_age de bu he ,	nn::prpn cm::dat verb::vv e::pst.ptcp mark::comma
jušen i du_tang ,	nv::nv cm::gen nv::nv mark::comma
jaisai_beile i uhuci_hiya mendu fonji me ,	nn::prpn cm::gen nn::prpn nn::prpn.person verb::vv e::cve mark::comma
kibtar ,	nn::prpn.person mark::comma
○ orin uyun de ,	mark::circle nv::nv nv::nv cm::dat mark::comma
juwe minggan funce me cooha sanggu_ho ba be dosi ka ,	nv::nv nv::nv verb::vv e::cve nv::nv nn::prpn nv::nv cm::acc verb::vv e::pst.ptcp mark::comma
giya_jing ni gūsin juwe ci aniya sunja biya i gūsin de baha ha ,	nn::prpn cm::gen nv::nv verb::vv e::cve nv::nv nv::nv nv::nv cm::gen nv::nv cm::dat verb::vv e::pst.ptcp mark::comma
jai geli hendu me ,	nv::nv nv::nv verb::vv e::cve mark::comma
amca ci ambu hakū ,	verb::vv e::cve verb::vv e::pst.ptcp.neg mark::comma
monggo i yun de toso me gene fi ,	nv::nv cm::gen nv::nv cm::dat verb::vv e::cve verb::vv e::cve mark::comma
jai sunja tanggū cooha be amasi bederebu ∅ ,	nv::nv nv::nv nv::nv nv::nv cm::acc nv::nv verb::vv e::fve.imperative mark::comma
amba_fujin geli ala me ,	nn::prpn nv::nv verb::vv e::cve mark::comma
ice duin de wasimbu ha ,	nv::adj nv::nv cm::dat verb::vv e::pst.ptcp mark::comma
jete re jeku be gese dere dasa fi tukiye me o ho .	verb::vv e::npst.ptcp nv::nv cm::acc nv::nv nv::nv verb::vv e::cve verb::vv e::cve verb::vv e::pst.ptcp mark::period
sain be sain ,	nv::adj cm::acc nv::adj mark::comma
tuttu tondo i fafula rakū ehe miosihon jurgan i yabu ci ,	nv::nv nv::adj cm::gen verb::vv e::npst.ptcp.neg nv::adj nv::adj nv::nv cm::gen verb::vv e::cve mark::comma
nikan jušen yaya ume daba me yabu re seme hendu me ,	nv::nv nv::nv nv::nv nv::nv verb::vv e::cve verb::vv e::npst.ptcp comp verb::vv e::cve mark::comma
orin de ,	nv::nv cm::dat mark::comma
emu golo be ji he juwe jugūn i sunja ing ni cooha be ,	nv::nv nv::nv cm::acc verb::vv e::pst.ptcp nv::nv nv::nv cm::gen nv::nv nv::nv cm::gen nv::nv cm::acc mark::comma
fusi i juleri ta_šan i fejile dedu he ,	nn::prpn.plc cm::gen nv::nv nn::prpn cm::gen nv::nv verb::vv e::pst.ptcp mark::comma
beye buce kini ,	nv::nv verb::vv e::fve.opt mark::comma
labasihib_taiji ,	nn::prpn mark::comma
hoton ara ra be naka ∅ ,	nv::nv verb::vv e::npst.ptcp cm::acc verb::vv e::fve.imperative mark::comma
buyanggū nikan han de ertu fi ,	nn::prpn.person nv::nv nv::nv cm::dat verb::vv e::cve mark::comma
jai weihun jafa ha niyalma be liyoodung de benji ∅ ,	nv::nv nv::adj verb::vv e::pst.ptcp nv::nv cm::acc nn::prpn.plc cm::dat verb::vv e::fve.imperative mark::comma
tere gisun be han donji fi ,	nv::nv nv::nv cm::acc nv::nv verb::vv e::cve mark::comma
hūlha holo koimali jalingga akū tondo banji ki .	nv::nv nv::nv nv::adj nv::adj nv::adj nv::adj verb::vv e::fve.opt mark::period
jebele ,	nv::nv mark::comma
wa ra be naka fi tanggū šusiha šusihala ha ,	verb::vv e::npst.ptcp cm::acc verb::vv e::cve nv::nv nv::nv verb::vv e::pst.ptcp mark::comma
tuttu facuhūn ojo rahū seme ,	nv::nv nv::adj verb::vv e::fve.prv comp mark::comma
bošo ro niyalma be ,	verb::vv e::npst.ptcp nv::nv cm::acc mark::comma
sung_šan ,	nn::prpn mark::comma
tai de duin niyalma ,	nv::nv cm::dat nv::nv nv::nv mark::comma
abka i emu šajin i banji mbi dere seme gūni ha bi he ,	nv::nv cm::gen nv::nv nv::nv cm::gen verb::vv e::fve.npst ptcl comp verb::vv e::pst.ptcp verb::vv e::pst.ptcp mark::comma
inu sure_kundulen_han i niyalma ete mbihe ,	nv::nv nn::prpn cm::gen nv::nv verb::vv e::fve.pst.ipfv mark::comma
enteke hebe gisun gisure hebi dere seme ala ha manggi ,	nv::nv nv::nv nv::nv verb::vv e::fve.prs.prf ptcl comp verb::vv e::pst.ptcp nv::nv mark::comma
giyansi yabu re ,	nv::nv verb::vv e::npst.ptcp mark::comma
takūra ra niyalma de sain morin yalubu fi takūra ∅ ,	verb::vv e::npst.ptcp nv::nv cm::dat nv::adj nv::nv verb::vv e::cve verb::vv e::fve.imperative mark::comma
hūlha holo koimali jalingga ehe kiyangdu o ci ,	nv::nv nv::nv nv::adj nv::adj nv::adj nv::adj verb::vv e::cve mark::comma
○ guwangning de anafu te he amba_beile age be orin de amin_beile ere emu ucuri jobo mbi dere ,	mark::circle nn::prpn.plc cm::dat nv::nv verb::vv e::pst.ptcp nn::prpn nv::nv cm::acc nv::nv cm::dat nn::prpn nv::nv nv::nv nv::nv verb::vv e::fve.npst ptcl mark::comma
sure_kundulen_han ,	nn::prpn mark::comma
nukte re monggo i morin ihan honin be gemu gai fi ,	verb::vv e::npst.ptcp nv::nv cm::gen nv::nv nv::nv nv::nv cm::acc nv::nv verb::vv e::cve mark::comma
han sa kini ,	nv::nv verb::vv e::fve.opt mark::comma
jori ha jurgan be jurce rakū seme beiguwan obu ha .	verb::vv e::pst.ptcp nv::nv cm::acc verb::vv e::npst.ptcp.neg comp nv::nv verb::vv e::pst.ptcp mark::period
tobohoi ,	nn::prpn.person mark::comma
cihakū o ci bu rakū seme šajila fi ,	nv::adj verb::vv e::cve verb::vv e::npst.ptcp.neg comp verb::vv e::cve mark::comma
juwe ihan ,	nv::nv nv::nv mark::comma
muterei teile kice me fafula ki ,	nv::nv nv::nv verb::vv e::cve verb::vv e::fve.opt mark::comma
balai efule me deiji rahū ,	nv::nv verb::vv e::cve verb::vv e::fve.prv mark::comma
manggol_taiji de ,	nn::prpn cm::dat mark::comma
minggan hule jeku i jalin de ,	nv::nv nv::nv nv::nv cm::gen nv::nv cm::dat mark::comma
wan_lii i orin nadaci aniya juwe biya i ice uyun de baha ha ,	nn::prpn cm::gen nv::nv nv::nv nv::nv nv::nv nv::nv cm::gen nv::adj nv::nv cm::dat verb::vv e::pst.ptcp mark::comma
den ulenggu deri furdan saha fi ,	nv::adj nv::nv nv::nv nv::nv verb::vv e::cve mark::comma
si amala muse emgi yabu ∅ seme hendu ci ,	pn::2sg nv::nv pn::1pl.incl nv::nv verb::vv e::fve.imperative comp verb::vv e::cve mark::comma
dobihi dahū ,	nv::nv nv::nv mark::comma
fujiyang fakca hakū seme wesihun han de ala ∅ ,	nv::nv verb::vv e::pst.ptcp.neg comp nv::nv nv::nv cm::dat verb::vv e::fve.imperative mark::comma
juwan emu yan i weile waliya mbi ,	nv::nv nv::nv nv::nv cm::gen nv::nv verb::vv e::fve.npst mark::comma
sin be sa ha de ,	pn::2sg cm::acc verb::vv e::pst.ptcp cm::dat mark::comma
hoifa de emu feye ,	nn::prpn.plc cm::dat nv::nv nv::nv mark::comma
ehe sain be dere bani rakū ,	nv::adj nv::adj cm::acc nv::nv verb::vv e::npst.ptcp.neg mark::comma
juse sargan bi ci ,	nv::nv nv::nv verb::vv e::cve mark::comma
iogi hergen baha fi ,	nv::nv nv::nv verb::vv e::cve mark::comma
jai nikan be jušen i sinda ha karun i siden siden de emu ba de duite nikan be sinda ∅ ,	nv::nv nv::nv cm::acc nv::nv cm::gen verb::vv e::pst.ptcp nv::nv cm::gen nv::nv nv::nv cm::dat nv::nv nv::nv cm::dat nv::nv nv::nv cm::acc verb::vv e::fve.imperative mark::comma
juwe ihan ,	nv::nv nv::nv mark::comma
tere nantuhūn ukanda ra ehe aha de donjibu mbi o ,	nv::nv nv::adj verb::vv e::npst.ptcp nv::adj nv::nv cm::dat verb::vv e::fve.npst ptcl mark::comma
tuba de te hei bi he de suwen de elhe akū ,	nv::nv cm::dat verb::vv e::cve verb::vv e::pst.ptcp cm::dat pn::2pl cm::dat nv::nv nv::adj mark::comma
abka i dekjibu re erin isi ka manggi ,	nv::nv cm::gen verb::vv e::npst.ptcp nv::nv verb::vv e::pst.ptcp nv::nv mark::comma
susaita yan menggun ,	nv::nv nv::nv nv::nv mark::comma
dzung_bing_guwan ci fusihūn ,	nv::nv cm::abl nv::adj mark::comma
tangtan emken ,	nv::nv nv::nv mark::comma
niyaman hūncihin seme uttu lakca rakū yabu ci ,	nv::nv nv::nv comp nv::nv verb::vv e::npst.ptcp.neg verb::vv e::cve mark::comma
solho de dosi fi ,	nv::nv cm::dat verb::vv e::cve mark::comma
gurun i hengkile re be ali me gai ∅ ,	nv::nv cm::gen verb::vv e::npst.ptcp cm::acc verb::vv e::cve verb::vv e::fve.imperative mark::comma
niru i ejen hendu ci donji rakū fakca fi yabu ci ,	nv::nv cm::gen nv::nv verb::vv e::cve verb::vv e::npst.ptcp.neg verb::vv e::cve verb::vv e::cve mark::comma
afabu ha jurgan be tondo i kice me banji ki .	verb::vv e::pst.ptcp nv::nv cm::acc nv::adj cm::gen verb::vv e::cve verb::vv e::fve.opt mark::period
burula me gene re be ,	verb::vv e::cve verb::vv e::npst.ptcp cm::acc mark::comma
in i da etu he uthai gaji me ji ∅ ,	pn::3sg cm::gen nv::nv verb::vv e::pst.ptcp nv::nv verb::vv e::cve verb::vv e::fve.imperative mark::comma
gūwalca sa in i bai re ba de bai kini .	nn::prpn.plc nv::nv pn::3sg cm::gen verb::vv e::npst.ptcp nv::nv cm::dat verb::vv e::fve.opt mark::period
sirhūnak ,	nn::prpn.person mark::comma
sio_yan de unggi he ,	nn::prpn cm::dat verb::vv e::pst.ptcp mark::comma
suwen i liyoodung ni ba i beile se amban sa ,	pn::2pl cm::gen nn::prpn.plc cm::gen nv::nv cm::gen nv::nv nv::nv nv::nv nv::nv mark::comma
han hendu me ,	nv::nv verb::vv e::cve mark::comma
jori ha jurgan be jurce rakū seme beiguwan obu ha .	verb::vv e::pst.ptcp nv::nv cm::acc verb::vv e::npst.ptcp.neg comp nv::nv verb::vv e::pst.ptcp mark::period
genggiyen_han i cahar de takūra ha juwe niyalma be ,	nn::prpn cm::gen nn::prpn.plc cm::dat verb::vv e::pst.ptcp nv::nv nv::nv cm::acc mark::comma
burula fi tere i doro efuje mbi ,	verb::vv e::cve nv::nv cm::gen nv::nv verb::vv e::fve.npst mark::comma
amba_beile de juwe tumen cooha adabu fi ,	nn::prpn cm::dat nv::nv nv::nv nv::nv verb::vv e::cve mark::comma
tere i onggolo nikan i wan_lii_han ,	nv::nv cm::gen nv::nv nv::nv cm::gen nn::prpn mark::comma
tere i jalin de ,	nv::nv cm::gen nv::nv cm::dat mark::comma
gintaisi_beile hendu me ,	nn::prpn verb::vv e::cve mark::comma
uhereme amba ajigen juwan uyun gašan be gai fi ,	nv::nv nv::adj nv::adj nv::nv nv::nv nv::nv cm::acc verb::vv e::cve mark::comma
tsanjiyang ,	nv::nv mark::comma
hūlha holo koimali jalingga akū tondo banji ki .	nv::nv nv::nv nv::adj nv::adj nv::adj nv::adj verb::vv e::fve.opt mark::period
janggin ,	nv::nv mark::comma
ilan cuwan be baha ha ,	nv::nv nv::nv cm::acc verb::vv e::pst.ptcp mark::comma
han ,	nv::nv mark::comma
hūwašasa ,	nv::nv mark::comma
niyalma i boco be tuwa me teisungge weile de afabu ha .	nv::nv cm::gen nv::nv cm::acc verb::vv e::cve nv::adj nv::nv cm::dat verb::vv e::pst.ptcp mark::period
ice ninggun de amba buda erin de luwan_jeo de isinji fi ,	nv::adj nv::nv cm::dat nv::adj nv::nv nv::nv cm::dat nn::prpn cm::dat verb::vv e::cve mark::comma
emu tanggū gūsin juwe yan menggun ,	nv::nv nv::nv nv::nv nv::nv nv::nv nv::nv mark::comma
men i juse de ume olho ro ,	pn::1pl.excl cm::gen nv::nv cm::dat nv::nv verb::vv e::npst.ptcp mark::comma
emu gūsa i emte fujiyang ,	nv::nv nv::nv cm::gen nv::nv nv::nv mark::comma
sunja niru i nikan be uhe baica me yabu ∅ ,	nv::nv nv::nv cm::gen nv::nv cm::acc nv::nv verb::vv e::cve verb::vv e::fve.imperative mark::comma
yalu ci ojo ro teisungge morin be icihiya me bu ∅ ,	verb::vv e::cve verb::vv e::npst.ptcp nv::adj nv::nv cm::acc verb::vv e::cve verb::vv e::fve.imperative mark::comma
beile se amban sa be hoton de boo ara ∅ se re ngge inu kai ,	nv::nv nv::nv nv::nv nv::nv cm::acc nv::nv cm::dat nv::nv verb::vv e::fve.imperative verb::vv e::npst.ptcp nmlz::nmlz nv::nv ptcl mark::comma
cooha uksin komso bi he ,	nv::nv nv::nv nv::adj verb::vv e::pst.ptcp mark::comma
bata kimun seme gida rakū ,	nv::nv nv::nv comp verb::vv e::npst.ptcp.neg mark::comma
buce re ton waji re unde o fi ,	verb::vv e::npst.ptcp nv::nv verb::vv e::npst.ptcp nv::nv verb::vv e::cve mark::comma
emu jergi buce re weile be guwebu mbi .	nv::nv nv::nv verb::vv e::npst.ptcp nv::nv cm::acc verb::vv e::fve.npst mark::period
nikan de doso rakū dain ojo ro jaka de ,	nv::nv cm::dat verb::vv e::npst.ptcp.neg nv::nv verb::vv e::npst.ptcp nv::nv cm::dat mark::comma
tere amba golo i juwan nadan hecen i jeku ,	nv::nv nv::adj nv::nv cm::gen nv::nv nv::nv nv::nv cm::gen nv::nv mark::comma
bi emu ajige hitahūn i gese weile be ara hakū bi he ,	pn::1sg nv::nv nv::adj nv::nv cm::gen nv::nv nv::nv cm::acc verb::vv e::pst.ptcp.neg verb::vv e::pst.ptcp mark::comma
○ antai kadala ra emu gašan i juwe boigon be ,	mark::circle nn::prpn.person verb::vv e::npst.ptcp nv::nv nv::nv cm::gen nv::nv nv::nv cm::acc mark::comma
gūwa tai niyalma dain sa ha seme ,	nv::nv nv::nv nv::nv nv::nv verb::vv e::pst.ptcp comp mark::comma
○ du_tang ni bithe ,	mark::circle nv::nv cm::gen nv::nv mark::comma
suwen i ere gisun be jai ume gisure re ,	pn::2pl cm::gen nv::nv nv::nv cm::acc nv::nv nv::nv verb::vv e::npst.ptcp mark::comma
adun ulha be gaji me uka me ji he .	nv::nv nv::nv cm::acc verb::vv e::cve verb::vv e::cve verb::vv e::pst.ptcp mark::period
tongki fuka sinda ha hergen i dangse .	nv::nv nv::nv verb::vv e::pst.ptcp nv::nv cm::gen nv::nv mark::period
ula de elbihe buta me gene fi ,	nv::nv cm::dat nv::nv verb::vv e::cve verb::vv e::cve mark::comma
suwen be wa hakū ,	pn::2pl cm::acc verb::vv e::pst.ptcp.neg mark::comma
julergi be toso me songko faita me gene ∅ ,	nv::nv cm::acc verb::vv e::cve nv::nv verb::vv e::cve verb::vv e::fve.imperative mark::comma
beye be sain akdun niyalma be geren tucibu fi ,	nv::nv cm::acc nv::adj nv::adj nv::nv cm::acc nv::adj verb::vv e::cve mark::comma
ninggun niyalma ,	nv::nv nv::nv mark::comma
ememu niru i niyalma amasi boo de isinji tele fere de baha fi yabu rakū seme ,	nv::nv nv::nv cm::gen nv::nv nv::nv nv::nv cm::dat verb::vv e::cve nv::nv cm::dat verb::vv e::cve verb::vv e::npst.ptcp.neg comp mark::comma
orin yan i weile ara fi ,	nv::nv nv::nv cm::gen nv::nv verb::vv e::cve mark::comma
○ ice ilan de ,	mark::circle nv::adj nv::nv cm::dat mark::comma
da_diyan ,	nn::prpn mark::comma
bira i bajargi gurun be daila mbi ,	nv::nv cm::gen nv::nv nv::nv cm::acc verb::vv e::fve.npst mark::comma
tuci ke ilaci inenggi ,	verb::vv e::pst.ptcp nv::nv nv::nv mark::comma
ere gisun be jakūn beile ci fusihūn ,	nv::nv nv::nv cm::acc nv::nv nv::nv cm::abl nv::adj mark::comma
han i tacibu ha tondo fafun be jurce rakū banji ci ,	nv::nv cm::gen verb::vv e::pst.ptcp nv::adj nv::nv cm::acc verb::vv e::npst.ptcp.neg verb::vv e::cve mark::comma
jase jaka i emu juwe gašan be bargiya ∅ seme ,	nv::nv nv::nv cm::gen nv::nv nv::nv nv::nv cm::acc verb::vv e::fve.imperative comp mark::comma
emu niru i niyalma tofohon ,	nv::nv nv::nv cm::gen nv::nv nv::nv mark::comma
duin tanggū cooha be ,	nv::nv nv::nv nv::nv cm::acc mark::comma
kiyoo ca ha seme gung ara fi ,	nv::nv verb::vv e::pst.ptcp comp nv::nv verb::vv e::cve mark::comma
wan_lii i orin aniya juwe biya i uyun de baha ha ,	nn::prpn cm::gen nv::nv nv::nv nv::nv nv::nv cm::gen nv::nv cm::dat verb::vv e::pst.ptcp mark::comma
dobori aika medege alanji mbihe de ,	nv::nv nv::nv nv::nv verb::vv e::fve.pst.ipfv cm::dat mark::comma
ere gisun be jurce me ,	nv::nv nv::nv cm::acc verb::vv e::cve mark::comma
han ,	nv::nv mark::comma
nikan yafahan cooha axša fi ,	nv::nv nv::adj nv::nv verb::vv e::cve mark::comma
ada me tebu fi amba sarin sarila ha ,	verb::vv e::cve verb::vv e::cve nv::adj nv::nv verb::vv e::pst.ptcp mark::comma
○ korcin i konggor_beile ci ,	mark::circle nn::prpn.plc cm::gen nn::prpn cm::abl mark::comma
haningga bi kice me hūsun bu ki ,	nn::prpn.person pn::1sg verb::vv e::cve nv::nv verb::vv e::fve.opt mark::comma
hūda ekiyembu me udabu ha ,	nv::nv verb::vv e::cve verb::vv e::pst.ptcp mark::comma
○ orin uyun de ,	mark::circle nv::nv nv::nv cm::dat mark::comma
amala tuta ha niyalma be ,	nv::nv verb::vv e::pst.ptcp nv::nv cm::acc mark::comma
weihun niongniyaha duin ,	nv::adj nv::nv nv::nv mark::comma
ulin be erdeni_baksi de gemu amasi bu he .	nv::nv cm::acc nn::prpn cm::dat nv::nv nv::nv verb::vv e::pst.ptcp mark::period
jang_gio ,	nn::prpn mark::comma
weile waliya mbi ,	nv::nv verb::vv e::fve.npst mark::comma
cilin i jeku be gaji me ji fi ,	nv::nv cm::gen nv::nv cm::acc verb::vv e::cve verb::vv e::cve mark::comma
suwen i teile uju fusi rakū daha rakū seme cooha unggi fi wa ci ,	pn::2pl cm::gen nv::nv nv::nv verb::vv e::npst.ptcp.neg verb::vv e::npst.ptcp.neg comp nv::nv verb::vv e::cve verb::vv e::cve mark::comma
nongku de latu ha seme too re jaka de ,	nn::prpn.person cm::dat verb::vv e::pst.ptcp comp verb::vv e::npst.ptcp nv::nv cm::dat mark::comma
ama ehe dere ,	nv::nv nv::adj ptcl mark::comma
han de waka sabu fi weile baha fi boo yada kini ,	nv::nv cm::dat nv::adj verb::vv e::cve nv::nv verb::vv e::cve nv::nv verb::vv e::fve.opt mark::comma
wa ha turgun de weile bu mbi ,	verb::vv e::pst.ptcp nv::nv cm::dat nv::nv verb::vv e::fve.npst mark::comma
taka isinji rakū ,	nv::nv verb::vv e::npst.ptcp.neg mark::comma
han i afabu ha tondo jurgan be kice rakū ,	nv::nv cm::gen verb::vv e::pst.ptcp nv::adj nv::nv cm::acc verb::vv e::npst.ptcp.neg mark::comma
han i bu re šang ,	nv::nv cm::gen verb::vv e::npst.ptcp nv::nv mark::comma
afabu ha weile be mute mbi ,	verb::vv e::pst.ptcp nv::nv cm::acc verb::vv e::fve.npst mark::comma
juwe niyalma gercile me anafu te he jušen de ala fi amca fi wa ha seme ,	nv::nv nv::nv verb::vv e::cve nv::nv verb::vv e::pst.ptcp nv::nv cm::dat verb::vv e::cve verb::vv e::cve verb::vv e::pst.ptcp comp mark::comma
donggo_efu ,	nn::prpn mark::comma
○ du_tang ni bithe wasimbu ha ,	mark::circle nv::nv cm::gen nv::nv verb::vv e::pst.ptcp mark::comma
ere i gurun adun ulha be ,	nv::nv cm::gen nv::nv nv::nv nv::nv cm::acc mark::comma
orin ci dosi ,	nv::nv cm::abl nv::nv mark::comma
dodo_age ,	nn::prpn mark::comma
geren be gai fi duin dere duin hošo ara me jakūn ba de ili fi ,	nv::adj cm::acc verb::vv e::cve nv::nv nv::nv nv::nv nv::nv verb::vv e::cve nv::nv nv::nv cm::dat verb::vv e::cve mark::comma
simiyan i hecen de sejen poo sinda ha gese hai_jeo i hecen i tulergi ulan i dolo sejen poo sinda me saikan dasa ∅ ,	nn::prpn.plc cm::gen nv::nv cm::dat nv::nv nv::nv verb::vv e::pst.ptcp nv::nv nn::prpn cm::gen nv::nv cm::gen nv::nv nv::nv cm::gen nv::nv nv::nv nv::nv verb::vv e::cve nv::adj verb::vv e::fve.imperative mark::comma
abka de tafa ci wan akū ,	nv::nv cm::dat verb::vv e::cve nv::nv nv::adj mark::comma
tombasi gebungge niyalma i karun sabu hakūbi ,	nn::prpn.person nv::adj nv::nv cm::gen nv::nv verb::vv e::fve.prs.prf.neg mark::comma
jongnon hendu me ,	nn::prpn.person verb::vv e::cve mark::comma
solho i amba du_yuwanšuwai hendu me ,	nv::nv cm::gen nv::adj nv::nv verb::vv e::cve mark::comma
beye be temgetule me yabu ∅ ,	nv::nv cm::acc verb::vv e::cve verb::vv e::fve.imperative mark::comma
tanggū niyalma be kadala ra niyalma o ci ,	nv::nv nv::nv cm::acc verb::vv e::npst.ptcp nv::nv verb::vv e::cve mark::comma
ši_ceng ni ba i wang_ging_lung gebungge niyalma ,	nn::prpn cm::gen nv::nv cm::gen nn::prpn nv::adj nv::nv mark::comma
cing_tai_ioi ,	nn::prpn mark::comma
yekšu ,	nn::prpn.person mark::comma
asibu ,	nn::prpn.person mark::comma
min i gisure he gisun gemu uru o mbi o ,	pn::1sg cm::gen verb::vv e::pst.ptcp nv::nv nv::nv nv::nv verb::vv e::fve.npst ptcl mark::comma
fung_hūwang ni iogi ,	nn::prpn cm::gen nv::nv mark::comma
niyalma de baibi bu me waji re ulin i jalin de ,	nv::nv cm::dat nv::nv verb::vv e::cve verb::vv e::npst.ptcp nv::nv cm::gen nv::nv cm::dat mark::comma
○ deo ši_tiyan_ju funde ,	mark::circle nv::nv nn::prpn nv::nv mark::comma
tuttu sasa dosi rakū emu juwe ba i niyalma efule me baha ha seme dosi ci ,	nv::nv nv::nv verb::vv e::npst.ptcp.neg nv::nv nv::nv nv::nv cm::gen nv::nv verb::vv e::cve verb::vv e::pst.ptcp comp verb::vv e::cve mark::comma
ineku orin haha de ,	nv::nv nv::nv nv::nv cm::dat mark::comma
baicuka ,	nn::prpn.person mark::comma
han i bithe ,	nv::nv cm::gen nv::nv mark::comma
min i beye de banji ha juse ci ,	pn::1sg cm::gen nv::nv cm::dat verb::vv e::pst.ptcp nv::nv cm::abl mark::comma
gemu uijeng beile i boo i jaka de hūlhabu habi ,	nv::nv nn::prpn.person nv::nv cm::gen nv::nv cm::gen nv::nv cm::dat verb::vv e::fve.prs.prf mark::comma
nikan gurun i wan_lii_han buce he ,	nv::nv nv::nv cm::gen nn::prpn verb::vv e::pst.ptcp mark::comma
beile se amban sa hendu me ,	nv::nv nv::nv nv::nv nv::nv verb::vv e::cve mark::comma
cooha i niyalma tere boo i fejile ili fi ,	nv::nv cm::gen nv::nv nv::nv nv::nv cm::gen nv::nv verb::vv e::cve mark::comma
○ ninggun biya i ice ninggun de ,	mark::circle nv::nv nv::nv cm::gen nv::adj nv::nv cm::dat mark::comma
bi koro rakū ūn ,	pn::1sg verb::vv e::npst.ptcp.neg ptcl mark::comma
han i bithe wasimbu ha ,	nv::nv cm::gen nv::nv verb::vv e::pst.ptcp mark::comma
monggo i joriktu_beile i jui babai_taiji ci ,	nv::nv cm::gen nn::prpn cm::gen nv::nv nn::prpn cm::abl mark::comma
sunjata honin bu he ,	nv::nv nv::nv verb::vv e::pst.ptcp mark::comma
juwe morin benji me juwan de isinji ha bi he ,	nv::nv nv::nv verb::vv e::cve nv::nv cm::dat verb::vv e::pst.ptcp verb::vv e::pst.ptcp mark::comma
min i fe šang ,	pn::1sg cm::gen nv::adj nv::nv mark::comma
tangse de bithe deiji me indahūn aniya omšon biya de gashū ha ,	nv::nv cm::dat nv::nv verb::vv e::cve nv::nv nv::nv nv::nv nv::nv cm::dat verb::vv e::pst.ptcp mark::comma
buyantu_efu i sargan ,	nn::prpn cm::gen nv::nv mark::comma
hai_si ta_šan_wei i du_jy_hūi_ši tungginu i jui sibege ,	nn::prpn nn::prpn cm::gen nv::nv nn::prpn.person cm::gen nv::nv nn::prpn.person mark::comma
emu honin wa fi ,	nv::nv nv::nv verb::vv e::cve mark::comma
sung_šan i adali fulenggi o mbi ,	nn::prpn cm::gen nv::adj nv::nv verb::vv e::fve.npst mark::comma
liyoodung hecen be gai ha de ,	nn::prpn.plc nv::nv cm::acc verb::vv e::pst.ptcp cm::dat mark::comma
emu juwe i ume isa ra ,	nv::nv nv::nv cm::gen nv::nv verb::vv e::npst.ptcp mark::comma
suwe men de ala ∅ ,	pn::2pl pn::1pl.excl cm::dat verb::vv e::fve.imperative mark::comma
ula de buce he seme ,	nv::nv cm::dat verb::vv e::pst.ptcp comp mark::comma
duka de ilibu fi ,	nv::nv cm::dat verb::vv e::cve mark::comma
○ orin sunja de ,	mark::circle nv::nv nv::nv cm::dat mark::comma
bi wargi be gene re ,	pn::1sg nv::nv cm::acc verb::vv e::npst.ptcp mark::comma
na de dosi ci jurun akū seme habša ra jaka de ,	nv::nv cm::dat verb::vv e::cve nv::nv nv::adj comp verb::vv e::npst.ptcp nv::nv cm::dat mark::comma
fe kooli sarila ∅ ,	nv::adj nv::nv verb::vv e::fve.imperative mark::comma
juwan hehe ,	nv::nv nv::nv mark::comma
nikan i poo sinda ra jilgan be donji fi ,	nv::nv cm::gen nv::nv verb::vv e::npst.ptcp nv::nv cm::acc verb::vv e::cve mark::comma
uba i yaya beile se ,	nv::nv cm::gen nv::nv nv::nv nv::nv mark::comma
balai unca me wacihiya mbi kai ,	nv::nv verb::vv e::cve verb::vv e::fve.npst ptcl mark::comma
sa ha sa hai jafa ∅ ,	verb::vv e::pst.ptcp verb::vv e::cve verb::vv e::fve.imperative mark::comma
dzung_bing_guwan darhan_hiya ,	nv::nv nn::prpn mark::comma
efule he hoošan nadanju sunja ,	verb::vv e::pst.ptcp nv::nv nv::nv nv::nv mark::comma
min i ukanju gaji ∅ seme ,	pn::1sg cm::gen nv::nv verb::vv e::fve.imperative comp mark::comma
suwen i beye balai ume latu re .	pn::2pl cm::gen nv::nv nv::nv nv::nv verb::vv e::npst.ptcp mark::period
han hendu me ,	nv::nv verb::vv e::cve mark::comma
orin emu morin ,	nv::nv nv::nv nv::nv mark::comma
eksingge de unggi he bithe i gisun ,	nn::prpn.person cm::dat verb::vv e::pst.ptcp nv::nv cm::gen nv::nv mark::comma
gemu hūlha holo ehe mujilen be waliya ∅ ,	nv::nv nv::nv nv::nv nv::adj nv::nv cm::acc verb::vv e::fve.imperative mark::comma
gulu lamun i bithe monggoli re de ,	nv::adj nv::adj cm::gen nv::nv verb::vv e::npst.ptcp cm::dat mark::comma
amca ha niyalma be ,	verb::vv e::pst.ptcp nv::nv cm::acc mark::comma
šoto_taiji ,	nn::prpn mark::comma
fu_jeo i niyalma jobo ho ,	nn::prpn cm::gen nv::nv verb::vv e::pst.ptcp mark::comma
tarhū gai fi du_tang de bene he ,	nn::prpn.person verb::vv e::cve nv::nv cm::dat verb::vv e::pst.ptcp mark::comma
suwen de adarame akda fi jaisai be tucibu fi unggi mbi ,	pn::2pl cm::dat nv::nv verb::vv e::cve nn::prpn.person cm::acc verb::vv e::cve verb::vv e::fve.npst mark::comma
be_tu_cang de te mbi ,	nn::prpn cm::dat verb::vv e::fve.npst mark::comma
yehe i nomhon ,	nv::nv cm::gen nv::adj mark::comma
aikabade tere gese baita tuci ci hairakan ,	nv::nv nv::nv nv::nv nv::nv verb::vv e::cve nv::adj mark::comma
šusai sa ,	nv::nv nv::nv mark::comma
oode ,	nn::prpn.person mark::comma
teleri ,	nv::nv mark::comma
wang_dzung_šeng beiguwan be caiha de daisela me unggi he ,	nn::prpn nv::nv cm::acc nn::prpn.plc cm::dat verb::vv e::cve verb::vv e::pst.ptcp mark::comma
muse dosi ki seme hendu fi ,	pn::1pl.incl verb::vv e::fve.opt comp verb::vv e::cve mark::comma
niyalma guwe hekū niyalma de menggun i weile kemuni waliya mbi .	nv::nv verb::vv e::pst.ptcp.neg nv::nv cm::dat nv::nv cm::gen nv::nv nv::nv verb::vv e::fve.npst mark::period
ehe_šuwa ci wesihun ,	nn::prpn cm::abl nv::nv mark::comma
gulu šanggiyan i gūwalca_ecike ,	nv::adj nv::nv cm::gen nn::prpn mark::comma
ši_fang_sy de isinji habi seme alanji ha manggi ,	nn::prpn cm::dat verb::vv e::fve.prs.prf comp verb::vv e::pst.ptcp nv::nv mark::comma
wei gūsa i hūrhan yooni gaji hakūbi ,	nv::nv nv::nv cm::gen nv::nv nv::nv verb::vv e::fve.prs.prf.neg mark::comma
te bi ere dain be deribu he ngge ,	nv::nv pn::1sg nv::nv nv::nv cm::acc verb::vv e::pst.ptcp nmlz::nmlz mark::comma
nene me weile baha ha eden ,	verb::vv e::cve nv::nv verb::vv e::pst.ptcp nv::adj mark::comma
baduri dzung_bing_guwan ,	nn::prpn.person nv::nv mark::comma
wan_lii_han i birai_dergi ba be min de bu he .	nn::prpn cm::gen nn::prpn nv::nv cm::acc pn::1sg cm::dat verb::vv e::pst.ptcp mark::period
jeku acan je ∅ ,	nv::nv nv::nv verb::vv e::fve.imperative mark::comma
emu jergi han i yamun de gaji ha ,	nv::nv nv::nv nv::nv cm::gen nv::nv cm::dat verb::vv e::pst.ptcp mark::comma
aita fujiyang de juwan de wasimbu ha ,	nn::prpn.person nv::nv cm::dat nv::nv cm::dat verb::vv e::pst.ptcp mark::comma
duka i tule juwe moo ilibu ha .	nv::nv cm::gen nv::nv nv::nv nv::nv verb::vv e::pst.ptcp mark::period
han ,	nv::nv mark::comma
○ juwan ilan de ,	mark::circle nv::nv nv::nv cm::dat mark::comma
jase i jakara me tai de fe an i niyalma sinda fi akdula me tuwakiyabu ∅ ,	nv::nv cm::gen verb::vv e::cve nv::nv cm::dat nv::adj nv::nv cm::gen nv::nv verb::vv e::cve verb::vv e::cve verb::vv e::fve.imperative mark::comma
weile mute re ngge abka kai ,	nv::nv verb::vv e::npst.ptcp nmlz::nmlz nv::nv ptcl mark::comma
gene re gašan i teisu kiyoo ca ha gese hetu lasha juwe ba i dube juhe jafa ha ba be doo fi cooha sucu ci ,	verb::vv e::npst.ptcp nv::nv cm::gen nv::nv nv::nv verb::vv e::pst.ptcp nv::nv nv::adj nv::nv nv::nv nv::nv cm::gen nv::nv nv::nv verb::vv e::pst.ptcp nv::nv cm::acc verb::vv e::cve nv::nv verb::vv e::cve mark::comma
○ nangnuk_beile i horomsi ,	mark::circle nn::prpn cm::gen nn::prpn.person mark::comma
menggun juwan yan ,	nv::nv nv::nv nv::nv mark::comma
abka hada be min de bu he ,	nv::nv nn::prpn.plc cm::acc pn::1sg cm::dat verb::vv e::pst.ptcp mark::comma
jušen i emgi kamci ha nikan i jeku be ,	nv::nv cm::gen nv::nv verb::vv e::pst.ptcp nv::nv cm::gen nv::nv cm::acc mark::comma
fejergi jalan seme asuru girubu ci ,	nv::nv nv::nv comp nv::nv verb::vv e::cve mark::comma
jušen ume da ra ,	nv::nv nv::nv verb::vv e::npst.ptcp mark::comma
○ meihe erin de ,	mark::circle nv::nv nv::nv cm::dat mark::comma
folo ho umiyesun ,	verb::vv e::pst.ptcp nv::nv mark::comma
abtai_nakcu be akū bi he seme dabu hakū ,	nn::prpn cm::acc nv::adj verb::vv e::pst.ptcp comp verb::vv e::pst.ptcp.neg mark::comma
dobi_ecike ,	nn::prpn mark::comma
in i geren juse be gashūbu ha gisun ,	pn::3sg cm::gen nv::adj nv::nv cm::acc verb::vv e::pst.ptcp nv::nv mark::comma
weile baha ha kai .	nv::nv verb::vv e::pst.ptcp ptcl mark::period
jakūn sefu be ,	nv::nv nv::nv cm::acc mark::comma
enggeder ,	nn::prpn.person mark::comma
min i tukiye he sunja amban ,	pn::1sg cm::gen verb::vv e::pst.ptcp nv::nv nv::nv mark::comma
tungken ,	nv::nv mark::comma
boihon i beye be ume tuwa ra ,	nv::nv cm::gen nv::nv cm::acc nv::nv verb::vv e::npst.ptcp mark::comma
hergen bu he niyalma i bithe be tuwa ra de ,	nv::nv verb::vv e::pst.ptcp nv::nv cm::gen nv::nv cm::acc verb::vv e::npst.ptcp cm::dat mark::comma
tagatai ,	nn::prpn.person mark::comma
jase i tule ilan ba i dube de ebu fi ,	nv::nv cm::gen nv::nv nv::nv nv::nv cm::gen nv::nv cm::dat verb::vv e::cve mark::comma
gultai be wesibu fi iogi obu ha .	nn::prpn.person cm::acc verb::vv e::cve nv::nv verb::vv e::pst.ptcp mark::period
irincin ,	nn::prpn.person mark::comma
gemu ere duin biya i juwan uyun de isinji me ji mbi seme ala ha manggi ,	nv::nv nv::nv nv::nv nv::nv cm::gen nv::nv nv::nv cm::dat verb::vv e::cve verb::vv e::fve.npst comp verb::vv e::pst.ptcp nv::nv mark::comma
tabcin unggi ci ,	nv::nv verb::vv e::cve mark::comma
sargan jui cihangga o ci gai mbi ,	nv::nv nv::nv nv::adj verb::vv e::cve verb::vv e::fve.npst mark::comma
ume olho ro seme hendu he bi he ,	nv::nv verb::vv e::npst.ptcp comp verb::vv e::pst.ptcp verb::vv e::pst.ptcp mark::comma
amba genggiyen_han saiša fi ,	nv::adj nn::prpn verb::vv e::cve mark::comma
monggo de emu gūsa de barang ni jergi emte amban gai fi te kini ,	nv::nv cm::dat nv::nv nv::nv cm::dat nn::prpn.person cm::gen nv::nv nv::nv nv::nv verb::vv e::cve verb::vv e::fve.opt mark::comma
meni meni beye be meni meni bederebu rakū o fi ,	nv::nv nv::nv nv::nv cm::acc nv::nv nv::nv verb::vv e::npst.ptcp.neg verb::vv e::cve mark::comma
tere yamji unahalai be ,	nv::nv nv::nv nn::prpn.person cm::acc mark::comma
○ efu gege be jafa fi bi ∅ seme bu he bithe i gisun ,	mark::circle nv::nv nv::nv cm::acc verb::vv e::cve verb::vv e::fve.imperative comp verb::vv e::pst.ptcp nv::nv cm::gen nv::nv mark::comma
han i afabu ha jurgan be jurce rakū ,	nv::nv cm::gen verb::vv e::pst.ptcp nv::nv cm::acc verb::vv e::npst.ptcp.neg mark::comma
ceceri uyunju sunja ,	nv::nv nv::nv nv::nv mark::comma
hebe i gisun hebde me isa cibe ,	nv::nv cm::gen nv::nv verb::vv e::cve verb::vv e::cve mark::comma
ša_lo be hehesi etu kini .	nv::nv cm::acc nv::nv verb::vv e::fve.opt mark::period
boo be ,	nv::nv cm::acc mark::comma
ice ilan de baha ha ,	nv::adj nv::nv cm::dat verb::vv e::pst.ptcp mark::comma
dain i nikan baha ci ,	nv::nv cm::gen nv::nv verb::vv e::cve mark::comma
giyen ,	nv::nv mark::comma
lungsi ,	nn::prpn.person mark::comma
duin aniya o tolo ,	nv::nv nv::nv verb::vv e::cve mark::comma
ilan sejen de ,	nv::nv nv::nv cm::dat mark::comma
kicungge ,	nn::prpn.person mark::comma
min i kadala ra emu jalan i sunja niru i cooha be fujiyang ci fakca rakū ,	pn::1sg cm::gen verb::vv e::npst.ptcp nv::nv nv::nv cm::gen nv::nv nv::nv cm::gen nv::nv cm::acc nv::nv cm::abl verb::vv e::npst.ptcp.neg mark::comma
ehe_holo i emu beiguwan ,	nn::prpn cm::gen nv::nv nv::nv mark::comma
min de wang ni gebu bu ci ,	pn::1sg cm::dat nv::nv cm::gen nv::nv verb::vv e::cve mark::comma
jaisai juwe jui jurce me ,	nn::prpn.person nv::nv nv::nv verb::vv e::cve mark::comma
emu aisin i umiyesun ,	nv::nv nv::nv cm::gen nv::nv mark::comma
gala isi ka de ,	nv::nv verb::vv e::pst.ptcp cm::dat mark::comma
juwe ihan ,	nv::nv nv::nv mark::comma
jai orin niyalma be sinda ∅ ,	nv::nv nv::nv nv::nv cm::acc verb::vv e::fve.imperative mark::comma
coko ,	nv::nv mark::comma
tulergi golo golo i jeku akū ba i nikasa de ,	nv::nv nv::nv nv::nv cm::gen nv::nv nv::adj nv::nv cm::gen nv::nv cm::dat mark::comma
anafu gene he ba de ,	nv::nv verb::vv e::pst.ptcp nv::nv cm::dat mark::comma
aisin i šerin hada ha mahala emke ,	nv::nv cm::gen nv::nv verb::vv e::pst.ptcp nv::nv nv::nv mark::comma
jušen ,	nv::nv mark::comma
emu biya i on be alin be daba me muke be olo me ji he ngge ,	nv::nv nv::nv cm::gen nv::nv cm::acc nv::nv cm::acc verb::vv e::cve nv::nv cm::acc verb::vv e::cve verb::vv e::pst.ptcp nmlz::nmlz mark::comma
ineku tere inenggi lio_fujiyang de wasimbu ha ,	nv::nv nv::nv nv::nv nn::prpn cm::dat verb::vv e::pst.ptcp mark::comma
hošotu ,	nn::prpn.person mark::comma
han fonji me ,	nv::nv verb::vv e::cve mark::comma
baduri dzung_bing_guwan ,	nn::prpn.person nv::nv mark::comma
wehe nimaha i sukū buri ha enggemu nadan ,	nv::nv nv::nv cm::gen nv::nv verb::vv e::pst.ptcp nv::nv nv::nv mark::comma
dain de baha ha ai ai jaka be gaji me jide re de ,	nv::nv cm::dat verb::vv e::pst.ptcp nv::nv nv::nv nv::nv cm::acc verb::vv e::cve verb::vv e::npst.ptcp cm::dat mark::comma
sonjo me komso je me banji re ngge ,	verb::vv e::cve nv::adj verb::vv e::cve verb::vv e::npst.ptcp nmlz::nmlz mark::comma
yehe ,	nv::nv mark::comma
tere jugūn be juwe tanggū cooha tuwakiya kini ,	nv::nv nv::nv cm::acc nv::nv nv::nv nv::nv verb::vv e::fve.opt mark::comma
morin tarhū hai teile unggi mbi ,	nv::nv verb::vv e::cve nv::nv verb::vv e::fve.npst mark::comma
yanggai ,	nn::prpn.person mark::comma
sure_kundulen_han efule he manggi ,	nn::prpn verb::vv e::pst.ptcp nv::nv mark::comma
tabai de orita bu he .	nn::prpn.person cm::dat nv::nv verb::vv e::pst.ptcp mark::period
ice uhete ,	nv::adj nv::nv mark::comma
tere gashū re siden de ,	nv::nv verb::vv e::npst.ptcp nv::nv cm::dat mark::comma
ula de emgeri gidalabu ha seme juwan emu yan i weile waliya mbi ,	nv::nv cm::dat nv::nv verb::vv e::pst.ptcp comp nv::nv nv::nv nv::nv cm::gen nv::nv verb::vv e::fve.npst mark::comma
hai_si ili_wei i du_jy_hūi_tungjy canggulu i jui hejingge ,	nn::prpn nn::prpn cm::gen nv::nv nn::prpn.person cm::gen nv::nv nn::prpn.person mark::comma
tere i gene he ngge tulesi o ho seme ,	nv::nv cm::gen verb::vv e::pst.ptcp nmlz::nmlz nv::nv verb::vv e::pst.ptcp comp mark::comma
tung_tsanjiyang ni beye be tuwakiyabu ∅ .	nn::prpn cm::gen nv::nv cm::acc verb::vv e::fve.imperative mark::period
○ gebakū be daise iogi beiguwan i hergen bu he bi he ,	mark::circle nn::prpn.person cm::acc nv::nv nv::nv nv::nv cm::gen nv::nv verb::vv e::pst.ptcp verb::vv e::pst.ptcp mark::comma
afabu ha weile be mute mbi ,	verb::vv e::pst.ptcp nv::nv cm::acc verb::vv e::fve.npst mark::comma
tsanjiyang ni hergen be wesibu fi fujiyang ni hergen bu fi ,	nv::nv cm::gen nv::nv cm::acc verb::vv e::cve nv::nv cm::gen nv::nv verb::vv e::cve mark::comma
menggun i susai yan i cara emke ,	nv::nv cm::gen nv::nv nv::nv cm::gen nv::nv nv::nv mark::comma
jušen seke haya ha puse noho suje i buri ha jibca ninggun ,	nv::nv nv::nv verb::vv e::pst.ptcp nv::nv nv::nv nv::nv cm::gen verb::vv e::pst.ptcp nv::nv nv::nv mark::comma
etuku usihi ci usihi kini aina ,	nv::nv verb::vv e::cve verb::vv e::fve.opt verb::vv.npst mark::comma
in i cisu i emhun gonggi fi in i boo de gaji fi gisun fonji habi ,	pn::3sg cm::gen nv::nv cm::gen nv::nv verb::vv e::cve pn::3sg cm::gen nv::nv cm::dat verb::vv e::cve nv::nv verb::vv e::fve.prs.prf mark::comma
ba ba i šancin ci wasi ka boigon i nikan be ,	nv::nv nv::nv cm::gen nv::nv cm::abl verb::vv e::pst.ptcp nv::nv cm::gen nv::nv cm::acc mark::comma
weile ara ki seme baica ci ,	nv::nv verb::vv e::fve.opt comp verb::vv e::cve mark::comma
samsu i ergume ,	nv::nv cm::gen nv::nv mark::comma
sain be sain ,	nv::adj cm::acc nv::adj mark::comma
○ □□□ han i pai be gai fi ,	mark::circle mark::unknown nv::nv cm::gen nv::nv cm::acc verb::vv e::cve mark::comma
gabta ha feyengge amban sa gurgu tuci fi gene re be ,	verb::vv e::pst.ptcp nv::nv nv::nv nv::nv nv::nv verb::vv e::cve verb::vv e::npst.ptcp cm::acc mark::comma
gūsa i ejen meni meni gūsa i niyalma be ,	nv::nv cm::gen nv::nv nv::nv nv::nv nv::nv cm::gen nv::nv cm::acc mark::comma
deli_wehe ,	nn::prpn mark::comma
kesitu ,	nv::nv mark::comma
gūwa ba de inu ambula bi ,	nv::nv nv::nv cm::dat nv::nv nv::nv verb::vv.npst mark::comma
abka de gele rakū ūn ,	nv::nv cm::dat verb::vv e::npst.ptcp.neg ptcl mark::comma
emu jergi ,	nv::nv nv::nv mark::comma
ajige ajige deji bu fi baha ha niyalma gemu gai kini ,	nv::adj nv::adj nv::nv verb::vv e::cve verb::vv e::pst.ptcp nv::nv nv::nv verb::vv e::fve.opt mark::comma
tere emu ,	nv::nv nv::nv mark::comma
uju jergi iogi obu ha ,	nv::nv nv::nv nv::nv verb::vv e::pst.ptcp mark::comma
amala gūwa gercile he de weile .	nv::nv nv::nv verb::vv e::pst.ptcp cm::dat nv::nv mark::period
jai afabu ha weile be mute mbi ,	nv::nv verb::vv e::pst.ptcp nv::nv cm::acc verb::vv e::fve.npst mark::comma
ci_giya_pu de umai akū bi he ,	nn::prpn cm::dat nv::nv nv::adj verb::vv e::pst.ptcp mark::comma
ilan tumen solho cooha be abka wa ha ,	nv::nv nv::nv nv::nv nv::nv cm::acc nv::nv verb::vv e::pst.ptcp mark::comma
amargi be saikan kadala ∅ .	nv::nv cm::acc nv::adj verb::vv e::fve.imperative mark::period
○ orin emu de ,	mark::circle nv::nv nv::nv cm::dat mark::comma
jai han i beye hecen de dosi fi ,	nv::nv nv::nv cm::gen nv::nv nv::nv cm::dat verb::vv e::cve mark::comma
asai ,	nn::prpn.person mark::comma
jeku ujima gana ra ngge be ,	nv::nv nv::nv verb::vv e::npst.ptcp nmlz::nmlz cm::acc mark::comma
yooni bi seme bithe wesimbu ∅ ,	nv::nv verb::vv.npst comp nv::nv verb::vv e::fve.imperative mark::comma
suwen i emhe ,	pn::2pl cm::gen nv::nv mark::comma
min i wa ha ngge jurgan kai ,	pn::1sg cm::gen verb::vv e::pst.ptcp nmlz::nmlz nv::nv ptcl mark::comma
○ juwan uyun de ,	mark::circle nv::nv nv::nv cm::dat mark::comma
tere gisun de ,	nv::nv nv::nv cm::dat mark::comma
ajige ajige weile be ,	nv::adj nv::adj nv::nv cm::acc mark::comma
turgei dzung_bing_guwan be hala me ,	nn::prpn.person nv::nv cm::acc verb::vv e::cve mark::comma
tere inenggi ,	nv::nv nv::nv mark::comma
coirjal iogi be wesibu fi tsanjiyang obu ha .	nn::prpn.person nv::nv cm::acc verb::vv e::cve nv::nv verb::vv e::pst.ptcp mark::period
gusantai_efu ,	nn::prpn mark::comma
fu_jeo hecen i teile da tolo ro de ,	nn::prpn nv::nv cm::gen nv::nv nv::nv verb::vv e::npst.ptcp cm::dat mark::comma
šajin de ,	nv::nv cm::dat mark::comma
○ yecen be ,	mark::circle nn::prpn.person cm::acc mark::comma
ehe o ci men i dolo ,	nv::adj verb::vv e::cve pn::1pl.excl cm::gen nv::nv mark::comma
men i jušen gurun be daila me wacihiya fi ,	pn::1pl.excl cm::gen nv::nv nv::nv cm::acc verb::vv e::cve verb::vv e::cve mark::comma
hecen i amargi fajiran be afa me wan sinda fi kalka gama fi afa ci ,	nv::nv cm::gen nv::nv nv::nv cm::acc verb::vv e::cve nv::nv verb::vv e::cve nv::nv verb::vv e::cve verb::vv e::cve mark::comma
duka_ala de dedu he .	nn::prpn cm::dat verb::vv e::pst.ptcp mark::period
tuttu tondo i fafula rakū ehe miosihon jurgan i yabu ci ,	nv::nv nv::adj cm::gen verb::vv e::npst.ptcp.neg nv::adj nv::adj nv::nv cm::gen verb::vv e::cve mark::comma
buyeri ,	nn::prpn.person mark::comma
weile he jeku i dabala ,	verb::vv e::pst.ptcp nv::nv cm::gen ptcl mark::comma
bodo ci isi rakū ci ,	verb::vv e::cve verb::vv e::npst.ptcp.neg e::cve mark::comma
juwe bon ,	nv::nv nv::nv mark::comma
ji he manggi ,	verb::vv e::pst.ptcp nv::nv mark::comma
○ juwan duin de ,	mark::circle nv::nv nv::nv cm::dat mark::comma
amba_beile i cooha be sabu fi ,	nn::prpn cm::gen nv::nv cm::acc verb::vv e::cve mark::comma
jaisa i morin be yalu fi ,	nn::prpn.person cm::gen nv::nv cm::acc verb::vv e::cve mark::comma
ufara ra de ai kemun ,	verb::vv e::npst.ptcp cm::dat nv::nv nv::nv mark::comma
monggo i ujula ha uyun beile de emte sara ,	nv::nv cm::gen verb::vv e::pst.ptcp nv::nv nv::nv cm::dat nv::nv nv::nv mark::comma
ere ci amasi ,	nv::nv cm::abl nv::nv mark::comma
jori ha jurgan be jurce rakū seme beiguwan obu ha .	verb::vv e::pst.ptcp nv::nv cm::acc verb::vv e::npst.ptcp.neg comp nv::nv verb::vv e::pst.ptcp mark::period
jaisa_monggo ,	nn::prpn mark::comma
amin_beile ,	nn::prpn mark::comma
saikan kimci me baica ∅ ,	nv::adj verb::vv e::cve verb::vv e::fve.imperative mark::comma
oforo šan be sirdan toko fi sinda ha .	nv::nv nv::nv cm::acc nv::nv verb::vv e::cve verb::vv e::pst.ptcp mark::period
orin ilan de ,	nv::nv nv::nv cm::dat mark::comma
si uttu nikan de da me gūni ci ,	pn::2sg nv::nv nv::nv cm::dat verb::vv e::cve verb::vv e::cve mark::comma
han i bithe ,	nv::nv cm::gen nv::nv mark::comma
cahar ci ji he beile se de bu he ngge ,	nn::prpn.plc cm::abl verb::vv e::pst.ptcp nv::nv nv::nv cm::dat verb::vv e::pst.ptcp nmlz::nmlz mark::comma
bi gūni me amba gurun i niyalma suwen be geli gosi mbi seme gūni ha bi he kai ,	pn::1sg verb::vv e::cve nv::adj nv::nv cm::gen nv::nv pn::2pl cm::acc nv::nv verb::vv e::fve.npst comp verb::vv e::pst.ptcp verb::vv e::pst.ptcp ptcl mark::comma
ilan inenggi isabu fi jai daha rakū ojo ro jaka de ,	nv::nv nv::nv verb::vv e::cve nv::nv verb::vv e::npst.ptcp.neg verb::vv e::npst.ptcp nv::nv cm::dat mark::comma
orita yan gai ha ,	nv::nv nv::nv verb::vv e::pst.ptcp mark::comma
juwan hehe ,	nv::nv nv::nv mark::comma
ehe sain be dere bani rakū ,	nv::adj nv::adj cm::acc nv::nv verb::vv e::npst.ptcp.neg mark::comma
abka tulhuše fi juwe ilan jergi seberše me majige aga fi ihan erin de gala ka ,	nv::nv verb::vv e::cve nv::nv nv::nv nv::nv verb::vv e::cve nv::adj verb::vv e::cve nv::nv nv::nv cm::dat verb::vv e::pst.ptcp mark::comma
genggiyen_han ,	nn::prpn mark::comma
jaisanggū i sargan de gisure he be ,	nn::prpn.person cm::gen nv::nv cm::dat verb::vv e::pst.ptcp cm::acc mark::comma
ula de emu feye baha ha seme ,	nv::nv cm::dat nv::nv nv::nv verb::vv e::pst.ptcp comp mark::comma
bahada ,	nn::prpn.person mark::comma
sain kooli sain gisun be kice me donji fi eje me gai fi ,	nv::adj nv::nv nv::adj nv::nv cm::acc verb::vv e::cve verb::vv e::cve verb::vv e::cve verb::vv e::cve mark::comma
ehe be ehe seme han de ala mbi ,	nv::adj cm::acc nv::adj comp nv::nv cm::dat verb::vv e::fve.npst mark::comma
afabu ha weile be mute mbi ,	verb::vv e::pst.ptcp nv::nv cm::acc verb::vv e::fve.npst mark::comma
duin minggan sunja tanggū susai emu hule jeku be ,	nv::nv nv::nv nv::nv nv::nv nv::nv nv::nv nv::nv nv::nv cm::acc mark::comma
jakūn morin bu he ,	nv::nv nv::nv verb::vv e::pst.ptcp mark::comma
afabu ha weile be mute mbi ,	verb::vv e::pst.ptcp nv::nv cm::acc verb::vv e::fve.npst mark::comma
irešen bi ,	nn::prpn.person verb::vv.npst mark::comma
tuttu dasa fi akdula me tuwakiya ha ,	nv::nv verb::vv e::cve verb::vv e::cve verb::vv e::pst.ptcp mark::comma
jirga hai dele geli jirga ki seme bai me ji he ,	verb::vv e::cve nv::nv nv::nv verb::vv e::fve.opt comp verb::vv e::cve verb::vv e::pst.ptcp mark::comma
han i hūla me bu he šang ,	nv::nv cm::gen verb::vv e::cve verb::vv e::pst.ptcp nv::nv mark::comma
jeku be ekiyehun gai fi bu ci ,	nv::nv cm::acc nv::adj verb::vv e::cve verb::vv e::cve mark::comma
muse de saišabu fi tukiye he hafan waka ,	pn::1pl.incl cm::dat verb::vv e::cve verb::vv e::pst.ptcp nv::nv nv::adj mark::comma
hūwa i dolo takūrša ra hahasi emhun ume yabu re ,	nv::nv cm::gen nv::nv verb::vv e::npst.ptcp nv::nv nv::nv nv::nv verb::vv e::npst.ptcp mark::comma
erdemu akū bi cibe ,	nv::nv nv::adj verb::vv e::cve mark::comma
tsuiban_saman be takūra ha labdu seme ,	nn::prpn cm::acc verb::vv e::pst.ptcp nv::nv comp mark::comma
jušen nungne mbi seme ,	nv::nv verb::vv e::fve.npst comp mark::comma
men i nikan i cooha gai fi yabu re amban sa ,	pn::1pl.excl cm::gen nv::nv cm::gen nv::nv verb::vv e::cve verb::vv e::npst.ptcp nv::nv nv::nv mark::comma
min i beye akū o ho manggi ,	pn::1sg cm::gen nv::nv nv::adj verb::vv e::pst.ptcp nv::nv mark::comma
cooha i niyalma juleri gai fi afa rakū kai ,	nv::nv cm::gen nv::nv nv::nv verb::vv e::cve verb::vv e::npst.ptcp.neg ptcl mark::comma
beye buce kini ,	nv::nv verb::vv e::fve.opt mark::comma
be_ta_pu i da de amba ing hada fi ,	nn::prpn cm::gen nv::nv cm::dat nv::adj nv::nv verb::vv e::cve mark::comma
baha ha olji ulha be hergengge amban sa de šangna ra de ,	verb::vv e::pst.ptcp nv::nv nv::nv cm::acc nv::adj nv::nv nv::nv cm::dat verb::vv e::npst.ptcp cm::dat mark::comma
suwayan_jidun ,	nn::prpn mark::comma
tere ci gūwa monggo be asara ∅ ,	nv::nv cm::abl nv::nv nv::nv cm::acc verb::vv e::fve.imperative mark::comma
te ere mao_wen_lung ,	nv::nv nv::nv nn::prpn mark::comma
○ yehe i gurun be efule he de ,	mark::circle nv::nv cm::gen nv::nv cm::acc verb::vv e::pst.ptcp cm::dat mark::comma
beide ,	nn::prpn.person mark::comma
adarame se ci ,	nv::nv verb::vv e::cve mark::comma
ama han de niyalma takūra fi ,	nv::nv nv::nv cm::dat nv::nv verb::vv e::cve mark::comma
ama be wa ha batangga nikan gurun be daila rakū ,	nv::nv cm::acc verb::vv e::pst.ptcp nv::adj nv::nv nv::nv cm::acc verb::vv e::npst.ptcp.neg mark::comma
dzung_bing_guwan de gūsin sunjata haha bu he ,	nv::nv cm::dat nv::nv nv::nv nv::nv verb::vv e::pst.ptcp mark::comma
han hendu me ,	nv::nv verb::vv e::cve mark::comma
sin i emu deo ,	pn::2sg cm::gen nv::nv nv::nv mark::comma
tere ubaliya ka gurgu i yali be tooda me gai ∅ ,	nv::nv verb::vv e::pst.ptcp nv::nv cm::gen nv::nv cm::acc verb::vv e::cve verb::vv e::fve.imperative mark::comma
kadala ∅ seme afabu ha niyalma tondo be ala rakū ,	verb::vv e::fve.imperative comp verb::vv e::pst.ptcp nv::nv nv::adj cm::acc verb::vv e::npst.ptcp.neg mark::comma
fusi hecen i šun tuhe re ergi bigan de ,	nn::prpn.plc nv::nv cm::gen nv::nv verb::vv e::npst.ptcp nv::nv nv::nv cm::dat mark::comma
○ du_tang ni bithe ,	mark::circle nv::nv cm::gen nv::nv mark::comma
irgen be bargiya fi bi ∅ seme hendu he ,	nv::nv cm::acc verb::vv e::cve verb::vv e::fve.imperative comp verb::vv e::pst.ptcp mark::comma
hūlha holo be deribu ci ,	nv::nv nv::nv cm::acc verb::vv e::cve mark::comma
○ ineku tere inenggi ,	mark::circle nv::nv nv::nv nv::nv mark::comma
dai_darhan ,	nn::prpn mark::comma
bata kimun seme gida rakū ,	nv::nv nv::nv comp verb::vv e::npst.ptcp.neg mark::comma
emu losa ,	nv::nv nv::nv mark::comma
dusy i uju ,	nv::nv cm::gen nv::nv mark::comma
encule me emu jaka be gida me doosida me emgeri gida ci ,	verb::vv e::cve nv::nv nv::nv cm::acc verb::vv e::cve verb::vv e::cve nv::nv verb::vv e::cve mark::comma
tere i amala ,	nv::nv cm::gen nv::nv mark::comma
tondo i yabu ki ,	nv::adj cm::gen verb::vv e::fve.opt mark::comma
giya_jing ni dehi juwe ci aniya ninggun biya i juwan duin de baha ha ,	nn::prpn cm::gen nv::nv verb::vv e::cve nv::nv nv::nv nv::nv cm::gen nv::nv nv::nv cm::dat verb::vv e::pst.ptcp mark::comma
yoto_age ,	nn::prpn mark::comma
be nene he seme kasari be huwekiyebu me hendu re jaka de ,	pn::1pl.excl verb::vv e::pst.ptcp comp nv::nv cm::acc verb::vv e::cve verb::vv e::npst.ptcp nv::nv cm::dat mark::comma
jakūta de emte feye ,	nv::nv cm::dat nv::nv nv::nv mark::comma
geren beidesi juwe jalan i beile se gemu akda fi ,	nv::adj nv::nv nv::nv nv::nv cm::gen nv::nv nv::nv nv::nv verb::vv e::cve mark::comma
yaya sa hakū ,	nv::nv verb::vv e::pst.ptcp.neg mark::comma
emu tatan i juwan niyalma i tofohon inenggi gai fi yabu re jaka ,	nv::nv nv::nv cm::gen nv::nv nv::nv cm::gen nv::nv nv::nv verb::vv e::cve verb::vv e::npst.ptcp nv::nv mark::comma
giya_jing ni dehi ilaci aniya ninggun biya i orin juwe de baha ha ,	nn::prpn cm::gen nv::nv nv::nv nv::nv nv::nv nv::nv cm::gen nv::nv nv::nv cm::dat verb::vv e::pst.ptcp mark::comma
seke ninju emu ,	nv::nv nv::nv nv::nv mark::comma
nikan de olji morin be sonjo fi ,	nv::nv cm::dat nv::nv nv::nv cm::acc verb::vv e::cve mark::comma
emu tumen sunja minggan yafahan cooha ,	nv::nv nv::nv nv::nv nv::nv nv::adj nv::nv mark::comma
jakūn gūsa i siden de ,	nv::nv nv::nv cm::gen nv::nv cm::dat mark::comma
ilan bedzung de ilata niyalma ,	nv::nv nv::nv cm::dat nv::nv nv::nv mark::comma
jori ha jurgan be jurce rakū seme beiguwan obu ha .	verb::vv e::pst.ptcp nv::nv cm::acc verb::vv e::npst.ptcp.neg comp nv::nv verb::vv e::pst.ptcp mark::period
du_tang urgūdai ,	nv::nv nn::prpn.person mark::comma
hai_si ujan_wei i du_jy_hūi_ši naiha i jui bojina ,	nn::prpn nn::prpn cm::gen nv::nv nn::prpn.person cm::gen nv::nv nn::prpn.person mark::comma
guri re ba de gama ∅ ,	verb::vv e::npst.ptcp nv::nv cm::dat verb::vv e::fve.imperative mark::comma
muse be sain seme bai me ji he ,	pn::1pl.incl cm::acc nv::adj comp verb::vv e::cve verb::vv e::pst.ptcp mark::comma
○ jukšu be ,	mark::circle nn::prpn.person cm::acc mark::comma
tere boo tari re usin be gemu doigon de te icihiya fi bu mbi ,	nv::nv nv::nv verb::vv e::npst.ptcp nv::nv cm::acc nv::nv nv::nv cm::dat nv::nv verb::vv e::cve verb::vv e::fve.npst mark::comma
dain cooha de banda rakū ,	nv::nv nv::nv cm::dat verb::vv e::npst.ptcp.neg mark::comma
○ simiyan i hecen ci ,	mark::circle nn::prpn.plc cm::gen nv::nv cm::abl mark::comma
○ ice ilan de wasimbu ha bithe i gisun ,	mark::circle nv::adj nv::nv cm::dat verb::vv e::pst.ptcp nv::nv cm::gen nv::nv mark::comma
○ juwe biya i juwan ninggun de ,	mark::circle nv::nv nv::nv cm::gen nv::nv nv::nv cm::dat mark::comma
ihan_alin de emu feye baha ha seme uyun yan i weile waliya mbi ,	nn::prpn cm::dat nv::nv nv::nv verb::vv e::pst.ptcp comp nv::nv nv::nv cm::gen nv::nv verb::vv e::fve.npst mark::comma
○ gargio be ,	mark::circle nn::prpn.person cm::acc mark::comma
gurun uji re genggiyen o fi ,	nv::nv verb::vv e::npst.ptcp nv::adj verb::vv e::cve mark::comma
nikan i alban i ihan ,	nv::nv cm::gen nv::nv cm::gen nv::nv mark::comma
han hendu me ,	nv::nv verb::vv e::cve mark::comma
jaode ,	nn::prpn.person mark::comma
ice jakūn de wasimbu ha ,	nv::adj nv::nv cm::dat verb::vv e::pst.ptcp mark::comma
meiren i ejen seme šangna ha jaka be gemu gai ha ,	nv::nv cm::gen nv::nv comp verb::vv e::pst.ptcp nv::nv cm::acc nv::nv verb::vv e::pst.ptcp mark::comma
tuba ci daha me ji he niyalma be ,	nv::nv cm::abl verb::vv e::cve verb::vv e::pst.ptcp nv::nv cm::acc mark::comma
jase i tulergi encu gurun i weile de da fi ,	nv::nv cm::gen nv::nv nv::nv nv::nv cm::gen nv::nv cm::dat verb::vv e::cve mark::comma
gemu gene he niyalma yooni gaji me ji ∅ .	nv::nv verb::vv e::pst.ptcp nv::nv nv::nv verb::vv e::cve verb::vv e::fve.imperative mark::period
karkaji ,	nn::prpn.person mark::comma
tede fonji ci ,	nv::nv verb::vv e::cve mark::comma
g'ai_jeo de gene he .	nn::prpn cm::dat verb::vv e::pst.ptcp mark::period
in i mafa darhan_baturu de gene he seme ,	pn::3sg cm::gen nv::nv nn::prpn cm::dat verb::vv e::pst.ptcp comp mark::comma
nadan haha hehe juse uhereme tanggū isi me wabu ha ,	nv::nv nv::nv nv::nv nv::nv nv::nv nv::nv verb::vv e::cve verb::vv e::pst.ptcp mark::comma
ememu duka de dehi susai haha bi ,	nv::nv nv::nv cm::dat nv::nv nv::nv nv::nv verb::vv.npst mark::comma
sahaliyan šanggiyan fulgiyan ilan hacin i dobihi ,	nv::adj nv::nv nv::nv nv::nv nv::nv cm::gen nv::nv mark::comma
bi gashū re seme hendu he manggi ,	pn::1sg verb::vv e::npst.ptcp comp verb::vv e::pst.ptcp nv::nv mark::comma
lio_u_jeo be waliya fi tang_wang han de daha habi ,	nn::prpn cm::acc verb::vv e::cve nn::prpn nv::nv cm::dat verb::vv e::fve.prs.prf mark::comma
tainca gebungge ajige_fujin be gisun ala ha turgun de wesibu fi iletu ada me tere ,	nn::prpn.person nv::adj nn::prpn cm::acc nv::nv verb::vv e::pst.ptcp nv::nv cm::dat verb::vv e::cve nv::adj verb::vv e::cve nv::nv mark::comma
holdon wacihiya me dulebu ∅ ,	nv::nv verb::vv e::cve verb::vv e::fve.imperative mark::comma
ulin šangna mbi o ,	nv::nv verb::vv e::fve.npst ptcl mark::comma
ere gisun be jurce me hūlha me holto me miosihon mujilen i banji ci ,	nv::nv nv::nv cm::acc verb::vv e::cve verb::vv e::cve verb::vv e::cve nv::adj nv::nv cm::gen verb::vv e::cve mark::comma
alban weile re gūsin ilan niyalma ,	nv::nv verb::vv e::npst.ptcp nv::nv nv::nv nv::nv mark::comma
tongki fuka sinda ha hergen i dangse .	nv::nv nv::nv verb::vv e::pst.ptcp nv::nv cm::gen nv::nv mark::period
menggun emu tanggū yan ,	nv::nv nv::nv nv::nv nv::nv mark::comma
amban sa i jui se i sargan gaija ra yengsi de ninggun ulha wa kini ,	nv::nv nv::nv cm::gen nv::nv nv::nv cm::gen nv::nv verb::vv e::npst.ptcp nv::nv cm::dat nv::nv nv::nv verb::vv e::fve.opt mark::comma
tere niyalma be wa fi ,	nv::nv nv::nv cm::acc verb::vv e::cve mark::comma
han i beye weihu de te fi ,	nv::nv cm::gen nv::nv nv::nv cm::dat verb::vv e::cve mark::comma
han geli jui se i baru hendu me ,	nv::nv nv::nv nv::nv nv::nv cm::gen nv::nv verb::vv e::cve mark::comma
mijing_wei i du_jy_hūi_ciyanši dalija i jui gembulu ,	nn::prpn cm::gen nv::nv nn::prpn.person cm::gen nv::nv nn::prpn.person mark::comma
suje ,	nv::nv mark::comma
suwen i ji he cooha i niyalma morin de ai ulebu re ,	pn::2pl cm::gen verb::vv e::pst.ptcp nv::nv cm::gen nv::nv nv::nv cm::dat nv::nv verb::vv e::npst.ptcp mark::comma
nadata yan i weile waliya mbi ,	nv::nv nv::nv cm::gen nv::nv verb::vv e::fve.npst mark::comma
○ nikan i juwan ilan golo i cooha gemu isa fi afa ci ete hekū ba de ,	mark::circle nv::nv cm::gen nv::nv nv::nv nv::nv cm::gen nv::nv nv::nv verb::vv e::cve verb::vv e::cve verb::vv e::pst.ptcp.neg nv::nv cm::dat mark::comma
suwe te nene me abka be kiyangdula ha be aliya me ,	pn::2pl nv::nv verb::vv e::cve nv::nv cm::acc verb::vv e::pst.ptcp cm::acc verb::vv e::cve mark::comma
niyalma emu tanggū ,	nv::nv nv::nv nv::nv mark::comma
wa ra gai re be naka rakū ,	verb::vv e::npst.ptcp verb::vv e::npst.ptcp cm::acc verb::vv e::npst.ptcp.neg mark::comma
amba honin sukū de ilan jiha ,	nv::adj nv::nv nv::nv cm::dat nv::nv nv::nv mark::comma
fakca ha de ,	verb::vv e::pst.ptcp cm::dat mark::comma
su_ši_deng ni ahūn deo be wa ha ,	nn::prpn cm::gen nv::nv nv::nv cm::acc verb::vv e::pst.ptcp mark::comma
emu tanggū uksin gai ha ,	nv::nv nv::nv nv::nv verb::vv e::pst.ptcp mark::comma
be nene he han de weile baha ha bi he ,	pn::1pl.excl verb::vv e::pst.ptcp nv::nv cm::dat nv::nv verb::vv e::pst.ptcp verb::vv e::pst.ptcp mark::comma
gemu hergen wesibu fi uji mbi kai ,	nv::nv nv::nv verb::vv e::cve verb::vv e::fve.npst ptcl mark::comma
ama eme de hiyoošungga ,	nv::nv nv::nv cm::dat nv::adj mark::comma
salgūri ,	nn::prpn.person mark::comma
meihe erin ci nimara me deribu he ngge ,	nv::nv nv::nv cm::abl verb::vv e::cve verb::vv e::pst.ptcp nmlz::nmlz mark::comma
hūlha holo ehe facuhūn akū ,	nv::nv nv::nv nv::adj nv::adj nv::adj mark::comma
pan fori ∅ ,	nv::nv verb::vv e::fve.imperative mark::comma
yarhū ci ebsi jeku be ,	nn::prpn.plc cm::abl nv::nv nv::nv cm::acc mark::comma
elhe i afa ∅ seme hendu fi unggi he ,	nv::nv cm::gen verb::vv e::fve.imperative comp verb::vv e::cve verb::vv e::pst.ptcp mark::comma
sira ,	nv::nv mark::comma
mai_cuwan_pu de ebu he be ,	nn::prpn cm::dat verb::vv e::pst.ptcp cm::acc mark::comma
wan_lii i orin nadaci aniya juwe biya i ice uyun de baha ha ,	nn::prpn cm::gen nv::nv nv::nv nv::nv nv::nv nv::nv cm::gen nv::adj nv::nv cm::dat verb::vv e::pst.ptcp mark::comma
angga i juse be suwe gisure fi tucibu he o ,	nv::nv cm::gen nv::nv cm::acc pn::2pl verb::vv e::cve verb::vv e::pst.ptcp ptcl mark::comma
ilangga be beiguwan i hergen be nakabu ha .	nn::prpn.person cm::acc nv::nv cm::gen nv::nv cm::acc verb::vv e::pst.ptcp mark::period
jakūn gūsa i cooha meni meni dosi re jurgan be gene me juwe jugūn i fakca ha ,	nv::nv nv::nv cm::gen nv::nv nv::nv nv::nv verb::vv e::npst.ptcp nv::nv cm::acc verb::vv e::cve nv::nv nv::nv cm::gen verb::vv e::pst.ptcp mark::comma
jai suwen i korcin de yabu re elcin be ,	nv::nv pn::2pl cm::gen nn::prpn.plc cm::dat verb::vv e::npst.ptcp nv::nv cm::acc mark::comma
amasi geren sin de weile makta mbi ,	nv::nv nv::adj pn::2sg cm::dat nv::nv verb::vv e::fve.npst mark::comma
han yamun de tuci fi ,	nv::nv nv::nv cm::dat verb::vv e::cve mark::comma
tere honin aniya uyun biya i juwan duin de ,	nv::nv nv::nv nv::nv nv::nv nv::nv cm::gen nv::nv nv::nv cm::dat mark::comma
abka i fejile ai hacin i gurun akū ,	nv::nv cm::gen nv::nv nv::nv nv::nv cm::gen nv::nv nv::adj mark::comma
šoto_age ,	nn::prpn mark::comma
ice guri re ba de sarin sarila me gene fi ,	nv::adj verb::vv e::npst.ptcp nv::nv cm::dat nv::nv verb::vv e::cve verb::vv e::cve mark::comma
○ senio ,	mark::circle nn::prpn.person mark::comma
min i gurun uji re ehe sain arbun be cende me tuwa cina ,	pn::1sg cm::gen nv::nv verb::vv e::npst.ptcp nv::adj nv::adj nv::nv cm::acc verb::vv e::cve verb::vv e::fve.opt mark::comma
han hendu me ,	nv::nv verb::vv e::cve mark::comma
fu_jeo ,	nn::prpn mark::comma
muse ere ji he cooha be ,	pn::1pl.incl nv::nv verb::vv e::pst.ptcp nv::nv cm::acc mark::comma
šaka jafa fi juwan isi me nimaha wa fi ,	nv::nv verb::vv e::cve nv::nv verb::vv e::cve nv::nv verb::vv e::cve mark::comma
juwanta honin bu he ,	nv::nv nv::nv verb::vv e::pst.ptcp mark::comma
monggo ,	nv::nv mark::comma
susai yan i weile gai ha ,	nv::nv nv::nv cm::gen nv::nv verb::vv e::pst.ptcp mark::comma
juwan emuci jergi ,	nv::nv nv::nv nv::nv mark::comma
muse juwe gurun emu hebe i nikan be daila fi ,	pn::1pl.incl nv::nv nv::nv nv::nv nv::nv cm::gen nv::nv cm::acc verb::vv e::cve mark::comma
angga_beile ama jui be gemu baha fi wa ha .	nn::prpn nv::nv nv::nv cm::acc nv::nv verb::vv e::cve verb::vv e::pst.ptcp mark::period
ere juwe ba be min i dolo absi o ho de sain seme gūni ci bahana rakū bi kai ,	nv::nv nv::nv nv::nv cm::acc pn::1sg cm::gen nv::nv nv::nv verb::vv e::pst.ptcp cm::dat nv::adj comp verb::vv e::cve verb::vv e::npst.ptcp.neg verb::vv.npst ptcl mark::comma
han de waka sabu fi weile baha fi boo yada kini ,	nv::nv cm::dat nv::adj verb::vv e::cve nv::nv verb::vv e::cve nv::nv verb::vv e::fve.opt mark::comma
inu suwen i ilan nofi gebu o mbi kai ,	nv::nv pn::2pl cm::gen nv::nv nv::nv nv::nv verb::vv e::fve.npst ptcl mark::comma
turgei ,	nn::prpn.person mark::comma
cooha be gemu si sali ci ,	nv::nv cm::acc nv::nv pn::2sg verb::vv e::cve mark::comma
han i hecen i dolo yabu mbihe de ,	nv::nv cm::gen nv::nv cm::gen nv::nv verb::vv e::fve.pst.ipfv cm::dat mark::comma
gese ebi he niyalma be je kini se mbi ,	nv::nv verb::vv e::pst.ptcp nv::nv cm::acc verb::vv e::fve.opt verb::vv e::fve.npst mark::comma
hūsitun ,	nv::nv mark::comma
orin sunja niyalma de juwe amba poo ,	nv::nv nv::nv nv::nv cm::dat nv::nv nv::adj nv::nv mark::comma
juwan emu de ,	nv::nv nv::nv cm::dat mark::comma
tere be yang_du_tang donji fi ,	nv::nv cm::acc nn::prpn verb::vv e::cve mark::comma
sunjata yan i weile waliya mbi ,	nv::nv nv::nv cm::gen nv::nv verb::vv e::fve.npst mark::comma
nende he songko i wesibu fi šangna mbi ,	verb::vv e::pst.ptcp nv::nv cm::gen verb::vv e::cve verb::vv e::fve.npst mark::comma
niowanggiyaha i hecen be afa me gai ha ,	nn::prpn.plc cm::gen nv::nv cm::acc verb::vv e::cve verb::vv e::pst.ptcp mark::comma
tere juwe juse be ,	nv::nv nv::nv nv::nv cm::acc mark::comma
ersungge be weile ara fi ,	nn::prpn.person cm::acc nv::nv verb::vv e::cve mark::comma
han i gala i buda ara fi je mbi o ,	nv::nv cm::gen nv::nv cm::gen nv::nv verb::vv e::cve verb::vv e::fve.npst ptcl mark::comma
beye i ehe sui de wasi kini .	nv::nv cm::gen nv::adj nv::nv cm::dat verb::vv e::fve.opt mark::period
tere inenggi ,	nv::nv nv::nv mark::comma
yegude fujiyang ,	nn::prpn.person nv::nv mark::comma
han i afabu ha jurgan be ,	nv::nv cm::gen verb::vv e::pst.ptcp nv::nv cm::acc mark::comma
○ orin emu de wasimbu ha bithe ,	mark::circle nv::nv nv::nv cm::dat verb::vv e::pst.ptcp nv::nv mark::comma
urusa inu nene he sui isi ka fujisa i gese u jalangga niyalma be asuru ume yohinda rakū ojo ro .	nv::nv nv::nv verb::vv e::pst.ptcp nv::nv verb::vv e::pst.ptcp nv::nv cm::gen nv::nv nv::nv nv::adj nv::nv cm::acc nv::nv nv::nv verb::vv e::npst.ptcp.neg verb::vv e::npst.ptcp mark::period
jori ha jurgan be jurce rakū seme beiguwan obu ha .	verb::vv e::pst.ptcp nv::nv cm::acc verb::vv e::npst.ptcp.neg comp nv::nv verb::vv e::pst.ptcp mark::period
in i ahūngga jui be ,	pn::3sg cm::gen nv::nv nv::nv cm::acc mark::comma
tondo niyalma be wa ci o mbi o ,	nv::adj nv::nv cm::acc verb::vv e::cve verb::vv e::fve.npst ptcl mark::comma
eksingge_baksi be takūra me ,	nn::prpn cm::acc verb::vv e::cve mark::comma
○ comno_malan ,	mark::circle nn::prpn mark::comma
koose janggin ,	nn::prpn.person nv::nv mark::comma
ere ninggun niyalma be ,	nv::nv nv::nv nv::nv cm::acc mark::comma
bu ci ,	verb::vv e::cve mark::comma
bileri ,	nv::nv mark::comma
giya_jing ni dehi juwe ci aniya ninggun biya i juwan duin de baha ha ,	nn::prpn cm::gen nv::nv verb::vv e::cve nv::nv nv::nv nv::nv cm::gen nv::nv nv::nv cm::dat verb::vv e::pst.ptcp mark::comma
juse hehesi tokso de gene ci fonji re ,	nv::nv nv::nv nv::nv cm::dat verb::vv e::cve verb::vv e::npst.ptcp mark::comma
beiguwan ,	nv::nv mark::comma
birai_dergi ci bira i wala gene fi amasi ji he niyalma o ci ,	nn::prpn cm::abl nv::nv cm::gen nv::nv verb::vv e::cve nv::nv verb::vv e::pst.ptcp nv::nv verb::vv e::cve mark::comma
tuwakiya ra niyalma olhocuka ,	verb::vv e::npst.ptcp nv::nv nv::adj mark::comma
nangnuk emde gene he ,	nn::prpn.person nv::nv verb::vv e::pst.ptcp mark::comma
si amba doro be elemangga akdula me saikan ginggule me kice me ,	pn::2sg nv::adj nv::nv cm::acc nv::nv verb::vv e::cve nv::adj verb::vv e::cve verb::vv e::cve mark::comma
ula de emte feye ,	nv::nv cm::dat nv::nv nv::nv mark::comma
niyaman hūncihin seme harša rakū ,	nv::nv nv::nv comp verb::vv e::npst.ptcp.neg mark::comma
ice sunja de emgeri ,	nv::adj nv::nv cm::dat nv::nv mark::comma
sahaliyan i golo i juwe gašan i niyalma ,	nv::adj cm::gen nv::nv cm::gen nv::nv nv::nv cm::gen nv::nv mark::comma
tabai_age i haha i ubu baha ra jalin de ,	nn::prpn cm::gen nv::nv cm::gen nv::nv verb::vv e::npst.ptcp nv::nv cm::dat mark::comma
min be gene he de ,	pn::1sg cm::acc verb::vv e::pst.ptcp cm::dat mark::comma
tere inenggi namida_hari wabu ha ,	nv::nv nv::nv nn::prpn verb::vv e::pst.ptcp mark::comma
amba_beile ,	nn::prpn mark::comma
keri ,	nn::prpn.person mark::comma
yaya niyalma be ,	nv::nv nv::nv cm::acc mark::comma
abka i wakala ha nikan de da fi ,	nv::nv cm::gen verb::vv e::pst.ptcp nv::nv cm::dat verb::vv e::cve mark::comma
nogoitu ,	nn::prpn.person mark::comma
cihakū niyalma be ,	nv::adj nv::nv cm::acc mark::comma
hergen bu ki ,	nv::nv verb::vv e::fve.opt mark::comma
cimari erde tuhe re biya i dulimba be hafu suwayan genggiyen siren goci ka bi he ,	nv::nv nv::nv verb::vv e::npst.ptcp nv::nv cm::gen nv::nv cm::acc nv::nv nv::adj nv::adj nv::nv verb::vv e::pst.ptcp verb::vv e::pst.ptcp mark::comma
ši_fang_sy de ,	nn::prpn cm::dat mark::comma
konatai be tohoi de afabu fi karu tanta ha .	nn::prpn.person cm::acc nn::prpn.person cm::dat verb::vv e::cve nv::nv verb::vv e::pst.ptcp mark::period
simiyan de ji he niyalma be ume tebu re ,	nn::prpn.plc cm::dat verb::vv e::pst.ptcp nv::nv cm::acc nv::nv verb::vv e::npst.ptcp mark::comma
arkan tuci fi gene he ,	nv::nv verb::vv e::cve verb::vv e::pst.ptcp mark::comma
han i kesi de ,	nv::nv cm::gen nv::nv cm::dat mark::comma
ehe waka be abka wakala ci ,	nv::adj nv::adj cm::acc nv::nv verb::vv e::cve mark::comma
hamtuni ,	nn::prpn.person mark::comma
dabali deo be adarame jafabu re ,	nv::nv nv::nv cm::acc nv::nv verb::vv e::npst.ptcp mark::comma
han i pai be gai fi ,	nv::nv cm::gen nv::nv cm::acc verb::vv e::cve mark::comma
monggo gurun i jarut ba i hara_babai_beile i jui daicing_taiji ,	nv::nv nv::nv cm::gen nn::prpn.plc nv::nv cm::gen nn::prpn cm::gen nv::nv nn::prpn mark::comma
○ obondoi be ,	mark::circle nn::prpn.person cm::acc mark::comma
nasan hengke juwe fan benji he ,	nv::nv nv::nv nv::nv nv::nv verb::vv e::pst.ptcp mark::comma
jai han ,	nv::nv nv::nv mark::comma
simiyan i yafahan i cooha dosi kakū burula ha seme ,	nn::prpn.plc cm::gen nv::adj cm::gen nv::nv verb::vv e::pst.ptcp.neg verb::vv e::pst.ptcp comp mark::comma
jakūn gūsa i emte amban be gai fi ,	nv::nv nv::nv cm::gen nv::nv nv::nv cm::acc verb::vv e::cve mark::comma
hiong_yo ci julesi juwe gala i tabcin unggi he ,	nn::prpn cm::abl nv::nv nv::nv nv::nv cm::gen nv::nv verb::vv e::pst.ptcp mark::comma
uji mbi seme uda fi wa ha de ,	verb::vv e::fve.npst comp verb::vv e::cve verb::vv e::pst.ptcp cm::dat mark::comma
tongki fuka sinda ha hergen i dangse .	nv::nv nv::nv verb::vv e::pst.ptcp nv::nv cm::gen nv::nv mark::period
○ juwan emu de ,	mark::circle nv::nv nv::nv cm::dat mark::comma
○ suldungga be ,	mark::circle nn::prpn.person cm::acc mark::comma
niyaman hūncihin seme harša rakū ,	nv::nv nv::nv comp verb::vv e::npst.ptcp.neg mark::comma
ambula sa habi o ,	nv::nv verb::vv e::fve.prs.prf ptcl mark::comma
tuleri te he iogi ,	nv::nv verb::vv e::pst.ptcp nv::nv mark::comma
han hendu me ,	nv::nv verb::vv e::cve mark::comma
eye i jeku be fete me tucibu fi gaji ha ,	nv::nv cm::gen nv::nv cm::acc verb::vv e::cve verb::vv e::cve verb::vv e::pst.ptcp mark::comma
aktala fi beile se i hūwa i dolo benji ci ,	verb::vv e::cve nv::nv nv::nv cm::gen nv::nv cm::gen nv::nv verb::vv e::cve mark::comma
ilan haha de emu hule gai mbi ,	nv::nv nv::nv cm::dat nv::nv nv::nv verb::vv e::fve.npst mark::comma
hanggūbai de banji ha hara ,	nn::prpn.person cm::dat verb::vv e::pst.ptcp nn::prpn.person mark::comma
hūwa jafa ra unde bi he ,	nv::nv verb::vv e::npst.ptcp nv::nv verb::vv e::pst.ptcp mark::comma
min be gasabu me ainu mara mbi ,	pn::1sg cm::acc verb::vv e::cve nv::nv verb::vv e::fve.npst mark::comma
jase i jakara me tulergi dorgi be ciha i tari ∅ ,	nv::nv cm::gen verb::vv e::cve nv::nv nv::nv cm::acc nv::nv cm::gen verb::vv e::fve.imperative mark::comma
ai jaka be ,	nv::nv nv::nv cm::acc mark::comma
ilan jalan i takūra ci ,	nv::nv nv::nv cm::gen verb::vv e::cve mark::comma
alin de tafa ka ubaša ha niyalma be afa fi wa ha ,	nv::nv cm::dat verb::vv e::pst.ptcp verb::vv e::pst.ptcp nv::nv cm::acc verb::vv e::cve verb::vv e::pst.ptcp mark::comma
tere ci jilakan ai bi ,	nv::nv cm::abl nv::nv nv::nv verb::vv.npst mark::comma
fusi_golo be tuci ke cooha be okdo me gene fi ,	nn::prpn cm::acc verb::vv e::pst.ptcp nv::nv cm::acc verb::vv e::cve verb::vv e::cve mark::comma
sunja morin feye baha habi ,	nv::nv nv::nv nv::nv verb::vv e::fve.prs.prf mark::comma
guribu he ngge waka da ci te he niyalma o ci ,	verb::vv e::pst.ptcp nmlz::nmlz nv::adj nv::nv cm::abl verb::vv e::pst.ptcp nv::nv verb::vv e::cve mark::comma
juwete haha holbo fi alban guwebu he .	nv::nv nv::nv verb::vv e::cve nv::nv verb::vv e::pst.ptcp mark::period
○ subahai tsanjiyang ,	mark::circle nn::prpn.person nv::nv mark::comma
ere juwe niyalma juwan ilaci jergi ,	nv::nv nv::nv nv::nv nv::nv nv::nv nv::nv mark::comma
beri jebele asha fi ,	nv::nv nv::nv verb::vv e::cve mark::comma
be sa hakū bi he ,	pn::1pl.excl verb::vv e::pst.ptcp.neg verb::vv e::pst.ptcp mark::comma
emu biya i on be alin be daba me muke be olo me ji he ngge ,	nv::nv nv::nv cm::gen nv::nv cm::acc nv::nv cm::acc verb::vv e::cve nv::nv cm::acc verb::vv e::cve verb::vv e::pst.ptcp nmlz::nmlz mark::comma
enggemu hadala toho hoi ,	nv::nv nv::nv verb::vv e::cve mark::comma
ihan sejen be ,	nv::nv nv::nv cm::acc mark::comma
oforo šan faita fi ,	nv::nv nv::nv verb::vv e::cve mark::comma
tere g'aoming se re eje he de ara ha gisun ,	nv::nv nv::nv verb::vv e::npst.ptcp verb::vv e::pst.ptcp cm::dat verb::vv e::pst.ptcp nv::nv mark::comma
fe_ala de bisi re de ,	nn::prpn cm::dat verb::vv e::npst.ptcp cm::dat mark::comma
duici_beile bira be doo fi afa ki se ci ,	nn::prpn nv::nv cm::acc verb::vv e::cve verb::vv e::fve.opt verb::vv e::cve mark::comma
baduri ,	nn::prpn.person mark::comma
yahū ,	nn::prpn.person mark::comma
jao_iogi be daha ∅ seme takūra ra jaka de ,	nn::prpn cm::acc verb::vv e::fve.imperative comp verb::vv e::npst.ptcp nv::nv cm::dat mark::comma
○ juwan juwe de ,	mark::circle nv::nv nv::nv cm::dat mark::comma
baihū uju jergi iogi be ilaci jergi iogi obu ha ,	nn::prpn.person nv::nv nv::nv nv::nv cm::acc nv::nv nv::nv nv::nv verb::vv e::pst.ptcp mark::comma
lali ,	nn::prpn.person mark::comma
encule me niyalma be erule he ,	verb::vv e::cve nv::nv cm::acc verb::vv e::pst.ptcp mark::comma
○ juwan de ,	mark::circle nv::nv cm::dat mark::comma
gecuheri suje ,	nv::nv nv::nv mark::comma
duin haha be ,	nv::nv nv::nv cm::acc mark::comma
i ,	pn::3sg mark::comma
emte debsiku ,	nv::nv nv::nv mark::comma
tere ci artasi in i beile boo i duka de morin ci ebu fi ,	nv::nv cm::abl nn::prpn.person pn::3sg cm::gen nv::nv nv::nv cm::gen nv::nv cm::dat nv::nv cm::abl verb::vv e::cve mark::comma
ere juwan niyalma jai jergi .	nv::nv nv::nv nv::nv nv::nv nv::nv mark::period
tere weile be ,	nv::nv nv::nv cm::acc mark::comma
juwan jakūn se ,	nv::nv nv::nv nv::nv mark::comma
nikan cooha ,	nv::nv nv::nv mark::comma
undehen ,	nv::nv mark::comma
hai_si ta_šan_san_wei i du_jy_hūi_tungjy wangtai i jui menggubulu ,	nn::prpn nn::prpn cm::gen nv::nv nn::prpn.person cm::gen nv::nv nn::prpn.person mark::comma
emu niru i emte janggin gai fi gama me gene ∅ ,	nv::nv nv::nv cm::gen nv::nv nv::nv verb::vv e::cve verb::vv e::cve verb::vv e::fve.imperative mark::comma
tere bu he uksin be gama fi ,	nv::nv verb::vv e::pst.ptcp nv::nv cm::acc verb::vv e::cve mark::comma
tuba uba seme bu re be naka ki .	nv::nv nv::nv comp verb::vv e::npst.ptcp cm::acc verb::vv e::fve.opt mark::period
○ orin juwe de ,	mark::circle nv::nv nv::nv cm::dat mark::comma
beye i sui de wasi kini .	nv::nv cm::gen nv::nv cm::dat verb::vv e::fve.opt mark::period
orin gida ,	nv::nv nv::nv mark::comma
songko faita ra ,	nv::nv verb::vv e::npst.ptcp mark::comma
ulin gai fi tuttu waka ci ai ,	nv::nv verb::vv e::cve nv::nv nv::nv cm::abl nv::nv mark::comma
usin tari re erin tuta rahū ,	nv::nv verb::vv e::npst.ptcp nv::nv verb::vv e::fve.prv mark::comma
baibi yehe de da fi ,	nv::nv nv::nv cm::dat verb::vv e::cve mark::comma
jori ha jurgan be jurce rakū seme beiguwan obu ha .	verb::vv e::pst.ptcp nv::nv cm::acc verb::vv e::npst.ptcp.neg comp nv::nv verb::vv e::pst.ptcp mark::period
arsari weile ci ojo ro ihan be sonjo fi emu minggan gaji me ji ∅ ,	nv::adj verb::vv e::cve verb::vv e::npst.ptcp nv::nv cm::acc verb::vv e::cve nv::nv nv::nv verb::vv e::cve verb::vv e::fve.imperative mark::comma
puho gebungge juwe hoton be ka ci ,	nn::prpn.plc nv::adj nv::nv nv::nv cm::acc verb::vv e::cve mark::comma
abka akja ka na axša ha gese sucu me gene fi morin yalu fi ,	nv::nv verb::vv e::pst.ptcp nv::nv verb::vv e::pst.ptcp nv::nv verb::vv e::cve verb::vv e::cve nv::nv verb::vv e::cve mark::comma
juwan funce me niyalma be ,	nv::nv verb::vv e::cve nv::nv cm::acc mark::comma
emu ciyandzung de duin niyalma ,	nv::nv nv::nv cm::dat nv::nv nv::nv mark::comma
juwe mukūn orin isi me uka me ji he ,	nv::nv nv::nv nv::nv verb::vv e::cve verb::vv e::cve verb::vv e::pst.ptcp mark::comma
ahūn sure_kundulen_han i uji re be ele rakū o fi ,	nv::nv nn::prpn cm::gen verb::vv e::npst.ptcp cm::acc verb::vv e::npst.ptcp.neg verb::vv e::cve mark::comma
hacin hacin i bele me bithe bene he gese guwangning ni hafasa suwen be uji re be ,	nv::nv nv::nv cm::gen verb::vv e::cve nv::nv verb::vv e::pst.ptcp nv::nv nn::prpn.plc cm::gen nv::nv pn::2pl cm::acc verb::vv e::npst.ptcp cm::acc mark::comma
uhe i aca fi emu hūsun i yabu ∅ ,	nv::nv cm::gen verb::vv e::cve nv::nv nv::nv cm::gen verb::vv e::fve.imperative mark::comma
hoton de kalka be hanci ibe me gama ra ngge goida mbi ,	nv::nv cm::dat nv::nv cm::acc nv::adj verb::vv e::cve verb::vv e::npst.ptcp nmlz::nmlz verb::vv e::fve.npst mark::comma
muse i jakūn beile se beye i gese emu adali obu ∅ ,	nv::nv cm::gen nv::nv nv::nv nv::nv nv::nv cm::gen nv::nv nv::nv nv::adj verb::vv e::fve.imperative mark::comma
juwan ninggun niyalma ,	nv::nv nv::nv nv::nv mark::comma
wan_lii i orin nadaci aniya omšon biya i orin sunja de baha ha ,	nn::prpn cm::gen nv::nv nv::nv nv::nv nv::nv nv::nv cm::gen nv::nv nv::nv cm::dat verb::vv e::pst.ptcp mark::comma
lii_diyan_kui hendu me ,	nn::prpn verb::vv e::cve mark::comma
saikan olho me sere me akūmbu re be gūni ∅ ,	nv::adj verb::vv e::cve verb::vv e::cve verb::vv e::npst.ptcp cm::acc verb::vv e::fve.imperative mark::comma
waji ha seme bithe wesimbu fi ,	verb::vv e::pst.ptcp comp nv::nv verb::vv e::cve mark::comma
han ,	nv::nv mark::comma
nikan adarame sain ,	nv::nv nv::nv nv::adj mark::comma
sunja biya i orin jakūn de ,	nv::nv nv::nv cm::gen nv::nv nv::nv cm::dat mark::comma
han i afabu ha jurgan be ,	nv::nv cm::gen verb::vv e::pst.ptcp nv::nv cm::acc mark::comma
tuša yanju ,	nn::prpn.person nn::prpn.person mark::comma
bantasi ,	nn::prpn.person mark::comma
○ unege_baksi be uksin akū ajige jui de morin gai ha ,	mark::circle nn::prpn cm::acc nv::nv nv::adj nv::adj nv::nv cm::dat nv::nv verb::vv e::pst.ptcp mark::comma
tere i adali muse i juse omosi jalan hala me ama eme be hiyoošula ∅ ,	nv::nv cm::gen nv::adj nv::nv cm::gen nv::nv nv::nv nv::nv verb::vv e::cve nv::nv nv::nv cm::acc verb::vv e::fve.imperative mark::comma
emu jergi buce re weile be guwebu mbi .	nv::nv nv::nv verb::vv e::npst.ptcp nv::nv cm::acc verb::vv e::fve.npst mark::period
sure_kundulen_han i hendu re ngge ,	nn::prpn cm::gen verb::vv e::npst.ptcp nmlz::nmlz mark::comma
ai ai alban gemu haha tolo rakū ,	nv::nv nv::nv nv::nv nv::nv nv::nv verb::vv e::npst.ptcp.neg mark::comma
poo miyoocan be jergi jergi dasa me jabdu fi ,	nv::nv nv::nv cm::acc nv::nv nv::nv verb::vv e::cve verb::vv e::cve mark::comma
gemu ilan da cuse moo i fesin i golmin gida ,	nv::nv nv::nv nv::nv nv::nv nv::nv cm::gen nv::nv cm::gen nv::adj nv::nv mark::comma
bangsu ,	nn::prpn.person mark::comma
jang ni hoton ,	nv::nv cm::gen nv::nv mark::comma
○ jušen i emgi kamci me te he niyalma be baica me unggi he bithe i gisun ,	mark::circle nv::nv cm::gen nv::nv verb::vv e::cve verb::vv e::pst.ptcp nv::nv cm::acc verb::vv e::cve verb::vv e::pst.ptcp nv::nv cm::gen nv::nv mark::comma
ci_dzung_bing_guwan ,	nn::prpn mark::comma
uhereme ton emu tumen ilan minggan nadan tanggū jakūnju duin anggala .	nv::nv nv::nv nv::nv nv::nv nv::nv nv::nv nv::nv nv::nv nv::nv nv::nv nv::nv mark::period
dabsun fuifu re niyalma be bargiya ha ngge ,	nv::nv verb::vv e::npst.ptcp nv::nv cm::acc verb::vv e::pst.ptcp nmlz::nmlz mark::comma
uju jergi beiguwan obu fi juwan niyalma i caliyan je mbi ,	nv::nv nv::nv nv::nv verb::vv e::cve nv::nv nv::nv cm::gen nv::nv verb::vv e::fve.npst mark::comma
yoto_taiji ,	nn::prpn mark::comma
emu jergi buce re weile be guwebu mbi .	nv::nv nv::nv verb::vv e::npst.ptcp nv::nv cm::acc verb::vv e::fve.npst mark::period
ginjeo i alban i ihan sejen ,	nn::prpn.plc cm::gen nv::nv cm::gen nv::nv nv::nv mark::comma
sunja fun bu ∅ .	nv::nv nv::nv verb::vv e::fve.imperative mark::period
mute rakū ,	verb::vv e::npst.ptcp.neg mark::comma
in i gurun be amban ,	pn::3sg cm::gen nv::nv cm::acc nv::nv mark::comma
nadan tanggū niyalma be unggi fi moo sacibu ha .	nv::nv nv::nv nv::nv cm::acc verb::vv e::cve nv::nv verb::vv e::pst.ptcp mark::period
baduri ,	nn::prpn.person mark::comma
○ kūwaci be ,	mark::circle nn::prpn.person cm::acc mark::comma
g'ai_jeo i hecen ci julesi ,	nn::prpn cm::gen nv::nv cm::abl nv::nv mark::comma
te bi o ,	nv::nv verb::vv.npst ptcl mark::comma
hūlha holo koimali jalingga akū tondo i banji ki .	nv::nv nv::nv nv::adj nv::adj nv::adj nv::adj cm::gen verb::vv e::fve.opt mark::period
○ orin de ,	mark::circle nv::nv cm::dat mark::comma
sure_kundulen_han i ineku susai ilan se de ,	nn::prpn cm::gen nv::nv nv::nv nv::nv nv::nv cm::dat mark::comma
nikasa gemu jeku akū yuyu me omihon bi seme ala ha ,	nv::nv nv::nv nv::nv nv::adj verb::vv e::cve nv::adj verb::vv.npst comp verb::vv e::pst.ptcp mark::comma
in i emu beye i teile gene kini seme ,	pn::3sg cm::gen nv::nv nv::nv cm::gen nv::nv verb::vv e::fve.opt comp mark::comma
○ ice jakūn de ,	mark::circle nv::adj nv::nv cm::dat mark::comma
fujiyang fakca hakū seme wesihun han de ala ∅ ,	nv::nv verb::vv e::pst.ptcp.neg comp nv::nv nv::nv cm::dat verb::vv e::fve.imperative mark::comma
amba ujungga koro tere nadan koro dere ,	nv::adj nv::adj nv::nv nv::nv nv::nv nv::nv ptcl mark::comma
ere efule he ba i jeku be juwe me je mbi kai ,	nv::nv verb::vv e::pst.ptcp nv::nv cm::gen nv::nv cm::acc verb::vv e::cve verb::vv e::fve.npst ptcl mark::comma
dehi aci ha jeku ,	nv::nv verb::vv e::pst.ptcp nv::nv mark::comma
arkina ,	nn::prpn.person mark::comma
tere sunja tatan i kalka i elcin jide re de ,	nv::nv nv::nv nv::nv cm::gen nv::nv cm::gen nv::nv verb::vv e::npst.ptcp cm::dat mark::comma
jaribu beiguwan liyoodung ni hecen de benji he .	nn::prpn.person nv::nv nn::prpn.plc cm::gen nv::nv cm::dat verb::vv e::pst.ptcp mark::period
han i bithe ,	nv::nv cm::gen nv::nv mark::comma
nio_juwang ni cargi bira i dalin i waliya ha pu i hanci bisi re dube i tai be waliya ∅ ,	nn::prpn cm::gen nv::nv nv::nv cm::gen nv::nv cm::gen verb::vv e::pst.ptcp nv::nv cm::gen nv::adj verb::vv e::npst.ptcp nv::nv cm::gen nv::nv cm::acc verb::vv e::fve.imperative mark::comma
jang_iogi ,	nn::prpn mark::comma
hafasa inu han be alhūda me ,	nv::nv nv::nv nv::nv cm::acc verb::vv e::cve mark::comma
monggo boo ara fi ,	nv::nv nv::nv verb::vv e::cve mark::comma
fakca rakū ci ,	verb::vv e::npst.ptcp.neg e::cve mark::comma
ooba_hūwang_taiji ,	nn::prpn mark::comma
weile baha hakū ,	nv::nv verb::vv e::pst.ptcp.neg mark::comma
ice ninggun de dung_cang_pu de isina ∅ ,	nv::adj nv::nv cm::dat nn::prpn cm::dat verb::vv e::fve.imperative mark::comma
ice ba de hecen boo ara ci ,	nv::adj nv::nv cm::dat nv::nv nv::nv verb::vv e::cve mark::comma
udu mucen hacuhan aci ha niyalma ,	nv::nv nv::nv nv::nv verb::vv e::pst.ptcp nv::nv mark::comma
erdeni_baksi ,	nn::prpn mark::comma
min i haji sargan de banji ha geren juse de ,	pn::1sg cm::gen nv::adj nv::nv cm::dat verb::vv e::pst.ptcp nv::adj nv::nv cm::dat mark::comma
juwan niyalma be weihun jafa fi ,	nv::nv nv::nv cm::acc nv::adj verb::vv e::cve mark::comma
be gashū re seme hendu he manggi ,	pn::1pl.excl verb::vv e::npst.ptcp comp verb::vv e::pst.ptcp nv::nv mark::comma
lii_dzung_bing_guwan ,	nn::prpn mark::comma
olho ci emu buraki o ki se he bi he ,	verb::vv e::cve nv::nv nv::nv verb::vv e::fve.opt verb::vv e::pst.ptcp verb::vv e::pst.ptcp mark::comma
hithai ,	nn::prpn.person mark::comma
šumuru i uju jergi iogi be nakabu fi jai jergi iogi obu ha ,	nn::prpn.person cm::gen nv::nv nv::nv nv::nv cm::acc verb::vv e::cve nv::nv nv::nv nv::nv verb::vv e::pst.ptcp mark::comma
sucungga inenggi jaifiyan i cooha be okdo me gene re de donji fi gene he waka o ,	nv::nv nv::nv nv::nv cm::gen nv::nv cm::acc verb::vv e::cve verb::vv e::npst.ptcp cm::dat verb::vv e::cve verb::vv e::pst.ptcp nv::nv ptcl mark::comma
wa ra beye be uji he seme emu majige urgunje rakū ,	verb::vv e::npst.ptcp nv::nv cm::acc verb::vv e::pst.ptcp comp nv::nv nv::adj verb::vv e::npst.ptcp.neg mark::comma
jori ha jurgan be jurce rakū seme beiguwan obu ha .	verb::vv e::pst.ptcp nv::nv cm::acc verb::vv e::npst.ptcp.neg comp nv::nv verb::vv e::pst.ptcp mark::period
cihangga o ci ,	nv::adj verb::vv e::cve mark::comma
juwan juwe ci jergi ,	nv::nv verb::vv e::cve nv::nv mark::comma
giya_jing ni dehi juwe ci aniya ninggun biya i juwan duin de baha ha ,	nn::prpn cm::gen nv::nv verb::vv e::cve nv::nv nv::nv nv::nv cm::gen nv::nv nv::nv cm::dat verb::vv e::pst.ptcp mark::comma
bi gūni me min i ba i ejen mafa sin be atanggi isinji re seme sin de akda ha bi he ,	pn::1sg verb::vv e::cve pn::1sg cm::gen nv::nv cm::gen nv::nv nv::nv pn::2sg cm::acc nv::nv verb::vv e::npst.ptcp comp pn::2sg cm::dat verb::vv e::pst.ptcp verb::vv e::pst.ptcp mark::comma
gai hakū amasi bederebu he .	verb::vv e::pst.ptcp.neg nv::nv verb::vv e::pst.ptcp mark::period
uyun ulha wa fi dehi dere dasa fi ,	nv::nv nv::nv verb::vv e::cve nv::nv nv::nv verb::vv e::cve mark::comma
orin ilan yan i weile waliya mbi ,	nv::nv nv::nv nv::nv cm::gen nv::nv verb::vv e::fve.npst mark::comma
deo beile in i beye be wakala me ,	nv::nv nv::nv pn::3sg cm::gen nv::nv cm::acc verb::vv e::cve mark::comma
deo i kadala ha sunja niru be kadalabu ha ,	nv::nv cm::gen verb::vv e::pst.ptcp nv::nv nv::nv cm::acc verb::vv e::pst.ptcp mark::comma
karun i niyalma alanji ha manggi ,	nv::nv cm::gen nv::nv verb::vv e::pst.ptcp nv::nv mark::comma
ice anggala de bu he ngge ,	nv::adj nv::nv cm::dat verb::vv e::pst.ptcp nmlz::nmlz mark::comma
tulergi juwe jergi akdula me ara ha hoton de afa ci hūsun isi kakū gaibu fi ,	nv::nv nv::nv nv::nv verb::vv e::cve verb::vv e::pst.ptcp nv::nv cm::dat verb::vv e::cve nv::nv verb::vv e::pst.ptcp.neg verb::vv e::cve mark::comma
○ manggūltai_beile ,	mark::circle nn::prpn mark::comma
yehe i niyalma ,	nv::nv cm::gen nv::nv mark::comma
tuwa ki ,	verb::vv e::fve.opt mark::comma
hūlha holo akū ,	nv::nv nv::nv nv::adj mark::comma
ebu he yafahan cooha be waliya fi ,	verb::vv e::pst.ptcp nv::adj nv::nv cm::acc verb::vv e::cve mark::comma
dain de baha ha olji niyalma i etu he etuku be ume su re ,	nv::nv cm::dat verb::vv e::pst.ptcp nv::nv nv::nv cm::gen verb::vv e::pst.ptcp nv::nv cm::acc nv::nv verb::vv e::npst.ptcp mark::comma
utun_ho_wei i du_jy_hūi_ši sujangga i jui unggutu ,	nn::prpn cm::gen nv::nv nn::prpn.person cm::gen nv::nv nn::prpn.person mark::comma
teleri ,	nv::nv mark::comma
han i hecen de te he uksin i niyalma ,	nv::nv cm::gen nv::nv cm::dat verb::vv e::pst.ptcp nv::nv cm::gen nv::nv mark::comma
emu niru i emte niyalma be gai fi ,	nv::nv nv::nv cm::gen nv::nv nv::nv cm::acc verb::vv e::cve mark::comma
emu niru i tofohoto uksin i cooha be gai fi ice uyun de gene he ,	nv::nv nv::nv cm::gen nv::nv nv::nv cm::gen nv::nv cm::acc verb::vv e::cve nv::adj nv::nv cm::dat verb::vv e::pst.ptcp mark::comma
han ,	nv::nv mark::comma
emu minggan juwe tanggū sunja yan i weile waliya mbi .	nv::nv nv::nv nv::nv nv::nv nv::nv nv::nv cm::gen nv::nv verb::vv e::fve.npst mark::period
ekisaka bi ci ,	nv::adj verb::vv e::cve mark::comma
hala me gai ci baha rakū suila mbi ayoo ,	verb::vv e::cve verb::vv e::cve verb::vv e::npst.ptcp.neg verb::vv e::fve.npst nv::nv mark::comma
be emhun giyansi o seme ala ha ,	pn::1pl.excl nv::nv nv::nv ptcl comp verb::vv e::pst.ptcp mark::comma
eshen beile i emgi ili fi ,	nv::nv nv::nv cm::gen nv::nv verb::vv e::cve mark::comma
meni meni sinda fi unggi ∅ .	nv::nv nv::nv verb::vv e::cve verb::vv e::fve.imperative mark::period
ula de emu feye gabtabu ha ,	nv::nv cm::dat nv::nv nv::nv verb::vv e::pst.ptcp mark::comma
amban asihan aha ejen ,	nv::nv nv::adj nv::nv nv::nv mark::comma
doro be genggiyen i dasa me banji ci antaka ,	nv::nv cm::acc nv::adj cm::gen verb::vv e::cve verb::vv e::cve nv::nv mark::comma
tere juwe gisun be acabu me gūni fi ,	nv::nv nv::nv nv::nv cm::acc verb::vv e::cve verb::vv e::cve mark::comma
emu erin be hono dulembu rakū ,	nv::nv nv::nv cm::acc nv::nv verb::vv e::npst.ptcp.neg mark::comma
amba gurun i yabu re onggolo han gosi me jui be bu he ,	nv::adj nv::nv cm::gen verb::vv e::npst.ptcp nv::nv nv::nv verb::vv e::cve nv::nv cm::acc verb::vv e::pst.ptcp mark::comma
emu ciyandzung de duin niyalma ,	nv::nv nv::nv cm::dat nv::nv nv::nv mark::comma
tere be gūwa niyalma gercile he manggi ,	nv::nv cm::acc nv::nv nv::nv verb::vv e::pst.ptcp nv::nv mark::comma
ememu duka de tanggū haha bi ,	nv::nv nv::nv cm::dat nv::nv nv::nv verb::vv.npst mark::comma
jai yung_ning_giyan i beiguwan lii_diyan_kui geli ala me ,	nv::nv nn::prpn cm::gen nv::nv nn::prpn nv::nv verb::vv e::cve mark::comma
men i icihiya ra jurgan be ,	pn::1pl.excl cm::gen verb::vv e::npst.ptcp nv::nv cm::acc mark::comma
○ dobi_ecike be ,	mark::circle nn::prpn cm::acc mark::comma
nene me wasimbu ha g'aoši bithe de hendu me ,	verb::vv e::cve verb::vv e::pst.ptcp nv::nv nv::nv cm::dat verb::vv e::cve mark::comma
sa fi wa rakū ci ,	verb::vv e::cve verb::vv e::npst.ptcp.neg e::cve mark::comma
juwan mocin ,	nv::nv nv::nv mark::comma
manggūltai_beile be ,	nn::prpn cm::acc mark::comma
mocin samsu uhereme ilan minggan emu tanggū ,	nv::nv nv::nv nv::nv nv::nv nv::nv nv::nv nv::nv mark::comma
tongki fuka sinda ha hergen i dangse .	nv::nv nv::nv verb::vv e::pst.ptcp nv::nv cm::gen nv::nv mark::period
han i bu re šang ni dabala ,	nv::nv cm::gen verb::vv e::npst.ptcp nv::nv cm::gen ptcl mark::comma
duri re niyalma be jušen sa ci ,	verb::vv e::npst.ptcp nv::nv cm::acc nv::nv verb::vv e::cve mark::comma
susai uksin be ,	nv::nv nv::nv cm::acc mark::comma
tung_yuwan_pu ,	nn::prpn mark::comma
uji re ehe ejen ci gai fi ,	verb::vv e::npst.ptcp nv::adj nv::nv cm::abl verb::vv e::cve mark::comma
han tuttu takūra ha manggi ,	nv::nv nv::nv verb::vv e::pst.ptcp nv::nv mark::comma
nangnari ,	nn::prpn.person mark::comma
si_mu_ceng de tebu he ,	nn::prpn cm::dat verb::vv e::pst.ptcp mark::comma
oni ,	nn::prpn.person mark::comma
aika baita tuci ke manggi ,	nv::nv nv::nv verb::vv e::pst.ptcp nv::nv mark::comma
etuku ,	nv::nv mark::comma
labtai sin i gese niyalma min de akū ūn ,	nn::prpn.person pn::2sg cm::gen nv::nv nv::nv pn::1sg cm::dat nv::nv ptcl mark::comma
gūwalca_golo i amban bi he ,	nn::prpn cm::gen nv::nv verb::vv e::pst.ptcp mark::comma
sargan jui adali nioi_jy manju gurun i sure_kundulen_han ,	nv::nv nv::nv nv::adj nn::prpn nv::nv nv::nv cm::gen nn::prpn mark::comma
bodo ci isi rakū ci ,	verb::vv e::cve verb::vv e::npst.ptcp.neg e::cve mark::comma
han ,	nv::nv mark::comma
ehe niyalma be wasibu rakū wa rakū ci ,	nv::adj nv::nv cm::acc verb::vv e::npst.ptcp.neg verb::vv e::npst.ptcp.neg e::cve mark::comma
toibuna ,	nn::prpn.person mark::comma
ulin be gemu gai fi ,	nv::nv cm::acc nv::nv verb::vv e::cve mark::comma
juwe dain i karun tuci fi yabu re de ,	nv::nv nv::nv cm::gen nv::nv verb::vv e::cve verb::vv e::npst.ptcp cm::dat mark::comma
han i bithe ,	nv::nv cm::gen nv::nv mark::comma
yehe i amba_hoton i šun dekde re ergi duka de juwan ba i dube de isina fi ,	nv::nv cm::gen nn::prpn cm::gen nv::nv verb::vv e::npst.ptcp nv::nv nv::nv cm::dat nv::nv nv::nv cm::gen nv::nv cm::dat verb::vv e::cve mark::comma
jaisanggū ,	nn::prpn.person mark::comma
je ,	nv::nv mark::comma
han hendu me ,	nv::nv verb::vv e::cve mark::comma
orin jakūn i cimari erde talman talma ka bi he ,	nv::nv nv::nv cm::gen nv::nv nv::nv nv::nv verb::vv e::pst.ptcp verb::vv e::pst.ptcp mark::comma
mao_wen_lung ni karun fisin o fi ,	nn::prpn cm::gen nv::nv nv::adj verb::vv e::cve mark::comma
min be ume tafula ra .	pn::1sg cm::acc nv::nv verb::vv e::npst.ptcp mark::period
sin i enteke ehe be gūni ha de sin be wa ra ba bi he ,	pn::2sg cm::gen nv::nv nv::adj cm::acc verb::vv e::pst.ptcp cm::dat pn::2sg cm::acc verb::vv e::npst.ptcp nv::nv verb::vv e::pst.ptcp mark::comma
hecen weile re de ,	nv::nv verb::vv e::npst.ptcp cm::dat mark::comma
ce gemu gidabu fi muke de buce re ngge buce he ,	pn::3pl nv::nv verb::vv e::cve nv::nv cm::dat verb::vv e::npst.ptcp nmlz::nmlz verb::vv e::pst.ptcp mark::comma
jeng_dung_pu ,	nn::prpn mark::comma
iogi suwe hebeše fi ara ra ba be ,	nv::nv pn::2pl verb::vv e::cve verb::vv e::npst.ptcp nv::nv cm::acc mark::comma
abka jori ha tere ganio be si tafula me ilibu me ete mbi o ,	nv::nv verb::vv e::pst.ptcp nv::nv nv::adj cm::acc pn::2sg verb::vv e::cve verb::vv e::cve verb::vv e::fve.npst ptcl mark::comma
○ enggeder_efu i jui nangnuk_taiji ,	mark::circle nn::prpn cm::gen nv::nv nn::prpn mark::comma
nikan ,	nv::nv mark::comma
gūlha ,	nv::nv mark::comma
muse i uttu jobo ro be han sarkū ,	nv::nv cm::gen nv::nv verb::vv e::npst.ptcp cm::acc nv::nv nv::nv mark::comma
songko ,	nv::nv mark::comma
si min be min i šanggiyan_alin de isibu ∅ ,	pn::2sg pn::1sg cm::acc pn::1sg cm::gen nn::prpn cm::dat verb::vv e::fve.imperative mark::comma
afabu ha weile be banda rakū muterei teile kadala ki .	verb::vv e::pst.ptcp nv::nv cm::acc verb::vv e::npst.ptcp.neg nv::nv nv::nv verb::vv e::fve.opt mark::period
han de bithe alibu me ,	nv::nv cm::dat nv::nv verb::vv e::cve mark::comma
geren de ejebu me hendu kini ,	nv::adj cm::dat verb::vv e::cve verb::vv e::fve.opt mark::comma
nene he niyalma i gese hafan obu fi gung šang bu mbi ,	verb::vv e::pst.ptcp nv::nv cm::gen nv::nv nv::nv verb::vv e::cve nv::nv nv::nv verb::vv e::fve.npst mark::comma
donji ha manggi ,	verb::vv e::pst.ptcp nv::nv mark::comma
emu jergi buce re weile be guwebu mbi .	nv::nv nv::nv verb::vv e::npst.ptcp nv::nv cm::acc verb::vv e::fve.npst mark::period
afabu ha weile be mute mbi ,	verb::vv e::pst.ptcp nv::nv cm::acc verb::vv e::fve.npst mark::comma
juwe jergi buce re weile be guwebu mbi ,	nv::nv nv::nv verb::vv e::npst.ptcp nv::nv cm::acc verb::vv e::fve.npst mark::comma
fuhan in i beye be ,	nn::prpn.person pn::3sg cm::gen nv::nv cm::acc mark::comma
julge i enduringge han i abka i fejergi be dasa ha ngge ,	nv::nv cm::gen nv::nv nv::nv cm::gen nv::nv cm::gen nv::nv cm::acc verb::vv e::pst.ptcp nmlz::nmlz mark::comma
beye i ehe de wasi kini .	nv::nv cm::gen nv::adj cm::dat verb::vv e::fve.opt mark::period
muse uksin etu fi ,	pn::1pl.incl nv::nv verb::vv e::cve mark::comma
amala ji he hehe i gisun ,	nv::nv verb::vv e::pst.ptcp nv::nv cm::gen nv::nv mark::comma
gercile he aha be hokobu ha .	verb::vv e::pst.ptcp nv::nv cm::acc verb::vv e::pst.ptcp mark::period
akū o ho hafasa de niyalma šangna ra jalin de dangse bithe tuwa ci ,	nv::adj verb::vv e::pst.ptcp nv::nv cm::dat nv::nv verb::vv e::npst.ptcp nv::nv cm::dat nv::nv nv::nv verb::vv e::cve mark::comma
jui de ,	nv::nv cm::dat mark::comma
ere nadan niyalma de ,	nv::nv nv::nv nv::nv cm::dat mark::comma
gu_šan i ergi de jao_i_ho iogi gene fi baica ∅ seme unggi he .	nn::prpn cm::gen nv::nv cm::dat nn::prpn nv::nv verb::vv e::cve verb::vv e::fve.imperative comp verb::vv e::pst.ptcp mark::period
min i juse omosi jalan hala me han de gosibu me wesihun banji kini .	pn::1sg cm::gen nv::nv nv::nv nv::nv verb::vv e::cve nv::nv cm::dat verb::vv e::cve nv::nv verb::vv e::fve.opt mark::period
kvthū me gabta me saci me afa ha beye seme jilida me hendu fi ,	verb::vv e::cve verb::vv e::cve verb::vv e::cve verb::vv e::pst.ptcp nv::nv comp verb::vv e::cve verb::vv e::cve mark::comma
cen i beye i ehe de doro efuje hebi kai ,	pn::3pl cm::gen nv::nv cm::gen nv::adj cm::dat nv::nv verb::vv e::fve.prs.prf ptcl mark::comma
toliga ,	nn::prpn.person mark::comma
emu biya i on be alin be daba me muke be olo me ji he ngge ,	nv::nv nv::nv cm::gen nv::nv cm::acc nv::nv cm::acc verb::vv e::cve nv::nv cm::acc verb::vv e::cve verb::vv e::pst.ptcp nmlz::nmlz mark::comma
○ hūlmai be ,	mark::circle nn::prpn.person cm::acc mark::comma
tere be sinda fi unggi fi ,	nv::nv cm::acc verb::vv e::cve verb::vv e::cve mark::comma
ish'ab ,	nn::prpn.person mark::comma
waliya ha mucen ,	verb::vv e::pst.ptcp nv::nv mark::comma
emu gašan lan_pan_i ,	nv::nv nv::nv nn::prpn mark::comma
te geli muse i niyalma be i nene me wa habi ,	nv::nv nv::nv nv::nv cm::gen nv::nv cm::acc cm::gen verb::vv e::cve verb::vv e::fve.prs.prf mark::comma
coshil eigen sargan ,	nn::prpn.person nv::nv nv::nv mark::comma
gemu bithe ara fi han de wesimbu ∅ ,	nv::nv nv::nv verb::vv e::cve nv::nv cm::dat verb::vv e::fve.imperative mark::comma
dain de emke hono buce hekū ,	nv::nv cm::dat nv::nv nv::nv verb::vv e::pst.ptcp.neg mark::comma
bi amasi alana me gene mbi .	pn::1sg nv::nv verb::vv e::cve verb::vv e::fve.npst mark::period
hoton de dosi me gene re niyalma morin ihan be gai fi gaji ha ,	nv::nv cm::dat verb::vv e::cve verb::vv e::npst.ptcp nv::nv nv::nv nv::nv cm::acc verb::vv e::cve verb::vv e::pst.ptcp mark::comma
ama de acabu re be ,	nv::nv cm::dat verb::vv e::npst.ptcp cm::acc mark::comma
emu feye gidalabu ha seme tofohon yan i weile waliya mbi ,	nv::nv nv::nv verb::vv e::pst.ptcp comp nv::nv nv::nv cm::gen nv::nv verb::vv e::fve.npst mark::comma
nikan be emu gašan de acan te ,	nv::nv cm::acc nv::nv nv::nv cm::dat nv::nv nv::nv mark::comma
guwangning ci juwe nikan yafahan uka me ji he .	nn::prpn.plc cm::abl nv::nv nv::nv nv::adj verb::vv e::cve verb::vv e::pst.ptcp mark::period
ice duin de wasimbu ha ,	nv::adj nv::nv cm::dat verb::vv e::pst.ptcp mark::comma
abka i jui han ,	nv::nv cm::gen nv::nv nv::nv mark::comma
yaya de bu he seme ere sargan jui aniya ambula banji rakū ,	nv::nv cm::dat verb::vv e::pst.ptcp comp nv::nv nv::nv nv::nv nv::nv nv::nv verb::vv e::npst.ptcp.neg mark::comma
juwe morin ,	nv::nv nv::nv mark::comma
han i afabu ha jurgan be ,	nv::nv cm::gen verb::vv e::pst.ptcp nv::nv cm::acc mark::comma
huwesi tofohon ,	nv::nv nv::nv mark::comma
hoton i da de hanci gama ha kalka de dorgi niyalma wehe fungkū moo fulmiyen orho de tuwa dabu fi makta ci ,	nv::nv cm::gen nv::nv cm::dat nv::adj verb::vv e::pst.ptcp nv::nv cm::dat nv::nv nv::nv nv::nv nv::nv nv::nv nv::nv nv::nv cm::dat nv::nv verb::vv e::cve verb::vv e::cve mark::comma
ehe sain be dere bani rakū ,	nv::adj nv::adj cm::acc nv::nv verb::vv e::npst.ptcp.neg mark::comma
ninggun juru aha ,	nv::nv nv::nv nv::nv mark::comma
šundui jafa fi duile hekū ,	nn::prpn.person verb::vv e::cve verb::vv e::pst.ptcp.neg mark::comma
jajulan ,	nn::prpn.person mark::comma
gemu g'ai_jeo hecen i dolo bargiya ∅ ,	nv::nv nn::prpn nv::nv cm::gen nv::nv verb::vv e::fve.imperative mark::comma
suwen i gisun be donji ki seme bithe unggi he .	pn::2pl cm::gen nv::nv cm::acc verb::vv e::fve.opt comp nv::nv verb::vv e::pst.ptcp mark::period
hongko ,	nv::nv mark::comma
beiguwan ,	nv::nv mark::comma
sama ,	nv::nv mark::comma
nikan han i morin yafahan uhereme orin nadan tumen cooha duin jugūn i tuci ke ngge ,	nv::nv nv::nv cm::gen nv::nv nv::adj nv::nv nv::nv nv::nv nv::nv nv::nv nv::nv nv::nv cm::gen verb::vv e::pst.ptcp nmlz::nmlz mark::comma
biyoolan susai ,	nv::nv nv::nv mark::comma
○ juwan nadan de ,	mark::circle nv::nv nv::nv cm::dat mark::comma
sunja jaha i juwe tanggū cooha ji fi ,	nv::nv nv::nv cm::gen nv::nv nv::nv nv::nv verb::vv e::cve mark::comma
ulgiyan ,	nv::nv mark::comma
jeng_giyang ni ba i ubaša ha gurun be dahabu me gene fi ,	nn::prpn cm::gen nv::nv cm::gen verb::vv e::pst.ptcp nv::nv cm::acc verb::vv e::cve verb::vv e::cve mark::comma
geren beile se amban sa be isabu fi ,	nv::adj nv::nv nv::nv nv::nv nv::nv cm::acc verb::vv e::cve mark::comma
○ orin jakūn de ,	mark::circle nv::nv nv::nv cm::dat mark::comma
weihun banji re de sui ai de guwe mbi ,	nv::adj verb::vv e::npst.ptcp cm::dat nv::nv nv::nv cm::dat verb::vv e::fve.npst mark::comma
tere doro be kemuni bi ci saiyūn ,	nv::nv nv::nv cm::acc nv::nv verb::vv e::cve nv::nv mark::comma
muse ainu tuhe mbi ,	pn::1pl.incl nv::nv verb::vv e::fve.npst mark::comma
han i kesi de ,	nv::nv cm::gen nv::nv cm::dat mark::comma
ere biya ci poo sinda me tacibu ∅ ,	nv::nv nv::nv cm::abl nv::nv verb::vv e::cve verb::vv e::fve.imperative mark::comma
nioi_jy gurun i amban sa be gemu maksibu fi ,	nn::prpn nv::nv cm::gen nv::nv nv::nv cm::acc nv::nv verb::vv e::cve mark::comma
etuku ,	nv::nv mark::comma
gūwa etuku be gemu gai fi ,	nv::nv nv::nv cm::acc nv::nv verb::vv e::cve mark::comma
suwen i baha ha juwe tanggū morin ,	pn::2pl cm::gen verb::vv e::pst.ptcp nv::nv nv::nv nv::nv mark::comma
ji fi gene hekū bu re uji re be tuwa fi ,	verb::vv e::cve verb::vv e::pst.ptcp.neg verb::vv e::npst.ptcp verb::vv e::npst.ptcp cm::acc verb::vv e::cve mark::comma
angkūn ,	nn::prpn.person mark::comma
○ ice sunja de ,	mark::circle nv::adj nv::nv cm::dat mark::comma
tsanjiyang si ,	nv::nv pn::2sg mark::comma
min de ji he elcin be suwe ainu wa mbi ,	pn::1sg cm::dat verb::vv e::pst.ptcp nv::nv cm::acc pn::2pl nv::nv verb::vv e::fve.npst mark::comma
emu niyalma geli selabu me genggiyeken i banji cina ,	nv::nv nv::nv nv::nv verb::vv e::cve nv::adj cm::gen verb::vv e::fve.opt mark::comma
○ tofohon de ,	mark::circle nv::nv cm::dat mark::comma
han i bithe ,	nv::nv cm::gen nv::nv mark::comma
amba_beile i takūra ha niyalma ,	nn::prpn cm::gen verb::vv e::pst.ptcp nv::nv mark::comma
budai de ala fi yaksi habi ,	nn::prpn.person cm::dat verb::vv e::cve verb::vv e::fve.prs.prf mark::comma
tambai ,	nn::prpn.person mark::comma
io_tun_wei niyalma ,	nn::prpn nv::nv mark::comma
beile se i tokso ara mbi ,	nv::nv nv::nv cm::gen nv::nv verb::vv e::fve.npst mark::comma
gulhun gecuheri juwe be ,	nv::adj nv::nv nv::nv cm::acc mark::comma
ere mudan de wa ra be naka ki ,	nv::nv nv::nv cm::dat verb::vv e::npst.ptcp cm::acc verb::vv e::fve.opt mark::comma
han i pai be gai fi ,	nv::nv cm::gen nv::nv cm::acc verb::vv e::cve mark::comma
ende me cala me buce re weile baha ci guwebu ∅ ,	verb::vv e::cve verb::vv e::cve verb::vv e::npst.ptcp nv::nv verb::vv e::cve verb::vv e::fve.imperative mark::comma
juwe dzung_bing_guwan be baha fi wa ha ,	nv::nv nv::nv cm::acc verb::vv e::cve verb::vv e::pst.ptcp mark::comma
bi_yen ,	nn::prpn mark::comma
○ aibari be ,	mark::circle nn::prpn.person cm::acc mark::comma
hehe be bethe de fulgiyan yaha fehubu fi ,	nv::nv cm::acc nv::nv cm::dat nv::nv nv::nv verb::vv e::cve mark::comma
lii_ji_hiyo ura tū ci ,	nn::prpn nv::nv verb::vv e::cve mark::comma
geose ,	nn::prpn.person mark::comma
jan_i_birai_gu ,	nn::prpn mark::comma
jergi niyalma ci encu hacin i banji ha be taka fi ,	nv::nv nv::nv cm::abl nv::nv nv::nv cm::gen verb::vv e::pst.ptcp cm::acc verb::vv e::cve mark::comma
ilduci i elcin ,	nn::prpn.person cm::gen nv::nv mark::comma
han wa mbihe dere ,	nv::nv verb::vv e::fve.pst.ipfv ptcl mark::comma
gege buce he seme gege de da rakū .	nv::nv verb::vv e::pst.ptcp comp nv::nv cm::dat verb::vv e::npst.ptcp.neg mark::period
ajige gurun be gemu akū obu mbi o ,	nv::adj nv::nv cm::acc nv::nv nv::adj verb::vv e::fve.npst ptcl mark::comma
sejen ,	nv::nv mark::comma
omoktu i elcin ,	nn::prpn.person cm::gen nv::nv mark::comma
ere i šolo de ,	nv::nv cm::gen nv::adj cm::dat mark::comma
geren beile se suwen i sarkū aibi ,	nv::adj nv::nv nv::nv pn::2pl cm::gen nv::nv nv::nv mark::comma
jakūn minggan nadan tanggū orin jakūn ,	nv::nv nv::nv nv::nv nv::nv nv::nv nv::nv mark::comma
tuwa sinda me wa ha ,	nv::nv verb::vv e::cve verb::vv e::pst.ptcp mark::comma
○ barin i nangnuk i juwan niyalma yafahan uka me ji he .	mark::circle nv::nv cm::gen nn::prpn.person cm::gen nv::nv nv::nv nv::adj verb::vv e::cve verb::vv e::pst.ptcp mark::period
uheri duin minggan sunja tanggū gūsin nadan ,	nv::nv nv::nv nv::nv nv::nv nv::nv nv::nv nv::nv mark::comma
ama gosi ci o mbi o ,	nv::nv verb::vv e::cve verb::vv e::fve.npst ptcl mark::comma
tulergi monggo ucara fi ,	nv::nv nv::nv verb::vv e::cve mark::comma
ere bithe guwangning ci orin sunja de isinji ha .	nv::nv nv::nv nn::prpn.plc cm::abl nv::nv nv::nv cm::dat verb::vv e::pst.ptcp mark::period
○ orin jakūn de ,	mark::circle nv::nv nv::nv cm::dat mark::comma
juwe lamun samsu be dahai de bu he mujangga ,	nv::nv nv::adj nv::nv cm::acc nn::prpn.person cm::dat verb::vv e::pst.ptcp nv::adj mark::comma
susai haha ,	nv::nv nv::nv mark::comma
sunja tatan i beile se ,	nv::nv nv::nv cm::gen nv::nv nv::nv mark::comma
tuttu bisi re de ,	nv::nv verb::vv e::npst.ptcp cm::dat mark::comma
guwangning hecen i duka be jafa fi ,	nn::prpn.plc nv::nv cm::gen nv::nv cm::acc verb::vv e::cve mark::comma
emgeri sain gisun be gisure me ergembu hakū ,	nv::nv nv::adj nv::nv cm::acc verb::vv e::cve verb::vv e::pst.ptcp.neg mark::comma
tiyei_ling ni hecen de tofohon ba de isi tala tabcin feksi fi ,	nn::prpn cm::gen nv::nv cm::dat nv::nv nv::nv cm::dat verb::vv e::cve nv::nv verb::vv e::cve mark::comma
jakūta de emte feye baha ha ,	nv::nv cm::dat nv::nv nv::nv verb::vv e::pst.ptcp mark::comma
sure_kundulen_han hendu me ,	nn::prpn verb::vv e::cve mark::comma
jori ha jurgan be jurce rakū seme beiguwan obu ha .	verb::vv e::pst.ptcp nv::nv cm::acc verb::vv e::npst.ptcp.neg comp nv::nv verb::vv e::pst.ptcp mark::period
sain jurgan mujangga ,	nv::adj nv::nv nv::adj mark::comma
○ juwan nadan de ,	mark::circle nv::nv nv::nv cm::dat mark::comma
jaha i niyalma gemu muke de buce hebi ,	nv::nv cm::gen nv::nv nv::nv nv::nv cm::dat verb::vv e::fve.prs.prf mark::comma
amban sa i baru hendu me ,	nv::nv nv::nv cm::gen nv::nv verb::vv e::cve mark::comma
haha niyalma i jafa ha beri sirdan be gai hakū ,	nv::nv nv::nv cm::gen verb::vv e::pst.ptcp nv::nv nv::nv cm::acc verb::vv e::pst.ptcp.neg mark::comma
sin be use noho kubun juwe minggan gin ,	pn::2sg cm::acc nv::nv nv::nv nv::nv nv::nv nv::nv nv::nv mark::comma
juwe honin ,	nv::nv nv::nv mark::comma
aohan i dureng_beile de ,	nn::prpn.plc cm::gen nn::prpn cm::dat mark::comma
afabu ha weile be mute mbi ,	verb::vv e::pst.ptcp nv::nv cm::acc verb::vv e::fve.npst mark::comma
takūra ha niyalma de yali buda ulebu ∅ ,	verb::vv e::pst.ptcp nv::nv cm::dat nv::nv nv::nv verb::vv e::fve.imperative mark::comma
ineku tere inenggi wasimbu ha ,	nv::nv nv::nv nv::nv verb::vv e::pst.ptcp mark::comma
si jete re be saikan olho ∅ ,	pn::2sg verb::vv e::npst.ptcp cm::acc nv::adj verb::vv e::fve.imperative mark::comma
ula de emu feye baha ha seme jakūn yan i weile waliya mbi ,	nv::nv cm::dat nv::nv nv::nv verb::vv e::pst.ptcp comp nv::nv nv::nv cm::gen nv::nv verb::vv e::fve.npst mark::comma
ihan ilan tanggū ,	nv::nv nv::nv nv::nv mark::comma
buya beile se ,	nv::adj nv::nv nv::nv mark::comma
han i boo i hūwa de sekte he wehe ci nene me juwebu ∅ ,	nv::nv cm::gen nv::nv cm::gen nv::nv cm::dat verb::vv e::pst.ptcp nv::nv cm::abl verb::vv e::cve verb::vv e::fve.imperative mark::comma
šun dekde re ergi emu ujan i ba de banji ha ,	nv::nv verb::vv e::npst.ptcp nv::nv nv::nv nv::nv cm::gen nv::nv cm::dat verb::vv e::pst.ptcp mark::comma
han de fonji fi dosimbu ∅ se he manggi dosimbu ∅ ,	nv::nv cm::dat verb::vv e::cve verb::vv e::fve.imperative verb::vv e::pst.ptcp nv::nv verb::vv e::fve.imperative mark::comma
beiguwan i hergen be efule he ,	nv::nv cm::gen nv::nv cm::acc verb::vv e::pst.ptcp mark::comma
beile se amban sa i jui irgen ,	nv::nv nv::nv nv::nv nv::nv cm::gen nv::nv nv::nv mark::comma
jakūn haha ,	nv::nv nv::nv mark::comma
ihan honin wa me efen ara fi ulebu mbi kai ,	nv::nv nv::nv verb::vv e::cve nv::nv verb::vv e::cve verb::vv e::fve.npst ptcl mark::comma
han jirga ci ,	nv::nv verb::vv e::cve mark::comma
sunja amban i tuttu jobo ro be ,	nv::nv nv::nv cm::gen nv::nv verb::vv e::npst.ptcp cm::acc mark::comma
nikan i jase jaka i duka i hecen i jaka de wa ha ,	nv::nv cm::gen nv::nv nv::nv cm::gen nv::nv cm::gen nv::nv cm::gen nv::nv cm::dat verb::vv e::pst.ptcp mark::comma
bolkon gulu_šan_wei i du_jy_hūi_tungjy asika i omolo menggetu ,	nn::prpn.person nn::prpn cm::gen nv::nv nn::prpn.person cm::gen nv::nv nn::prpn.person mark::comma
tuwa ci ,	verb::vv e::cve mark::comma
○ abatai_age de ,	mark::circle nn::prpn cm::dat mark::comma
men i jušen amca me gene fi ,	pn::1pl.excl cm::gen nv::nv verb::vv e::cve verb::vv e::cve mark::comma
bi_jy_sai de ,	nn::prpn cm::dat mark::comma
han hendu me ,	nv::nv verb::vv e::cve mark::comma
han ,	nv::nv mark::comma
hai_si saha_wei i du_jy_hūi_ciyanši iliha i omolo kekebolot ,	nn::prpn nn::prpn cm::gen nv::nv nn::prpn.person cm::gen nv::nv nn::prpn.person mark::comma
gašan i ilan hehe sabu fi ,	nv::nv cm::gen nv::nv nv::nv verb::vv e::cve mark::comma
tunggadai ,	nn::prpn.person mark::comma
jaciba be sakda ka seme beiguwan i hergen be nakabu ha .	nn::prpn.person cm::acc verb::vv e::pst.ptcp comp nv::nv cm::gen nv::nv cm::acc verb::vv e::pst.ptcp mark::period
yali bu re be haira me ucara ha niyalma aisila me wa ki se ci ojo rakū o fi ,	nv::nv verb::vv e::npst.ptcp cm::acc verb::vv e::cve verb::vv e::pst.ptcp nv::nv verb::vv e::cve verb::vv e::fve.opt verb::vv e::cve verb::vv e::npst.ptcp.neg verb::vv e::cve mark::comma
ji_dase gebungge nikan ,	nn::prpn nv::adj nv::nv mark::comma
ehe be ehe seme han de ala mbi ,	nv::adj cm::acc nv::adj comp nv::nv cm::dat verb::vv e::fve.npst mark::comma
jai afabu ha weile be mute mbi ,	nv::nv verb::vv e::pst.ptcp nv::nv cm::acc verb::vv e::fve.npst mark::comma
ojo rakū ,	verb::vv e::npst.ptcp.neg mark::comma
ama bi ,	nv::nv verb::vv.npst mark::comma
amba_fujin ,	nn::prpn mark::comma
juwe ulgiyan ,	nv::nv nv::nv mark::comma
ula de emte feye gidalabu ha seme uyute yan i weile waliya mbi ,	nv::nv cm::dat nv::nv nv::nv verb::vv e::pst.ptcp comp nv::nv nv::nv cm::gen nv::nv verb::vv e::fve.npst mark::comma
munggatu ,	nn::prpn.person mark::comma
hehesi baru neci rahū ,	nv::nv nv::nv verb::vv e::fve.prv mark::comma
gidaša ra be ilibu ∅ ,	verb::vv e::npst.ptcp cm::acc verb::vv e::fve.imperative mark::comma
men i aisin_taidzu han be maksi ∅ se ci maksi hakū turgun de wa ki se re jaka de ,	pn::1pl.excl cm::gen nn::prpn nv::nv cm::acc verb::vv e::fve.imperative verb::vv e::cve verb::vv e::pst.ptcp.neg nv::nv cm::dat verb::vv e::fve.opt verb::vv e::npst.ptcp nv::nv cm::dat mark::comma
niyalma i beye be niyalma sali habi o ,	nv::nv cm::gen nv::nv cm::acc nv::nv verb::vv e::fve.prs.prf ptcl mark::comma
jai afabu ha weile be mute mbi ,	nv::nv verb::vv e::pst.ptcp nv::nv cm::acc verb::vv e::fve.npst mark::comma
emu yan emu jiha sunja fun menggun ,	nv::nv nv::nv nv::nv nv::nv nv::nv nv::nv nv::nv mark::comma
jecen de anafu te me gene he cooha i ejete be hala me unggi mbi seme ,	nv::nv cm::dat nv::nv verb::vv e::cve verb::vv e::pst.ptcp nv::nv cm::gen nv::nv cm::acc verb::vv e::cve verb::vv e::fve.npst comp mark::comma
cinggis_han i amala ,	nn::prpn cm::gen nv::nv mark::comma
han ,	nv::nv mark::comma
duin minggan olji baha ha ,	nv::nv nv::nv nv::nv verb::vv e::pst.ptcp mark::comma
nio_juwang de weri fi ji ∅ ,	nn::prpn cm::dat verb::vv e::cve verb::vv e::fve.imperative mark::comma
dalingho i hecen be dulende re de ,	nn::prpn.plc cm::gen nv::nv cm::acc verb::vv e::npst.ptcp cm::dat mark::comma
jai bira i dogon tuwakiya ra niyalma ,	nv::nv nv::nv cm::gen nv::nv verb::vv e::npst.ptcp nv::nv mark::comma
orin ninggun de wasimbu ha ,	nv::nv nv::nv cm::dat verb::vv e::pst.ptcp mark::comma
julge giyei han doro akū ehe o fi ,	nv::nv nn::prpn.person nv::nv nv::nv nv::adj nv::adj verb::vv e::cve mark::comma
daicing de emu minggan ,	nv::nv cm::dat nv::nv nv::nv mark::comma
cigu de tofohon yan i weile gai ha ,	nv::nv cm::dat nv::nv nv::nv cm::gen nv::nv verb::vv e::pst.ptcp mark::comma
beile se i mujilen be duile me tuwa ∅ ,	nv::nv nv::nv cm::gen nv::nv cm::acc verb::vv e::cve verb::vv e::fve.imperative mark::comma
han hendu me ,	nv::nv verb::vv e::cve mark::comma
ere be bi jalida fi jafa fi bene re ,	nv::nv cm::acc pn::1sg verb::vv e::cve verb::vv e::cve verb::vv e::npst.ptcp mark::comma
bayartu de tofohoto yan ,	nn::prpn.person cm::dat nv::nv nv::nv mark::comma
elhe baita o ci ,	nv::nv nv::nv verb::vv e::cve mark::comma
emu aniya ilan tanggū yan aisin gai mbi ,	nv::nv nv::nv nv::nv nv::nv nv::nv nv::nv verb::vv e::fve.npst mark::comma
cūhur ,	nn::prpn.person mark::comma
emke juwe komso ukanju be wa ra ngge gemu hubtu baha ki seme wa mbi kai ,	nv::nv nv::nv nv::adj nv::nv cm::acc verb::vv e::npst.ptcp nmlz::nmlz nv::nv nv::nv verb::vv e::fve.opt comp verb::vv e::fve.npst ptcl mark::comma
nikan cooha poo miyoocan be emdubei sinda ci tuci rakū ,	nv::nv nv::nv nv::nv nv::nv cm::acc nv::nv verb::vv e::cve verb::vv e::npst.ptcp.neg mark::comma
nikan ,	nv::nv mark::comma
ehe sain be dere bani rakū ,	nv::adj nv::adj cm::acc nv::nv verb::vv e::npst.ptcp.neg mark::comma
jai geli cilin de cooha ji fi min i niyalma be wa ha ,	nv::nv nv::nv nv::nv cm::dat nv::nv verb::vv e::cve pn::1sg cm::gen nv::nv cm::acc verb::vv e::pst.ptcp mark::comma
alima ,	nn::prpn.person mark::comma
gene he hafasa be yali uda me je kini seme ,	verb::vv e::pst.ptcp nv::nv cm::acc nv::nv verb::vv e::cve verb::vv e::fve.opt comp mark::comma
ese de poo sinda ra jakūn nikan be adabu fi unggi he .	nv::nv cm::dat nv::nv verb::vv e::npst.ptcp nv::nv nv::nv cm::acc verb::vv e::cve verb::vv e::pst.ptcp mark::period
efuje ci hebe i efuje ki se he bi he ,	verb::vv e::cve nv::nv cm::gen verb::vv e::fve.opt verb::vv e::pst.ptcp verb::vv e::pst.ptcp mark::comma
ilan erin i fucihi sa ,	nv::nv nv::nv cm::gen nv::nv nv::nv mark::comma
alban weile ci niyalma baha rakū seme tanggū haha de emke ,	nv::nv verb::vv e::cve nv::nv verb::vv e::npst.ptcp.neg comp nv::nv nv::nv cm::dat nv::nv mark::comma
han i bithe ,	nv::nv cm::gen nv::nv mark::comma
hecen i duka be morin tuwakiya me tuci re niyalma be saci me gabta me wa ra be sa fi ,	nv::nv cm::gen nv::nv cm::acc nv::nv verb::vv e::cve verb::vv e::npst.ptcp nv::nv cm::acc verb::vv e::cve verb::vv e::cve verb::vv e::npst.ptcp cm::acc verb::vv e::cve mark::comma
min be ama ahūta deote de acabu rakū nikai ,	pn::1sg cm::acc nv::nv nv::nv nv::nv cm::dat verb::vv e::npst.ptcp.neg ptcl mark::comma
duici jergi janggūda ,	nv::nv nv::nv nn::prpn.person mark::comma
hafan habšanji ∅ ,	nv::nv verb::vv e::fve.imperative mark::comma
alin de bai me gana ∅ seme unggi he bi he ,	nv::nv cm::dat verb::vv e::cve verb::vv e::fve.imperative comp verb::vv e::pst.ptcp verb::vv e::pst.ptcp mark::comma
ere tala de tuci ke cooha be saci rakū afa rakū o ho manggi ,	nv::nv nv::nv cm::dat verb::vv e::pst.ptcp nv::nv cm::acc verb::vv e::npst.ptcp.neg verb::vv e::npst.ptcp.neg verb::vv e::pst.ptcp nv::nv mark::comma
jai bisi re jeku be gemu wacihiya me musi ara habi ,	nv::nv verb::vv e::npst.ptcp nv::nv cm::acc nv::nv verb::vv e::cve nv::nv verb::vv e::fve.prs.prf mark::comma
niowanggiyaha be sucu ha inenggi ,	nn::prpn.plc cm::acc verb::vv e::pst.ptcp nv::nv mark::comma
ilan tumen gurun akū bi me ,	nv::nv nv::nv nv::nv nv::adj verb::vv e::cve mark::comma
wan_lii i orin emuci aniya uyun biya i orin jaisa ,	nn::prpn cm::gen nv::nv nv::nv nv::nv nv::nv nv::nv cm::gen nv::nv nn::prpn.person mark::comma
ehe miosihon mujilen i hūlha holo o ci ,	nv::adj nv::adj nv::nv cm::gen nv::nv nv::nv verb::vv e::cve mark::comma
orin ninggun de wasimbu ha ,	nv::nv nv::nv cm::dat verb::vv e::pst.ptcp mark::comma
cahar i han be ehe seme ,	nn::prpn.plc cm::gen nv::nv cm::acc nv::adj comp mark::comma
sure_kundulen_han i beye amala gene fi ,	nn::prpn cm::gen nv::nv nv::nv verb::vv e::cve mark::comma
min i kadala ra emu gala i cooha be dzung_bing_guwan ci fakca rakū ,	pn::1sg cm::gen verb::vv e::npst.ptcp nv::nv nv::nv cm::gen nv::nv cm::acc nv::nv cm::abl verb::vv e::npst.ptcp.neg mark::comma
men i ere ing de bi ,	pn::1pl.excl cm::gen nv::nv nv::nv cm::dat verb::vv.npst mark::comma
han hendu me ,	nv::nv verb::vv e::cve mark::comma
han hendu me ,	nv::nv verb::vv e::cve mark::comma
sin de aika ushacun ehe ba geli bi o seme fonji ci ,	pn::2sg cm::dat nv::nv nv::adj nv::adj nv::nv nv::nv verb::vv.npst ptcl comp verb::vv e::cve mark::comma
nikan gurun be min i daila ra onggolo ,	nv::nv nv::nv cm::acc pn::1sg cm::gen verb::vv e::npst.ptcp nv::nv mark::comma
korcin i jaisang_beile i sargan jui be ,	nn::prpn.plc cm::gen nn::prpn cm::gen nv::nv nv::nv cm::acc mark::comma
hife be takūra me han de fonji fi ,	nv::nv cm::acc verb::vv e::cve nv::nv cm::dat verb::vv e::cve mark::comma
suwen i ji he be gūni me etu re jete re be gosi mbi dere ,	pn::2pl cm::gen verb::vv e::pst.ptcp cm::acc verb::vv e::cve verb::vv e::npst.ptcp verb::vv e::npst.ptcp cm::acc verb::vv e::fve.npst ptcl mark::comma
yaya de gemu urgun sain kai ,	nv::nv cm::dat nv::nv nv::nv nv::adj ptcl mark::comma
jide re de emu inenggi be ,	verb::vv e::npst.ptcp cm::dat nv::nv nv::nv cm::acc mark::comma
○ orin emu de ,	mark::circle nv::nv nv::nv cm::dat mark::comma
monggo ba de gama ki se ci unggi he ,	nv::nv nv::nv cm::dat verb::vv e::fve.opt verb::vv e::cve verb::vv e::pst.ptcp mark::comma
manggol ci uka ka turgun de ,	nn::prpn.person cm::abl verb::vv e::pst.ptcp nv::nv cm::dat mark::comma
suwen i monggo men be emu moro buda ulebu mbi o ,	pn::2pl cm::gen nv::nv pn::1pl.excl cm::acc nv::nv nv::nv nv::nv verb::vv e::fve.npst ptcl mark::comma
in i ba i sunja minggan cooha akdula me tuwakiya fi ,	pn::3sg cm::gen nv::nv cm::gen nv::nv nv::nv nv::nv verb::vv e::cve verb::vv e::cve mark::comma
nikan cooha poo miyoocan sinda me afa ci ,	nv::nv nv::nv nv::nv nv::nv verb::vv e::cve verb::vv e::cve mark::comma
han hendu me ,	nv::nv verb::vv e::cve mark::comma
etu re jete re be jobobu rakū seme gūni mbi kai ,	verb::vv e::npst.ptcp verb::vv e::npst.ptcp cm::acc verb::vv e::npst.ptcp.neg comp verb::vv e::fve.npst ptcl mark::comma
emgi gene he duin ciyandzung de beiguwan i hergen ,	nv::nv verb::vv e::pst.ptcp nv::nv nv::nv cm::dat nv::nv cm::gen nv::nv mark::comma
jing fujiyang mungtan ,	nv::nv nv::nv nn::prpn.person mark::comma
men i ere ing ni cooha gemu solho i canggi bi ,	pn::1pl.excl cm::gen nv::nv nv::nv cm::gen nv::nv nv::nv nv::nv cm::gen nv::nv verb::vv.npst mark::comma
acibu_hiya de afabu ha ,	nn::prpn cm::dat verb::vv e::pst.ptcp mark::comma
gege be gaji ∅ seme gana fi gaji ha .	nv::nv cm::acc verb::vv e::fve.imperative comp verb::vv e::cve verb::vv e::pst.ptcp mark::period
suje i etuku nadata ,	nv::nv cm::gen nv::nv nv::nv mark::comma
amba_beile ,	nn::prpn mark::comma
gemu meni meni boo de dobori dosi me ji he manggi ,	nv::nv nv::nv nv::nv nv::nv cm::dat nv::nv verb::vv e::cve verb::vv e::pst.ptcp nv::nv mark::comma
erdeni_baksi ,	nn::prpn mark::comma
min i aha dosi fi amasi bederebu re ngge aba seme ,	pn::1sg cm::gen nv::nv verb::vv e::cve nv::nv verb::vv e::npst.ptcp nmlz::nmlz nv::nv comp mark::comma
muse i cooha ,	nv::nv cm::gen nv::nv mark::comma
hai_si gvlakū_šan_wei i du_jy_hūi_ciyanši daidu i omolo munggi ,	nn::prpn nn::prpn cm::gen nv::nv nn::prpn.plc cm::gen nv::nv nn::prpn.person mark::comma
manggo ,	nv::nv mark::comma
jori ha jurgan be jurce rakū seme beiguwan obu ha .	verb::vv e::pst.ptcp nv::nv cm::acc verb::vv e::npst.ptcp.neg comp nv::nv verb::vv e::pst.ptcp mark::period
min i eiten be ainu nungne mbi ,	pn::1sg cm::gen nv::adj cm::acc nv::nv verb::vv e::fve.npst mark::comma
adun_age i weile de ,	nn::prpn cm::gen nv::nv cm::dat mark::comma
abutu_baturu ,	nn::prpn mark::comma
○ orin emu inenggi coko erin de ,	mark::circle nv::nv nv::nv nv::nv nv::nv nv::nv cm::dat mark::comma
min i juse omosi jalan hala me han de gosibu me wesihun banji kini .	pn::1sg cm::gen nv::nv nv::nv nv::nv verb::vv e::cve nv::nv cm::dat verb::vv e::cve nv::nv verb::vv e::fve.opt mark::period
šeo_pu ,	nv::nv mark::comma
suje jodo ro nikan baha mbihe kai ,	nv::nv verb::vv e::npst.ptcp nv::nv verb::vv e::fve.pst.ipfv ptcl mark::comma
geli emu jergi wa ha ,	nv::nv nv::nv nv::nv verb::vv e::pst.ptcp mark::comma
xi_san_šan i ebergi emu pu be tuwa fi tuwakiya me morin ulebu me te ,	nn::prpn cm::gen nv::nv nv::nv nv::nv cm::acc verb::vv e::cve verb::vv e::cve nv::nv verb::vv e::cve nv::nv mark::comma
ere giranggi gese giranggi šara me buce kini ,	nv::nv nv::nv nv::nv nv::nv verb::vv e::cve verb::vv e::fve.opt mark::comma
beye de etu ∅ seme emu hilteri uksin ,	nv::nv cm::dat verb::vv e::fve.imperative comp nv::nv nv::nv nv::nv mark::comma
fanggina de wasimbu ha gisun ,	nn::prpn.person cm::dat verb::vv e::pst.ptcp nv::nv mark::comma
handu bele orin emu hule sunja sin ,	nv::nv nv::nv nv::nv nv::nv nv::nv nv::nv nv::nv mark::comma
jušen i hafan ,	nv::nv cm::gen nv::nv mark::comma
ilaci niru i moohai_faksi ,	nv::nv nv::nv cm::gen nn::prpn mark::comma
han hendu me ,	nv::nv verb::vv e::cve mark::comma
muse be abka urule he ,	pn::1pl.incl cm::acc nv::nv verb::vv e::pst.ptcp mark::comma
julge i niyalma jakūnju tumen nikan ,	nv::nv cm::gen nv::nv nv::nv nv::nv nv::nv mark::comma
tere be jušen seme gaji ∅ se re ngge waka ,	nv::nv cm::acc nv::nv comp verb::vv e::fve.imperative verb::vv e::npst.ptcp nmlz::nmlz nv::adj mark::comma
juse akū ci ,	nv::nv verb::vv e::cve mark::comma
buya juse be gai fi ,	nv::adj nv::nv cm::acc verb::vv e::cve mark::comma
ninggucin ,	nn::prpn.person mark::comma
sahaliyan_mafa .	nn::prpn mark::period
sara emte ,	nv::nv nv::nv mark::comma
giranggi šo fi sinda fi ,	nv::nv verb::vv e::cve verb::vv e::cve mark::comma
han ,	nv::nv mark::comma
tere ci casi gene fi godo gebungge hoton be geli gai ha ,	nv::nv cm::abl nv::nv verb::vv e::cve nn::prpn.plc nv::adj nv::nv cm::acc nv::nv verb::vv e::pst.ptcp mark::comma
guwangning ci ji he hafasa ,	nn::prpn.plc cm::abl verb::vv e::pst.ptcp nv::nv mark::comma
moo i yafan juwe ,	nv::nv cm::gen nv::nv nv::nv mark::comma
juwe kuwangse guile he benji he ,	nv::nv nv::nv verb::vv e::pst.ptcp verb::vv e::pst.ptcp mark::comma
si ume tuwamgiya ra ,	pn::2sg nv::nv verb::vv e::npst.ptcp mark::comma
sain be sain ,	nv::adj cm::acc nv::adj mark::comma
han niyalma de ai hacin i baita akū ,	nv::nv nv::nv cm::dat nv::nv nv::nv cm::gen nv::nv nv::adj mark::comma
emu kooji ,	nv::nv nv::nv mark::comma
tanggū niyalma i baita tooka mbi ,	nv::nv nv::nv cm::gen nv::nv verb::vv e::fve.npst mark::comma
alban weile re emu tanggū dehi niyalma ,	nv::nv verb::vv e::npst.ptcp nv::nv nv::nv nv::nv nv::nv mark::comma
etu re etuku bi o ,	verb::vv e::npst.ptcp nv::nv verb::vv.npst ptcl mark::comma
jabša ci sain kai ,	verb::vv e::cve nv::adj ptcl mark::comma
baksi seme beye i teile .	nv::nv comp nv::nv cm::gen nv::nv mark::period
weri beile se i gucu be boli me ,	nv::nv nv::nv nv::nv cm::gen nv::nv cm::acc verb::vv e::cve mark::comma
○ sibatai be wesibu fi daise iogi obu ha .	mark::circle nn::prpn.person cm::acc verb::vv e::cve nv::nv nv::nv verb::vv e::pst.ptcp mark::period
geren monggo be gai fi hengkile he ,	nv::adj nv::nv cm::acc verb::vv e::cve verb::vv e::pst.ptcp mark::comma
han i hecen de bi he morin i cooha be ,	nv::nv cm::gen nv::nv cm::dat verb::vv e::pst.ptcp nv::nv cm::gen nv::nv cm::acc mark::comma
ahūn deo ci fakca fi ,	nv::nv nv::nv cm::abl verb::vv e::cve mark::comma
burhanggū ahūn deo cen i cisu i niyaman bija fi te be afa ha seme aina ra ,	nn::prpn.person nv::nv nv::nv pn::3pl cm::gen nv::nv cm::gen nv::nv verb::vv e::cve nv::nv cm::acc verb::vv e::pst.ptcp comp verb::vv e::npst.ptcp mark::comma
○ orin ilan de ,	mark::circle nv::nv nv::nv cm::dat mark::comma
○ kakduri ,	mark::circle nn::prpn.person mark::comma
emte suje ,	nv::nv nv::nv mark::comma
lio_fujiyang gene fi fu_jeo ,	nn::prpn verb::vv e::cve nn::prpn mark::comma
kalka i bagadarhan_beile i haha orin emu ,	nv::nv cm::gen nn::prpn cm::gen nv::nv nv::nv nv::nv mark::comma
ginjeo i ba ,	nn::prpn.plc cm::gen nv::nv mark::comma
beile ji mbi ,	nv::nv verb::vv e::fve.npst mark::comma
min be wa kini ,	pn::1sg cm::acc verb::vv e::fve.opt mark::comma
in i da sargan be gūwa de bu fi ,	pn::3sg cm::gen nv::nv nv::nv cm::acc nv::nv cm::dat verb::vv e::cve mark::comma
boigon i niyalma aikabade muse i bene re niyalma be wa rahū ,	nv::nv cm::gen nv::nv nv::nv nv::nv cm::gen verb::vv e::npst.ptcp nv::nv cm::acc verb::vv e::fve.prv mark::comma
jai han de aca me yabu ∅ se ci ,	nv::nv nv::nv cm::dat verb::vv e::cve verb::vv e::fve.imperative verb::vv e::cve mark::comma
abka de elje re gese ,	nv::nv cm::dat verb::vv e::npst.ptcp nv::nv mark::comma
jori ha jurgan be jurce rakū seme beiguwan obu ha .	verb::vv e::pst.ptcp nv::nv cm::acc verb::vv e::npst.ptcp.neg comp nv::nv verb::vv e::pst.ptcp mark::period
tede ume gene re ,	nv::nv nv::nv verb::vv e::npst.ptcp mark::comma
fujiyang ni hergen be nakabu fi beiguwan obu me ,	nv::nv cm::gen nv::nv cm::acc verb::vv e::cve nv::nv verb::vv e::cve mark::comma
fujiyang idu banji fi ,	nv::nv nv::nv verb::vv e::cve mark::comma
tere ci kiyoo de te fi ,	nv::nv cm::abl nv::nv cm::dat verb::vv e::cve mark::comma
○ iogi xušalan ,	mark::circle nv::nv nn::prpn.person mark::comma
coirjal ,	nn::prpn.person mark::comma
ice ninggun de isinji ha .	nv::adj nv::nv cm::dat verb::vv e::pst.ptcp mark::period
olji faita ha .	nv::nv verb::vv e::pst.ptcp mark::period
du_tang ni bithe seme ara ra be naka ∅ .	nv::nv cm::gen nv::nv comp verb::vv e::npst.ptcp cm::acc verb::vv e::fve.imperative mark::period
han i bithe ,	nv::nv cm::gen nv::nv mark::comma
ere doro be sin de guribu hekū kai ,	nv::nv nv::nv cm::acc pn::2sg cm::dat verb::vv e::pst.ptcp.neg ptcl mark::comma
min i beye ai gisun ,	pn::1sg cm::gen nv::nv nv::nv nv::nv mark::comma
han de dahū me gisun ainu fonjibu ha ,	nv::nv cm::dat verb::vv e::cve nv::nv nv::nv verb::vv e::pst.ptcp mark::comma
juwan juwe cooha i niyalma i beye juse sargan be ,	nv::nv nv::nv nv::nv cm::gen nv::nv cm::gen nv::nv nv::nv nv::nv cm::acc mark::comma
sunja niru be kadala ∅ seme afabu ha bi he kai ,	nv::nv nv::nv cm::acc verb::vv e::fve.imperative comp verb::vv e::pst.ptcp verb::vv e::pst.ptcp ptcl mark::comma
geren fujiyang ,	nv::adj nv::nv mark::comma
bele he niyalma i gisun uru o mbi ,	verb::vv e::pst.ptcp nv::nv cm::gen nv::nv nv::nv verb::vv e::fve.npst mark::comma
suwen i ahūta deote i niyalma hebe aca fi doro wesihun o ci ,	pn::2pl cm::gen nv::nv nv::nv cm::gen nv::nv nv::nv verb::vv e::cve nv::nv nv::nv verb::vv e::cve mark::comma
jargūci_mafa i elcin i emgi ,	nn::prpn cm::gen nv::nv cm::gen nv::nv mark::comma
tebu he ambula se ci amasi takūra ∅ .	verb::vv e::pst.ptcp nv::nv verb::vv e::cve nv::nv verb::vv e::fve.imperative mark::period
han tuci fi fe liyoodung ni julergi ala ∅ de ,	nv::nv verb::vv e::cve nv::adj nn::prpn.plc cm::gen nv::nv verb::vv e::fve.imperative cm::dat mark::comma
niyalma be takūra ha bi he ,	nv::nv cm::acc verb::vv e::pst.ptcp verb::vv e::pst.ptcp mark::comma
ubasi ,	nn::prpn.person mark::comma
han i doro šajin genggiyen kai ,	nv::nv cm::gen nv::nv nv::nv nv::adj ptcl mark::comma
darhan_hiya i gūsa ,	nn::prpn cm::gen nv::nv mark::comma
tongki fuka sinda ha hergen i dangse .	nv::nv nv::nv verb::vv e::pst.ptcp nv::nv cm::gen nv::nv mark::period
○ ice_hecen ,	mark::circle nn::prpn mark::comma
solohi ci wesihun ,	nv::nv cm::abl nv::nv mark::comma
gemu wa ha ,	nv::nv verb::vv e::pst.ptcp mark::comma
suwen i ahūn deo be suwe wa ha kai ,	pn::2pl cm::gen nv::nv nv::nv cm::acc pn::2pl verb::vv e::pst.ptcp ptcl mark::comma
ejen akū morin be yalu fi darin tuci rahū ,	nv::nv nv::adj nv::nv cm::acc verb::vv e::cve nv::nv verb::vv e::fve.prv mark::comma
udu hule ,	nv::nv nv::nv mark::comma
ice_donggo ,	nn::prpn mark::comma
giyang bitu me te he gašan gašan i nikasa be ,	nv::nv verb::vv e::cve verb::vv e::pst.ptcp nv::nv nv::nv cm::gen nv::nv cm::acc mark::comma
han jakūnju yan menggun bu fi ,	nv::nv nv::nv nv::nv nv::nv verb::vv e::cve mark::comma
jonaha_mafa ,	nn::prpn mark::comma
nangnuk_beile i dalai_tabunang be fuhali gabta habi ,	nn::prpn cm::gen nn::prpn cm::acc nv::nv verb::vv e::fve.prs.prf mark::comma
tongki fuka sinda ha hergen i dangse .	nv::nv nv::nv verb::vv e::pst.ptcp nv::nv cm::gen nv::nv mark::period
nene me juwan yan aisin be ecike ali me gai ha ,	verb::vv e::cve nv::nv nv::nv nv::nv cm::acc nv::nv verb::vv e::cve verb::vv e::pst.ptcp mark::comma
○ tere inenggi ,	mark::circle nv::nv nv::nv mark::comma
hūlha holo be deribu ci ,	nv::nv nv::nv cm::acc verb::vv e::cve mark::comma
aisin gurun i agūda han ,	nv::nv nv::nv cm::gen nn::prpn.person nv::nv mark::comma
jugūn jugūn de unggi he ,	nv::nv nv::nv cm::dat verb::vv e::pst.ptcp mark::comma
afabu ha weile be mute mbi ,	verb::vv e::pst.ptcp nv::nv cm::acc verb::vv e::fve.npst mark::comma
solho i cooha cen i tukiye me jafa ha tu be gemu fusihūn gida me somi fi ,	nv::nv cm::gen nv::nv pn::3pl cm::gen verb::vv e::cve verb::vv e::pst.ptcp nv::nv cm::acc nv::nv nv::adj verb::vv e::cve verb::vv e::cve mark::comma
beile se i tetun doola ra de ucara fi bu he se ci ,	nv::nv nv::nv cm::gen nv::nv verb::vv e::npst.ptcp cm::dat verb::vv e::cve verb::vv e::pst.ptcp verb::vv e::cve mark::comma
in i cooha emu ba de bi o ,	pn::3sg cm::gen nv::nv nv::nv nv::nv cm::dat verb::vv.npst ptcl mark::comma
wan_lii i uyuci aniya duin biya i orin jakūn de baha ha ,	nn::prpn cm::gen nv::nv nv::nv nv::nv nv::nv cm::gen nv::nv nv::nv cm::dat verb::vv e::pst.ptcp mark::comma
emu niyalma be takūra me fonji cina seme hendu re jaka de ,	nv::nv nv::nv cm::acc verb::vv e::cve verb::vv e::fve.opt comp verb::vv e::npst.ptcp nv::nv cm::dat mark::comma
buyara me ,	verb::vv e::cve mark::comma
unege_baksi ,	nn::prpn mark::comma
tede unggi he bithe ,	nv::nv verb::vv e::pst.ptcp nv::nv mark::comma
cooha i agūra be ,	nv::nv cm::gen nv::nv cm::acc mark::comma
ubu i morin gida ha seme gercile fi ,	nv::nv cm::gen nv::nv verb::vv e::pst.ptcp comp verb::vv e::cve mark::comma
tere i amala ,	nv::nv cm::gen nv::nv mark::comma
emu jergi buce re weile be guwebu mbi .	nv::nv nv::nv verb::vv e::npst.ptcp nv::nv cm::acc verb::vv e::fve.npst mark::period
aniya de wa fi je kini seme bu he .	nv::nv cm::dat verb::vv e::cve verb::vv e::fve.opt comp verb::vv e::pst.ptcp mark::period
nikan gurun i wan_lii_han ,	nv::nv nv::nv cm::gen nn::prpn mark::comma
ere uji he baili be gūni me afabu ha jurgan be bahana ra i teile banji ki ,	nv::nv verb::vv e::pst.ptcp nv::nv cm::acc verb::vv e::cve verb::vv e::pst.ptcp nv::nv cm::acc verb::vv e::npst.ptcp cm::gen nv::nv verb::vv e::fve.opt mark::comma
cen_iogi de wasimbu ha ,	nn::prpn cm::dat verb::vv e::pst.ptcp mark::comma
nikan cooha i hanci isina ra jaka de ,	nv::nv nv::nv cm::gen nv::adj verb::vv e::npst.ptcp nv::nv cm::dat mark::comma
dekde he dain be nakabu me ,	verb::vv e::pst.ptcp nv::nv cm::acc verb::vv e::cve mark::comma
kūrcan ,	nv::nv mark::comma
ama mafa i giran ,	nv::nv nv::nv cm::gen nv::nv mark::comma
darhan bi ,	nn::prpn.person verb::vv.npst mark::comma
muse de adarame daha me yabu mbi seme hendu me ,	pn::1pl.incl cm::dat nv::nv verb::vv e::cve verb::vv e::fve.npst comp verb::vv e::cve mark::comma
fakūri ,	nv::nv mark::comma
mao_wen_lung ni baru hebe seme gercile re jaka de ,	nn::prpn cm::gen nv::nv nv::nv comp verb::vv e::npst.ptcp nv::nv cm::dat mark::comma
fejergi jalan i niyalma be gosi ci ,	nv::nv nv::nv cm::gen nv::nv cm::acc verb::vv e::cve mark::comma
meni meni fe nukte he ba de bedere ∅ ,	nv::nv nv::nv nv::adj verb::vv e::pst.ptcp nv::nv cm::dat verb::vv e::fve.imperative mark::comma
wan_lii i orin nadaci aniya juwe biya i ice uyun de baha ha .	nn::prpn cm::gen nv::nv nv::nv nv::nv nv::nv nv::nv cm::gen nv::adj nv::nv cm::dat verb::vv e::pst.ptcp mark::period
burhan de wa ra weile ara ha bi he ,	nn::prpn.person cm::dat verb::vv e::npst.ptcp nv::nv verb::vv e::pst.ptcp verb::vv e::pst.ptcp mark::comma
hūla me bu re šang ni dabala ,	verb::vv e::cve verb::vv e::npst.ptcp nv::nv cm::gen ptcl mark::comma
weji ,	nv::nv mark::comma
encu weile de gene fi ,	nv::nv nv::nv cm::dat verb::vv e::cve mark::comma
meni meni gašan de gene ∅ ,	nv::nv nv::nv nv::nv cm::dat verb::vv e::fve.imperative mark::comma
gemu han i amba baita kai ,	nv::nv nv::nv cm::gen nv::adj nv::nv ptcl mark::comma
ehe be kice me waliya fi sain be kice me banji ki ,	nv::adj cm::acc verb::vv e::cve verb::vv e::cve nv::adj cm::acc verb::vv e::cve verb::vv e::fve.opt mark::comma
yoto_age sa mbi ,	nn::prpn verb::vv e::fve.npst mark::comma
fujiyang fakca hakū seme wesihun han de ala ∅ ,	nv::nv verb::vv e::pst.ptcp.neg comp nv::nv nv::nv cm::dat verb::vv e::fve.imperative mark::comma
orin sunja boo ,	nv::nv nv::nv nv::nv mark::comma
hehesi jafa rakū we jafa mbi ,	nv::nv verb::vv e::npst.ptcp.neg nv::nv verb::vv e::fve.npst mark::comma
sahaliyan gurun de bu fi moo de nerebu fi gabtabu ha ,	nv::adj nv::nv cm::dat verb::vv e::cve nv::nv cm::dat verb::vv e::cve verb::vv e::pst.ptcp mark::comma
muse i gebu ehe waka o se ci ,	nv::nv cm::gen nv::nv nv::adj nv::nv ptcl verb::vv e::cve mark::comma
baban sin i je kini se re ngge muhaliyan be ,	nn::prpn.person pn::2sg cm::gen verb::vv e::fve.opt verb::vv e::npst.ptcp nmlz::nmlz nv::nv cm::acc mark::comma
men i juse tere i adali eigen be jobobu re gasabu re o ci ,	pn::1pl.excl cm::gen nv::nv nv::nv cm::gen nv::adj nv::nv cm::acc verb::vv e::npst.ptcp verb::vv e::npst.ptcp verb::vv e::cve mark::comma
niru ha derhi juwan ,	verb::vv e::pst.ptcp nv::nv nv::nv mark::comma
abka na wakala fi ,	nv::nv nv::nv verb::vv e::cve mark::comma
muse i beile se hendu me ,	nv::nv cm::gen nv::nv nv::nv verb::vv e::cve mark::comma
doro be ume jurce re .	nv::nv cm::acc nv::nv verb::vv e::npst.ptcp mark::period
suwen i sa ra aibi ,	pn::2pl cm::gen verb::vv e::npst.ptcp nv::nv mark::comma
ajin_tun_wei i du_jy_hūi_ciyanši alu i omolo lungtu ,	nn::prpn cm::gen nv::nv nn::prpn.person cm::gen nv::nv nn::prpn.person mark::comma
han i tacibu ha tondo fafun be jurce rakū banji ci ,	nv::nv cm::gen verb::vv e::pst.ptcp nv::adj nv::nv cm::acc verb::vv e::npst.ptcp.neg verb::vv e::cve mark::comma
weri gurun i niyalma be baha ci inu gucu o kini seme uji mbi kai ,	nv::nv nv::nv cm::gen nv::nv cm::acc verb::vv e::cve nv::nv nv::nv verb::vv e::fve.opt comp verb::vv e::fve.npst ptcl mark::comma
si mergen genggiyen se re ngge tere o ,	pn::2sg nv::adj nv::adj verb::vv e::npst.ptcp nmlz::nmlz nv::nv ptcl mark::comma
tainju ,	nn::prpn.person mark::comma
yehe i nanakon_fujin ,	nv::nv cm::gen nn::prpn mark::comma
taifin i fon de ,	nv::adj cm::gen nv::nv cm::dat mark::comma
ula de emu feye baha ha seme uyun yan i weile waliya mbi ,	nv::nv cm::dat nv::nv nv::nv verb::vv e::pst.ptcp comp nv::nv nv::nv cm::gen nv::nv verb::vv e::fve.npst mark::comma
hunio ,	nv::nv mark::comma
golmin jiramin uksin etu he niyalma gida jangkū jafa fi juleri afa me ,	nv::adj nv::adj nv::nv verb::vv e::pst.ptcp nv::nv nv::nv nv::nv verb::vv e::cve nv::nv verb::vv e::cve mark::comma
ehe be ehe seme han de ala mbi ,	nv::adj cm::acc nv::adj comp nv::nv cm::dat verb::vv e::fve.npst mark::comma
○ cirgešen be ,	mark::circle nn::prpn.person cm::acc mark::comma
we ere i gese uji he baili isibu habi seme saiša fi ,	nv::nv nv::nv cm::gen nv::nv verb::vv e::pst.ptcp nv::nv verb::vv e::fve.prs.prf comp verb::vv e::cve mark::comma
ehe be ehe seme han de ala mbi ,	nv::adj cm::acc nv::adj comp nv::nv cm::dat verb::vv e::fve.npst mark::comma
min i dolo juse omosi geren uji he ,	pn::1sg cm::gen nv::nv nv::nv nv::nv nv::adj verb::vv e::pst.ptcp mark::comma
meni meni dosi ka ba de dedu he ,	nv::nv nv::nv verb::vv e::pst.ptcp nv::nv cm::dat verb::vv e::pst.ptcp mark::comma
sin be inu basu mbi seme uttu gūni me ,	pn::2sg cm::acc nv::nv verb::vv e::fve.npst comp nv::nv verb::vv e::cve mark::comma
gene he amban de weile .	verb::vv e::pst.ptcp nv::nv cm::dat nv::nv mark::period
hai_si ilu_ho_wei i du_jy_hūi_ciyanši bolot i omolo udai ,	nn::prpn nn::prpn cm::gen nv::nv nn::prpn.person cm::gen nv::nv nn::prpn.person mark::comma
emu tumen juwe minggan olji gaji ha .	nv::nv nv::nv nv::nv nv::nv nv::nv verb::vv e::pst.ptcp mark::period
seoken ,	nn::prpn.person mark::comma
dzung_bing_guwan ,	nv::nv mark::comma
etuku su me gaija ra de ,	nv::nv verb::vv e::cve verb::vv e::npst.ptcp cm::dat mark::comma
abka wakala fi han be efule ci ,	nv::nv verb::vv e::cve nv::nv cm::acc verb::vv e::cve mark::comma
lii_king_cing ,	nn::prpn mark::comma
nio_juwang de bedere fi te ,	nn::prpn cm::dat verb::vv e::cve nv::nv mark::comma
ji he songko i boigon be dali me unggi he .	verb::vv e::pst.ptcp nv::nv cm::gen nv::nv cm::acc verb::vv e::cve verb::vv e::pst.ptcp mark::period
ama mafa i giran ,	nv::nv nv::nv cm::gen nv::nv mark::comma
teleri ,	nv::nv mark::comma
dzung_bing_guwan ci fusihūn ,	nv::nv cm::abl nv::adj mark::comma
te he ba o ci ,	verb::vv e::pst.ptcp nv::nv verb::vv e::cve mark::comma
šajin fafun be jurce rakū akūmbu me banji ci ,	nv::nv nv::nv cm::acc verb::vv e::npst.ptcp.neg verb::vv e::cve verb::vv e::cve mark::comma
ba be waliya fi bai me ji he gung de ,	nv::nv cm::acc verb::vv e::cve verb::vv e::cve verb::vv e::pst.ptcp nv::nv cm::dat mark::comma
gemu niru tome gese dende fi bu ∅ ,	nv::nv nv::nv nv::nv nv::nv verb::vv e::cve verb::vv e::fve.imperative mark::comma
wan_lii i nadaci aniya ninggun biya i juwan juwe de baha ha .	nn::prpn cm::gen nv::nv nv::nv nv::nv nv::nv cm::gen nv::nv nv::nv cm::dat verb::vv e::pst.ptcp mark::period
emu tanggū gūsin niyalma be jafa ha bi he ,	nv::nv nv::nv nv::nv nv::nv cm::acc verb::vv e::pst.ptcp verb::vv e::pst.ptcp mark::comma
jaisanggū_taiji ,	nn::prpn mark::comma
min i takūra ha elcin be wa fi ubaša ha ,	pn::1sg cm::gen verb::vv e::pst.ptcp nv::nv cm::acc verb::vv e::cve verb::vv e::pst.ptcp mark::comma
hūng_baturu i juwan jakūn niyalma ,	nn::prpn cm::gen nv::nv nv::nv nv::nv mark::comma
sin i gelebu re bithe de bi ainu hengkile mbi seme hendu fi ,	pn::2sg cm::gen verb::vv e::npst.ptcp nv::nv cm::dat pn::1sg nv::nv verb::vv e::fve.npst comp verb::vv e::cve mark::comma
hunehe_bira i dalin i kolpoto de dedu he ,	nn::prpn cm::gen nv::nv cm::gen nn::prpn.plc cm::dat verb::vv e::pst.ptcp mark::comma
lio_san_ju ,	nn::prpn mark::comma
darhan_baturu ,	nn::prpn mark::comma
nikan amban jakūn ,	nv::nv nv::nv nv::nv mark::comma
jakūta de emu feye ,	nv::nv cm::dat nv::nv nv::nv mark::comma
gusantai_efu ,	nn::prpn mark::comma
darhan_hiya ,	nn::prpn mark::comma
lii_tsanjiyang ni boo i emu niyalma ,	nn::prpn cm::gen nv::nv cm::gen nv::nv nv::nv mark::comma
bi doso rakū abka de habša ra jaka de ,	pn::1sg verb::vv e::npst.ptcp.neg nv::nv cm::dat verb::vv e::npst.ptcp nv::nv cm::dat mark::comma
ginjeo de jeku bai me gene fi ,	nn::prpn.plc cm::dat nv::nv verb::vv e::cve verb::vv e::cve mark::comma
tai de duin niyalma ,	nv::nv cm::dat nv::nv nv::nv mark::comma
tere elcin uka me tuci fi jide re be ,	nv::nv nv::nv verb::vv e::cve verb::vv e::cve verb::vv e::npst.ptcp cm::acc mark::comma
kakduri ,	nn::prpn.person mark::comma
šangna ra ba de ama i tsanjiyang ni šang baha kini ,	verb::vv e::npst.ptcp nv::nv cm::dat nv::nv cm::gen nv::nv cm::gen nv::nv verb::vv e::fve.opt mark::comma
gūsa gūsa i saikan kimci me baica ∅ .	nv::nv nv::nv cm::gen nv::adj verb::vv e::cve verb::vv e::fve.imperative mark::period
ilan beile i cooha jugūn toso fi gemu duri me gai ha .	nv::nv nv::nv cm::gen nv::nv nv::nv verb::vv e::cve nv::nv verb::vv e::cve verb::vv e::pst.ptcp mark::period
han i afabu ha jurgan be ,	nv::nv cm::gen verb::vv e::pst.ptcp nv::nv cm::acc mark::comma
nikan i han be ,	nv::nv cm::gen nv::nv cm::acc mark::comma
afabu fi jebele beri gai fi hehe obu fi ,	verb::vv e::cve nv::nv nv::nv verb::vv e::cve nv::nv verb::vv e::cve mark::comma
jakūn niyalma kiyoo tukiye fi han i bithe de hengkile ∅ seme ersun ara me gelebu me ,	nv::nv nv::nv nv::nv verb::vv e::cve nv::nv cm::gen nv::nv cm::dat verb::vv e::fve.imperative comp nv::adj verb::vv e::cve verb::vv e::cve mark::comma
juwe ihan ,	nv::nv nv::nv mark::comma
ihan be gemu gai ha ,	nv::nv cm::acc nv::nv verb::vv e::pst.ptcp mark::comma
wan_lii i uyuci aniya duin biya i orin jakūn de baha ha ,	nn::prpn cm::gen nv::nv nv::nv nv::nv nv::nv cm::gen nv::nv nv::nv cm::dat verb::vv e::pst.ptcp mark::comma
wan_lii i sunjaci aniya jorgon biya i orin nadan de baha ha .	nn::prpn cm::gen nv::nv nv::nv nv::nv nv::nv cm::gen nv::nv nv::nv cm::dat verb::vv e::pst.ptcp mark::period
dobihi dahū ,	nv::nv nv::nv mark::comma
niru i ejen de wasimbu mbi ,	nv::nv cm::gen nv::nv cm::dat verb::vv e::fve.npst mark::comma
fakca ha de ,	verb::vv e::pst.ptcp cm::dat mark::comma
gin_ioi_ho ,	nn::prpn mark::comma
hūsungge etuhun niyalma be ume ejen obu re ,	nv::adj nv::adj nv::nv cm::acc nv::nv nv::nv verb::vv e::npst.ptcp mark::comma
jai hoton i tehere me afa ra ngge wei gūsa nene hebi ,	nv::nv nv::nv cm::gen verb::vv e::cve verb::vv e::npst.ptcp nmlz::nmlz nv::nv nv::nv verb::vv e::fve.prs.prf mark::comma
ukanju hūlha de gaibu rahū ,	nv::nv nv::nv cm::dat verb::vv e::fve.prv mark::comma
min i yalu ha juwe sain morin yalubu fi ,	pn::1sg cm::gen verb::vv e::pst.ptcp nv::nv nv::adj nv::nv verb::vv e::cve mark::comma
banji ci ojo rakū emteli ,	verb::vv e::cve verb::vv e::npst.ptcp.neg nv::adj mark::comma
han i menggun šangna habi ,	nv::nv cm::gen nv::nv verb::vv e::fve.prs.prf mark::comma
ere erin de amba cooha yabu ci ojo rakū seme ce sarta fi te hebi ,	nv::nv nv::nv cm::dat nv::adj nv::nv verb::vv e::cve verb::vv e::npst.ptcp.neg comp pn::3pl verb::vv e::cve verb::vv e::fve.prs.prf mark::comma
kooli akū ba be kooli ara me ainu deribu mbi seme ,	nv::nv nv::adj nv::nv cm::acc nv::nv verb::vv e::cve nv::nv verb::vv e::fve.npst comp mark::comma
jakūn wang ni bithe seme wasimbu ∅ ,	nv::nv nv::nv cm::gen nv::nv comp verb::vv e::fve.imperative mark::comma
suwen i tutala irgen be gemu wa fi ,	pn::2pl cm::gen nv::nv nv::nv cm::acc nv::nv verb::vv e::cve mark::comma
aina me yabu mbi ,	verb::vv e::cve verb::vv e::fve.npst mark::comma
šoto_age ,	nn::prpn mark::comma
yehe i bujai ,	nv::nv cm::gen nn::prpn.person mark::comma
( babai ,	mark::lparen nn::prpn.person mark::comma
cooha tuci rakū ci ,	nv::nv verb::vv e::npst.ptcp.neg e::cve mark::comma
baigal_taiji ,	nn::prpn mark::comma
minggan haha be gai fi ,	nv::nv nv::nv cm::acc verb::vv e::cve mark::comma
juwanci jergi ,	nv::nv nv::nv mark::comma
meni meni bithe ara ∅ ,	nv::nv nv::nv nv::nv verb::vv e::fve.imperative mark::comma
ninju gebungge ice niyalma be ejen ara fi unggi he seme ,	nv::nv nv::adj nv::adj nv::nv cm::acc nv::nv verb::vv e::cve verb::vv e::pst.ptcp comp mark::comma
abka i sinda ha amba gurun i han se ci ,	nv::nv cm::gen verb::vv e::pst.ptcp nv::adj nv::nv cm::gen nv::nv verb::vv e::cve mark::comma
nikan aifu ci ,	nv::nv verb::vv e::cve mark::comma
kakduri ,	nn::prpn.person mark::comma
amala šanggiyan_hada de nikan i emu ing ni cooha ulan fete fi ili habi ,	nv::nv nn::prpn cm::dat nv::nv cm::gen nv::nv nv::nv cm::gen nv::nv nv::nv verb::vv e::cve verb::vv e::fve.prs.prf mark::comma
efu sa ulha i jaka de ,	nv::nv nv::nv nv::nv cm::gen nv::nv cm::dat mark::comma
ubaša ra ukanda ra niyalma be baica rakū bi me ,	verb::vv e::npst.ptcp verb::vv e::npst.ptcp nv::nv cm::acc verb::vv e::npst.ptcp.neg verb::vv e::cve mark::comma
hiong_yo de isi tala mederi ergi niyalma i juse hehe be ,	nn::prpn cm::dat verb::vv e::cve nv::nv nv::nv nv::nv cm::gen nv::nv nv::nv cm::acc mark::comma
jang_fang_gui ,	nn::prpn mark::comma
morin i dele tebeliye me aca ha ,	nv::nv cm::gen nv::nv verb::vv e::cve verb::vv e::pst.ptcp mark::comma
bigan de afa ci ,	nv::nv cm::dat verb::vv e::cve mark::comma
yamun de tuci fi nikan i geren hafan sa i baru hendu me ,	nv::nv cm::dat verb::vv e::cve nv::nv cm::gen nv::adj nv::nv nv::nv cm::gen nv::nv verb::vv e::cve mark::comma
tuba de aniya ara fi juwe biya de isinji ha ,	nv::nv cm::dat nv::nv verb::vv e::cve nv::nv nv::nv cm::dat verb::vv e::pst.ptcp mark::comma
fejergi buya niyalma ci wesihun ,	nv::nv nv::adj nv::nv cm::abl nv::nv mark::comma
○ šumuru ,	mark::circle nn::prpn.person mark::comma
morin nadan tanggū nadan ,	nv::nv nv::nv nv::nv nv::nv mark::comma
manggūltai_beile ,	nn::prpn mark::comma
han okdo fi ,	nv::nv verb::vv e::cve mark::comma
nadan yan i weile ara fi gung faita ha .	nv::nv nv::nv cm::gen nv::nv verb::vv e::cve nv::nv verb::vv e::pst.ptcp mark::period
ere yehe be te nikan de latubu fi ,	nv::nv nv::nv cm::acc nv::nv nv::nv cm::dat verb::vv e::cve mark::comma
jai boo i aha hūlha ha suje etuku be geren de bene hebi ,	nv::nv nv::nv cm::gen nv::nv verb::vv e::pst.ptcp nv::nv nv::nv cm::acc nv::adj cm::dat verb::vv e::fve.prs.prf mark::comma
odzy ,	nn::prpn.plc mark::comma
emke be min i meye seme suwen be gosi me haira me banji kini seme bi daha ∅ se mbi dere ,	nv::nv cm::acc pn::1sg cm::gen nv::nv comp pn::2pl cm::acc verb::vv e::cve verb::vv e::cve verb::vv e::fve.opt comp pn::1sg verb::vv e::fve.imperative verb::vv e::fve.npst ptcl mark::comma
emu morin gaji me uka me ji he .	nv::nv nv::nv verb::vv e::cve verb::vv e::cve verb::vv e::pst.ptcp mark::period
si_mu_ceng ni harangga bejang_guwan_tun_gašan i bejang wang_sun_el ,	nn::prpn cm::gen nv::nv nn::prpn cm::gen nv::nv nn::prpn mark::comma
hai_si sugiya_wei i du_jy_hūi_tungjy sibe omolo cangtai ,	nn::prpn nn::prpn cm::gen nv::nv nv::nv nv::nv nn::prpn.person mark::comma
jai doro be kice me dasa mbi ,	nv::nv nv::nv cm::acc verb::vv e::cve verb::vv e::fve.npst mark::comma
jušen han de tondo i hūsun bu mbi seme ,	nv::nv nv::nv cm::dat nv::adj cm::gen nv::nv verb::vv e::fve.npst comp mark::comma
tere golo de emu tanggū juwan duin niyalma ,	nv::nv nv::nv cm::dat nv::nv nv::nv nv::nv nv::nv nv::nv mark::comma
juwe holdon dulebu ∅ ,	nv::nv nv::nv verb::vv e::fve.imperative mark::comma
ere ilan niyalma de uyute yan i weile waliya mbi ,	nv::nv nv::nv nv::nv cm::dat nv::nv nv::nv cm::gen nv::nv verb::vv e::fve.npst mark::comma
indahūci de amba weile tuhebu he ,	nn::prpn.person cm::dat nv::adj nv::nv verb::vv e::pst.ptcp mark::comma
otonggo bi ,	nn::prpn.person verb::vv.npst mark::comma
emu tanggū juwan juwe ihan ,	nv::nv nv::nv nv::nv nv::nv nv::nv mark::comma
tsanjiyang ,	nv::nv mark::comma
alban i ihan be hūdun baha fi bu ci ,	nv::nv cm::gen nv::nv cm::acc nv::adj verb::vv e::cve verb::vv e::cve mark::comma
tumei ,	nn::prpn.person mark::comma
enggeder_efu be monggo i ba de unggi me fude me yamun de gaji fi ,	nn::prpn cm::acc nv::nv cm::gen nv::nv cm::dat verb::vv e::cve verb::vv e::cve nv::nv cm::dat verb::vv e::cve mark::comma
holdon dulebu ∅ ,	nv::nv verb::vv e::fve.imperative mark::comma
ehe be isebu me wa mbi ,	nv::adj cm::acc verb::vv e::cve verb::vv e::fve.npst mark::comma
fangkala be acan beiguwan ,	nv::adj cm::acc nv::nv nv::nv mark::comma
losa ,	nv::nv mark::comma
yecen ,	nn::prpn.person mark::comma
ilan deo de gene ∅ se re jaka de ,	nv::nv nv::nv cm::dat verb::vv e::fve.imperative verb::vv e::npst.ptcp nv::nv cm::dat mark::comma
tere be nene me wa ∅ ,	nv::nv cm::acc verb::vv e::cve verb::vv e::fve.imperative mark::comma
tede han hendu me ,	nv::nv nv::nv verb::vv e::cve mark::comma
buda ulebu re ci hokobu fi ,	nv::nv verb::vv e::npst.ptcp cm::abl verb::vv e::cve mark::comma
tunggiya niyalma de ,	nn::prpn.plc nv::nv cm::dat mark::comma
sin i dabala deleri ebune ci ,	pn::2sg cm::gen ptcl nv::nv verb::vv e::cve mark::comma
yehe i gurun be gemu baha fi gaji me ji mbi seme donji fi ,	nv::nv cm::gen nv::nv cm::acc nv::nv verb::vv e::cve verb::vv e::cve verb::vv e::fve.npst comp verb::vv e::cve mark::comma
juse omosi jalan hala me gosi re doro be ume lashala ra .	nv::nv nv::nv nv::nv verb::vv e::cve verb::vv e::npst.ptcp nv::nv cm::acc nv::nv verb::vv e::npst.ptcp mark::period
ba be waliya fi bai me ji he gung de hontoho beiguwan obu ha ,	nv::nv cm::acc verb::vv e::cve verb::vv e::cve verb::vv e::pst.ptcp nv::nv cm::dat nv::nv nv::nv verb::vv e::pst.ptcp mark::comma
yaya dain o ho de ,	nv::nv nv::nv verb::vv e::pst.ptcp cm::dat mark::comma
tofohon tun i niyalma be gemu dahabu ha ,	nv::nv nv::nv cm::gen nv::nv cm::acc nv::nv verb::vv e::pst.ptcp mark::comma
han i bithe ,	nv::nv cm::gen nv::nv mark::comma
○ tere inenggi ,	mark::circle nv::nv nv::nv mark::comma
darhan_taiji i elcin duin niyalma ,	nn::prpn cm::gen nv::nv nv::nv nv::nv mark::comma
jaisai ,	nn::prpn.person mark::comma
suwe ume serebu re ,	pn::2pl nv::nv verb::vv e::npst.ptcp mark::comma
ejen juwe ubu ,	nv::nv nv::nv nv::nv mark::comma
sin i jaisai_beile i beye ,	pn::2sg cm::gen nn::prpn cm::gen nv::nv mark::comma
bedzung ni hergen i niyalma de ,	nv::nv cm::gen nv::nv cm::gen nv::nv cm::dat mark::comma
suwen i beye de jobolon isi mbi kai ,	pn::2pl cm::gen nv::nv cm::dat nv::nv verb::vv e::fve.npst ptcl mark::comma
hūlha ha ulin be beile se gai ha de ,	verb::vv e::pst.ptcp nv::nv cm::acc nv::nv nv::nv verb::vv e::pst.ptcp cm::dat mark::comma
cang_šan_doo i niyalma be wa ha ,	nn::prpn cm::gen nv::nv cm::acc verb::vv e::pst.ptcp mark::comma
yooni benji re be ,	nv::nv verb::vv e::npst.ptcp cm::acc mark::comma
jeng_giyang ni giyang doo me gene re jide re facuhūn naka rakū o fi ,	nn::prpn cm::gen nv::nv verb::vv e::cve verb::vv e::npst.ptcp verb::vv e::npst.ptcp nv::adj verb::vv e::npst.ptcp.neg verb::vv e::cve mark::comma
tuttu tondo i fafula rakū ehe miosihon jurgan i yabu ci ,	nv::nv nv::adj cm::gen verb::vv e::npst.ptcp.neg nv::adj nv::adj nv::nv cm::gen verb::vv e::cve mark::comma
ere girin_hada i ninggu i cooha wasihūn gida ra de ,	nv::nv nn::prpn cm::gen nv::nv cm::gen nv::nv nv::nv verb::vv e::npst.ptcp cm::dat mark::comma
cimari gvlmahūn i dulimba i erin de ,	nv::nv nv::nv cm::gen nv::nv cm::gen nv::nv cm::dat mark::comma
lafa i moringga yafahan be gemu casi hesihe de gama ∅ ,	nn::prpn.plc cm::gen nv::adj nv::adj cm::acc nv::nv nv::nv nn::prpn.plc cm::dat verb::vv e::fve.imperative mark::comma
sancara ,	nn::prpn.plc mark::comma
abka de šanggiyan morin wa me ,	nv::nv cm::dat nv::nv nv::nv verb::vv e::cve mark::comma
juo_han ,	nn::prpn.person mark::comma
min i gisun waka o ci ,	pn::1sg cm::gen nv::nv nv::adj verb::vv e::cve mark::comma
ehe jurgan be yabu me gurun be efule mbi ,	nv::adj nv::nv cm::acc verb::vv e::cve nv::nv cm::acc verb::vv e::fve.npst mark::comma
wahūmu i bigan de ,	nn::prpn.plc cm::gen nv::nv cm::dat mark::comma
ilan niyalma wabu ha seme alanji ha ,	nv::nv nv::nv verb::vv e::pst.ptcp comp verb::vv e::pst.ptcp mark::comma
fu_jeo i harangga facabu ha gašan i maise be hadu fi walgiya fi saikan umbu ∅ ,	nn::prpn cm::gen nv::nv verb::vv e::pst.ptcp nv::nv cm::gen nv::nv cm::acc verb::vv e::cve verb::vv e::cve nv::adj verb::vv e::fve.imperative mark::comma
ula de emu feye gabtabu ha ,	nv::nv cm::dat nv::nv nv::nv verb::vv e::pst.ptcp mark::comma
hūlha ha niyalma koro rakū ,	verb::vv e::pst.ptcp nv::nv verb::vv e::npst.ptcp.neg mark::comma
giya_jing ni dehi sunjaci aniya nadan biya i orin emu de baha ha ,	nn::prpn cm::gen nv::nv nv::nv nv::nv nv::nv nv::nv cm::gen nv::nv nv::nv cm::dat verb::vv e::pst.ptcp mark::comma
○ coohar be ,	mark::circle nn::prpn.person cm::acc mark::comma
cang_yung_pu ,	nn::prpn mark::comma
jakūn ihan wa me tu wece fi ,	nv::nv nv::nv verb::vv e::cve nv::nv verb::vv e::cve mark::comma
orin sunja i inenggi morin erin de ,	nv::nv nv::nv cm::gen nv::nv nv::nv nv::nv cm::dat mark::comma
tashūri ,	nn::prpn.person mark::comma
tere ci abka gere me alin de šun foso ro jaka de ,	nv::nv cm::abl nv::nv verb::vv e::cve nv::nv cm::dat nv::nv verb::vv e::npst.ptcp nv::nv cm::dat mark::comma
buce cina seme hendu mbihe ,	verb::vv e::fve.opt comp verb::vv e::fve.pst.ipfv mark::comma
uju jergi olbio ,	nv::nv nv::nv nn::prpn.person mark::comma
ere nikan i wan_lii_han min be korsobu ha ambula o fi ,	nv::nv nv::nv cm::gen nn::prpn pn::1sg cm::acc verb::vv e::pst.ptcp nv::nv verb::vv e::cve mark::comma
suwe meni meni te he ba i juwe siden be funtuhule rahū ,	pn::2pl nv::nv nv::nv verb::vv e::pst.ptcp nv::nv cm::gen nv::nv nv::nv cm::acc verb::vv e::fve.prv mark::comma
mengdzy aitubu ki se ci ,	nn::prpn.person verb::vv e::fve.opt verb::vv e::cve mark::comma
burhai ,	nn::prpn.person mark::comma
min de farhūn dain o ho bata ,	pn::1sg cm::dat nv::adj nv::nv verb::vv e::pst.ptcp nv::nv mark::comma
moro fila emte tanggū ,	nv::nv nv::nv nv::nv nv::nv mark::comma
han hendu me ,	nv::nv verb::vv e::cve mark::comma
otonggo min be wa kini ,	nn::prpn.person pn::1sg cm::acc verb::vv e::fve.opt mark::comma
juwenggeri yordo fi unggi he ,	nv::nv verb::vv e::cve verb::vv e::pst.ptcp mark::comma
gūwa gercile he de ,	nv::nv verb::vv e::pst.ptcp cm::dat mark::comma
○ jai mukūn i ilaci tatan ,	mark::circle nv::nv nv::nv cm::gen nv::nv nv::nv mark::comma
jušen i arbuni iogi ,	nv::nv cm::gen nn::prpn.person nv::nv mark::comma
beile se tafula me ,	nv::nv nv::nv verb::vv e::cve mark::comma
men i juwe jobo ro be abka acabu habi dere ,	pn::1pl.excl cm::gen nv::nv verb::vv e::npst.ptcp cm::acc nv::nv verb::vv e::fve.prs.prf ptcl mark::comma
ula de emu feye gabtabu ha ,	nv::nv cm::dat nv::nv nv::nv verb::vv e::pst.ptcp mark::comma
jase i ninggu de wehe i bithe ilibu me gashū ha kai ,	nv::nv cm::gen nv::nv cm::dat nv::nv cm::gen nv::nv verb::vv e::cve verb::vv e::pst.ptcp ptcl mark::comma
buyanggū ,	nn::prpn.person mark::comma
afabu ha weile be mute mbi ,	verb::vv e::pst.ptcp nv::nv cm::acc verb::vv e::fve.npst mark::comma
yasun de hule de tana bi o ,	nn::prpn.person cm::dat nv::nv cm::dat nv::nv verb::vv.npst ptcl mark::comma
solho i hecen de bi o ,	nv::nv cm::gen nv::nv cm::dat verb::vv.npst ptcl mark::comma
doro šajin neigen akū ,	nv::nv nv::nv nv::adj nv::adj mark::comma
ulin de dosi niyalma ulin gai fi ,	nv::nv cm::dat nv::nv nv::nv nv::nv verb::vv e::cve mark::comma
burantai de haha i ubu bodo me gai ∅ se he ,	nn::prpn.person cm::dat nv::nv cm::gen nv::nv verb::vv e::cve verb::vv e::fve.imperative verb::vv e::pst.ptcp mark::comma
daiši ,	nn::prpn.person mark::comma
si ai amba olji baha ha ,	pn::2sg nv::nv nv::adj nv::nv verb::vv e::pst.ptcp mark::comma
morin i cooha i niyalma ,	nv::nv cm::gen nv::nv cm::gen nv::nv mark::comma
ilan minggan cooha be gai fi hai_jeo de te ,	nv::nv nv::nv nv::nv cm::acc verb::vv e::cve nn::prpn cm::dat nv::nv mark::comma
karun i niyalma ,	nv::nv cm::gen nv::nv mark::comma
muse juwe gurun sain banji ha kooli bi ,	pn::1pl.incl nv::nv nv::nv nv::adj verb::vv e::pst.ptcp nv::nv verb::vv.npst mark::comma
meni meni kadala ra niyalma be saikan kimci me baica ∅ ,	nv::nv nv::nv verb::vv e::npst.ptcp nv::nv cm::acc nv::adj verb::vv e::cve verb::vv e::fve.imperative mark::comma
tuba ci tacibu me hendu fi unggi he gisun mujangga ,	nv::nv cm::abl verb::vv e::cve verb::vv e::cve verb::vv e::pst.ptcp nv::nv nv::adj mark::comma
weihu asu hūrhan be boo i baru amasi unggi he ,	nv::nv nv::nv nv::nv cm::acc nv::nv cm::gen nv::nv nv::nv verb::vv e::pst.ptcp mark::comma
○ kangkalai be ,	mark::circle nn::prpn.person cm::acc mark::comma
ehe i hala mbi kai ,	nv::adj cm::gen verb::vv e::fve.npst ptcl mark::comma
amba jui sin de aika uru gisun bi ci ,	nv::adj nv::nv pn::2sg cm::dat nv::nv nv::nv nv::nv verb::vv e::cve mark::comma
jori ha jurgan be jurce rakū seme beiguwan obu ha .	verb::vv e::pst.ptcp nv::nv cm::acc verb::vv e::npst.ptcp.neg comp nv::nv verb::vv e::pst.ptcp mark::period
ginjeo i juwe wei be liyoodung de unggi ∅ ,	nn::prpn.plc cm::gen nv::nv nv::nv cm::acc nn::prpn.plc cm::dat verb::vv e::fve.imperative mark::comma
sain be sain ,	nv::adj cm::acc nv::adj mark::comma
yangduwan ,	nv::nv mark::comma
losa ,	nv::nv mark::comma
han i genggiyen de sa ∅ .	nv::nv cm::gen nv::adj cm::dat verb::vv e::fve.imperative mark::period
emu ulgiyan ,	nv::nv nv::nv mark::comma
juwe honin wa fi ,	nv::nv nv::nv verb::vv e::cve mark::comma
min i kadala ra emu niru i cooha be iogi tsanjiyang ci fakca rakū ,	pn::1sg cm::gen verb::vv e::npst.ptcp nv::nv nv::nv cm::gen nv::nv cm::acc nv::nv nv::nv cm::abl verb::vv e::npst.ptcp.neg mark::comma
golo i amban ciyandzung šeo_pu de weile akū ci šangna mbi ,	nv::nv cm::gen nv::nv nv::nv nv::nv cm::dat nv::nv verb::vv e::cve verb::vv e::fve.npst mark::comma
tere ci elcin yabu fi ,	nv::nv cm::abl nv::nv verb::vv e::cve mark::comma
sara ,	nv::nv mark::comma
min i juse omosi jalan hala me han de gosibu me wesihun banji kini .	pn::1sg cm::gen nv::nv nv::nv nv::nv verb::vv e::cve nv::nv cm::dat verb::vv e::cve nv::nv verb::vv e::fve.opt mark::period
geli jase i tulergi encu gurun i weile de daha ∅ be ,	nv::nv nv::nv cm::gen nv::nv nv::nv nv::nv cm::gen nv::nv cm::dat verb::vv e::fve.imperative cm::acc mark::comma
ama i gung ,	nv::nv cm::gen nv::nv mark::comma
jai birai_wargi guwangning ni ba i niyalma ,	nv::nv nn::prpn nn::prpn.plc cm::gen nv::nv cm::gen nv::nv mark::comma
lali ,	nn::prpn.person mark::comma
bi ama de waka baha fi beye be goci me banji ci ,	pn::1sg nv::nv cm::dat nv::adj verb::vv e::cve nv::nv cm::acc verb::vv e::cve verb::vv e::cve mark::comma
○ ice ninggun de ,	mark::circle nv::adj nv::nv cm::dat mark::comma
teleri ,	nv::nv mark::comma
han i nene me hendu he gisun be jurce he seme narin be wa ra weile ara fi ,	nv::nv cm::gen verb::vv e::cve verb::vv e::pst.ptcp nv::nv cm::acc verb::vv e::pst.ptcp comp nn::prpn.person cm::acc verb::vv e::npst.ptcp nv::nv verb::vv e::cve mark::comma
urhūmak ,	nn::prpn.person mark::comma
tuttu buce me wa me baha ha liyoodung ni hecen i niyalma be ,	nv::nv verb::vv e::cve verb::vv e::cve verb::vv e::pst.ptcp nn::prpn.plc cm::gen nv::nv cm::gen nv::nv cm::acc mark::comma
han hendu me ,	nv::nv verb::vv e::cve mark::comma
elbihe jakūn ,	nv::nv nv::nv mark::comma
tere niyalma be wa mbi seme hendu he ,	nv::nv nv::nv cm::acc verb::vv e::fve.npst comp verb::vv e::pst.ptcp mark::comma
muse i emu gurun i han ,	nv::nv cm::gen nv::nv nv::nv cm::gen nv::nv mark::comma
gulhun gecuheri ninggun ,	nv::adj nv::nv nv::nv mark::comma
si ainu niyalma wa ha morin be gaji ha seme ,	pn::2sg nv::nv nv::nv verb::vv e::pst.ptcp nv::nv cm::acc verb::vv e::pst.ptcp comp mark::comma
ere arki be omi me ,	nv::nv nv::nv cm::acc verb::vv e::cve mark::comma
uju jergi iogi i caliyan ,	nv::nv nv::nv nv::nv cm::gen nv::nv mark::comma
degelei_age ,	nn::prpn mark::comma
ula de emu feye baha ha seme ,	nv::nv cm::dat nv::nv nv::nv verb::vv e::pst.ptcp comp mark::comma
solho juwe gurun ,	nv::nv nv::nv nv::nv mark::comma
○ darhan_hiya bi ,	mark::circle nn::prpn verb::vv.npst mark::comma
tariki ,	nn::prpn.person mark::comma
jakūta de emu feye baha ha seme sunja yan i weile waliya mbi ,	nv::nv cm::dat nv::nv nv::nv verb::vv e::pst.ptcp comp nv::nv nv::nv cm::gen nv::nv verb::vv e::fve.npst mark::comma
tomoro_mafa .	nn::prpn mark::period
amala gūwa gercile he de ehe kai ,	nv::nv nv::nv verb::vv e::pst.ptcp cm::dat nv::adj ptcl mark::comma
muse i cooha geren o ci ,	nv::nv cm::gen nv::nv nv::adj verb::vv e::cve mark::comma
han de ,	nv::nv cm::dat mark::comma
ice uyun de fusi_efu ,	nv::adj nv::nv cm::dat nn::prpn mark::comma
nadanju ulgiyan wa fi gaji ha .	nv::nv nv::nv verb::vv e::cve verb::vv e::pst.ptcp mark::period
ojo rakū ,	verb::vv e::npst.ptcp.neg mark::comma
šajin ,	nv::nv mark::comma
monggo i cooha juwe tumen ,	nv::nv cm::gen nv::nv nv::nv nv::nv mark::comma
longko ,	nv::nv mark::comma
abka i tere siren ,	nv::nv cm::gen nv::nv nv::nv mark::comma
○ fujiyang abtai_nakcu i emgi duin tanggū uksin be adabu fi ,	mark::circle nv::nv nn::prpn cm::gen nv::nv nv::nv nv::nv nv::nv cm::acc verb::vv e::cve mark::comma
han hendu me ,	nv::nv verb::vv e::cve mark::comma
geli olho me cen i dolo ehe be waliya fi ,	nv::nv verb::vv e::cve pn::3pl cm::gen nv::nv nv::adj cm::acc verb::vv e::cve mark::comma
jori ha jurgan be jurce rakū seme beiguwan obu ha .	verb::vv e::pst.ptcp nv::nv cm::acc verb::vv e::npst.ptcp.neg comp nv::nv verb::vv e::pst.ptcp mark::period
gurimbulu ,	nn::prpn.person mark::comma
ukanju ,	nv::nv mark::comma
saikan kadala ∅ ,	nv::adj verb::vv e::fve.imperative mark::comma
juwe tanggū cooha i ejen tuwa fi ,	nv::nv nv::nv nv::nv cm::gen nv::nv verb::vv e::cve mark::comma
ša_cang ni beiguwan wang_dzy_deng baica fi baha ha seme ,	nn::prpn cm::gen nv::nv nn::prpn verb::vv e::cve verb::vv e::pst.ptcp comp mark::comma
ilaci jergi iogi obu ha .	nv::nv nv::nv nv::nv verb::vv e::pst.ptcp mark::period
niyaman hūncihin de weri fi gene ∅ ,	nv::nv nv::nv cm::dat verb::vv e::cve verb::vv e::fve.imperative mark::comma
abatai_age nene me ji fi ,	nn::prpn verb::vv e::cve verb::vv e::cve mark::comma
ujen weile be weihuken obu fi oihori waji mbihe ,	nv::adj nv::nv cm::acc nv::adj verb::vv e::cve nv::adj verb::vv e::fve.pst.ipfv mark::comma
afabu ha weile be mute mbi ,	verb::vv e::pst.ptcp nv::nv cm::acc verb::vv e::fve.npst mark::comma
morohon ,	nv::adj mark::comma
jakūn hošonggo ordo de tuci fi ,	nv::nv nv::adj nv::nv cm::dat verb::vv e::cve mark::comma
dahū ,	nv::nv mark::comma
liyoha bira i dogon be doo fi ,	nn::prpn.plc nv::nv cm::gen nv::nv cm::acc verb::vv e::cve mark::comma
fusi_efu ,	nn::prpn mark::comma
tere uka ka niyalma be ,	nv::nv verb::vv e::pst.ptcp nv::nv cm::acc mark::comma
morin ,	nv::nv mark::comma
tanggū niyalma i baita tooka mbi ,	nv::nv nv::nv cm::gen nv::nv verb::vv e::fve.npst mark::comma
liyoodung ni fujiyang po_ting_hiyang ,	nn::prpn.plc cm::gen nv::nv nn::prpn mark::comma
saikan icihiya me tebu ∅ .	nv::adj verb::vv e::cve verb::vv e::fve.imperative mark::period
tere gida ha tana ,	nv::nv verb::vv e::pst.ptcp nv::nv mark::comma
ši_fang_sy i julergi niyo de dedu he .	nn::prpn cm::gen nv::nv nv::nv cm::dat verb::vv e::pst.ptcp mark::period
ba ba i monggo beile se ji hebi ,	nv::nv nv::nv cm::gen nv::nv nv::nv nv::nv verb::vv e::fve.prs.prf mark::comma
gūsin ilan haha ,	nv::nv nv::nv nv::nv mark::comma
banji ha ba ,	verb::vv e::pst.ptcp nv::nv mark::comma
orin ba i dube de ili fi ,	nv::nv nv::nv cm::gen nv::nv cm::dat verb::vv e::cve mark::comma
abatai_beile i sadun ,	nn::prpn cm::gen nv::nv mark::comma
min i kadala ra emu gala i cooha be han i fafun i tondo i kadala mbi ,	pn::1sg cm::gen verb::vv e::npst.ptcp nv::nv nv::nv cm::gen nv::nv cm::acc nv::nv cm::gen nv::nv cm::gen nv::adj cm::gen verb::vv e::fve.npst mark::comma
jai šanggiyan_hada i dain de ,	nv::nv nn::prpn cm::gen nv::nv cm::dat mark::comma
fujisa boo i sula hehesi tule gene ci ,	nv::nv nv::nv cm::gen nv::adj nv::nv nv::nv verb::vv e::cve mark::comma
ula de buce he seme juwan emu yan i weile waliya mbi ,	nv::nv cm::dat verb::vv e::pst.ptcp comp nv::nv nv::nv nv::nv cm::gen nv::nv verb::vv e::fve.npst mark::comma
te efuje fi bisi re niyalma ,	nv::nv verb::vv e::cve verb::vv e::npst.ptcp nv::nv mark::comma
kalka i beile se min be sain seme donji fi buye me sebjele me ji he ,	nv::nv cm::gen nv::nv nv::nv pn::1sg cm::acc nv::adj comp verb::vv e::cve verb::vv e::cve verb::vv e::cve verb::vv e::pst.ptcp mark::comma
fujiyang fakca hakū seme wesihun han de ala ∅ ,	nv::nv verb::vv e::pst.ptcp.neg comp nv::nv nv::nv cm::dat verb::vv e::fve.imperative mark::comma
amban sa be tebu rakū ,	nv::nv nv::nv cm::acc verb::vv e::npst.ptcp.neg mark::comma
emu tanggū honin be ,	nv::nv nv::nv nv::nv cm::acc mark::comma
tuttu tondo i fafula rakū ehe miosihon jurgan i yabu ci ,	nv::nv nv::adj cm::gen verb::vv e::npst.ptcp.neg nv::adj nv::adj nv::nv cm::gen verb::vv e::cve mark::comma
aita fujiyang de habša ra jaka de ,	nn::prpn.person nv::nv cm::dat verb::vv e::npst.ptcp nv::nv cm::dat mark::comma
○ orin sunja de ,	mark::circle nv::nv nv::nv cm::dat mark::comma
sunja eihen uhereme orin sunja bu he ,	nv::nv nv::nv nv::nv nv::nv nv::nv verb::vv e::pst.ptcp mark::comma
giyan giyan i weile i jurgan be tede sa ha ,	nv::nv nv::nv cm::gen nv::nv cm::gen nv::nv cm::acc nv::nv verb::vv e::pst.ptcp mark::comma
ginjeo de juwe inde fi ji fi ,	nn::prpn.plc cm::dat nv::nv verb::vv e::cve verb::vv e::cve mark::comma
uda ha jeku be gama fi tooda kini ,	verb::vv e::pst.ptcp nv::nv cm::acc verb::vv e::cve verb::vv e::fve.opt mark::comma
emu jergi buce re weile be guwebu mbi ,	nv::nv nv::nv verb::vv e::npst.ptcp nv::nv cm::acc verb::vv e::fve.npst mark::comma
emu šulengge gai fi ji hebi ,	nv::nv nn::prpn.person verb::vv e::cve verb::vv e::fve.prs.prf mark::comma
jobo ho ,	verb::vv e::pst.ptcp mark::comma
ilden ,	nn::prpn.person mark::comma
dehi morin benji me hengkile me ji he bi he ,	nv::nv nv::nv verb::vv e::cve verb::vv e::cve verb::vv e::pst.ptcp verb::vv e::pst.ptcp mark::comma
suwen i juse sargan gurun de olji o hakū ,	pn::2pl cm::gen nv::nv nv::nv nv::nv cm::dat nv::nv verb::vv e::pst.ptcp.neg mark::comma
tarhūn morin be gaji me ji ∅ ,	nv::adj nv::nv cm::acc verb::vv e::cve verb::vv e::fve.imperative mark::comma
geren gemu ehe se re niyalma tere ehe kai ,	nv::adj nv::nv nv::adj verb::vv e::npst.ptcp nv::nv nv::nv nv::adj ptcl mark::comma
te amala gisure he seme dabu rakū seme nakabu ha .	nv::nv nv::nv verb::vv e::pst.ptcp comp verb::vv e::npst.ptcp.neg comp verb::vv e::pst.ptcp mark::period
ebše re baita o ci ,	verb::vv e::npst.ptcp nv::nv verb::vv e::cve mark::comma
jori ha jurgan be jurce rakū seme ,	verb::vv e::pst.ptcp nv::nv cm::acc verb::vv e::npst.ptcp.neg comp mark::comma
akū ci ,	verb::vv e::cve mark::comma
fete ∅ ,	verb::vv e::fve.imperative mark::comma
emu jergi buce re weile be guwebu mbi .	nv::nv nv::nv verb::vv e::npst.ptcp nv::nv cm::acc verb::vv e::fve.npst mark::period
emu sain niyalma tucibu fi takūra ∅ ,	nv::nv nv::adj nv::nv verb::vv e::cve verb::vv e::fve.imperative mark::comma
sin i juse omosi jalan de isi tala hūturi isi fi julesi wesihun banji mbi ,	pn::2sg cm::gen nv::nv nv::nv nv::nv cm::dat verb::vv e::cve nv::nv verb::vv e::cve nv::nv nv::nv verb::vv e::fve.npst mark::comma
yoo_jeo ,	nn::prpn mark::comma
jirgalang_age jabu me ,	nn::prpn verb::vv e::cve mark::comma
gebu ehe seme hendu me gai hakū ,	nv::nv nv::adj comp verb::vv e::cve verb::vv e::pst.ptcp.neg mark::comma
niru i ton i orho jeku gai fi ulebu ∅ .	nv::nv cm::gen nv::nv cm::gen nv::nv nv::nv verb::vv e::cve verb::vv e::fve.imperative mark::period
○ suna_efu i eyun de ,	mark::circle nn::prpn cm::gen nv::nv cm::dat mark::comma
haha dehi ,	nv::nv nv::nv mark::comma
ilan inenggi elhe i ji ∅ .	nv::nv nv::nv nv::nv cm::gen verb::vv e::fve.imperative mark::period
genggiyen_han i unggi he bithe i emu gisun be jurce hekū ,	nn::prpn cm::gen verb::vv e::pst.ptcp nv::nv cm::gen nv::nv nv::nv cm::acc verb::vv e::pst.ptcp.neg mark::comma
sin i yabu ha sargan jui be bi gai mbi seme gisure he bi ci ,	pn::2sg cm::gen verb::vv e::pst.ptcp nv::nv nv::nv cm::acc pn::1sg verb::vv e::fve.npst comp verb::vv e::pst.ptcp verb::vv e::cve mark::comma
hūsun tuci fi afa rakū be saikan tuwa ∅ ,	nv::nv verb::vv e::cve verb::vv e::npst.ptcp.neg cm::acc nv::adj verb::vv e::fve.imperative mark::comma
gūwa hecen ai ton ,	nv::nv nv::nv nv::nv nv::nv mark::comma
sain doro be jafa ki se ci ,	nv::adj nv::nv cm::acc verb::vv e::fve.opt verb::vv e::cve mark::comma
lodoi ,	nn::prpn.person mark::comma
folo ho jebele de beri niru sisi hai ,	verb::vv e::pst.ptcp nv::nv cm::dat nv::nv nv::nv verb::vv e::cve mark::comma
sacikū ,	nv::nv mark::comma
han i afabu ha jurgan be kice me yabu ki .	nv::nv cm::gen verb::vv e::pst.ptcp nv::nv cm::acc verb::vv e::cve verb::vv e::fve.opt mark::period
tede koro fi sunja niyalma sunja morin be gama me uka me gene re be ,	nv::nv verb::vv e::cve nv::nv nv::nv nv::nv nv::nv cm::acc verb::vv e::cve verb::vv e::cve verb::vv e::npst.ptcp cm::acc mark::comma
ere abka sa kini seme ,	nv::nv nv::nv verb::vv e::fve.opt comp mark::comma
nikan geli balai holto me jušen be ume bele re ,	nv::nv nv::nv nv::nv verb::vv e::cve nv::nv cm::acc nv::nv verb::vv e::npst.ptcp mark::comma
usin weilebu re niyalma tucibu fi saikan bošo me hoton weilebu ∅ ,	nv::nv verb::vv e::npst.ptcp nv::nv verb::vv e::cve nv::adj verb::vv e::cve nv::nv verb::vv e::fve.imperative mark::comma
baisan bi ere ci amasi kadala ki ,	nn::prpn.person pn::1sg nv::nv cm::abl nv::nv verb::vv e::fve.opt mark::comma
beikuwen de etu re furdehe bi ci tetendere ,	nv::adj cm::dat verb::vv e::npst.ptcp nv::nv verb::vv e::cve nv::nv mark::comma
amban obu re ,	nv::nv verb::vv e::npst.ptcp mark::comma
du_tang ni yamun de ebu he .	nv::nv cm::gen nv::nv cm::dat verb::vv e::pst.ptcp mark::period
min i juse omosi jalan hala me han de gosibu me wesihun banji kini .	pn::1sg cm::gen nv::nv nv::nv nv::nv verb::vv e::cve nv::nv cm::dat verb::vv e::cve nv::nv verb::vv e::fve.opt mark::period
hūrha i dain de afa ha ,	nv::nv cm::gen nv::nv cm::dat verb::vv e::pst.ptcp mark::comma
hecen i ninggureme tuwa ki seme ,	nv::nv cm::gen nv::nv verb::vv e::fve.opt comp mark::comma
emu ubu be hergen i bodo me beiguwan ci wesihun goibu ∅ ,	nv::nv nv::nv cm::acc nv::nv cm::gen verb::vv e::cve nv::nv cm::abl nv::nv verb::vv e::fve.imperative mark::comma
usin bošo me gene he ciyandzung ,	nv::nv verb::vv e::cve verb::vv e::pst.ptcp nv::nv mark::comma
tere i funde ,	nv::nv cm::gen nv::nv mark::comma
ume bu re .	nv::nv verb::vv e::npst.ptcp mark::period
manggūltai_beile be amala gaji me ji ∅ seme ,	nn::prpn cm::acc nv::nv verb::vv e::cve verb::vv e::fve.imperative comp mark::comma
haha ninggun minggan emu tanggū susai ,	nv::nv nv::nv nv::nv nv::nv nv::nv nv::nv mark::comma
harha ,	nv::nv mark::comma
han i baru amba age i boo ara ra ba be geren i weile kini ,	nv::nv cm::gen nv::nv nv::adj nv::nv cm::gen nv::nv verb::vv e::npst.ptcp nv::nv cm::acc nv::adj cm::gen verb::vv e::fve.opt mark::comma
nene me buce he morin be orin haha acan uda fi bu kini ,	verb::vv e::cve verb::vv e::pst.ptcp nv::nv cm::acc nv::nv nv::nv nv::nv verb::vv e::cve verb::vv e::fve.opt mark::comma
emu gulhun gecuheri be dabu me sunja suje ,	nv::nv nv::adj nv::nv cm::acc verb::vv e::cve nv::nv nv::nv mark::comma
tusihiya de ta ha gasha ,	nv::nv cm::dat verb::vv e::pst.ptcp nv::nv mark::comma
baibi jase i tulergi weile de ,	nv::nv nv::nv cm::gen nv::nv nv::nv cm::dat mark::comma
ehe de ehe karu ,	nv::adj cm::dat nv::adj nv::nv mark::comma
suwe uji he han de baili isibu me gūni rakū ,	pn::2pl verb::vv e::pst.ptcp nv::nv cm::dat nv::nv verb::vv e::cve verb::vv e::npst.ptcp.neg mark::comma
beye i ehe de wasi kini .	nv::nv cm::gen nv::adj cm::dat verb::vv e::fve.opt mark::period
hai_si be_ta_wei i du_jy_hūi_ciyanši naciha i omolo bayan ,	nn::prpn nn::prpn cm::gen nv::nv nn::prpn.person cm::gen nv::nv nv::adj mark::comma
emu niru de emu janggin ,	nv::nv nv::nv cm::dat nv::nv nv::nv mark::comma
unggi re niyalma de dahūn dahūn i ulhi tele ejebu me hendu fi ,	verb::vv e::npst.ptcp nv::nv cm::dat nv::nv nv::nv cm::gen verb::vv e::cve verb::vv e::cve verb::vv e::cve mark::comma
emu sin jeku de ,	nv::nv nv::nv nv::nv cm::dat mark::comma
meni meni jase ba be tuwakiya me ,	nv::nv nv::nv nv::nv nv::nv cm::acc verb::vv e::cve mark::comma
kibtar jabu me ,	nn::prpn.person verb::vv e::cve mark::comma
amba_beile i jui wakda_age i sargan benji me ,	nn::prpn cm::gen nv::nv nn::prpn cm::gen nv::nv verb::vv e::cve mark::comma
akū be angga ara me holto ci ,	nv::adj cm::acc nv::nv verb::vv e::cve verb::vv e::cve mark::comma
huncu ,	nv::nv mark::comma
buce ci emu ergen ,	verb::vv e::cve nv::nv nv::nv mark::comma
gere ke manggi ,	verb::vv e::pst.ptcp nv::nv mark::comma
nio_juwang ci wesihun ,	nn::prpn cm::abl nv::nv mark::comma
weihuken foholon uksin etu he gabta ra mangga be sonjo fi tucibu he cooha i niyalma amala gene fi gabta ha manggi ,	nv::adj nv::adj nv::nv verb::vv e::pst.ptcp verb::vv e::npst.ptcp nv::adj cm::acc verb::vv e::cve verb::vv e::pst.ptcp nv::nv cm::gen nv::nv nv::nv verb::vv e::cve verb::vv e::pst.ptcp nv::nv mark::comma
han i yongkiyabu ha baili be gūni rakū ,	nv::nv cm::gen verb::vv e::pst.ptcp nv::nv cm::acc verb::vv e::npst.ptcp.neg mark::comma
šanggiyan_hada i bigan be saci me gama fi ,	nn::prpn cm::gen nv::nv cm::acc verb::vv e::cve verb::vv e::cve mark::comma
bošo me weilebu he ši_guwe_ju de ninju yan bu he ,	verb::vv e::cve verb::vv e::pst.ptcp nn::prpn cm::dat nv::nv nv::nv verb::vv e::pst.ptcp mark::comma
amba weile ara fi hergen efule mbi ,	nv::adj nv::nv verb::vv e::cve nv::nv verb::vv e::fve.npst mark::comma
tabcin dosi fi karun be gida fi ,	nv::nv verb::vv e::cve nv::nv cm::acc verb::vv e::cve mark::comma
yada ra niyalma i beye jobo me buta ha ngge ,	verb::vv e::npst.ptcp nv::nv cm::gen nv::nv verb::vv e::cve verb::vv e::pst.ptcp nmlz::nmlz mark::comma
niyaman hūncihin seme harša rakū ,	nv::nv nv::nv comp verb::vv e::npst.ptcp.neg mark::comma
juwanta haha i nikan tokso emte ,	nv::nv nv::nv cm::gen nv::nv nv::nv nv::nv mark::comma
emu niru i tanggū uksin be šanggiyan bayara de juwan niyalma obu ki ,	nv::nv nv::nv cm::gen nv::nv nv::nv cm::acc nv::nv nv::nv cm::dat nv::nv nv::nv verb::vv e::fve.opt mark::comma
nambu rakū ci min de kesi o kini ,	verb::vv e::npst.ptcp.neg e::cve pn::1sg cm::dat nv::nv verb::vv e::fve.opt mark::comma
bi banji rakū buce mbi ,	pn::1sg verb::vv e::npst.ptcp.neg verb::vv e::fve.npst mark::comma
juwe amba dain aca fi afa ra de ,	nv::nv nv::adj nv::nv verb::vv e::cve verb::vv e::npst.ptcp cm::dat mark::comma
fan_ho de ,	nn::prpn cm::dat mark::comma
ambula yargiyan o ci ,	nv::nv nv::adj verb::vv e::cve mark::comma
guwangning de hengkile me gene he min i gangguri ,	nn::prpn.plc cm::dat verb::vv e::cve verb::vv e::pst.ptcp pn::1sg cm::gen nn::prpn.person mark::comma
jeku bi seme bisi re jeku be uthai tucibu fi miyali ci ,	nv::nv verb::vv.npst comp verb::vv e::npst.ptcp nv::nv cm::acc nv::nv verb::vv e::cve verb::vv e::cve mark::comma
ninju ninggun anggala ,	nv::nv nv::nv nv::nv mark::comma
funce he ehe guwanggusa ilan minggan isi me isa fi daha rakū ojo ro jaka de ,	verb::vv e::pst.ptcp nv::adj nv::nv nv::nv nv::nv verb::vv e::cve verb::vv e::cve verb::vv e::npst.ptcp.neg verb::vv e::npst.ptcp nv::nv cm::dat mark::comma
han i amba_fujin ,	nv::nv cm::gen nn::prpn mark::comma
bojiri šurde me bisi re gūsin ninggun gašan be gemu gai fi ,	nn::prpn.person verb::vv e::cve verb::vv e::npst.ptcp nv::nv nv::nv nv::nv cm::acc nv::nv verb::vv e::cve mark::comma
šui_cang_ioi gašan i jang_šeo_pu i boigon susai funce me niyalma be huthu fi gama ha ,	nn::prpn nv::nv cm::gen nn::prpn cm::gen nv::nv nv::nv verb::vv e::cve nv::nv cm::acc verb::vv e::cve verb::vv e::pst.ptcp mark::comma
juwan duici jergi ,	nv::nv nv::nv nv::nv mark::comma
han i bithe ,	nv::nv cm::gen nv::nv mark::comma
jušen irgen jobo ho weile he seme koro akū kai .	nv::nv nv::nv verb::vv e::pst.ptcp verb::vv e::pst.ptcp comp nv::nv nv::adj ptcl mark::period
tongki fuka sinda ha hergen i dangse .	nv::nv nv::nv verb::vv e::pst.ptcp nv::nv cm::gen nv::nv mark::period
suwe udu tumen gama ha bi he ,	pn::2pl nv::nv nv::nv verb::vv e::pst.ptcp verb::vv e::pst.ptcp mark::comma
tere muse de ai gucu ,	nv::nv pn::1pl.incl cm::dat nv::nv nv::nv mark::comma
mujakū jase i tulergi weile de da fi ,	nv::nv nv::nv cm::gen nv::nv nv::nv cm::dat verb::vv e::cve mark::comma
han jili banji fi ,	nv::nv nv::nv verb::vv e::cve mark::comma
suwen i emgi bisi re jakūnju niyalma be tatan ara fi ,	pn::2pl cm::gen nv::nv verb::vv e::npst.ptcp nv::nv nv::nv cm::acc nv::nv verb::vv e::cve mark::comma
cooha gai fi yabu re amban sa i baru hendu me ,	nv::nv verb::vv e::cve verb::vv e::npst.ptcp nv::nv nv::nv cm::gen nv::nv verb::vv e::cve mark::comma
sai fi ,	verb::vv e::cve mark::comma
ilan tanggū funce me šusai baha fi ,	nv::nv nv::nv verb::vv e::cve nv::nv verb::vv e::cve mark::comma
tebu me waji ci ,	verb::vv e::cve verb::vv e::cve mark::comma
utala geren juse suwen i mute rakū ai bi seme hendu fi ,	nv::nv nv::adj nv::nv pn::2pl cm::gen verb::vv e::npst.ptcp.neg nv::nv verb::vv.npst comp verb::vv e::cve mark::comma
begei ,	nn::prpn.person mark::comma
dai_iogi i gese niyalma be ume takūra ra ,	nn::prpn cm::gen nv::nv nv::nv cm::acc nv::nv verb::vv e::npst.ptcp mark::comma
jombu ,	nn::prpn.person mark::comma
si gai mbi o ,	pn::2sg verb::vv e::fve.npst ptcl mark::comma
min i cooha buce hekūbi o ,	pn::1sg cm::gen nv::nv verb::vv e::fve.prs.prf.neg ptcl mark::comma
muse i niyalma be wa habi seme daha me yabu re de ,	nv::nv cm::gen nv::nv cm::acc verb::vv e::fve.prs.prf comp verb::vv e::cve verb::vv e::npst.ptcp cm::dat mark::comma
hūlha holo mujilen jafa fi sula heolen o ci ,	nv::nv nv::nv nv::nv verb::vv e::cve nv::adj nv::adj verb::vv e::cve mark::comma
lungsi be ,	nn::prpn.person cm::acc mark::comma
emte debsiku ,	nv::nv nv::nv mark::comma
sio_yan i niyalma ubaša me gene re be ,	nn::prpn cm::gen nv::nv verb::vv e::cve verb::vv e::npst.ptcp cm::acc mark::comma
dartai waji mbi kai ,	nv::nv verb::vv e::fve.npst ptcl mark::comma
unca ra jeku be han de benji ∅ ,	verb::vv e::npst.ptcp nv::nv cm::acc nv::nv cm::dat verb::vv e::fve.imperative mark::comma
ai jaka be gese bu me uji he ,	nv::nv nv::nv cm::acc nv::nv verb::vv e::cve verb::vv e::pst.ptcp mark::comma
efu ,	nv::nv mark::comma
nikan i emu iogi ,	nv::nv cm::gen nv::nv nv::nv mark::comma
abka i sinda ha han ,	nv::nv cm::gen verb::vv e::pst.ptcp nv::nv mark::comma
juwan uksin saca ,	nv::nv nv::nv nv::nv mark::comma
ilducan i jalin de uyun yan be hoose ji fi faita ha .	nn::prpn.person cm::gen nv::nv cm::dat nv::nv nv::nv cm::acc nn::prpn.person verb::vv e::cve verb::vv e::pst.ptcp mark::period
hai_si ši_ho_wei i du_jy_hūi_ciyanši anaktu i omolo gentei ,	nn::prpn nn::prpn cm::gen nv::nv nn::prpn.person cm::gen nv::nv nn::prpn.person mark::comma
nikan i tanggū niyalma be wa ha seme ,	nv::nv cm::gen nv::nv nv::nv cm::acc verb::vv e::pst.ptcp comp mark::comma
fusemu_wei i du_jy_hūi_ciyanši aimbulu i omolo fuka ,	nn::prpn cm::gen nv::nv nn::prpn.person cm::gen nv::nv nv::nv mark::comma
ere be daihal_tabunang gai habi .	nv::nv cm::acc nn::prpn verb::vv e::fve.prs.prf mark::period
tere ulebu he hūda be ihan uji he ejen de gai fi tooda me bu kini .	nv::nv verb::vv e::pst.ptcp nv::nv cm::acc nv::nv verb::vv e::pst.ptcp nv::nv cm::dat verb::vv e::cve verb::vv e::cve verb::vv e::fve.opt mark::period
juwan juwe ci jergi ,	nv::nv verb::vv e::cve nv::nv mark::comma
○ nusan be ,	mark::circle nn::prpn.person cm::acc mark::comma
guwangning ci ebsi šangna ha aika jaka be gemu gai me beide he ,	nn::prpn.plc cm::abl nv::nv verb::vv e::pst.ptcp nv::nv nv::nv cm::acc nv::nv verb::vv e::cve verb::vv e::pst.ptcp mark::comma
ciyandzung wang_di_ming ni baru jaha gaji ∅ nimaha bai ki se re jaka de ,	nv::nv nn::prpn cm::gen nv::nv nv::nv verb::vv e::fve.imperative nv::nv verb::vv e::fve.opt verb::vv e::npst.ptcp nv::nv cm::dat mark::comma
hūnta ,	nv::nv mark::comma
jete re tubihe ci ana me ,	verb::vv e::npst.ptcp nv::nv cm::abl verb::vv e::cve mark::comma
ilan suje ,	nv::nv nv::nv mark::comma
○ bangsu be ,	mark::circle nn::prpn.person cm::acc mark::comma
jori ha jurgan be jurce rakū seme beiguwan obu ha .	verb::vv e::pst.ptcp nv::nv cm::acc verb::vv e::npst.ptcp.neg comp nv::nv verb::vv e::pst.ptcp mark::period
monggolikū ,	nv::nv mark::comma
sin i deo de juwe minggan haha bu re ,	pn::2sg cm::gen nv::nv cm::dat nv::nv nv::nv nv::nv verb::vv e::npst.ptcp mark::comma
tsang ni anakū be boo de sinda fi gene hebi ,	nv::nv cm::gen nv::nv cm::acc nv::nv cm::dat verb::vv e::cve verb::vv e::fve.prs.prf mark::comma
ama i gung ,	nv::nv cm::gen nv::nv mark::comma
suwen i ciha dere .	pn::2pl cm::gen nv::nv ptcl mark::period
je ke muke be waliya fi ,	verb::vv e::pst.ptcp nv::nv cm::acc verb::vv e::cve mark::comma
ere be geren dende ci we de isi mbi seme ,	nv::nv cm::acc nv::adj verb::vv e::cve nv::nv cm::dat verb::vv e::fve.npst comp mark::comma
ineku ineku gisun i hecen ulan be umai dasa hakūbi se he de ,	nv::nv nv::nv nv::nv cm::gen nv::nv nv::nv cm::acc nv::nv verb::vv e::fve.prs.prf.neg verb::vv e::pst.ptcp cm::dat mark::comma
amba gurun i han i cooha ,	nv::adj nv::nv cm::gen nv::nv cm::gen nv::nv mark::comma
nikasa cen i beye amasi bedere me ji fi alin de tafa kabi ,	nv::nv pn::3pl cm::gen nv::nv nv::nv verb::vv e::cve verb::vv e::cve nv::nv cm::dat verb::vv e::fve.prs.prf mark::comma
daha ∅ seme bithe bu he manggi ,	verb::vv e::fve.imperative comp nv::nv verb::vv e::pst.ptcp nv::nv mark::comma
erun koro ai de goi mbi ,	nv::nv nv::nv nv::nv cm::dat verb::vv e::fve.npst mark::comma
tuttu benji he de ,	nv::nv verb::vv e::pst.ptcp cm::dat mark::comma
tere wa ra de ,	nv::nv verb::vv e::npst.ptcp cm::dat mark::comma
gūsita uksin be gai fi ,	nv::nv nv::nv cm::acc verb::vv e::cve mark::comma
fung_hūwang de te he juwe tanggū cooha i jaka de gene fi ,	nn::prpn cm::dat verb::vv e::pst.ptcp nv::nv nv::nv nv::nv cm::gen nv::nv cm::dat verb::vv e::cve mark::comma
hūlha holo be deribu ci ,	nv::nv nv::nv cm::acc verb::vv e::cve mark::comma
hendu me ,	verb::vv e::cve mark::comma
suiha ,	nn::prpn.person mark::comma
encule me šulge_bujan be gai ha ,	verb::vv e::cve nn::prpn cm::acc verb::vv e::pst.ptcp mark::comma
lodori ,	nn::prpn.person mark::comma
morin juwan emu ,	nv::nv nv::nv nv::nv mark::comma
jai cimari erde ,	nv::nv nv::nv nv::nv mark::comma
emu niru i orita uksin ,	nv::nv nv::nv cm::gen nv::nv nv::nv mark::comma
tofohon niyalma i jete re aika jaka aci kini ,	nv::nv nv::nv cm::gen verb::vv e::npst.ptcp nv::nv nv::nv verb::vv e::fve.opt mark::comma
ebergi cahar ere biya i juwan emu de aca fi ,	nv::nv nn::prpn.plc nv::nv nv::nv cm::gen nv::nv nv::nv cm::dat verb::vv e::cve mark::comma
juwe sejen kalka ,	nv::nv nv::nv nv::nv mark::comma
duite yendahūn ,	nv::nv nn::prpn.person mark::comma
juwan inenggi dube de amba sarin sarila me tebu he .	nv::nv nv::nv nv::nv cm::dat nv::adj nv::nv verb::vv e::cve verb::vv e::pst.ptcp mark::period
juwan ilaci jergi ,	nv::nv nv::nv nv::nv mark::comma
geren hamuk aca fi cooha ili ci ,	nv::adj nv::nv verb::vv e::cve nv::nv verb::vv e::cve mark::comma
amba_beile te kini ,	nn::prpn verb::vv e::fve.opt mark::comma
suwayan sara emte bu he .	nv::adj nv::nv nv::nv verb::vv e::pst.ptcp mark::period
duin tanggū šanggiyan bayara i niyalma be gai fi anafu tene fi ,	nv::nv nv::nv nv::nv nv::nv cm::gen nv::nv cm::acc verb::vv e::cve nv::nv verb::vv e::cve mark::comma
genggiyen_han i beye ,	nn::prpn cm::gen nv::nv mark::comma
min i juse omosi mujilen gemu gūwaliya kabi ,	pn::1sg cm::gen nv::nv nv::nv nv::nv nv::nv verb::vv e::fve.prs.prf mark::comma
suwen i boo ara rakū tuleri bi fi ,	pn::2pl cm::gen nv::nv verb::vv e::npst.ptcp.neg nv::nv verb::vv e::cve mark::comma
min de ehe dain o ci ,	pn::1sg cm::dat nv::adj nv::nv verb::vv e::cve mark::comma
fu_jeo ,	nn::prpn mark::comma
gūsin haha be gaji me bai me ji he gung de ,	nv::nv nv::nv cm::acc verb::vv e::cve verb::vv e::cve verb::vv e::pst.ptcp nv::nv cm::dat mark::comma
ningšan i jui be ,	nn::prpn.person cm::gen nv::nv cm::acc mark::comma
emu seke i dahū ,	nv::nv nv::nv cm::gen nv::nv mark::comma
ebki_mafa ,	nn::prpn mark::comma
lung_king ni sunjaci aniya jakūn biya i orin sunja gumu_wei i du_jy_hūi_tungjy saigūsi i jui amtasi ,	nn::prpn cm::gen nv::nv nv::nv nv::nv nv::nv cm::gen nv::nv nv::nv nn::prpn cm::gen nv::nv nn::prpn.person cm::gen nv::nv nn::prpn.person mark::comma
han i tacibu ha gisun be jurce me ,	nv::nv cm::gen verb::vv e::pst.ptcp nv::nv cm::acc verb::vv e::cve mark::comma
afabu ha weile be mute mbi ,	verb::vv e::pst.ptcp nv::nv cm::acc verb::vv e::fve.npst mark::comma
aca rakū o cibe ,	verb::vv e::npst.ptcp.neg verb::vv e::cve mark::comma
ningguci jergi ,	nv::nv nv::nv mark::comma
gurun i jobo ho be han sa ra ,	nv::nv cm::gen verb::vv e::pst.ptcp cm::acc nv::nv verb::vv e::npst.ptcp mark::comma
minggan honin ,	nv::nv nv::nv mark::comma
je ke muke be waliya fi ,	verb::vv e::pst.ptcp nv::nv cm::acc verb::vv e::cve mark::comma
ai ai de doosi niyalma be enteke turgun de ,	nv::nv nv::nv cm::dat nv::adj nv::nv cm::acc nv::nv nv::nv cm::dat mark::comma
isun be ,	nn::prpn.person cm::acc mark::comma
boyo_wei i du_jy_hūi_ciyanši canggoro i omolo jodoi ,	nn::prpn cm::gen nv::nv nn::prpn.person cm::gen nv::nv nn::prpn.person mark::comma
jakduri be uju jergi iogi obu ha ,	nn::prpn.person cm::acc nv::nv nv::nv nv::nv verb::vv e::pst.ptcp mark::comma
babai_taiji beye ,	nn::prpn nv::nv mark::comma
fakca rakū ci ,	verb::vv e::npst.ptcp.neg e::cve mark::comma
nikan jase i tulergi encu gurun i weile de daha ∅ be wakala fi ,	nv::nv nv::nv cm::gen nv::nv nv::nv nv::nv cm::gen nv::nv cm::dat verb::vv e::fve.imperative cm::acc verb::vv e::cve mark::comma
burai ,	nn::prpn.person mark::comma
sin i han ama i isabu ha ai cooha akū seme hendu re jaka de ,	pn::2sg cm::gen nv::nv nv::nv cm::gen verb::vv e::pst.ptcp nv::nv nv::nv nv::adj comp verb::vv e::npst.ptcp nv::nv cm::dat mark::comma
moo de lakiya me hūwaita fi ,	nv::nv cm::dat verb::vv e::cve verb::vv e::cve mark::comma
dergi abka fejergi na sa fi ,	nv::nv nv::nv nv::nv nv::nv verb::vv e::cve mark::comma
suwen be daha ha cooha be ,	pn::2pl cm::acc verb::vv e::pst.ptcp nv::nv cm::acc mark::comma
emu ihan ,	nv::nv nv::nv mark::comma
sain o ci men i dolo ,	nv::adj verb::vv e::cve pn::1pl.excl cm::gen nv::nv mark::comma
gurun i niyalma aika gisun be ,	nv::nv cm::gen nv::nv nv::nv nv::nv cm::acc mark::comma
cargi ci ji he cooha be giyamcan de emu iogi ,	nv::nv cm::abl verb::vv e::pst.ptcp nv::nv cm::acc nn::prpn.plc cm::dat nv::nv nv::nv mark::comma
si_uli efu ,	nn::prpn nv::nv mark::comma
emu jergi buce re weile be guwebu mbi .	nv::nv nv::nv verb::vv e::npst.ptcp nv::nv cm::acc verb::vv e::fve.npst mark::period
○ ice ilan de ,	mark::circle nv::adj nv::nv cm::dat mark::comma
geren duilesi duile fi amban sa de ala ∅ ,	nv::adj nv::nv verb::vv e::cve nv::nv nv::nv cm::dat verb::vv e::fve.imperative mark::comma
kubu he lamun i gūsa i tanggū uksin be suji gai fi te mbi .	verb::vv e::pst.ptcp nv::adj cm::gen nv::nv cm::gen nv::nv nv::nv cm::acc nn::prpn.person verb::vv e::cve verb::vv e::fve.npst mark::period
jide re monggo i boigon juwe tanggū funce mbi ,	verb::vv e::npst.ptcp nv::nv cm::gen nv::nv nv::nv nv::nv verb::vv e::fve.npst mark::comma
bata kimun seme gida rakū ,	nv::nv nv::nv comp verb::vv e::npst.ptcp.neg mark::comma
juse omosi jalan hala me gosi re doro be ume lashala ra .	nv::nv nv::nv nv::nv verb::vv e::cve verb::vv e::npst.ptcp nv::nv cm::acc nv::nv verb::vv e::npst.ptcp mark::period
amba_beile ,	nn::prpn mark::comma
yan_geng duin nofi aca fi duile fi ,	nn::prpn nv::nv nv::nv verb::vv e::cve verb::vv e::cve mark::comma
anggara ,	nn::prpn.person mark::comma
sin i gūni ha de acabu me we sain niyalma afa mbi ,	pn::2sg cm::gen verb::vv e::pst.ptcp cm::dat verb::vv e::cve nv::nv nv::adj nv::nv verb::vv e::fve.npst mark::comma
mucengge ,	nv::nv mark::comma
ula de yasa ehe o ho seme ,	nv::nv cm::dat nv::nv nv::adj verb::vv e::pst.ptcp comp mark::comma
manggūldai ,	nn::prpn.person mark::comma
gosi re doro be ume lashala ra ,	verb::vv e::npst.ptcp nv::nv cm::acc nv::nv verb::vv e::npst.ptcp mark::comma
du_tang ni bithe ,	nv::nv cm::gen nv::nv mark::comma
ilan tanggū susai ihan ,	nv::nv nv::nv nv::nv nv::nv mark::comma
gaji ha haha yooni akū ,	verb::vv e::pst.ptcp nv::nv nv::nv nv::adj mark::comma
ere duin gašan i juwe minggan haha ,	nv::nv nv::nv nv::nv cm::gen nv::nv nv::nv nv::nv mark::comma
geren tsang guwan be adabu fi unggi ∅ ,	nv::adj nv::nv nv::nv cm::acc verb::vv e::cve verb::vv e::fve.imperative mark::comma
coronggo ,	nn::prpn.person mark::comma
monggo i joriktu_beile i jui hūbilhan_taiji ,	nv::nv cm::gen nn::prpn cm::gen nv::nv nn::prpn mark::comma
hafasa orin de bithe wesimbu ∅ .	nv::nv nv::nv cm::dat nv::nv verb::vv e::fve.imperative mark::period
gai fi yabu re jurgan sain ,	verb::vv e::cve verb::vv e::npst.ptcp nv::nv nv::adj mark::comma
si_mu_ceng ,	nn::prpn mark::comma
○ orin nadan de ,	mark::circle nv::nv nv::nv cm::dat mark::comma
juwan ilaci jergi ,	nv::nv nv::nv nv::nv mark::comma
sain doro be jafa ra o ,	nv::adj nv::nv cm::acc verb::vv e::npst.ptcp ptcl mark::comma
yoto_taiji ,	nn::prpn mark::comma
ere fujin i min be eitere he weile ambula seme gasa fi ,	nv::nv nv::nv cm::gen pn::1sg cm::acc verb::vv e::pst.ptcp nv::nv nv::nv comp verb::vv e::cve mark::comma
bi wa ki seme bai ci ,	pn::1sg verb::vv e::fve.opt comp verb::vv e::cve mark::comma
bi gūni me ,	pn::1sg verb::vv e::cve mark::comma
○ ice ilan de ,	mark::circle nv::adj nv::nv cm::dat mark::comma
suwen i cooha i niyalma i jete re ulha be dali me gaji me ji ∅ ,	pn::2pl cm::gen nv::nv cm::gen nv::nv cm::gen verb::vv e::npst.ptcp nv::nv cm::acc verb::vv e::cve verb::vv e::cve verb::vv e::fve.imperative mark::comma
jaifiyan i ba de hecen saha fi boo ara fi te mbi seme ,	nv::nv cm::gen nv::nv cm::dat nv::nv verb::vv e::cve nv::nv verb::vv e::cve verb::vv e::fve.npst comp mark::comma
tere niyalma de ihan bu ∅ ,	nv::nv nv::nv cm::dat nv::nv verb::vv e::fve.imperative mark::comma
si unggi he boigon i jori ha ba de bakta ra be tuwa me tebu ∅ ,	pn::2sg verb::vv e::pst.ptcp nv::nv cm::gen verb::vv e::pst.ptcp nv::nv cm::dat verb::vv e::npst.ptcp cm::acc verb::vv e::cve verb::vv e::fve.imperative mark::comma
ula de emu feye gidalabu ha ,	nv::nv cm::dat nv::nv nv::nv verb::vv e::pst.ptcp mark::comma
liyoha bira be tuwanggi ci ,	nn::prpn.plc nv::nv cm::acc verb::vv e::cve mark::comma
dasa ha ai jaka gemu sain o ci ,	verb::vv e::pst.ptcp nv::nv nv::nv nv::nv nv::adj verb::vv e::cve mark::comma
ura tū he seme weile ara fi ,	nv::nv verb::vv e::pst.ptcp comp nv::nv verb::vv e::cve mark::comma
tuttu dain deribu he hūlun be abka wakala ha ,	nv::nv nv::nv verb::vv e::pst.ptcp nn::prpn.plc cm::acc nv::nv verb::vv e::pst.ptcp mark::comma
erin tuli rahū ,	nv::nv verb::vv e::fve.prv mark::comma
majige aika turgun bi ci ,	nv::adj nv::nv nv::nv verb::vv e::cve mark::comma
ui_jaisang ,	nn::prpn mark::comma
holhoi i beiguwan i hergen be efule he ,	nn::prpn.person cm::gen nv::nv cm::gen nv::nv cm::acc verb::vv e::pst.ptcp mark::comma
fanaha ,	nn::prpn.plc mark::comma
tofohoto yan menggun ,	nv::nv nv::nv nv::nv mark::comma
jai du_tang de ala hakū in i cisu i koro ara fi sinda ha seme ,	nv::nv nv::nv cm::dat verb::vv e::pst.ptcp.neg pn::3sg cm::gen nv::nv cm::gen nv::nv verb::vv e::cve verb::vv e::pst.ptcp comp mark::comma
beki ,	nv::adj mark::comma
ede sunjata etuku ,	nv::nv nv::nv nv::nv mark::comma
ula i yarbu i beiguwan i hergen be efule he ,	nv::nv cm::gen nn::prpn.person cm::gen nv::nv cm::gen nv::nv cm::acc verb::vv e::pst.ptcp mark::comma
adarame bedere re seme usa fi koro me bisi re de ,	nv::nv verb::vv e::npst.ptcp comp verb::vv e::cve verb::vv e::cve verb::vv e::npst.ptcp cm::dat mark::comma
neigen uji me banji mbi kai ,	nv::adj verb::vv e::cve verb::vv e::fve.npst ptcl mark::comma
giya_jing ni dehi sunjaci aniya uyun biya i orin juwe de baha ha .	nn::prpn cm::gen nv::nv nv::nv nv::nv nv::nv nv::nv cm::gen nv::nv nv::nv cm::dat verb::vv e::pst.ptcp mark::period
genggiyen_han yamun de tuci fi ,	nn::prpn nv::nv cm::dat verb::vv e::cve mark::comma
○ asan be ,	mark::circle nn::prpn.person cm::acc mark::comma
niru i ejen beiguwan bisi re akū be baica ∅ ,	nv::nv cm::gen nv::nv nv::nv verb::vv e::npst.ptcp nv::adj cm::acc verb::vv e::fve.imperative mark::comma
○ wei_giya_ling ,	mark::circle nn::prpn mark::comma
kambulu ,	nn::prpn.person mark::comma
○ goiman be ,	mark::circle nv::adj cm::acc mark::comma
tsanjiyang emu minggan cooha gai fi ,	nv::nv nv::nv nv::nv nv::nv verb::vv e::cve mark::comma
geren cooha be gai fi beile se cimari gene kini seme hendu fi ,	nv::adj nv::nv cm::acc verb::vv e::cve nv::nv nv::nv nv::nv verb::vv e::fve.opt comp verb::vv e::cve mark::comma
min i gaji ha haha i ton be baica me baha me waji ha seme bithe wesimbu ∅ ,	pn::1sg cm::gen verb::vv e::pst.ptcp nv::nv cm::gen nv::nv cm::acc verb::vv e::cve verb::vv e::cve verb::vv e::pst.ptcp comp nv::nv verb::vv e::fve.imperative mark::comma
jušen nikan i hafasa ,	nv::nv nv::nv cm::gen nv::nv mark::comma
šaka jafa fi nimaha bai ci baha hakū o fi ,	nv::nv verb::vv e::cve nv::nv verb::vv e::cve verb::vv e::pst.ptcp.neg verb::vv e::cve mark::comma
jai aikabade nikan de aca ci ,	nv::nv nv::nv nv::nv cm::dat verb::vv e::cve mark::comma
○ kubu he lamun gūsa i nikan iogi ju_ji_wen ,	mark::circle verb::vv e::pst.ptcp nv::adj nv::nv cm::gen nv::nv nv::nv nn::prpn mark::comma
yaya gašan de ehe facuhūn ningge emu juwe niyalma kai ,	nv::nv nv::nv cm::dat nv::adj nv::adj nv::nv nv::nv nv::nv nv::nv ptcl mark::comma
gūwa niru i niyalma be in i juwan niru i ba de yabubu ha de ,	nv::nv nv::nv cm::gen nv::nv cm::acc pn::3sg cm::gen nv::nv nv::nv cm::gen nv::nv cm::dat verb::vv e::pst.ptcp cm::dat mark::comma
wan_lii i juwan uyuci aniya ninggun biya i orin duin de baha ha ,	nn::prpn cm::gen nv::nv nv::nv nv::nv nv::nv nv::nv cm::gen nv::nv nv::nv cm::dat verb::vv e::pst.ptcp mark::comma
gecuheri goksi ,	nv::nv nv::nv mark::comma
tere gisun de ,	nv::nv nv::nv cm::dat mark::comma
abka min be wakala rahū seme icihiya ra ngge ere inu ,	nv::nv pn::1sg cm::acc verb::vv e::fve.prv comp verb::vv e::npst.ptcp nmlz::nmlz nv::nv nv::nv mark::comma
bi min i abka de saišabu ha jurgan i icihiya rakū ci ,	pn::1sg pn::1sg cm::gen nv::nv cm::dat verb::vv e::pst.ptcp nv::nv cm::gen verb::vv e::npst.ptcp.neg e::cve mark::comma
kalka de cooha gene fi ,	nv::nv cm::dat nv::nv verb::vv e::cve mark::comma
tere juranda ra de ,	nv::nv verb::vv e::npst.ptcp cm::dat mark::comma
tere be tambai ,	nv::nv cm::acc nn::prpn.person mark::comma
geren fujiyang ,	nv::adj nv::nv mark::comma
hoton i julergi dere ,	nv::nv cm::gen nv::nv ptcl mark::comma
jase i tulergi encu gurun i weile de da fi ,	nv::nv cm::gen nv::nv nv::nv nv::nv cm::gen nv::nv cm::dat verb::vv e::cve mark::comma
juwe ubu be šajin de gai mbi ,	nv::nv nv::nv cm::acc nv::nv cm::dat verb::vv e::fve.npst mark::comma
han ,	nv::nv mark::comma
uhereme ninju niyalma ji he bi he .	nv::nv nv::nv nv::nv verb::vv e::pst.ptcp verb::vv e::pst.ptcp mark::period
min i da ci banji ha jurgan ,	pn::1sg cm::gen nv::nv cm::abl verb::vv e::pst.ptcp nv::nv mark::comma
han de hengkile me aca ha manggi ,	nv::nv cm::dat verb::vv e::cve verb::vv e::pst.ptcp nv::nv mark::comma
manju gurun ,	nv::nv nv::nv mark::comma
ere ci amasi dufede me gasa ci weile ,	nv::nv cm::abl nv::nv verb::vv e::cve verb::vv e::cve nv::nv mark::comma
su_jeo ,	nn::prpn mark::comma
isabu ha jeku ,	verb::vv e::pst.ptcp nv::nv mark::comma
deote juse boo i niyalma be gai fi ,	nv::nv nv::nv nv::nv cm::gen nv::nv cm::acc verb::vv e::cve mark::comma
aduci ,	nn::prpn.person mark::comma
sin be amban obu re jaka de ,	pn::2sg cm::acc nv::nv verb::vv e::npst.ptcp nv::nv cm::dat mark::comma
sira me we be han tebu he seme fonji ha manggi ,	verb::vv e::cve nv::nv cm::acc nv::nv verb::vv e::pst.ptcp comp verb::vv e::pst.ptcp nv::nv mark::comma
yali uda ra hūda menggun šangna fi unggi hebi ,	nv::nv verb::vv e::npst.ptcp nv::nv nv::nv verb::vv e::cve verb::vv e::fve.prs.prf mark::comma
○ ice sunja de ,	mark::circle nv::adj nv::nv cm::dat mark::comma
ere boihon i gese boihon de gidabu me ,	nv::nv nv::nv cm::gen nv::nv nv::nv cm::dat verb::vv e::cve mark::comma
emu jergi buce re weile be guwebu mbi .	nv::nv nv::nv verb::vv e::npst.ptcp nv::nv cm::acc verb::vv e::fve.npst mark::period
hai_si bai_ho_wei i du_jy_hūi_ciyanši asibu i omolo baisan ,	nn::prpn nn::prpn cm::gen nv::nv nn::prpn.person cm::gen nv::nv nn::prpn.person mark::comma
ningguci inenggi ji fi ula_bira i cikin i olhon_tung gebungge ba de imahū hada de hoton ara fi ,	nv::nv nv::nv verb::vv e::cve nn::prpn cm::gen nv::nv cm::gen nn::prpn nv::adj nv::nv cm::dat nv::nv nv::nv cm::dat nv::nv verb::vv e::cve mark::comma
jakūta de ilan feye baha ha ,	nv::nv cm::dat nv::nv nv::nv verb::vv e::pst.ptcp mark::comma
ilaci jergi olbo ,	nv::nv nv::nv nv::nv mark::comma
ehe be ehe seme han de ala mbi ,	nv::adj cm::acc nv::adj comp nv::nv cm::dat verb::vv e::fve.npst mark::comma
berjigi ,	nn::prpn.person mark::comma
hūlha holo koimali jalingga akū tondo i banji ki .	nv::nv nv::nv nv::adj nv::adj nv::adj nv::adj cm::gen verb::vv e::fve.opt mark::period
duici_beile ,	nn::prpn mark::comma
suwen de weile akū seme naka mbi o ,	pn::2pl cm::dat nv::nv nv::adj comp verb::vv e::fve.npst ptcl mark::comma
haha emu tanggū juwan juwe ,	nv::nv nv::nv nv::nv nv::nv nv::nv mark::comma
guwangning de cooha gene re de ,	nn::prpn.plc cm::dat nv::nv verb::vv e::npst.ptcp cm::dat mark::comma
gūwa i jeku gida ha be gercile he seme ,	nv::nv cm::gen nv::nv verb::vv e::pst.ptcp cm::acc verb::vv e::pst.ptcp comp mark::comma
○ du_tang ni bithe ,	mark::circle nv::nv cm::gen nv::nv mark::comma
giya_jing ni orin duici aniya nadan biya i ice ninggun de baha ha .	nn::prpn cm::gen nv::nv nv::nv nv::nv nv::nv nv::nv cm::gen nv::adj nv::nv cm::dat verb::vv e::pst.ptcp mark::period
○ amin_beile i bithe ,	mark::circle nn::prpn cm::gen nv::nv mark::comma
ama han i beye de banji ha emu jui be bu ci ,	nv::nv nv::nv cm::gen nv::nv cm::dat verb::vv e::pst.ptcp nv::nv nv::nv cm::acc verb::vv e::cve mark::comma
niyaman o ki se re gisun inu kai ,	nv::nv verb::vv e::fve.opt verb::vv e::npst.ptcp nv::nv nv::nv ptcl mark::comma
tere ci ji fi bira i ebergi sanoko_pu de dedu he ,	nv::nv cm::abl verb::vv e::cve nv::nv cm::gen nv::nv nn::prpn cm::dat verb::vv e::pst.ptcp mark::comma
niru bošo ro ciyandzung ,	nv::nv verb::vv e::npst.ptcp nv::nv mark::comma
han jili banji fi ,	nv::nv nv::nv verb::vv e::cve mark::comma
fiongdon ici ergi gala i uhereme da ejen uju jergi amban bi he .	nn::prpn.person nv::nv nv::nv nv::nv cm::gen nv::nv nv::nv nv::nv nv::nv nv::nv nv::nv verb::vv e::pst.ptcp mark::period
tungse ,	nv::nv mark::comma
yaya niyalma ai ai weile de afabu re de ,	nv::nv nv::nv nv::nv nv::nv nv::nv cm::dat verb::vv e::npst.ptcp cm::dat mark::comma
han be gosi me encu monggo gurun i ba ba i beile se be acabu ha ,	nv::nv cm::acc verb::vv e::cve nv::nv nv::nv nv::nv cm::gen nv::nv nv::nv cm::gen nv::nv nv::nv cm::acc verb::vv e::pst.ptcp mark::comma
monggo giru fi yaya jabu hakū ,	nv::nv verb::vv e::cve nv::nv verb::vv e::pst.ptcp.neg mark::comma
dzung_bing_guwan ci fusihūn ,	nv::nv cm::abl nv::adj mark::comma
cang_diyan i ba de ,	nn::prpn cm::gen nv::nv cm::dat mark::comma
ba be waliya fi ,	nv::nv cm::acc verb::vv e::cve mark::comma
○ ineku tere inenggi ,	mark::circle nv::nv nv::nv nv::nv mark::comma
urut gurun ci ji he beile se i harangga monggo de ,	nn::prpn.plc nv::nv cm::abl verb::vv e::pst.ptcp nv::nv nv::nv cm::gen nv::nv nv::nv cm::dat mark::comma
abka muse be gosi re arbun be daha fi ,	nv::nv pn::1pl.incl cm::acc verb::vv e::npst.ptcp nv::nv cm::acc verb::vv e::cve mark::comma
niru be ali fi kadala me fafula me mutebu mbi o seme ,	nv::nv cm::acc verb::vv e::cve verb::vv e::cve verb::vv e::cve verb::vv e::fve.npst ptcl comp mark::comma
bi ere ci julesi tondo i hūsun bu ki ,	pn::1sg nv::nv cm::abl nv::nv nv::adj cm::gen nv::nv verb::vv e::fve.opt mark::comma
hoton i dolo ekisaka ilica ∅ seme hendu he ,	nv::nv cm::gen nv::nv nv::adj verb::vv e::fve.imperative comp verb::vv e::pst.ptcp mark::comma
liyoodung ni ba be waliya fi in i ba i baru guri me gene mbi ,	nn::prpn.plc cm::gen nv::nv cm::acc verb::vv e::cve pn::3sg cm::gen nv::nv cm::gen nv::nv verb::vv e::cve verb::vv e::fve.npst mark::comma
cecek ,	nn::prpn.person mark::comma
tere weile tašan o ho ,	nv::nv nv::nv nv::nv verb::vv e::pst.ptcp mark::comma
han i boo ara ha ,	nv::nv cm::gen nv::nv verb::vv e::pst.ptcp mark::comma
○ juwan de ,	mark::circle nv::nv cm::dat mark::comma
sa fi wa rakū ci ,	verb::vv e::cve verb::vv e::npst.ptcp.neg e::cve mark::comma
jaisai be tucibu fi unggi re seme gisure he bi he ,	nn::prpn.person cm::acc verb::vv e::cve verb::vv e::npst.ptcp comp verb::vv e::pst.ptcp verb::vv e::pst.ptcp mark::comma
wa ci birai_wargi niyalma ,	verb::vv e::cve nn::prpn nv::nv mark::comma
cooha gene he beile se de ,	nv::nv verb::vv e::pst.ptcp nv::nv nv::nv cm::dat mark::comma
wan_lii i uyuci aniya duin biya i orin jakūn de baha ha ,	nn::prpn cm::gen nv::nv nv::nv nv::nv nv::nv cm::gen nv::nv nv::nv cm::dat verb::vv e::pst.ptcp mark::comma
sain mujangga kai ,	nv::adj nv::adj ptcl mark::comma
dabsun ,	nv::nv mark::comma
men i gurun i dolo ehe o fi dailandu re de ,	pn::1pl.excl cm::gen nv::nv cm::gen nv::nv nv::adj verb::vv e::cve verb::vv e::npst.ptcp cm::dat mark::comma
bileri ,	nv::nv mark::comma
dorgon nene he se re jaka de ,	nv::nv verb::vv e::pst.ptcp verb::vv e::npst.ptcp nv::nv cm::dat mark::comma
beile se dain sabu ha seme julesi okdo me gene ci ,	nv::nv nv::nv nv::nv verb::vv e::pst.ptcp comp nv::nv verb::vv e::cve verb::vv e::cve mark::comma
olbio ,	nn::prpn.person mark::comma
šada ha ili ha morin geli aitu fi nikan cooha be wacihiya me wa ha ,	verb::vv e::pst.ptcp verb::vv e::pst.ptcp nv::nv nv::nv verb::vv e::cve nv::nv nv::nv cm::acc verb::vv e::cve verb::vv e::pst.ptcp mark::comma
monggo i jeku baihanji re duin tanggū sejen i niyalma be ,	nv::nv cm::gen nv::nv verb::vv e::npst.ptcp nv::nv nv::nv nv::nv cm::gen nv::nv cm::acc mark::comma
jai julergi donggo i golo be dosi ka cooha de afana fi geli gemu wa ha ngge ,	nv::nv nv::nv nn::prpn.plc cm::gen nv::nv cm::acc verb::vv e::pst.ptcp nv::nv cm::dat verb::vv e::cve nv::nv nv::nv verb::vv e::pst.ptcp nmlz::nmlz mark::comma
nikan men i juwe gurun i dain ,	nv::nv pn::1pl.excl cm::gen nv::nv nv::nv cm::gen nv::nv mark::comma
aha ,	nv::nv mark::comma
gida me jafa fi uji me isabu ha ,	verb::vv e::cve verb::vv e::cve verb::vv e::cve verb::vv e::pst.ptcp mark::comma
jao_iogi be g'ai_jeo de ,	nn::prpn cm::acc nn::prpn cm::dat mark::comma
○ ice ilan de ,	mark::circle nv::adj nv::nv cm::dat mark::comma
jai muse i fe jušen ,	nv::nv nv::nv cm::gen nv::adj nv::nv mark::comma
beile se amban sa boo de ji ∅ ,	nv::nv nv::nv nv::nv nv::nv nv::nv cm::dat verb::vv e::fve.imperative mark::comma
sin i emu beye i jalin de waka kai ,	pn::2sg cm::gen nv::nv nv::nv cm::gen nv::nv cm::dat nv::adj ptcl mark::comma
ice jase i tule gūsin ba i dube de te hebi se re ,	nv::adj nv::nv cm::gen nv::nv nv::nv nv::nv cm::gen nv::nv cm::dat verb::vv e::fve.prs.prf verb::vv e::npst.ptcp mark::comma
○ yoo_jeo i lii_jang beiguwan i kadala ra nadan gašan i orin ilan boigon be yoo_jeo de tebu he .	mark::circle nn::prpn cm::gen nn::prpn nv::nv cm::gen verb::vv e::npst.ptcp nv::nv nv::nv cm::gen nv::nv nv::nv nv::nv cm::acc nn::prpn cm::dat verb::vv e::pst.ptcp mark::period
han ,	nv::nv mark::comma
fila ,	nv::nv mark::comma
ehe be ehe seme han de ala mbi ,	nv::adj cm::acc nv::adj comp nv::nv cm::dat verb::vv e::fve.npst mark::comma
solho i duin hafan hengkile he ,	nv::nv cm::gen nv::nv nv::nv verb::vv e::pst.ptcp mark::comma
muse de jeku i ku akū kai ,	pn::1pl.incl cm::dat nv::nv cm::gen nv::nv nv::adj ptcl mark::comma
○ juwan emu de ,	mark::circle nv::nv nv::nv cm::dat mark::comma
suwe aika gisun be donji habi o seme fonji ci ,	pn::2pl nv::nv nv::nv cm::acc verb::vv e::fve.prs.prf ptcl comp verb::vv e::cve mark::comma
fung_hūwang_ceng de isina fi tung_yuwan_pu i jugūn be tuci me ji ∅ ,	nn::prpn cm::dat verb::vv e::cve nn::prpn cm::gen nv::nv cm::acc verb::vv e::cve verb::vv e::fve.imperative mark::comma
ainu baica rakū ,	nv::nv verb::vv e::npst.ptcp.neg mark::comma
hai_si nanala_wei i du_jy_hūi_ciyanši taiju i jui bataga ,	nn::prpn nn::prpn cm::gen nv::nv nn::prpn.person cm::gen nv::nv nn::prpn.person mark::comma
jakdan ,	nv::nv mark::comma
fujiyang fakca hakū seme wesihun han de ala ∅ ,	nv::nv verb::vv e::pst.ptcp.neg comp nv::nv nv::nv cm::dat verb::vv e::fve.imperative mark::comma
orin dere dasa fi ,	nv::nv nv::nv verb::vv e::cve mark::comma
○ kalcunggi be ,	mark::circle nv::adj cm::acc mark::comma
silun i dahū juwe ,	nv::nv cm::gen nv::nv nv::nv mark::comma
fulgiyan jafu gūsin juwe ,	nv::nv nv::nv nv::nv nv::nv mark::comma
juwe inenggi amala tuta fi meni meni gene he amba_beile i cooha ,	nv::nv nv::nv nv::nv verb::vv e::cve nv::nv nv::nv verb::vv e::pst.ptcp nn::prpn cm::gen nv::nv mark::comma
tere cooha be bederebu he ,	nv::nv nv::nv cm::acc verb::vv e::pst.ptcp mark::comma
○ juwe biya i ice inenggi ,	mark::circle nv::nv nv::nv cm::gen nv::adj nv::nv mark::comma
jai amala ere aisin i weile de ,	nv::nv nv::nv nv::nv nv::nv cm::gen nv::nv cm::dat mark::comma
tere ilan ,	nv::nv nv::nv mark::comma
niohe dahū emke ,	nv::nv nv::nv nv::nv mark::comma
in i mujilen i encule me sala me bu he be donji fi ,	pn::3sg cm::gen nv::nv cm::gen verb::vv e::cve verb::vv e::cve verb::vv e::pst.ptcp cm::acc verb::vv e::cve mark::comma
morin ulebu re de ,	nv::nv verb::vv e::npst.ptcp cm::dat mark::comma
manggaju ,	nn::prpn.person mark::comma
muse i karun gida me gene he cooha i niyalma be aliya fi amasi ji ∅ seme takūra ha ,	nv::nv cm::gen nv::nv verb::vv e::cve verb::vv e::pst.ptcp nv::nv cm::gen nv::nv cm::acc verb::vv e::cve nv::nv verb::vv e::fve.imperative comp verb::vv e::pst.ptcp mark::comma
geren de hebe akū ume yabu re ,	nv::adj cm::dat nv::nv nv::adj nv::nv verb::vv e::npst.ptcp mark::comma
tuyengge ,	nn::prpn.person mark::comma
tere sinda ha han i ciyandzung gai fi yabu kini ,	nv::nv verb::vv e::pst.ptcp nv::nv cm::gen nv::nv verb::vv e::cve verb::vv e::fve.opt mark::comma
gulu menggun i folo ho toohan umiyesun emke ,	nv::adj nv::nv cm::gen verb::vv e::pst.ptcp nv::nv nv::nv nv::nv mark::comma
toktobu ha gurun be efule me gaji ci bi ehe ,	verb::vv e::pst.ptcp nv::nv cm::acc verb::vv e::cve verb::vv e::cve pn::1sg nv::adj mark::comma
dasu janggin ,	nv::nv nv::nv mark::comma
nikan gurun be han ,	nv::nv nv::nv cm::acc nv::nv mark::comma
gecuheri ,	nv::nv mark::comma
○ nikan i waliya ha fanaha_golo de ,	mark::circle nv::nv cm::gen verb::vv e::pst.ptcp nn::prpn cm::dat mark::comma
tergujen ,	nn::prpn.person mark::comma
senio ,	nn::prpn.person mark::comma
songko faita ∅ seme ,	nv::nv verb::vv e::fve.imperative comp mark::comma
jaciba ,	nn::prpn.person mark::comma
tere emu ,	nv::nv nv::nv mark::comma
genggiyen_han de acabu hakū ,	nn::prpn cm::dat verb::vv e::pst.ptcp.neg mark::comma
toilu ,	nn::prpn.person mark::comma
tongki fuka sinda ha hergen i dangse .	nv::nv nv::nv verb::vv e::pst.ptcp nv::nv cm::gen nv::nv mark::period
je ke muke be waliya fi ,	verb::vv e::pst.ptcp nv::nv cm::acc verb::vv e::cve mark::comma
morin gai ha seme ,	nv::nv verb::vv e::pst.ptcp comp mark::comma
dingsio ,	nn::prpn.person mark::comma
minggan cooha be tebu fi ji he ,	nv::nv nv::nv cm::acc verb::vv e::cve verb::vv e::pst.ptcp mark::comma
○ juwan jakūn de ,	mark::circle nv::nv nv::nv cm::dat mark::comma
fu_jeo i golo i irgen be ilga fi ambula wa ha .	nn::prpn cm::gen nv::nv cm::gen nv::nv cm::acc verb::vv e::cve nv::nv verb::vv e::pst.ptcp mark::period
niyalma i jeku be jete rakū ,	nv::nv cm::gen nv::nv cm::acc verb::vv e::npst.ptcp.neg mark::comma
tuttu tondo i fafula rakū ehe miosihon jurgan i yabu ci ,	nv::nv nv::adj cm::gen verb::vv e::npst.ptcp.neg nv::adj nv::adj nv::nv cm::gen verb::vv e::cve mark::comma
○ beile se hendu me ,	mark::circle nv::nv nv::nv verb::vv e::cve mark::comma
guwangning de te he cooha be hala me gene he .	nn::prpn.plc cm::dat verb::vv e::pst.ptcp nv::nv cm::acc verb::vv e::cve verb::vv e::pst.ptcp mark::period
○ omšon biya i ice juwe de ,	mark::circle nv::nv nv::nv cm::gen nv::adj nv::nv cm::dat mark::comma
geren gemu baha ci gese ,	nv::adj nv::nv verb::vv e::cve nv::nv mark::comma
in i gašan i niyalma gercile me ušan beiguwan de alana habi ,	pn::3sg cm::gen nv::nv cm::gen nv::nv verb::vv e::cve nn::prpn.person nv::nv cm::dat verb::vv e::fve.prs.prf mark::comma
sonjo ho sain sunja minggan cooha be gai fi julesi unggi he ,	verb::vv e::pst.ptcp nv::adj nv::nv nv::nv nv::nv cm::acc verb::vv e::cve nv::nv verb::vv e::pst.ptcp mark::comma
niyaman o mbime sirkede fi aina mbi .	nv::nv verb::vv e::cve verb::vv e::cve verb::vv e::fve.npst mark::period
fujiyang ši_guwe_ju de ucara fi benji he ,	nv::nv nn::prpn cm::dat verb::vv e::cve verb::vv e::pst.ptcp mark::comma
jakūta de emu feye baha ha seme sunja yan i weile waliya mbi ,	nv::nv cm::dat nv::nv nv::nv verb::vv e::pst.ptcp comp nv::nv nv::nv cm::gen nv::nv verb::vv e::fve.npst mark::comma
orin yan i weile ara fi ,	nv::nv nv::nv cm::gen nv::nv verb::vv e::cve mark::comma
○ orin sunja de ,	mark::circle nv::nv nv::nv cm::dat mark::comma
lung_king ni ilaci aniya duin biya i orin sunja de baha ha ,	nn::prpn cm::gen nv::nv nv::nv nv::nv nv::nv cm::gen nv::nv nv::nv cm::dat verb::vv e::pst.ptcp mark::comma
wan_lii i juwan emuci aniya omšon biya i juwan nadan de baha ha ,	nn::prpn cm::gen nv::nv nv::nv nv::nv nv::nv nv::nv cm::gen nv::nv nv::nv cm::dat verb::vv e::pst.ptcp mark::comma
daha ha juwan gucu de ulhun sinda ha hubtu juwan ,	verb::vv e::pst.ptcp nv::nv nv::nv cm::dat nv::nv verb::vv e::pst.ptcp nv::nv nv::nv mark::comma
min i kadala ra emu niru i cooha be iogi tsanjiyang ci fakca rakū ,	pn::1sg cm::gen verb::vv e::npst.ptcp nv::nv nv::nv cm::gen nv::nv cm::acc nv::nv nv::nv cm::abl verb::vv e::npst.ptcp.neg mark::comma
○ juwan ninggun de ,	mark::circle nv::nv nv::nv cm::dat mark::comma
liyoodung ni ba i hafasa ,	nn::prpn.plc cm::gen nv::nv cm::gen nv::nv mark::comma
gemu baduri be gisun tondo ,	nv::nv nn::prpn.person cm::acc nv::nv nv::adj mark::comma
amca me ji he dain i niyalma amca fi gama rahū seme hendu he bi he kai ,	verb::vv e::cve verb::vv e::pst.ptcp nv::nv cm::gen nv::nv verb::vv e::cve verb::vv e::fve.prv comp verb::vv e::pst.ptcp verb::vv e::pst.ptcp ptcl mark::comma
○ ice jakūn de bonio erin de ,	mark::circle nv::adj nv::nv cm::dat nv::nv nv::nv cm::dat mark::comma
ehe kiyangdu be tucibu me alanji re o ci ,	nv::adj nv::adj cm::acc verb::vv e::cve verb::vv e::npst.ptcp verb::vv e::cve mark::comma
ehe_holo i teisu bira de amca fi wa ha ,	nn::prpn cm::gen nv::nv nv::nv cm::dat verb::vv e::cve verb::vv e::pst.ptcp mark::comma
emu jergi buce re weile be guwebu mbi .	nv::nv nv::nv verb::vv e::npst.ptcp nv::nv cm::acc verb::vv e::fve.npst mark::period
tere elcin i gisun be ineku ui_jaisang ,	nv::nv nv::nv cm::gen nv::nv cm::acc nv::nv nn::prpn mark::comma
etuku hūwaja fi dere nionggaja fi habša ra niyalma be ume uru se re ,	nv::nv verb::vv e::cve nv::nv verb::vv e::cve verb::vv e::npst.ptcp nv::nv cm::acc nv::nv nv::nv verb::vv e::npst.ptcp mark::comma
tese gemu arki nure ,	nv::nv nv::nv nv::nv nv::nv mark::comma
beye nimeku baha fi elekei buce he ,	nv::nv nv::nv verb::vv e::cve nv::nv verb::vv e::pst.ptcp mark::comma
eidu_baturu ,	nn::prpn mark::comma
iogi de juwe minggan haha kadalabu mbi ,	nv::nv cm::dat nv::nv nv::nv nv::nv verb::vv e::fve.npst mark::comma
gai ha niyalma de weile ,	verb::vv e::pst.ptcp nv::nv cm::dat nv::nv mark::comma
suwen de gung kai .	pn::2pl cm::dat nv::nv ptcl mark::period
min i juse omosi jalan hala me han de gosibu me wesihun banji kini .	pn::1sg cm::gen nv::nv nv::nv nv::nv verb::vv e::cve nv::nv cm::dat verb::vv e::cve nv::nv verb::vv e::fve.opt mark::period
han i pai be gai fi ,	nv::nv cm::gen nv::nv cm::acc verb::vv e::cve mark::comma
amba jui in be gama hakū boo de tebu he manggi ,	nv::adj nv::nv pn::3sg cm::acc verb::vv e::pst.ptcp.neg nv::nv cm::dat verb::vv e::pst.ptcp nv::nv mark::comma
gebule hekū ba de yaka gene rahū ,	verb::vv e::pst.ptcp.neg nv::nv cm::dat nv::nv verb::vv e::fve.prv mark::comma
jalan de emu ejen gai fi tuwakiyana ∅ ,	nv::nv cm::dat nv::nv nv::nv verb::vv e::cve verb::vv e::fve.imperative mark::comma
suje i etuku emu minggan juwe tanggū nadanju juwe ,	nv::nv cm::gen nv::nv nv::nv nv::nv nv::nv nv::nv nv::nv nv::nv mark::comma
ilaci jergi iogi obu ha ,	nv::nv nv::nv nv::nv verb::vv e::pst.ptcp mark::comma
yuyu me buce re ngge ambula ,	verb::vv e::cve verb::vv e::npst.ptcp nmlz::nmlz nv::nv mark::comma
enggeder_efu i ahūn deo sunja tanggū boo ji hebi ,	nn::prpn cm::gen nv::nv nv::nv nv::nv nv::nv nv::nv verb::vv e::fve.prs.prf mark::comma
sin i gurun i gese dehi tumen geren akū ,	pn::2sg cm::gen nv::nv cm::gen nv::nv nv::nv nv::nv nv::adj nv::adj mark::comma
morin ,	nv::nv mark::comma
kele ,	nn::prpn.person mark::comma
tuwa me gene he gene he niyalma ji fi amargi dere i duin gūsa i niyalma efule me nene hebi seme alanji ha ,	verb::vv e::cve verb::vv e::pst.ptcp verb::vv e::pst.ptcp nv::nv verb::vv e::cve nv::nv nv::nv cm::gen nv::nv nv::nv cm::gen nv::nv verb::vv e::cve verb::vv e::fve.prs.prf comp verb::vv e::pst.ptcp mark::comma
ninggun tanggū angga baha habi seme ,	nv::nv nv::nv nv::nv verb::vv e::fve.prs.prf comp mark::comma
abka geli o mbi o ,	nv::nv nv::nv verb::vv e::fve.npst ptcl mark::comma
si daha mbi se ci ebu ∅ ,	pn::2sg verb::vv e::fve.npst verb::vv e::cve verb::vv e::fve.imperative mark::comma
emte fulgiyan jafu bu he ,	nv::nv nv::nv nv::nv verb::vv e::pst.ptcp mark::comma
tere be jafa me lenggeri si ,	nv::nv cm::acc verb::vv e::cve nv::nv pn::2sg mark::comma
sokun_ho_wei i du_jy_hūi_tungjy dung ni jui jimbulu ,	nn::prpn cm::gen nv::nv nv::nv cm::gen nv::nv nn::prpn.person mark::comma
bi uttu tusa ara ha seme ara ∅ ,	pn::1sg nv::nv nv::nv verb::vv e::pst.ptcp comp verb::vv e::fve.imperative mark::comma
nadan yan i weile waliya mbi ,	nv::nv nv::nv cm::gen nv::nv verb::vv e::fve.npst mark::comma
sio_yan de bakta ra be tuwa me dosimbu ∅ ,	nn::prpn cm::dat verb::vv e::npst.ptcp cm::acc verb::vv e::cve verb::vv e::fve.imperative mark::comma
nene me julergi golo de cooha sabu habi ,	verb::vv e::cve nv::nv nv::nv cm::dat nv::nv verb::vv e::fve.prs.prf mark::comma
ere gemu suwen i sa ra weile kai ,	nv::nv nv::nv pn::2pl cm::gen verb::vv e::npst.ptcp nv::nv ptcl mark::comma
juwe honin ,	nv::nv nv::nv mark::comma
ilaci jergi iogi obu ha ,	nv::nv nv::nv nv::nv verb::vv e::pst.ptcp mark::comma
tuttu emu jergi medege bu me waji ha manggi ,	nv::nv nv::nv nv::nv nv::nv verb::vv e::cve verb::vv e::pst.ptcp nv::nv mark::comma
bata kimun seme gida rakū ,	nv::nv nv::nv comp verb::vv e::npst.ptcp.neg mark::comma
emu moro de šanggiyan giranggi be sinda fi ,	nv::nv nv::nv cm::dat nv::nv nv::nv cm::acc verb::vv e::cve mark::comma
hahana ,	nn::prpn.person mark::comma
modota ,	nn::prpn.person mark::comma
juse sargan be suwaliya me unggi ∅ ,	nv::nv nv::nv cm::acc verb::vv e::cve verb::vv e::fve.imperative mark::comma
muse i gurun be nene me bargiya ki ,	nv::nv cm::gen nv::nv cm::acc verb::vv e::cve verb::vv e::fve.opt mark::comma
suwen de cargi ci giyansi lakca rakū ji mbi ,	pn::2pl cm::dat nv::nv cm::abl nv::nv verb::vv e::npst.ptcp.neg verb::vv e::fve.npst mark::comma
ici ergi gala i amba_beile ,	nv::nv nv::nv nv::nv cm::gen nn::prpn mark::comma
arbuni ,	nn::prpn.person mark::comma
gene he cooha be morin sili fi jakūn ejen tucibu fi duin tanggū cooha be liyoha dalin i ergi de tuwakiya me tebu ∅ seme takūra ha .	verb::vv e::pst.ptcp nv::nv cm::acc nv::nv verb::vv e::cve nv::nv nv::nv verb::vv e::cve nv::nv nv::nv nv::nv cm::acc nn::prpn.plc nv::nv cm::gen nv::nv cm::dat verb::vv e::cve verb::vv e::fve.imperative comp verb::vv e::pst.ptcp mark::period
laba ,	nv::nv mark::comma
emu jergi buce re weile be guwebu mbi .	nv::nv nv::nv verb::vv e::npst.ptcp nv::nv cm::acc verb::vv e::fve.npst mark::period
wan_lii i orin nadaci aniya juwe biya i ice uyun de baha ha ,	nn::prpn cm::gen nv::nv nv::nv nv::nv nv::nv nv::nv cm::gen nv::adj nv::nv cm::dat verb::vv e::pst.ptcp mark::comma
anio beiguwan ,	nn::prpn.person nv::nv mark::comma
niyalma i beye tooda me gai ha .	nv::nv cm::gen nv::nv verb::vv e::cve verb::vv e::pst.ptcp mark::period
funde ibari i eshen boitohoi be beiguwan obu ha ,	nv::nv nn::prpn.person cm::gen nv::nv nn::prpn.person cm::acc nv::nv verb::vv e::pst.ptcp mark::comma
tanggū ulhūma ,	nv::nv nv::nv mark::comma
hehe niyalma be bi wa mbi o seme hendu re jaka de ,	nv::nv nv::nv cm::acc pn::1sg verb::vv e::fve.npst ptcl comp verb::vv e::npst.ptcp nv::nv cm::dat mark::comma
jaisai_beile i beye be tucibu fi unggi he seme hengkile me unggi he jui amasi gene he ,	nn::prpn cm::gen nv::nv cm::acc verb::vv e::cve verb::vv e::pst.ptcp comp verb::vv e::cve verb::vv e::pst.ptcp nv::nv nv::nv verb::vv e::pst.ptcp mark::comma
tsoo_ho i beiguwan ,	nn::prpn cm::gen nv::nv mark::comma
tuttu si ,	nv::nv pn::2sg mark::comma
ba be waliya fi bai me ji he gung de ,	nv::nv cm::acc verb::vv e::cve verb::vv e::cve verb::vv e::pst.ptcp nv::nv cm::dat mark::comma
hiong_ciyan ,	nn::prpn mark::comma
hecen i duka de suwayan tu tukiye he de ,	nv::nv cm::gen nv::nv cm::dat nv::adj nv::nv verb::vv e::pst.ptcp cm::dat mark::comma
jai orin funce me buya hafasa be gemu weihun jafa ha ,	nv::nv nv::nv verb::vv e::cve nv::adj nv::nv cm::acc nv::nv nv::adj verb::vv e::pst.ptcp mark::comma
han ama ehe sain seme hendu mbihe de ,	nv::nv nv::nv nv::adj nv::adj comp verb::vv e::fve.pst.ipfv cm::dat mark::comma
juwe kubun ,	nv::nv nv::nv mark::comma
gemu nikan i songko i obu ha .	nv::nv nv::nv cm::gen nv::nv cm::gen verb::vv e::pst.ptcp mark::period
juse sargan be in i cisu i banji mbi ,	nv::nv nv::nv cm::acc pn::3sg cm::gen nv::nv cm::gen verb::vv e::fve.npst mark::comma
fusi hejige i mudan de dedu he ,	nn::prpn.plc nn::prpn.plc cm::gen nv::nv cm::dat verb::vv e::pst.ptcp mark::comma
fujiyang de ilata bu he ,	nv::nv cm::dat nv::nv verb::vv e::pst.ptcp mark::comma
asukiyang_wei i buyanju i jui boojuken ,	nn::prpn cm::gen nn::prpn.person cm::gen nv::nv nn::prpn.person mark::comma
ning_yuwan_wei be gemu tuwa sinda fi gama habi seme ala ha ,	nn::prpn cm::acc nv::nv nv::nv verb::vv e::cve verb::vv e::fve.prs.prf comp verb::vv e::pst.ptcp mark::comma
ehe be ehe seme han de ala mbi ,	nv::adj cm::acc nv::adj comp nv::nv cm::dat verb::vv e::fve.npst mark::comma
fakca ha de ,	verb::vv e::pst.ptcp cm::dat mark::comma
○ korcin i ooba_hūwang_taiji de unggi he bithe i gisun ,	mark::circle nn::prpn.plc cm::gen nn::prpn cm::dat verb::vv e::pst.ptcp nv::nv cm::gen nv::nv mark::comma
jafa ha doro ,	verb::vv e::pst.ptcp nv::nv mark::comma
ba i ejen hafan ,	nv::nv cm::gen nv::nv nv::nv mark::comma
kalka i sunja tatan i geren beile se i elcin de unggi he bithe i gisun ,	nv::nv cm::gen nv::nv nv::nv cm::gen nv::adj nv::nv nv::nv cm::gen nv::nv cm::dat verb::vv e::pst.ptcp nv::nv cm::gen nv::nv mark::comma
erketu be tanggū šusiha šusihala fi oforo šan toko ho ,	nn::prpn.person cm::acc nv::nv nv::nv verb::vv e::cve nv::nv nv::nv verb::vv e::pst.ptcp mark::comma
ulha be gemu gai ha ,	nv::nv cm::acc nv::nv verb::vv e::pst.ptcp mark::comma
wan_lii i sunjaci aniya jorgon biya i ice sunja de baha ha .	nn::prpn cm::gen nv::nv nv::nv nv::nv nv::nv cm::gen nv::adj nv::nv cm::dat verb::vv e::pst.ptcp mark::period
liyoha bira i dogon i kiyoo be tuwa me ,	nn::prpn.plc nv::nv cm::gen nv::nv cm::gen nv::nv cm::acc verb::vv e::cve mark::comma
tuttu ehe be deribu fi ,	nv::nv nv::adj cm::acc verb::vv e::cve mark::comma
han i bithe ,	nv::nv cm::gen nv::nv mark::comma
jai emu ba de ili ha nikan cooha ,	nv::nv nv::nv nv::nv cm::dat verb::vv e::pst.ptcp nv::nv nv::nv mark::comma
genggiyen_han i bithe ,	nn::prpn cm::gen nv::nv mark::comma
dzu_dzung_bing_guwan i cooha juwe tumen ,	nn::prpn cm::gen nv::nv nv::nv nv::nv mark::comma
jase i tulergi ci dosimbu ha jeku akū nikan de ,	nv::nv cm::gen nv::nv cm::abl verb::vv e::pst.ptcp nv::nv nv::adj nv::nv cm::dat mark::comma
geren beile se amban sa sere fi gemu wakala me han de ala ci ,	nv::adj nv::nv nv::nv nv::nv nv::nv verb::vv e::cve nv::nv verb::vv e::cve nv::nv cm::dat verb::vv e::cve mark::comma
u_lii_wei i du_jy_hūi_ši ungnahū i omolo dayangga ,	nn::prpn cm::gen nv::nv nn::prpn.person cm::gen nv::nv nn::prpn.plc mark::comma
loho gida ,	nv::nv nv::nv mark::comma
gicuke waka o ,	nv::adj nv::nv ptcl mark::comma
nikan i boo de gene he de amba weile ara mbi ,	nv::nv cm::gen nv::nv cm::dat verb::vv e::pst.ptcp cm::dat nv::adj nv::nv verb::vv e::fve.npst mark::comma
laba ,	nv::nv mark::comma
uyute yan i weile waliya mbi ,	nv::nv nv::nv cm::gen nv::nv verb::vv e::fve.npst mark::comma
in i cisu i wasi kini ,	pn::3sg cm::gen nv::nv cm::gen verb::vv e::fve.opt mark::comma
han i tacibu ha gisun be eje fi ,	nv::nv cm::gen verb::vv e::pst.ptcp nv::nv cm::acc verb::vv e::cve mark::comma
hashū ergi duin gūsa i cooha amasi gida fi bošo me ,	nv::nv nv::nv nv::nv nv::nv cm::gen nv::nv nv::nv verb::vv e::cve verb::vv e::cve mark::comma
jeku be tuwa sinda ra be naka ra bi he o seme hengkile me bai ha manggi ,	nv::nv cm::acc nv::nv verb::vv e::npst.ptcp cm::acc verb::vv e::npst.ptcp verb::vv e::pst.ptcp ptcl comp verb::vv e::cve verb::vv e::pst.ptcp nv::nv mark::comma
afabu ha weile be mute mbi ,	verb::vv e::pst.ptcp nv::nv cm::acc verb::vv e::fve.npst mark::comma
han i helme me ilibu ha cooha ,	nv::nv cm::gen verb::vv e::cve verb::vv e::pst.ptcp nv::nv mark::comma
ere ilan niyalma juwan juwe ci jergi ,	nv::nv nv::nv nv::nv nv::nv verb::vv e::cve nv::nv mark::comma
dalingho_wei i du_jy_hūi_ciyanši cure i jui sat ,	nn::prpn cm::gen nv::nv nn::prpn.person cm::gen nv::nv nn::prpn.person mark::comma
han i pai be gai fi ,	nv::nv cm::gen nv::nv cm::acc verb::vv e::cve mark::comma
hahasi kemuni usin weile kini .	nv::nv nv::nv nv::nv verb::vv e::fve.opt mark::period
darhan_hiya ,	nn::prpn mark::comma
keyen i ba be gai fi ,	nn::prpn.plc cm::gen nv::nv cm::acc verb::vv e::cve mark::comma
ninggun biya i juwan juwe de isinji mbi seme ,	nv::nv nv::nv cm::gen nv::nv nv::nv cm::dat verb::vv e::fve.npst comp mark::comma
ihan ,	nv::nv mark::comma
bileri emu juru ,	nv::nv nv::nv nv::nv mark::comma
tondo mujilen jafa fi banji ci ,	nv::adj nv::nv verb::vv e::cve verb::vv e::cve mark::comma
jang_i_jan pu i ebergi bigan de dedu he ,	nn::prpn nv::nv cm::gen nv::nv nv::nv cm::dat verb::vv e::pst.ptcp mark::comma
nadan biya de ,	nv::nv nv::nv cm::dat mark::comma
folo ho enggemu hadala emte ,	verb::vv e::pst.ptcp nv::nv nv::nv nv::nv mark::comma
cahar wa ha seme tašara me donji fi ,	nn::prpn.plc verb::vv e::pst.ptcp comp verb::vv e::cve verb::vv e::cve mark::comma
tuntai ,	nn::prpn.person mark::comma
beiguwan i hergen be nakabu fi ,	nv::nv cm::gen nv::nv cm::acc verb::vv e::cve mark::comma
sindarala ha seme tofohon yan i weile gai ha .	verb::vv e::pst.ptcp comp nv::nv nv::nv cm::gen nv::nv verb::vv e::pst.ptcp mark::period
silun juwan ninggun ,	nv::nv nv::nv nv::nv mark::comma
yecen ,	nn::prpn.person mark::comma
jeku akū niyalma be bata kimun seme gūni cina ,	nv::nv nv::adj nv::nv cm::acc nv::nv nv::nv comp verb::vv e::fve.opt mark::comma
kadala ∅ seme tušabu ha niyalma ainu kimci me baica me kadala rakū ,	verb::vv e::fve.imperative comp verb::vv e::pst.ptcp nv::nv nv::nv verb::vv e::cve verb::vv e::cve verb::vv e::npst.ptcp.neg mark::comma
tere majige ulin be si ainu gai mbi ,	nv::nv nv::adj nv::nv cm::acc pn::2sg nv::nv verb::vv e::fve.npst mark::comma
bi ala ha ayoo ,	pn::1sg verb::vv e::pst.ptcp nv::nv mark::comma
ere ilan niyalma jai jergi ,	nv::nv nv::nv nv::nv nv::nv nv::nv mark::comma
darhan fujiyang ,	nn::prpn.person nv::nv mark::comma
nikan waliya fi uka me gene hebi ,	nv::nv verb::vv e::cve verb::vv e::cve verb::vv e::fve.prs.prf mark::comma
○ sihan_fiyanggū be ,	mark::circle nn::prpn cm::acc mark::comma
suwen de encu ba de sain sabu ha niyalma be ,	pn::2pl cm::dat nv::nv nv::nv cm::dat nv::adj verb::vv e::pst.ptcp nv::nv cm::acc mark::comma
dule ke aniya yargiyan medege donji fi elcin takūra ki seme bi tele ,	verb::vv e::pst.ptcp nv::nv nv::adj nv::nv verb::vv e::cve nv::nv verb::vv e::fve.opt comp verb::vv e::cve mark::comma
emu beile se ,	nv::nv nv::nv nv::nv mark::comma
uhereme jakūn minggan haha de ,	nv::nv nv::nv nv::nv nv::nv cm::dat mark::comma
sumbur_alin be aisin i buya alin sa šurde he gese ,	nn::prpn cm::acc nv::nv cm::gen nv::adj nv::nv nv::nv verb::vv e::pst.ptcp nv::nv mark::comma
šangna ha jaka ,	verb::vv e::pst.ptcp nv::nv mark::comma
munggan ,	nv::nv mark::comma
inenggi yabu re de wabu ha o ,	nv::nv verb::vv e::npst.ptcp cm::dat verb::vv e::pst.ptcp ptcl mark::comma
jaka_hiya ,	nn::prpn mark::comma
○ jaisai_beile be jooli me ,	mark::circle nn::prpn cm::acc verb::vv e::cve mark::comma
monggo i jaisai_beile i cooha ,	nv::nv cm::gen nn::prpn cm::gen nv::nv mark::comma
doro i jurgan de aisila ci ojo ro niyalma bi ci ,	nv::nv cm::gen nv::nv cm::dat verb::vv e::cve verb::vv e::npst.ptcp nv::nv verb::vv e::cve mark::comma
lama i sahalca sa banji ha ba ,	nv::nv cm::gen nv::nv nv::nv verb::vv e::pst.ptcp nv::nv mark::comma
mahala ,	nv::nv mark::comma
giya_jing ni dehi duici aniya nadan biya i orin sunja de baha ha ,	nn::prpn cm::gen nv::nv nv::nv nv::nv nv::nv nv::nv cm::gen nv::nv nv::nv cm::dat verb::vv e::pst.ptcp mark::comma
jeku be gemu tuwa sinda me manabu ha ,	nv::nv cm::acc nv::nv nv::nv verb::vv e::cve verb::vv e::pst.ptcp mark::comma
juhe jafa ra orho olho ro onggolo hafira ki se mbi se re ,	nv::nv verb::vv e::npst.ptcp nv::nv verb::vv e::npst.ptcp nv::nv verb::vv e::fve.opt verb::vv e::fve.npst verb::vv e::npst.ptcp mark::comma
○ enggeder_efu ,	mark::circle nn::prpn mark::comma
abtai_nakcu ,	nn::prpn mark::comma
adun_age ,	nn::prpn mark::comma
han erdemu be ufara fi ,	nv::nv nv::nv cm::acc verb::vv e::cve mark::comma
jai inenggi ,	nv::nv nv::nv mark::comma
dolo encu gūni re ,	nv::nv nv::nv verb::vv e::npst.ptcp mark::comma
langse bi tondo i kice me akūmbu ki ,	nv::adj pn::1sg nv::adj cm::gen verb::vv e::cve verb::vv e::fve.opt mark::comma
sargan juse suwe han i elden de ekisaka banji cina ,	nv::nv nv::nv pn::2pl nv::nv cm::gen nv::nv cm::dat nv::adj verb::vv e::fve.opt mark::comma
in i eshen yungji gebungge wang be unggi he se re ,	pn::3sg cm::gen nv::nv nn::prpn.person nv::adj nv::nv cm::acc verb::vv e::pst.ptcp verb::vv e::npst.ptcp mark::comma
tondo be beide ki ,	nv::adj cm::acc verb::vv e::fve.opt mark::comma
du_tang hendu me ,	nv::nv verb::vv e::cve mark::comma
tofohoci jergi .	nv::nv nv::nv mark::period
yafahan i jakūn niyalma be wa habi ,	nv::adj cm::gen nv::nv nv::nv cm::acc verb::vv e::fve.prs.prf mark::comma
emu tanggū juwe tanggū cooha o ci ,	nv::nv nv::nv nv::nv nv::nv nv::nv verb::vv e::cve mark::comma
ekisaka tondo i banji re niyalma be ,	nv::adj nv::adj cm::gen verb::vv e::npst.ptcp nv::nv cm::acc mark::comma
juwan ilaci jergi ,	nv::nv nv::nv nv::nv mark::comma
emu jui ,	nv::nv nv::nv mark::comma
iduri ,	nn::prpn.person mark::comma
ilaci jergi tsanjiyang obu ha ,	nv::nv nv::nv nv::nv verb::vv e::pst.ptcp mark::comma
sin i cooha be geren seme ,	pn::2sg cm::gen nv::nv cm::acc nv::adj comp mark::comma
jurgan jurgan i meni meni dosi re teisu jakūn jurgan i fakca fi gene he ,	nv::nv nv::nv cm::gen nv::nv nv::nv verb::vv e::npst.ptcp nv::nv nv::nv nv::nv cm::gen verb::vv e::cve verb::vv e::pst.ptcp mark::comma
aika baita de gene ci ,	nv::nv nv::nv cm::dat verb::vv e::cve mark::comma
uka me ji he niyalma ,	verb::vv e::cve verb::vv e::pst.ptcp nv::nv mark::comma
muduri erin de wan kalka faida fi afa fi ,	nv::nv nv::nv cm::dat nv::nv nv::nv verb::vv e::cve verb::vv e::cve mark::comma
ere elcin be taka ume unggi re ,	nv::nv nv::nv cm::acc nv::nv nv::nv verb::vv e::npst.ptcp mark::comma
han i afabu ha weile be jurce rakū ,	nv::nv cm::gen verb::vv e::pst.ptcp nv::nv cm::acc verb::vv e::npst.ptcp.neg mark::comma
doholon yada ra jobo ro niyalma i yabu me jobo ro ,	nv::nv verb::vv e::npst.ptcp verb::vv e::npst.ptcp nv::nv cm::gen verb::vv e::cve verb::vv e::npst.ptcp mark::comma
suwen i tulergi gašan i ujungga niyalma be wa ra ngge ere inu ,	pn::2pl cm::gen nv::nv nv::nv cm::gen nv::adj nv::nv cm::acc verb::vv e::npst.ptcp nmlz::nmlz nv::nv nv::nv mark::comma
enggici o ho de šada mbi ba mbi seme bulca rakū ,	nv::nv verb::vv e::pst.ptcp cm::dat verb::vv e::fve.npst verb::vv e::fve.npst comp verb::vv e::npst.ptcp.neg mark::comma
uheri sunja jergi ukanju be amca fi wa ha seme habša ra jaka de ,	nv::nv nv::nv nv::nv nv::nv cm::acc verb::vv e::cve verb::vv e::pst.ptcp comp verb::vv e::npst.ptcp nv::nv cm::dat mark::comma
gurun i baitangga jaka be tucibu he seme šeobei hergen bu he ,	nv::nv cm::gen nv::adj nv::nv cm::acc verb::vv e::pst.ptcp comp nv::nv nv::nv verb::vv e::pst.ptcp mark::comma
jeku jakūn tanggū gūsin hule ,	nv::nv nv::nv nv::nv nv::nv nv::nv mark::comma
aika jaka be gemu amasi bederebu me bu he .	nv::nv nv::nv cm::acc nv::nv nv::nv verb::vv e::cve verb::vv e::pst.ptcp mark::period
○ orin ninggun de ,	mark::circle nv::nv nv::nv cm::dat mark::comma
nikan i du_tang ni gisun de dosi fi cooha da ha ,	nv::nv cm::gen nv::nv cm::gen nv::nv cm::dat verb::vv e::cve nv::nv verb::vv e::pst.ptcp mark::comma
uluri_meifen ci casi ,	nn::prpn cm::abl nv::nv mark::comma
gung ,	nv::nv mark::comma
hada i gurun be daila me efule fi gai ha ,	nn::prpn.plc cm::gen nv::nv cm::acc verb::vv e::cve verb::vv e::cve verb::vv e::pst.ptcp mark::comma
aniya ambula goida kini ,	nv::nv nv::nv verb::vv e::fve.opt mark::comma
jakūn yan i weile waliya mbi ,	nv::nv nv::nv cm::gen nv::nv verb::vv e::fve.npst mark::comma
beiguwan hūri ,	nv::nv nv::nv mark::comma
jai uji he ama sure_kundulen_han i yabu fi ulha jafan bu he yehe i bujai_beile i jui be ,	nv::nv verb::vv e::pst.ptcp nv::nv nn::prpn cm::gen verb::vv e::cve nv::nv nv::nv verb::vv e::pst.ptcp nv::nv cm::gen nn::prpn cm::gen nv::nv cm::acc mark::comma
jeku be acan je ke ,	nv::nv cm::acc nv::nv verb::vv e::pst.ptcp mark::comma
i gūwa de bu ci ,	pn::3sg nv::nv cm::dat verb::vv e::cve mark::comma
○ ice ninggun de ,	mark::circle nv::adj nv::nv cm::dat mark::comma
budang ,	nn::prpn.person mark::comma
hūla me bu re šang ni dabala ,	verb::vv e::cve verb::vv e::npst.ptcp nv::nv cm::gen ptcl mark::comma
ilan tanggū susai haha be ilan aniya alban de dabu rakū .	nv::nv nv::nv nv::nv nv::nv cm::acc nv::nv nv::nv nv::nv cm::dat verb::vv e::npst.ptcp.neg mark::period
geli emu sargan de ,	nv::nv nv::nv nv::nv cm::dat mark::comma
sure_kundulen_han hendu me ,	nn::prpn verb::vv e::cve mark::comma
○ dungsan beiguwan .	mark::circle nn::prpn.person nv::nv mark::period
abka i tere siren de hengkile he ,	nv::nv cm::gen nv::nv nv::nv cm::dat verb::vv e::pst.ptcp mark::comma
te nikan han dain deribu he waka seme ali me gai me aca ki seme ,	nv::nv nv::nv nv::nv nv::nv verb::vv e::pst.ptcp nv::adj comp verb::vv e::cve verb::vv e::cve verb::vv e::fve.opt comp mark::comma
ere i amala bi geli baica ra ,	nv::nv cm::gen nv::nv pn::1sg nv::nv verb::vv e::npst.ptcp mark::comma
○ cingšan be ,	mark::circle nn::prpn.person cm::acc mark::comma
hūlha holo koimali jalingga ehe kiyangdu mujilen i banji rakū ,	nv::nv nv::nv nv::adj nv::adj nv::adj nv::adj nv::nv cm::gen verb::vv e::npst.ptcp.neg mark::comma
sain be sain ,	nv::adj cm::acc nv::adj mark::comma
○ juwan de ,	mark::circle nv::nv cm::dat mark::comma
abka i ciha .	nv::nv cm::gen nv::nv mark::period
jori ha jurgan be jurce rakū seme beiguwan obu ha ,	verb::vv e::pst.ptcp nv::nv cm::acc verb::vv e::npst.ptcp.neg comp nv::nv verb::vv e::pst.ptcp mark::comma
monggo bisi re medege donji fi waliya fi ji he ngge ,	nv::nv verb::vv e::npst.ptcp nv::nv verb::vv e::cve verb::vv e::cve verb::vv e::pst.ptcp nmlz::nmlz mark::comma
yangguri de emte niru i jušen bu he ,	nn::prpn.person cm::dat nv::nv nv::nv cm::gen nv::nv verb::vv e::pst.ptcp mark::comma
darda ,	nn::prpn.person mark::comma
gai hakū seme dolo ehe ume gūni re ,	verb::vv e::pst.ptcp.neg comp nv::nv nv::adj nv::nv verb::vv e::npst.ptcp mark::comma
jori ha jurgan be jurce rakū seme ,	verb::vv e::pst.ptcp nv::nv cm::acc verb::vv e::npst.ptcp.neg comp mark::comma
unege min i bithe .	nn::prpn.person pn::1sg cm::gen nv::nv mark::period
○ ineku tere inenggi ,	mark::circle nv::nv nv::nv nv::nv mark::comma
uba de te he niyalma i gebu be ,	nv::nv cm::dat verb::vv e::pst.ptcp nv::nv cm::gen nv::nv cm::acc mark::comma
ulin aci fi gaji ha .	nv::nv verb::vv e::cve verb::vv e::pst.ptcp mark::period
julge ci ebsi ,	nv::nv cm::abl nv::nv mark::comma
juwe biya i orin nadan de wasimbu ha ,	nv::nv nv::nv cm::gen nv::nv nv::nv cm::dat verb::vv e::pst.ptcp mark::comma
jori ha jurgan be jurce rakū seme ,	verb::vv e::pst.ptcp nv::nv cm::acc verb::vv e::npst.ptcp.neg comp mark::comma
sunja ihan gaji me uka me ji he .	nv::nv nv::nv verb::vv e::cve verb::vv e::cve verb::vv e::pst.ptcp mark::period
jaisa_monggo de nadanju yan menggun bu he ,	nn::prpn cm::dat nv::nv nv::nv nv::nv verb::vv e::pst.ptcp mark::comma
gubci gurun de gemu uhereme ejen dere ,	nv::adj nv::nv cm::dat nv::nv nv::nv nv::nv ptcl mark::comma
manggūltai_beile be ,	nn::prpn cm::acc mark::comma
orin emu i dobori duli fi ,	nv::nv nv::nv cm::gen nv::nv verb::vv e::cve mark::comma
nikan suwe akū be angga ara me ume holto ro ,	nv::nv pn::2pl nv::adj cm::acc nv::nv verb::vv e::cve nv::nv verb::vv e::npst.ptcp mark::comma
faksi de juwete niyalma ,	nv::nv cm::dat nv::nv nv::nv mark::comma
kundulen_genggiyen_han ,	nn::prpn mark::comma
han i jase i orho be bila hakū ,	nv::nv cm::gen nv::nv cm::gen nv::nv cm::acc verb::vv e::pst.ptcp.neg mark::comma
emu biya de juwe jergi tuci fi soorin de te ,	nv::nv nv::nv cm::dat nv::nv nv::nv verb::vv e::cve nv::nv cm::dat nv::nv mark::comma
sarhū de ainu bene ki se mbi ,	nv::nv cm::dat nv::nv verb::vv e::fve.opt verb::vv e::fve.npst mark::comma
narimbolu de da fi ,	nn::prpn.person cm::dat verb::vv e::cve mark::comma
dai_beiguwan ,	nn::prpn mark::comma
enggeder_efu de unggi he bithe ,	nn::prpn cm::dat verb::vv e::pst.ptcp nv::nv mark::comma
tere be suwe sa hakū ūn .	nv::nv cm::acc pn::2pl verb::vv e::pst.ptcp.neg ptcl mark::period
○ turusi_baksi de ,	mark::circle nn::prpn cm::dat mark::comma
cooha hecen de wan sinda fi afa me ,	nv::nv nv::nv cm::dat nv::nv verb::vv e::cve verb::vv e::cve mark::comma
hūlha holo koimali jalingga akū tondo i banji ki .	nv::nv nv::nv nv::adj nv::adj nv::adj nv::adj cm::gen verb::vv e::fve.opt mark::period
sahasikū ,	nn::prpn.person mark::comma
keyen i hecen de ,	nn::prpn.plc cm::gen nv::nv cm::dat mark::comma
sain de sain karu ,	nv::adj cm::dat nv::adj nv::nv mark::comma
unggi he gisun ,	verb::vv e::pst.ptcp nv::nv mark::comma
usin tari ∅ ,	nv::nv verb::vv e::fve.imperative mark::comma
tumen olji baha fi gaji ha .	nv::nv nv::nv verb::vv e::cve verb::vv e::pst.ptcp mark::period
fe umbu ha eye i jeku be wacihiya me juwe he ,	nv::adj verb::vv e::pst.ptcp nv::nv cm::gen nv::nv cm::acc verb::vv e::cve verb::vv e::pst.ptcp mark::comma
jakūta de emu feye ,	nv::nv cm::dat nv::nv nv::nv mark::comma
emu beiguwan de emte tokso bu he ,	nv::nv nv::nv cm::dat nv::nv nv::nv verb::vv e::pst.ptcp mark::comma
uju jergi tsanjiyang de juwete bu he ,	nv::nv nv::nv nv::nv cm::dat nv::nv verb::vv e::pst.ptcp mark::comma
sejen i fara be fu de sinda fi ,	nv::nv cm::gen nv::nv cm::acc nv::nv cm::dat verb::vv e::cve mark::comma
ehe be deribu fi doro mute mbi o ,	nv::adj cm::acc verb::vv e::cve nv::nv verb::vv e::fve.npst ptcl mark::comma
beile se amban sa be isabu fi hendu me ,	nv::nv nv::nv nv::nv nv::nv cm::acc verb::vv e::cve verb::vv e::cve mark::comma
tere i adali karun i niyalma amga ra ,	nv::nv cm::gen nv::adj nv::nv cm::gen nv::nv verb::vv e::npst.ptcp mark::comma
han i tacibu ha tondo fafun be jurce rakū banji ci ,	nv::nv cm::gen verb::vv e::pst.ptcp nv::adj nv::nv cm::acc verb::vv e::npst.ptcp.neg verb::vv e::cve mark::comma
uttu gurun gucu be gese salibu ha ahūn be waliya fi ,	nv::nv nv::nv nv::nv cm::acc nv::nv verb::vv e::pst.ptcp nv::nv cm::acc verb::vv e::cve mark::comma
jakūn beile i tokso boo de kamci ha nikan be ,	nv::nv nv::nv cm::gen nv::nv nv::nv cm::dat verb::vv e::pst.ptcp nv::nv cm::acc mark::comma
han ,	nv::nv mark::comma
min i uksun i sargan jui totari sargan be ,	pn::1sg cm::gen nv::nv cm::gen nv::nv nv::nv nn::prpn.person nv::nv cm::acc mark::comma
jori ha jurgan be jurce rakū seme beiguwan obu ha .	verb::vv e::pst.ptcp nv::nv cm::acc verb::vv e::npst.ptcp.neg comp nv::nv verb::vv e::pst.ptcp mark::period
han be bai me ji ki seme ji fi ,	nv::nv cm::acc verb::vv e::cve verb::vv e::fve.opt comp verb::vv e::cve mark::comma
juwan de wasimbu ha ,	nv::nv cm::dat verb::vv e::pst.ptcp mark::comma
ere bai me ji he gung de ,	nv::nv verb::vv e::cve verb::vv e::pst.ptcp nv::nv cm::dat mark::comma
tonggo baha ci faita me ,	nv::nv verb::vv e::cve verb::vv e::cve mark::comma
ninggun hehe ,	nv::nv nv::nv mark::comma
deote de ambula bu he de ,	nv::nv cm::dat nv::nv verb::vv e::pst.ptcp cm::dat mark::comma
emu losa gaibu habi ,	nv::nv nv::nv verb::vv e::fve.prs.prf mark::comma
nikan ci wesihun šun dekde re baru mederi dalin de isi tala ,	nv::nv cm::abl nv::nv nv::nv verb::vv e::npst.ptcp nv::nv nv::nv nv::nv cm::dat verb::vv e::cve mark::comma
tuttu o ci ,	nv::nv verb::vv e::cve mark::comma
tere ilan niyalma be gemu jafa fi liyoodung de unggi ∅ ,	nv::nv nv::nv nv::nv cm::acc nv::nv verb::vv e::cve nn::prpn.plc cm::dat verb::vv e::fve.imperative mark::comma
liyoha i bajargi dalin be bitu me ,	nn::prpn.plc cm::gen nv::nv nv::nv cm::acc verb::vv e::cve mark::comma
weri ulin be baha ki ,	nv::nv nv::nv cm::acc verb::vv e::fve.opt mark::comma
juwe honin ,	nv::nv nv::nv mark::comma
emu gecuheri ,	nv::nv nv::nv mark::comma
elcin be wa mbihe ,	nv::nv cm::acc verb::vv e::fve.pst.ipfv mark::comma
○ solho i elcin ji he sunja niyalma be jafa ha ngge ,	mark::circle nv::nv cm::gen nv::nv verb::vv e::pst.ptcp nv::nv nv::nv cm::acc verb::vv e::pst.ptcp nmlz::nmlz mark::comma
jai geli dahabu me gama ha juwe sargan jui be ,	nv::nv nv::nv verb::vv e::cve verb::vv e::pst.ptcp nv::nv nv::nv nv::nv cm::acc mark::comma
jori ha jurgan be jurce rakū seme ,	verb::vv e::pst.ptcp nv::nv cm::acc verb::vv e::npst.ptcp.neg comp mark::comma
tuttu guribu me gama rakū ci ,	nv::nv verb::vv e::cve verb::vv e::npst.ptcp.neg e::cve mark::comma
monggo i minggan_beile in i gaji ha juwan temen ,	nv::nv cm::gen nn::prpn pn::3sg cm::gen verb::vv e::pst.ptcp nv::nv nv::nv mark::comma
eniye ,	nv::nv mark::comma
fe_ala ,	nn::prpn mark::comma
○ cohoro niru i emu niyalma ,	mark::circle nn::prpn.person nv::nv cm::gen nv::nv nv::nv mark::comma
gama ha jeku be je me waji ha bi ci ,	verb::vv e::pst.ptcp nv::nv cm::acc verb::vv e::cve verb::vv e::pst.ptcp verb::vv e::cve mark::comma
geli ilhi niyalma de ilata juru aha ,	nv::nv nv::nv nv::nv cm::dat nv::nv nv::nv nv::nv mark::comma
tuttu gashū fi ,	nv::nv verb::vv e::cve mark::comma
nikan ciyandzung gai kini ,	nv::nv nv::nv verb::vv e::fve.opt mark::comma
lio_fujiyang si ,	nn::prpn pn::2sg mark::comma
suwen i fejile šabi dosimbu ha juse be ,	pn::2pl cm::gen nv::nv nv::nv verb::vv e::pst.ptcp nv::nv cm::acc mark::comma
osika muke monji fi nimaha ergen gaija ra ba be baha rakū ,	nv::nv nv::nv verb::vv e::cve nv::nv nv::nv verb::vv e::npst.ptcp nv::nv cm::acc verb::vv e::npst.ptcp.neg mark::comma
juwan duici jergi ,	nv::nv nv::nv nv::nv mark::comma
○ hūsiri ,	mark::circle nn::prpn.person mark::comma
nikan o ci ,	nv::nv verb::vv e::cve mark::comma
wesihun jeng_giyang de isi tala ,	nv::nv nn::prpn cm::dat verb::vv e::cve mark::comma
usin be inu anggala tolo me tari ha usin be gai fi bu ∅ ,	nv::nv cm::acc nv::nv nv::nv verb::vv e::cve verb::vv e::pst.ptcp nv::nv cm::acc verb::vv e::cve verb::vv e::fve.imperative mark::comma
edeng ,	nv::nv mark::comma
horonggo meihe gese gūni mbi ,	nv::adj nv::nv nv::nv verb::vv e::fve.npst mark::comma
bujantai sin be dain de baha fi wa ra beye be uji fi ,	nn::prpn.person pn::2sg cm::acc nv::nv cm::dat verb::vv e::cve verb::vv e::npst.ptcp nv::nv cm::acc verb::vv e::cve mark::comma
juwe biya i juwan emu de ,	nv::nv nv::nv cm::gen nv::nv nv::nv cm::dat mark::comma
amba jui be wa ci ,	nv::adj nv::nv cm::acc verb::vv e::cve mark::comma
ulin gaija ra weile baha ci waliya ∅ ,	nv::nv verb::vv e::npst.ptcp nv::nv verb::vv e::cve verb::vv e::fve.imperative mark::comma
orin ciyandzung uba de bi ci ,	nv::nv nv::nv nv::nv cm::dat verb::vv e::cve mark::comma
eigen be ehe seme hoko ki se ci ,	nv::nv cm::acc nv::adj comp verb::vv e::fve.opt verb::vv e::cve mark::comma
ilaci jergi iogi obu ha ,	nv::nv nv::nv nv::nv verb::vv e::pst.ptcp mark::comma
saikan getuken i afabu fi ,	nv::adj nv::adj cm::gen verb::vv e::cve mark::comma
banji ci ojo ro be bodo fi isi ci ,	verb::vv e::cve verb::vv e::npst.ptcp cm::acc verb::vv e::cve verb::vv e::cve mark::comma
tofohon yan i weile waliya mbi ,	nv::nv nv::nv cm::gen nv::nv verb::vv e::fve.npst mark::comma
hūlha holo mujilen jafa rakū ,	nv::nv nv::nv nv::nv verb::vv e::npst.ptcp.neg mark::comma
jeku uheri jušen sin i emu tanggū jakūnju emu hule uyun sin emu hontoho ,	nv::nv nv::nv nv::nv nv::nv cm::gen nv::nv nv::nv nv::nv nv::nv nv::nv nv::nv nv::nv nv::nv nv::nv mark::comma
liyoodung ni cooha jase i jaka de amca me jide rakū bi he bi ci ,	nn::prpn.plc cm::gen nv::nv nv::nv cm::gen nv::nv cm::dat verb::vv e::cve verb::vv e::npst.ptcp.neg verb::vv e::pst.ptcp verb::vv e::cve mark::comma
lamun juwan ,	nv::adj nv::nv mark::comma
tere yamji šun tuhe ke manggi ,	nv::nv nv::nv nv::nv verb::vv e::pst.ptcp nv::nv mark::comma
juwan tumen inenggi usin bu mbi ,	nv::nv nv::nv nv::nv nv::nv verb::vv e::fve.npst mark::comma
ehe sain be dere bani rakū ,	nv::adj nv::adj cm::acc nv::nv verb::vv e::npst.ptcp.neg mark::comma
be inu sin be daha me buce mbi seme hendu he ,	pn::1pl.excl nv::nv pn::2sg cm::acc verb::vv e::cve verb::vv e::fve.npst comp verb::vv e::pst.ptcp mark::comma
bi liyoodung be baha ha manggi ,	pn::1sg nn::prpn.plc cm::acc verb::vv e::pst.ptcp nv::nv mark::comma
nikan i mukšan dagila ra be naka rakū ,	nv::nv cm::gen nv::nv verb::vv e::npst.ptcp cm::acc verb::vv e::npst.ptcp.neg mark::comma
iogi sin i beye gai fi dende ∅ ,	nv::nv pn::2sg cm::gen nv::nv verb::vv e::cve verb::vv e::fve.imperative mark::comma
iogi tsanjiyang fakca hakū seme wesihun han de ala ∅ ,	nv::nv nv::nv verb::vv e::pst.ptcp.neg comp nv::nv nv::nv cm::dat verb::vv e::fve.imperative mark::comma
busan be uju jergi dzung_bing_guwan i hergen bu fi ,	nn::prpn.person cm::acc nv::nv nv::nv nv::nv cm::gen nv::nv verb::vv e::cve mark::comma
dalai ,	nn::prpn.person mark::comma
tere ci gene fi ,	nv::nv cm::abl verb::vv e::cve mark::comma
be afa ki seme gisure ci ,	pn::1pl.excl verb::vv e::fve.opt comp verb::vv e::cve mark::comma
serebe sain seme saiša fi ,	nv::adj nv::adj comp verb::vv e::cve mark::comma
uju i funiyehe etuku i ulhi emu adali be daha me ,	nv::nv cm::gen nv::nv nv::nv cm::gen nv::nv nv::nv nv::adj cm::acc verb::vv e::cve mark::comma
batangga niyalma de huthu fi bu fi wa ci ,	nv::adj nv::nv cm::dat verb::vv e::cve verb::vv e::cve verb::vv e::cve mark::comma
hecen i wargi duka tule cooha toron sabu mbi seme alanji ha manggi ,	nv::nv cm::gen nv::nv nv::nv nv::nv nv::nv nv::nv verb::vv e::fve.npst comp verb::vv e::pst.ptcp nv::nv mark::comma
puho ,	nn::prpn.plc mark::comma
tsoo_yung ,	nn::prpn mark::comma
emu tokso de juwan ilan haha ,	nv::nv nv::nv cm::dat nv::nv nv::nv nv::nv mark::comma
gemu kemuni si kadala mbi kai ,	nv::nv nv::nv pn::2sg verb::vv e::fve.npst ptcl mark::comma
hecen i tulergi moo i jase be ,	nv::nv cm::gen nv::nv nv::nv cm::gen nv::nv cm::acc mark::comma
nime re niyalma ,	verb::vv e::npst.ptcp nv::nv mark::comma
nikan han i birai_dergi liyoodung ni ba be min de bu he ,	nv::nv nv::nv cm::gen nn::prpn nn::prpn.plc cm::gen nv::nv cm::acc pn::1sg cm::dat verb::vv e::pst.ptcp mark::comma
fujiyang ci fakca ha de ,	nv::nv cm::abl verb::vv e::pst.ptcp cm::dat mark::comma
abka i gama ra arbun be tuwa rakū ,	nv::nv cm::gen verb::vv e::npst.ptcp nv::nv cm::acc verb::vv e::npst.ptcp.neg mark::comma
sin i nikan i lio_bang ,	pn::2sg cm::gen nv::nv cm::gen nn::prpn mark::comma
yan_cang_pu ,	nn::prpn mark::comma
wan_lii i gūsin nadaci aniya omšon biya i orin sunja de baha ha ,	nn::prpn cm::gen nv::nv nv::nv nv::nv nv::nv nv::nv cm::gen nv::nv nv::nv cm::dat verb::vv e::pst.ptcp mark::comma
sin i dasa ha ba be dele sain seme ,	pn::2sg cm::gen verb::vv e::pst.ptcp nv::nv cm::acc nv::nv nv::adj comp mark::comma
gemu bargiya fi bira doo me guri me gene ∅ ,	nv::nv verb::vv e::cve nv::nv verb::vv e::cve verb::vv e::cve verb::vv e::fve.imperative mark::comma
esentei iogi bi he ,	nn::prpn.person nv::nv verb::vv e::pst.ptcp mark::comma
bithe be tuwa rakū ,	nv::nv cm::acc verb::vv e::npst.ptcp.neg mark::comma
nakada beiguwan ,	nn::prpn.person nv::nv mark::comma
fu_jeo i ba i niyalma ubaša mbi se re ngge tašan dere ,	nn::prpn cm::gen nv::nv cm::gen nv::nv verb::vv e::fve.npst verb::vv e::npst.ptcp nmlz::nmlz nv::nv ptcl mark::comma
○ baban be ,	mark::circle nn::prpn.person cm::acc mark::comma
ahūn i gese bu fi unggi he .	nv::nv cm::gen nv::nv verb::vv e::cve verb::vv e::pst.ptcp mark::period
juwan yan i weile waliya mbi ,	nv::nv nv::nv cm::gen nv::nv verb::vv e::fve.npst mark::comma
fasi me buce he ngge waka ,	verb::vv e::cve verb::vv e::pst.ptcp nmlz::nmlz nv::adj mark::comma
hasan bi ,	nv::nv verb::vv.npst mark::comma
ilaci jergi iogi obu ha ,	nv::nv nv::nv nv::nv verb::vv e::pst.ptcp mark::comma
sonom ,	nn::prpn.person mark::comma
ilangga be iogi i hergen be nakabu ha ,	nn::prpn.person cm::acc nv::nv cm::gen nv::nv cm::acc verb::vv e::pst.ptcp mark::comma
silun i dahū ,	nv::nv cm::gen nv::nv mark::comma
○ ineku tere inenggi ,	mark::circle nv::nv nv::nv nv::nv mark::comma
○ hunio be ,	mark::circle nv::nv cm::acc mark::comma
gunji ,	nn::prpn.person mark::comma
○ orin de beide he weile ,	mark::circle nv::nv cm::dat verb::vv e::pst.ptcp nv::nv mark::comma
○ tanggūdai gūsa de ,	mark::circle nn::prpn.person nv::nv cm::dat mark::comma
jeku i ton ,	nv::nv cm::gen nv::nv mark::comma
bayan niyalma ulin bu fi guwe mbi ,	nv::adj nv::nv nv::nv verb::vv e::cve verb::vv e::fve.npst mark::comma
tere nikan i cooha i baru gene re de ,	nv::nv nv::nv cm::gen nv::nv cm::gen nv::nv verb::vv e::npst.ptcp cm::dat mark::comma
muse amba gurun i baru dain ara fi ,	pn::1pl.incl nv::adj nv::nv cm::gen nv::nv nv::nv verb::vv e::cve mark::comma
jai tofohon niyalma be sin i ciha i sula takūra ∅ .	nv::nv nv::nv nv::nv cm::acc pn::2sg cm::gen nv::nv cm::gen nv::adj verb::vv e::fve.imperative mark::period
cooha ili ha niyalma ,	nv::nv verb::vv e::pst.ptcp nv::nv mark::comma
beye i sui de wasi kini .	nv::nv cm::gen nv::nv cm::dat verb::vv e::fve.opt mark::period
jang_tsun_jing ,	nn::prpn mark::comma
iogi ,	nv::nv mark::comma
hafasa ,	nv::nv mark::comma
jeku amca rakū ,	nv::nv verb::vv e::npst.ptcp.neg mark::comma
○ nadan_fere de gene he singgiya isinji ha .	mark::circle nn::prpn cm::dat verb::vv e::pst.ptcp nn::prpn.person verb::vv e::pst.ptcp mark::period
solho i cooha emu ing ili ha be sabu fi ,	nv::nv cm::gen nv::nv nv::nv nv::nv verb::vv e::pst.ptcp cm::acc verb::vv e::cve mark::comma
suwe kiyoo be duri me tuwa ∅ ,	pn::2pl nv::nv cm::acc verb::vv e::cve verb::vv e::fve.imperative mark::comma
ineku cooha i wa me yabu ha se ci ,	nv::nv nv::nv cm::gen verb::vv e::cve verb::vv e::pst.ptcp verb::vv e::cve mark::comma
han gosi me uji he ,	nv::nv verb::vv e::cve verb::vv e::pst.ptcp mark::comma
suwe gemu waka baha habi ,	pn::2pl nv::nv nv::adj verb::vv e::fve.prs.prf mark::comma
( darhan_baturu ,	mark::lparen nn::prpn mark::comma
han de benji re jaka ,	nv::nv cm::dat verb::vv e::npst.ptcp nv::nv mark::comma
in i cisu i sinda ha seme weile ara fi ,	pn::3sg cm::gen nv::nv cm::gen verb::vv e::pst.ptcp comp nv::nv verb::vv e::cve mark::comma
emte tanggū šusiha šusihala fi wasibu fi hala ha ,	nv::nv nv::nv nv::nv verb::vv e::cve verb::vv e::cve verb::vv e::pst.ptcp mark::comma
abka i bu fi jafabu ha beile se be ,	nv::nv cm::gen verb::vv e::cve verb::vv e::pst.ptcp nv::nv nv::nv cm::acc mark::comma
○ juwan de ,	mark::circle nv::nv cm::dat mark::comma
ihan akū niyalma ,	nv::nv nv::adj nv::nv mark::comma
lii_yung_fang sin be fusi de bi he fon de ,	nn::prpn pn::2sg cm::acc nn::prpn.plc cm::dat verb::vv e::pst.ptcp nv::nv cm::dat mark::comma
ere ninggun weile .	nv::nv nv::nv nv::nv mark::period
eksingge fujiyang ,	nn::prpn.person nv::nv mark::comma
tondo sain mujilen jafa ∅ ,	nv::adj nv::adj nv::nv verb::vv e::fve.imperative mark::comma
usiha na de tuhe mbi ,	nv::nv nv::nv cm::dat verb::vv e::fve.npst mark::comma
jang_iogi ,	nn::prpn mark::comma
dergi han ,	nv::nv nv::nv mark::comma
beile se be ere biya i orin de hala me gene mbi ,	nv::nv nv::nv cm::acc nv::nv nv::nv cm::gen nv::nv cm::dat verb::vv e::cve verb::vv e::fve.npst mark::comma
ulin baha ki seme gūni mbi ni ,	nv::nv verb::vv e::fve.opt comp verb::vv e::fve.npst ptcl mark::comma
boo i uji he ujima i dabala ,	nv::nv cm::gen verb::vv e::pst.ptcp nv::nv cm::gen ptcl mark::comma
○ siowan_juce ci gio_meifehe i siden de ,	mark::circle nn::prpn cm::abl nn::prpn cm::gen nv::nv cm::dat mark::comma
nantai i funde boigon be beiguwan obu ha .	nn::prpn.person cm::gen nv::nv nv::nv cm::acc nv::nv verb::vv e::pst.ptcp mark::period
ba i ejen šeo_pu hafan de weile ,	nv::nv cm::gen nv::nv nv::nv nv::nv cm::dat nv::nv mark::comma
geren beile se amban sa be gai fi ,	nv::adj nv::nv nv::nv nv::nv nv::nv cm::acc verb::vv e::cve mark::comma
ehe sain be dere bani rakū ,	nv::adj nv::adj cm::acc nv::nv verb::vv e::npst.ptcp.neg mark::comma
mederi doo ha niyalma i weri he jeku ,	nv::nv verb::vv e::pst.ptcp nv::nv cm::gen verb::vv e::pst.ptcp nv::nv mark::comma
tondo mujilen jafa fi beye i waka be gida rakū tucibu me o ci ,	nv::adj nv::nv verb::vv e::cve nv::nv cm::gen nv::adj cm::acc verb::vv e::npst.ptcp.neg verb::vv e::cve verb::vv e::cve mark::comma
tere inu uthai hutu o me tokto mbi kai ,	nv::nv nv::nv nv::nv nv::nv verb::vv e::cve verb::vv e::fve.npst ptcl mark::comma
gemu sarhū hecen de bargiya ∅ ,	nv::nv nv::nv nv::nv cm::dat verb::vv e::fve.imperative mark::comma
min i nakabu ha jaka be ,	pn::1sg cm::gen verb::vv e::pst.ptcp nv::nv cm::acc mark::comma
duin jergi ci wesihun dagila ∅ ,	nv::nv nv::nv cm::abl nv::nv verb::vv e::fve.imperative mark::comma
šugi janggin ,	nv::nv nv::nv mark::comma
○ juwan nadan de ,	mark::circle nv::nv nv::nv cm::dat mark::comma
jori ha jurgan be jurce rakū seme beiguwan obu ha .	verb::vv e::pst.ptcp nv::nv cm::acc verb::vv e::npst.ptcp.neg comp nv::nv verb::vv e::pst.ptcp mark::period
jang_bing_i de aisila ha emu niyalma de juwan yan menggun šangna ha .	nn::prpn cm::dat verb::vv e::pst.ptcp nv::nv nv::nv cm::dat nv::nv nv::nv nv::nv verb::vv e::pst.ptcp mark::period
nure efen yali ai ai jete re jaka be ,	nv::nv nv::nv nv::nv nv::nv nv::nv verb::vv e::npst.ptcp nv::nv cm::acc mark::comma
iogi de ilan niyalma ,	nv::nv cm::dat nv::nv nv::nv mark::comma
jeku be jušen be tuwakiyabu ∅ ,	nv::nv cm::acc nv::nv cm::acc verb::vv e::fve.imperative mark::comma
baindari acan ajina_ho_wei i du_jy_hūi_ciyanši teku i omolo ahai ,	nn::prpn.person nv::nv nn::prpn cm::gen nv::nv nv::nv cm::gen nv::nv nn::prpn.person mark::comma
jori ha jurgan be jurce rakū seme beiguwan obu ha .	verb::vv e::pst.ptcp nv::nv cm::acc verb::vv e::npst.ptcp.neg comp nv::nv verb::vv e::pst.ptcp mark::period
tere ci amba_beile in i beye juleri jura ka ,	nv::nv cm::abl nn::prpn pn::3sg cm::gen nv::nv nv::nv verb::vv e::pst.ptcp mark::comma
ajige mocin sunja ,	nv::adj nv::nv nv::nv mark::comma
duici_beile in i beye hanci sonjo ho gūsin isi re cooha be gai fi ,	nn::prpn pn::3sg cm::gen nv::nv nv::adj verb::vv e::pst.ptcp nv::nv verb::vv e::npst.ptcp nv::nv cm::acc verb::vv e::cve mark::comma
nikan de daha fi emu gisun be mara rakū gele me banji ci ,	nv::nv cm::dat verb::vv e::cve nv::nv nv::nv cm::acc verb::vv e::npst.ptcp.neg verb::vv e::cve verb::vv e::cve mark::comma
tobohoi_ecike ,	nn::prpn mark::comma
bileri ,	nv::nv mark::comma
juwe ihan ,	nv::nv nv::nv mark::comma
muhaliyan i gūsa ,	nv::nv cm::gen nv::nv mark::comma
) han hendu me ,	mark::rparen nv::nv verb::vv e::cve mark::comma
suwen i dere de cifele mbi ,	pn::2pl cm::gen nv::nv cm::dat verb::vv e::fve.npst mark::comma
○ gulu lamun ,	mark::circle nv::adj nv::adj mark::comma
tere i yali be faita fi ,	nv::nv cm::gen nv::nv cm::acc verb::vv e::cve mark::comma
jori ha jurgan be jurce rakū seme beiguwan obu ha .	verb::vv e::pst.ptcp nv::nv cm::acc verb::vv e::npst.ptcp.neg comp nv::nv verb::vv e::pst.ptcp mark::period
yehe ci uka me gene he ukanju be bederebu me bu mbi seme geren culgan i beile se i juleri gisure he gisun be aifu fi bu hekū ,	nv::nv cm::abl verb::vv e::cve verb::vv e::pst.ptcp nv::nv cm::acc verb::vv e::cve verb::vv e::fve.npst comp nv::adj nv::nv cm::gen nv::nv nv::nv cm::gen nv::nv verb::vv e::pst.ptcp nv::nv cm::acc verb::vv e::cve verb::vv e::pst.ptcp.neg mark::comma
ai ai ba de yabu re de ,	nv::nv nv::nv nv::nv cm::dat verb::vv e::npst.ptcp cm::dat mark::comma
abka de wakalabu me ,	nv::nv cm::dat verb::vv e::cve mark::comma
○ juwan emu de ,	mark::circle nv::nv nv::nv cm::dat mark::comma
han i gisun be mara ci ete mbi o ,	nv::nv cm::gen nv::nv cm::acc verb::vv e::cve verb::vv e::fve.npst ptcl mark::comma
○ juwan nadan de ,	mark::circle nv::nv nv::nv cm::dat mark::comma
hūda bu rakū bai gai fi ,	nv::nv verb::vv e::npst.ptcp.neg nv::nv verb::vv e::cve mark::comma
erdeni si ere duwali tana nicuhe aisin gida ha jaka bi ci ,	nn::prpn.person pn::2sg nv::nv nv::nv nv::nv nv::nv nv::nv verb::vv e::pst.ptcp nv::nv verb::vv e::cve mark::comma
tere duin ba i niyalma be gemu nikan i hafan ulin gaija ra ehe de doso rakū o fi ,	nv::nv nv::nv nv::nv cm::gen nv::nv cm::acc nv::nv nv::nv cm::gen nv::nv nv::nv verb::vv e::npst.ptcp nv::adj cm::dat verb::vv e::npst.ptcp.neg verb::vv e::cve mark::comma
geren beile se i jasi re gisun ,	nv::adj nv::nv nv::nv cm::gen verb::vv e::npst.ptcp nv::nv mark::comma
sin de bisi re borjin min de emu niyecen bu hebi o seme yertebu me hendu he manggi ,	pn::2sg cm::dat verb::vv e::npst.ptcp nn::prpn.person pn::1sg cm::dat nv::nv nv::nv verb::vv e::fve.prs.prf ptcl comp verb::vv e::cve verb::vv e::pst.ptcp nv::nv mark::comma
jaisai de banji ha setkil ,	nn::prpn.person cm::dat verb::vv e::pst.ptcp nn::prpn.person mark::comma
giyansi ji he be sa fi jafa rakū ,	nv::nv verb::vv e::pst.ptcp cm::acc verb::vv e::cve verb::vv e::npst.ptcp.neg mark::comma
jori ha jurgan be jurce rakū seme ,	verb::vv e::pst.ptcp nv::nv cm::acc verb::vv e::npst.ptcp.neg comp mark::comma
amin_beile i sunjai_tun i su_io_bin ,	nn::prpn cm::gen nn::prpn cm::gen nn::prpn mark::comma
cergei de weile ara fi ,	nn::prpn.person cm::dat nv::nv verb::vv e::cve mark::comma
nikan i jon wehe i saha ha hoton be suhe i saci me efule re de ,	nv::nv cm::gen nv::nv nv::nv cm::gen verb::vv e::pst.ptcp nv::nv cm::acc nv::nv cm::gen verb::vv e::cve verb::vv e::npst.ptcp cm::dat mark::comma
jušen nikan jeku gana ra be karma mbi seme han donji fi gasa mbi ,	nv::nv nv::nv nv::nv verb::vv e::npst.ptcp cm::acc verb::vv e::fve.npst comp nv::nv verb::vv e::cve verb::vv e::fve.npst mark::comma
muhaliyan dzung_bing_guwan ,	nv::nv nv::nv mark::comma
suje ,	nv::nv mark::comma
sarin sarila ha etuku šangna ha doro i hengkile re de ,	nv::nv verb::vv e::pst.ptcp nv::nv verb::vv e::pst.ptcp nv::nv cm::gen verb::vv e::npst.ptcp cm::dat mark::comma
udahai niru i niyalma de oforo šan be toko ho .	nn::prpn.person nv::nv cm::gen nv::nv cm::dat nv::nv nv::nv cm::acc verb::vv e::pst.ptcp mark::period
○ aita fujiyang de juwe tanggū monggo be uji ∅ seme bu re de ,	mark::circle nn::prpn.person nv::nv cm::dat nv::nv nv::nv nv::nv cm::acc verb::vv e::fve.imperative comp verb::vv e::npst.ptcp cm::dat mark::comma
cooha be kadala me ete mbi seme ,	nv::nv cm::acc verb::vv e::cve verb::vv e::fve.npst comp mark::comma
aisin tai_hoo_han ,	nv::nv nn::prpn mark::comma
ombai ,	nn::prpn.person mark::comma
šanaha i baru cooha gvlmahūn erin de jura fi ,	nn::prpn.plc cm::gen nv::nv nv::nv nv::nv nv::nv cm::dat verb::vv e::cve mark::comma
mocin juwan ,	nv::nv nv::nv mark::comma
niyakūra ha beile se amban sa geren gemu ili ha ,	verb::vv e::pst.ptcp nv::nv nv::nv nv::nv nv::nv nv::adj nv::nv verb::vv e::pst.ptcp mark::comma
isibu re i teile jeku be tū fi gene he amala ,	verb::vv e::npst.ptcp cm::gen nv::nv nv::nv cm::acc verb::vv e::cve verb::vv e::pst.ptcp nv::nv mark::comma
niyalma be wa me ulha be gai mbi kai ,	nv::nv cm::acc verb::vv e::cve nv::nv cm::acc verb::vv e::fve.npst ptcl mark::comma
min i aisin_gioro halangga niyalma de gala isi ka kooli bi ci ,	pn::1sg cm::gen nn::prpn nv::adj nv::nv cm::dat nv::nv verb::vv e::pst.ptcp nv::nv verb::vv e::cve mark::comma
amala gercile he seme weile akū .	nv::nv verb::vv e::pst.ptcp comp nv::nv nv::adj mark::period
gūsa i amban sa gemu sa mbi seme han de wesimbu re jaka de ,	nv::nv cm::gen nv::nv nv::nv nv::nv verb::vv e::fve.npst comp nv::nv cm::dat verb::vv e::npst.ptcp nv::nv cm::dat mark::comma
dolo farhūn o fi ,	nv::nv nv::adj verb::vv e::cve mark::comma
fakūri ,	nv::nv mark::comma
yalu ha morin šada hakū ,	verb::vv e::pst.ptcp nv::nv verb::vv e::pst.ptcp.neg mark::comma
bayartu ,	nn::prpn.person mark::comma
okdo me gene re cooha tere kemai_dogon de ili fi ,	verb::vv e::cve verb::vv e::npst.ptcp nv::nv nv::nv nn::prpn cm::dat verb::vv e::cve mark::comma
beye be gese teherebu fi banji rakū ,	nv::nv cm::acc nv::nv verb::vv e::cve verb::vv e::npst.ptcp.neg mark::comma
du_tang ni hergen be efule me ,	nv::nv cm::gen nv::nv cm::acc verb::vv e::cve mark::comma
uka me gene he juwe monggo ,	verb::vv e::cve verb::vv e::pst.ptcp nv::nv nv::nv mark::comma
gusantai niru i juwe niyalma be ,	nn::prpn.person nv::nv cm::gen nv::nv nv::nv cm::acc mark::comma
tebu me si_ning_pu de isi tala ,	verb::vv e::cve nn::prpn cm::dat verb::vv e::cve mark::comma
tere be solho han sin i sarkū ai bi ,	nv::nv cm::acc nv::nv nv::nv pn::2sg cm::gen nv::nv nv::nv verb::vv.npst mark::comma
afabu ha weile be mute mbi ,	verb::vv e::pst.ptcp nv::nv cm::acc verb::vv e::fve.npst mark::comma
beile be daha me fu_jeo de gene he .	nv::nv cm::acc verb::vv e::cve nn::prpn cm::dat verb::vv e::pst.ptcp mark::period
samha ,	nv::nv mark::comma
hoošan ,	nv::nv mark::comma
darhan_hiya ,	nn::prpn mark::comma
fuldu ,	nn::prpn.person mark::comma
tere i dabala ,	nv::nv cm::gen ptcl mark::comma
jai jobo ro ba akū kai ,	nv::nv verb::vv e::npst.ptcp nv::nv nv::adj ptcl mark::comma
han i tacibu ha tondo fafun be jurce rakū banji ci ,	nv::nv cm::gen verb::vv e::pst.ptcp nv::adj nv::nv cm::acc verb::vv e::npst.ptcp.neg verb::vv e::cve mark::comma
tere ci jaisanggū ,	nv::nv cm::abl nn::prpn.person mark::comma
gisan ,	nv::nv mark::comma
ilaci jergi iogi de ilata honin bu he ,	nv::nv nv::nv nv::nv cm::dat nv::nv nv::nv verb::vv e::pst.ptcp mark::comma
hoki banji fi geren i gene ∅ ,	nv::nv verb::vv e::cve nv::adj cm::gen verb::vv e::fve.imperative mark::comma
dehi ulhūma ,	nv::nv nv::nv mark::comma
min i ai ambula gurun ,	pn::1sg cm::gen nv::nv nv::nv nv::nv mark::comma
gartu ,	nn::prpn.person mark::comma
wan_lii_han i ehe turgun de ,	nn::prpn cm::gen nv::adj nv::nv cm::dat mark::comma
nadanju haha be gaji me han be bai me ji he .	nv::nv nv::nv cm::acc verb::vv e::cve nv::nv cm::acc verb::vv e::cve verb::vv e::pst.ptcp mark::period
ehe ba be dulembu fi sain ba de tucibu fi gai ∅ ,	nv::adj nv::nv cm::acc verb::vv e::cve nv::adj nv::nv cm::dat verb::vv e::cve verb::vv e::fve.imperative mark::comma
juwanta morin ,	nv::nv nv::nv mark::comma
muse ere ujula ha beile se amban sa i beye ci saci me dosi fi ,	pn::1pl.incl nv::nv verb::vv e::pst.ptcp nv::nv nv::nv nv::nv nv::nv cm::gen nv::nv cm::abl verb::vv e::cve verb::vv e::cve mark::comma
sihan_saman jabu me ,	nn::prpn verb::vv e::cve mark::comma
amala banji re emu akdun gisun akū ,	nv::nv verb::vv e::npst.ptcp nv::nv nv::adj nv::nv nv::adj mark::comma
amban sa de dorolo rakū o ho de ,	nv::nv nv::nv cm::dat verb::vv e::npst.ptcp.neg verb::vv e::pst.ptcp cm::dat mark::comma
yamsida ,	nn::prpn.person mark::comma
min i ama han'_ming_liyan ,	pn::1sg cm::gen nv::nv nn::prpn mark::comma
jai muse i fe_ala de gama fi ,	nv::nv nv::nv cm::gen nn::prpn cm::dat verb::vv e::cve mark::comma
lomi bele dehi juwe tumen emu minggan emu tanggū gūsin hule sunja to juwe sin ,	nv::nv nv::nv nv::nv nv::nv nv::nv nv::nv nv::nv nv::nv nv::nv nv::nv nv::nv nv::nv nv::nv nv::nv nv::nv mark::comma
suwe uji he baili be gūni rakū ,	pn::2pl verb::vv e::pst.ptcp nv::nv cm::acc verb::vv e::npst.ptcp.neg mark::comma
jaila me dulenu ∅ ,	verb::vv e::cve verb::vv e::fve.imperative mark::comma
iduci i elcin ,	nn::prpn.person cm::gen nv::nv mark::comma
afabu ha weile be mute mbi ,	verb::vv e::pst.ptcp nv::nv cm::acc verb::vv e::fve.npst mark::comma
abtai_nakcu ,	nn::prpn mark::comma
ciyandzung bu he ,	nv::nv verb::vv e::pst.ptcp mark::comma
cen i beye jaila me jabdu rakū ,	pn::3pl cm::gen nv::nv verb::vv e::cve verb::vv e::npst.ptcp.neg mark::comma
ukanda ra ubaša ra ambula facuhūn bi he .	verb::vv e::npst.ptcp verb::vv e::npst.ptcp nv::nv nv::adj verb::vv e::pst.ptcp mark::period
tere ci asihasa gemu uju fusi kini ,	nv::nv cm::abl nv::nv nv::nv nv::nv verb::vv e::fve.opt mark::comma
dzung_bing_guwan ,	nv::nv mark::comma
han i boo de beile se amban sa sarila me isa cibe ,	nv::nv cm::gen nv::nv cm::dat nv::nv nv::nv nv::nv nv::nv verb::vv e::cve verb::vv e::cve mark::comma
hai_si ši_ho_wei i du_jy_hūi_tungjy holomi i jui utai ,	nn::prpn nn::prpn cm::gen nv::nv nn::prpn.person cm::gen nv::nv nn::prpn.person mark::comma
jori ha jurgan be jurce rakū seme beiguwan obu ha .	verb::vv e::pst.ptcp nv::nv cm::acc verb::vv e::npst.ptcp.neg comp nv::nv verb::vv e::pst.ptcp mark::period
uka me jide re emu juwe guwanggun niyalma be gaija ra anggala ,	verb::vv e::cve verb::vv e::npst.ptcp nv::nv nv::nv nv::nv nv::nv cm::acc verb::vv e::npst.ptcp nv::nv mark::comma
fondolo me afa me mute hekū o fi amasi bedere re de ,	verb::vv e::cve verb::vv e::cve verb::vv e::pst.ptcp.neg verb::vv e::cve nv::nv verb::vv e::npst.ptcp cm::dat mark::comma
nikata_birgan ci casi ,	nn::prpn cm::abl nv::nv mark::comma
juwe yan i weile waliya mbi ,	nv::nv nv::nv cm::gen nv::nv verb::vv e::fve.npst mark::comma
juwan emu yan bi he ,	nv::nv nv::nv nv::nv verb::vv e::pst.ptcp mark::comma
hai_si uming_doo_wei i du_jy_hūi_ciyanši desu i jui agi ,	nn::prpn nn::prpn cm::gen nv::nv nn::prpn.person cm::gen nv::nv nn::prpn.person mark::comma
bayan sa i usin waliya ha ambula kai ,	nv::nv nv::nv cm::gen nv::nv verb::vv e::pst.ptcp nv::nv ptcl mark::comma
ujahū_wei i du_jy_hūi_ši jangburu i jui anjuhū ,	nn::prpn cm::gen nv::nv nn::prpn.person cm::gen nv::nv nn::prpn.person mark::comma
si_uli efu ,	nn::prpn nv::nv mark::comma
amala juwan yan bene he ,	nv::nv nv::nv nv::nv verb::vv e::pst.ptcp mark::comma
○ orin i inenggi ,	mark::circle nv::nv cm::gen nv::nv mark::comma
sure_kundulen_han ,	nn::prpn mark::comma
juwe tanggū boigon bu fi ,	nv::nv nv::nv nv::nv verb::vv e::cve mark::comma
abka na i siden udu goro bi cibe ,	nv::nv nv::nv cm::gen nv::nv nv::nv nv::nv verb::vv e::cve mark::comma
iogi afuni ,	nv::nv nn::prpn.person mark::comma
afabu ha jurgan be muterei teile teng seme kadala ki .	verb::vv e::pst.ptcp nv::nv cm::acc nv::nv nv::nv nv::nv comp verb::vv e::fve.opt mark::period
haha jui cihangga o ci gai mbi ,	nv::nv nv::nv nv::adj verb::vv e::cve verb::vv e::fve.npst mark::comma
ere nikan cooha be ,	nv::nv nv::nv nv::nv cm::acc mark::comma
jai inenggi girin de emu dedu he ,	nv::nv nv::nv nv::nv cm::dat nv::nv verb::vv e::pst.ptcp mark::comma
šanggiyan_hada ,	nn::prpn mark::comma
genggiyen_han hendu me ,	nn::prpn verb::vv e::cve mark::comma
dergi niyalma i waka be sa ha de ,	nv::nv nv::nv cm::gen nv::adj cm::acc verb::vv e::pst.ptcp cm::dat mark::comma
manggūltai_beile ,	nn::prpn mark::comma
jai juwe minggan cooha i niyalma be simiyan i amargi ci jase bitu me ,	nv::nv nv::nv nv::nv nv::nv cm::gen nv::nv cm::acc nn::prpn.plc cm::gen nv::nv cm::abl nv::nv verb::vv e::cve mark::comma
beide niru i oriken be ,	nn::prpn.person nv::nv cm::gen nn::prpn.person cm::acc mark::comma
nikan duri me gai me wa ci ,	nv::nv verb::vv e::cve verb::vv e::cve verb::vv e::cve mark::comma
hecen i beiguwan ,	nv::nv cm::gen nv::nv mark::comma
yarna niru niyalma ahūta deote ,	nn::prpn.person nv::nv nv::nv nv::nv nv::nv mark::comma
dolo giyei juo i mujilen kai ,	nv::nv nn::prpn.person nn::prpn.person cm::gen nv::nv ptcl mark::comma
gene he beile se nunggan de isina ha ,	verb::vv e::pst.ptcp nv::nv nv::nv nn::prpn.plc cm::dat verb::vv e::pst.ptcp mark::comma
han be geli ambula wakala mbi seme gele me ,	nv::nv cm::acc nv::nv nv::nv verb::vv e::fve.npst comp verb::vv e::cve mark::comma
bu he jaka be ajigen komso bi cibe ,	verb::vv e::pst.ptcp nv::nv cm::acc nv::adj nv::adj verb::vv e::cve mark::comma
menggun dehite yan ,	nv::nv nv::nv nv::nv mark::comma
wang_dzy_deng sokto fi dangse bithe gaija ra de suwaliya me tuci ke be baha ha seme hendu mbi ,	nn::prpn verb::vv e::cve nv::nv nv::nv verb::vv e::npst.ptcp cm::dat verb::vv e::cve verb::vv e::pst.ptcp cm::acc verb::vv e::pst.ptcp comp verb::vv e::fve.npst mark::comma
afabu ha weile be mute mbi ,	verb::vv e::pst.ptcp nv::nv cm::acc verb::vv e::fve.npst mark::comma
amasi bedere me bira i amargi de doo fi ,	nv::nv verb::vv e::cve nv::nv cm::gen nv::nv cm::dat verb::vv e::cve mark::comma
kadala ∅ seme bu he niyalma be gai mbi ,	verb::vv e::fve.imperative comp verb::vv e::pst.ptcp nv::nv cm::acc verb::vv e::fve.npst mark::comma
han i pai be gai fi ,	nv::nv cm::gen nv::nv cm::acc verb::vv e::cve mark::comma
ede korso fi min i beye ili fi ji he ngge ere inu seme hendu he manggi ,	nv::nv verb::vv e::cve pn::1sg cm::gen nv::nv verb::vv e::cve verb::vv e::pst.ptcp nmlz::nmlz nv::nv nv::nv comp verb::vv e::pst.ptcp nv::nv mark::comma
ebugen ,	nn::prpn.person mark::comma
jeku tebu fi gaji me ji fi ,	nv::nv verb::vv e::cve verb::vv e::cve verb::vv e::cve mark::comma
beri jafa rakū uksin etu rakū bai sula niyalma ,	nv::nv verb::vv e::npst.ptcp.neg nv::nv verb::vv e::npst.ptcp.neg nv::nv nv::adj nv::nv mark::comma
gisun be donji rakū ,	nv::nv cm::acc verb::vv e::npst.ptcp.neg mark::comma
tere doro de baitakū ,	nv::nv nv::nv cm::dat nv::adj mark::comma
banji ha ba ,	verb::vv e::pst.ptcp nv::nv mark::comma
bahana ra i teile tucibu me o ci ,	verb::vv e::npst.ptcp cm::gen nv::nv verb::vv e::cve verb::vv e::cve mark::comma
moro fila jakūta tanggū ,	nv::nv nv::nv nv::nv nv::nv mark::comma
sain be sain ,	nv::adj cm::acc nv::adj mark::comma
duici jergi laba ,	nv::nv nv::nv nv::nv mark::comma
ice sunja inenggi gvlmahūn erin de ,	nv::adj nv::nv nv::nv nv::nv nv::nv cm::dat mark::comma
amba_beile ,	nn::prpn mark::comma
tsanjiyang ni hergen bu fi ,	nv::nv cm::gen nv::nv verb::vv e::cve mark::comma
○ aiha i boigon ,	mark::circle nv::nv cm::gen nv::nv mark::comma
meni meni hoton de amasi tebu he ,	nv::nv nv::nv nv::nv cm::dat nv::nv verb::vv e::pst.ptcp mark::comma
ai ai baita de dabu rakū .	nv::nv nv::nv nv::nv cm::dat verb::vv e::npst.ptcp.neg mark::period
abka ,	nv::nv mark::comma
bi gisun gai hakū o fi weile baha ha han ama ,	pn::1sg nv::nv verb::vv e::pst.ptcp.neg verb::vv e::cve nv::nv verb::vv e::pst.ptcp nv::nv nv::nv mark::comma
honin susaita ,	nv::nv nv::nv mark::comma
jušen de unca ∅ ,	nv::nv cm::dat verb::vv e::fve.imperative mark::comma
○ du_tang ni bithe ,	mark::circle nv::nv cm::gen nv::nv mark::comma
we daha rakū seme hendu mbi se re ,	nv::nv verb::vv e::npst.ptcp.neg comp verb::vv e::fve.npst verb::vv e::npst.ptcp mark::comma
○ hūrha gurun i jakūta i niyalma ,	mark::circle nv::nv nv::nv cm::gen nv::nv cm::gen nv::nv mark::comma
batma de duite haha i jušen tokso emte ,	nn::prpn.person cm::dat nv::nv nv::nv cm::gen nv::nv nv::nv nv::nv mark::comma
jabahai ,	nn::prpn.person mark::comma
harha ,	nv::nv mark::comma
fanaha ,	nn::prpn.plc mark::comma
taka naka fi ere biya i juwan be dule ke manggi ,	nv::nv verb::vv e::cve nv::nv nv::nv cm::gen nv::nv cm::acc verb::vv e::pst.ptcp nv::nv mark::comma
orho be tuwa me icangga sain ba de ili ∅ ,	nv::nv cm::acc verb::vv e::cve nv::adj nv::adj nv::nv cm::dat verb::vv e::fve.imperative mark::comma
bi kini seme hendu fi unggi he .	verb::vv e::fve.opt comp verb::vv e::cve verb::vv e::pst.ptcp mark::period
šajin be daba me ulin olji be fulu gai ha niyalma be ,	nv::nv cm::acc verb::vv e::cve nv::nv nv::nv cm::acc nv::nv verb::vv e::pst.ptcp nv::nv cm::acc mark::comma
boo de gama fi wacihiya me dende ∅ seme hendu fi ,	nv::nv cm::dat verb::vv e::cve verb::vv e::cve verb::vv e::fve.imperative comp verb::vv e::cve mark::comma
han i aisin doro be gūni rakū beye i jirga ra be gūni rakū ,	nv::nv cm::gen nv::nv nv::nv cm::acc verb::vv e::npst.ptcp.neg nv::nv cm::gen verb::vv e::npst.ptcp cm::acc verb::vv e::npst.ptcp.neg mark::comma
○ julergi de anafu te he soohai dzung_bing_guwan ,	mark::circle nv::nv cm::dat nv::nv verb::vv e::pst.ptcp nn::prpn.person nv::nv mark::comma
jai afabu ha weile be mute mbi ,	nv::nv verb::vv e::pst.ptcp nv::nv cm::acc verb::vv e::fve.npst mark::comma
jurga ,	nn::prpn.person mark::comma
tere ci casi gene fi omo gebungge hoton be gai fi ,	nv::nv cm::abl nv::nv verb::vv e::cve nv::nv nv::adj nv::nv cm::acc verb::vv e::cve mark::comma
tere ci han de wesimbu ∅ ,	nv::nv cm::abl nv::nv cm::dat verb::vv e::fve.imperative mark::comma
mohota ,	nn::prpn.person mark::comma
ding_dzy_po ,	nn::prpn mark::comma
duka tuwakiya ha niyalma be jafa ∅ seme jafa ha ,	nv::nv verb::vv e::pst.ptcp nv::nv cm::acc verb::vv e::fve.imperative comp verb::vv e::pst.ptcp mark::comma
morin ,	nv::nv mark::comma
kakduri fujiyang ,	nn::prpn.person nv::nv mark::comma
šanaha ci ebsi gemu uju fusi fi min i gurun o hobi ,	nn::prpn.plc cm::abl nv::nv nv::nv nv::nv verb::vv e::cve pn::1sg cm::gen nv::nv verb::vv e::fve.prs.prf mark::comma
jakūn gūsa i siden i wehe yaha deiji re yan_man_dzy ,	nv::nv nv::nv cm::gen nv::nv cm::gen nv::nv nv::nv verb::vv e::npst.ptcp nn::prpn mark::comma
ehe sain be dere bani rakū ,	nv::adj nv::adj cm::acc nv::nv verb::vv e::npst.ptcp.neg mark::comma
fakūna be geren i usin bošo ro tusa seme ciyandzung ni caliyan ,	nn::prpn.person cm::acc nv::adj cm::gen nv::nv verb::vv e::npst.ptcp nv::nv comp nv::nv cm::gen nv::nv mark::comma
juwe niyalma de acan emke bu he ,	nv::nv nv::nv cm::dat nv::nv nv::nv verb::vv e::pst.ptcp mark::comma
beile se amban sa de ala fi wa kini ,	nv::nv nv::nv nv::nv nv::nv cm::dat verb::vv e::cve verb::vv e::fve.opt mark::comma
halbu ha niyalma i boigon be tala mbi ,	verb::vv e::pst.ptcp nv::nv cm::gen nv::nv cm::acc verb::vv e::fve.npst mark::comma
olbo i niyalma ,	nv::nv cm::gen nv::nv mark::comma
sunaha ,	nn::prpn.person mark::comma
hūlha ehe mujilengge niyalma i jabša ha aibi ,	nv::nv nv::adj nv::adj nv::nv cm::gen verb::vv e::pst.ptcp nv::nv mark::comma
dahū sin i boo de bi kai se he manggi ,	nv::nv pn::2sg cm::gen nv::nv cm::dat verb::vv.npst ptcl verb::vv e::pst.ptcp nv::nv mark::comma
munggu be wa ra weile tuhebu he bi he ,	nn::prpn.person cm::acc verb::vv e::npst.ptcp nv::nv verb::vv e::pst.ptcp verb::vv e::pst.ptcp mark::comma
○ senioke be ,	mark::circle nn::prpn.person cm::acc mark::comma
han i tacibu ha tondo fafun be jurce rakū banji ci ,	nv::nv cm::gen verb::vv e::pst.ptcp nv::adj nv::nv cm::acc verb::vv e::npst.ptcp.neg verb::vv e::cve mark::comma
giyen ,	nv::nv mark::comma
angkūn_taiji uthai juleri dosi fi ,	nn::prpn nv::nv nv::nv verb::vv e::cve mark::comma
sain tubihe ,	nv::adj nv::nv mark::comma
juwan de ,	nv::nv cm::dat mark::comma
tere anggala ,	nv::nv nv::nv mark::comma
weihede bi ,	nn::prpn.person verb::vv.npst mark::comma
jeku akū niyalma be nene me unggi he bithe i songko i obu ∅ ,	nv::nv nv::adj nv::nv cm::acc verb::vv e::cve verb::vv e::pst.ptcp nv::nv cm::gen nv::nv cm::gen verb::vv e::fve.imperative mark::comma
amban komso o ci aibide isina mbi ,	nv::nv nv::adj verb::vv e::cve nv::nv verb::vv e::fve.npst mark::comma
tenteke nungne he niyalma be baica ki ,	nv::nv verb::vv e::pst.ptcp nv::nv cm::acc verb::vv e::fve.opt mark::comma
tuba gebungge juwe karun i ejen be ,	nv::nv nv::adj nv::nv nv::nv cm::gen nv::nv cm::acc mark::comma
in i ahūn deo i orin haha i alban be guwebu mbihe ,	pn::3sg cm::gen nv::nv nv::nv cm::gen nv::nv nv::nv cm::gen nv::nv cm::acc verb::vv e::fve.pst.ipfv mark::comma
unenggi sain banji mbi se ci ,	nv::adj nv::adj verb::vv e::fve.npst verb::vv e::cve mark::comma
garda ,	nn::prpn.person mark::comma
deo omsoko be beiguwan obu ha ,	nv::nv nn::prpn.person cm::acc nv::nv verb::vv e::pst.ptcp mark::comma
goroki hanciki niyalma donji ci ,	nv::adj nv::adj nv::nv verb::vv e::cve mark::comma
fiyanggū ,	nv::adj mark::comma
du_tang ,	nv::nv mark::comma
giya_jing ni dehi ilaci aniya ninggun biya i orin juwe de baha ha ,	nn::prpn cm::gen nv::nv nv::nv nv::nv nv::nv nv::nv cm::gen nv::nv nv::nv cm::dat verb::vv e::pst.ptcp mark::comma
wa ra ba o ci ,	verb::vv e::npst.ptcp nv::nv verb::vv e::cve mark::comma
tari ha jeku fangkala yangsa me tuta ci ,	verb::vv e::pst.ptcp nv::nv nv::adj verb::vv e::cve verb::vv e::cve mark::comma
duin ba de duin hoton be saha me ,	nv::nv nv::nv cm::dat nv::nv nv::nv cm::acc verb::vv e::cve mark::comma
tere ilan beile i cooha jugūn toso fi ,	nv::nv nv::nv nv::nv cm::gen nv::nv nv::nv verb::vv e::cve mark::comma
nadan tumen cooha be gemu wa ha ,	nv::nv nv::nv nv::nv cm::acc nv::nv verb::vv e::pst.ptcp mark::comma
beile amha se ,	nv::nv nv::nv nv::nv mark::comma
fe_ala de susai duin niru .	nn::prpn cm::dat nv::nv nv::nv nv::nv mark::period
niyalma i jete re jeku be jete rakū ,	nv::nv cm::gen verb::vv e::npst.ptcp nv::nv cm::acc verb::vv e::npst.ptcp.neg mark::comma
i_miyan_šan_wei i du_jy_hūi_tungjy daiju i omolo aluhū ,	nn::prpn cm::gen nv::nv nn::prpn.person cm::gen nv::nv nn::prpn.person mark::comma
dehi dere dasa fi ,	nv::nv nv::nv verb::vv e::cve mark::comma
cooha dosi fi nikan i jase i dolo ilan dedu me bi ci ,	nv::nv verb::vv e::cve nv::nv cm::gen nv::nv cm::gen nv::nv nv::nv verb::vv e::cve verb::vv e::cve mark::comma
han i hecen ci sunja ba i dube de ,	nv::nv cm::gen nv::nv cm::abl nv::nv nv::nv cm::gen nv::nv cm::dat mark::comma
inu sin be han de weile baha fi ,	nv::nv pn::2sg cm::acc nv::nv cm::dat nv::nv verb::vv e::cve mark::comma
bira be doo re kiyoo be efule hebi se re ,	nv::nv cm::acc verb::vv e::npst.ptcp nv::nv cm::acc verb::vv e::fve.prs.prf verb::vv e::npst.ptcp mark::comma
dabduri ,	nv::adj mark::comma
julergi jecen i kuwa_lan_ho ba i niyalma ,	nv::nv nv::nv cm::gen nn::prpn nv::nv cm::gen nv::nv mark::comma
tere inenggi olji icihiya me waji hakū o fi ,	nv::nv nv::nv nv::nv verb::vv e::cve verb::vv e::pst.ptcp.neg verb::vv e::cve mark::comma
nene me ulebu he jeku orho be waji ha de ,	verb::vv e::cve verb::vv e::pst.ptcp nv::nv nv::nv cm::acc verb::vv e::pst.ptcp cm::dat mark::comma
han gosi me uji re de ,	nv::nv verb::vv e::cve verb::vv e::npst.ptcp cm::dat mark::comma
cen_wan_wei be ,	nn::prpn cm::acc mark::comma
han i šajin fafun be suwe ainu jurce he seme weile ara fi ,	nv::nv cm::gen nv::nv nv::nv cm::acc pn::2pl nv::nv verb::vv e::pst.ptcp comp nv::nv verb::vv e::cve mark::comma
indahūci ,	nn::prpn.person mark::comma
dandari ,	nn::prpn.person mark::comma
nikan tuci fi amca ha jušen be ali me gai fi gabta me afa fi ,	nv::nv verb::vv e::cve verb::vv e::pst.ptcp nv::nv cm::acc verb::vv e::cve verb::vv e::cve verb::vv e::cve verb::vv e::cve mark::comma
banji re jurgan waka o ci tafula me tuwa ∅ ,	verb::vv e::npst.ptcp nv::nv nv::adj verb::vv e::cve verb::vv e::cve verb::vv e::fve.imperative mark::comma
sain niyalma tuci fi tulergi deri toso ∅ ,	nv::adj nv::nv verb::vv e::cve nv::nv nv::nv verb::vv e::fve.imperative mark::comma
emte tanggū yan menggun ,	nv::nv nv::nv nv::nv nv::nv mark::comma
geren beile se amban sa duile me hebde fi amasi bithe wesimbu me ,	nv::adj nv::nv nv::nv nv::nv nv::nv verb::vv e::cve verb::vv e::cve nv::nv nv::nv verb::vv e::cve mark::comma
fekumbu re katara ra ji fi ,	verb::vv e::npst.ptcp verb::vv e::npst.ptcp verb::vv e::cve mark::comma
gege de juwe tanggū yan menggun ,	nv::nv cm::dat nv::nv nv::nv nv::nv nv::nv mark::comma
beile se amban sa ,	nv::nv nv::nv nv::nv nv::nv mark::comma
jori ha jurgan be jurce rakū seme beiguwan obu ha .	verb::vv e::pst.ptcp nv::nv cm::acc verb::vv e::npst.ptcp.neg comp nv::nv verb::vv e::pst.ptcp mark::period
juleri niyalma jailabu re nikan ye_bu_šeo i emgi emte jušen be sinda fi ,	nv::nv nv::nv verb::vv e::npst.ptcp nv::nv nv::nv cm::gen nv::nv nv::nv nv::nv cm::acc verb::vv e::cve mark::comma
si amasi gaji ∅ se mbi o .	pn::2sg nv::nv verb::vv e::fve.imperative verb::vv e::fve.npst ptcl mark::period
andarhan ,	nn::prpn.person mark::comma
udai ,	nn::prpn.person mark::comma
jori ha jurgan be jurce rakū seme beiguwan obu ha .	verb::vv e::pst.ptcp nv::nv cm::acc verb::vv e::npst.ptcp.neg comp nv::nv verb::vv e::pst.ptcp mark::period
beile se amban sa suwe ,	nv::nv nv::nv nv::nv nv::nv pn::2pl mark::comma
moo gana ra niyalma seme ,	nv::nv verb::vv e::npst.ptcp nv::nv comp mark::comma
tai tebu me karun sinda me gene he .	nv::nv verb::vv e::cve nv::nv verb::vv e::cve verb::vv e::pst.ptcp mark::period
○ ice ilan de ,	mark::circle nv::adj nv::nv cm::dat mark::comma
gida ha tana nicuhe aika jaka bi ci tucibu fi bu ∅ ,	verb::vv e::pst.ptcp nv::nv nv::nv nv::nv nv::nv verb::vv e::cve verb::vv e::cve verb::vv e::fve.imperative mark::comma
lii_diyan_kui i funde jeku tuwa me juwe kini ,	nn::prpn cm::gen nv::nv nv::nv verb::vv e::cve verb::vv e::fve.opt mark::comma
nikan beidesi jakūn ,	nv::nv nv::nv nv::nv mark::comma
han hendu me ,	nv::nv verb::vv e::cve mark::comma
juwe morin i hadala i cilburi jafa fi te he be ,	nv::nv nv::nv cm::gen nv::nv cm::gen nv::nv verb::vv e::cve verb::vv e::pst.ptcp cm::acc mark::comma
gosi re doro be ume lashala ra ,	verb::vv e::npst.ptcp nv::nv cm::acc nv::nv verb::vv e::npst.ptcp mark::comma
du_jy_hūi_ciyanši cingdehe i jui ahai ,	nv::nv nn::prpn.person cm::gen nv::nv nn::prpn.person mark::comma
muse i cooha i niyalma de hūdukan bodo me bu ∅ .	nv::nv cm::gen nv::nv cm::gen nv::nv cm::dat nv::adj verb::vv e::cve verb::vv e::fve.imperative mark::period
emu dangse be jakūn dangse ara ∅ ,	nv::nv nv::nv cm::acc nv::nv nv::nv verb::vv e::fve.imperative mark::comma
dung_ging hecen i šurde me arfa muji juwen gai fi bu ∅ ,	nn::prpn nv::nv cm::gen verb::vv e::cve nv::nv nv::nv nv::nv verb::vv e::cve verb::vv e::fve.imperative mark::comma
han i tacibu ha tondo fafun be jurce rakū banji ci ,	nv::nv cm::gen verb::vv e::pst.ptcp nv::adj nv::nv cm::acc verb::vv e::npst.ptcp.neg verb::vv e::cve mark::comma
min i juse omosi jalan hala me han de gosibu me wesihun banji kini .	pn::1sg cm::gen nv::nv nv::nv nv::nv verb::vv e::cve nv::nv cm::dat verb::vv e::cve nv::nv verb::vv e::fve.opt mark::period
juwan duin de unggi he ,	nv::nv nv::nv cm::dat verb::vv e::pst.ptcp mark::comma
nikan i cooha hanci ji hekū amasi bedere he ,	nv::nv cm::gen nv::nv nv::adj verb::vv e::pst.ptcp.neg nv::nv verb::vv e::pst.ptcp mark::comma
hada yehe i beile se gemu men i gucu be saikan uji rakū ,	nn::prpn.plc nv::nv cm::gen nv::nv nv::nv nv::nv pn::1pl.excl cm::gen nv::nv cm::acc nv::adj verb::vv e::npst.ptcp.neg mark::comma
beile se de ala ha ,	nv::nv nv::nv cm::dat verb::vv e::pst.ptcp mark::comma
afabu ha weile be mute mbi ,	verb::vv e::pst.ptcp nv::nv cm::acc verb::vv e::fve.npst mark::comma
○ tofohon de ,	mark::circle nv::nv cm::dat mark::comma
sunjacin_bayan ,	nn::prpn mark::comma
enggeder_efu be fude re doro i ojin ,	nn::prpn cm::acc verb::vv e::npst.ptcp nv::nv cm::gen nv::nv mark::comma
tongki fuka sinda ha hergen i dangse .	nv::nv nv::nv verb::vv e::pst.ptcp nv::nv cm::gen nv::nv mark::period
tere cooha de karun i ejen jerde ujula fi amasi dosi fi ,	nv::nv nv::nv cm::dat nv::nv cm::gen nv::nv nv::adj verb::vv e::cve nv::nv verb::vv e::cve mark::comma
ninggun biya i orin ilan de lio_fujiyang de unggi he .	nv::nv nv::nv cm::gen nv::nv nv::nv cm::dat nn::prpn cm::dat verb::vv e::pst.ptcp mark::period
liyoodung ,	nn::prpn.plc mark::comma
niyalma guwe hekū niyalma de menggun i weile kemuni waliya mbi .	nv::nv verb::vv e::pst.ptcp.neg nv::nv cm::dat nv::nv cm::gen nv::nv nv::nv verb::vv e::fve.npst mark::period
beile se amban sa i gisun be eje rakū onggo fi ,	nv::nv nv::nv nv::nv nv::nv cm::gen nv::nv cm::acc verb::vv e::npst.ptcp.neg verb::vv e::cve mark::comma
○ juwan nadan de ,	mark::circle nv::nv nv::nv cm::dat mark::comma
uji rakū wa mbi se ci bi ebu fi aina mbi ,	verb::vv e::npst.ptcp.neg verb::vv e::fve.npst verb::vv e::cve pn::1sg verb::vv e::cve verb::vv e::fve.npst mark::comma
jori ha jurgan be jurce rakū seme beiguwan obu ha .	verb::vv e::pst.ptcp nv::nv cm::acc verb::vv e::npst.ptcp.neg comp nv::nv verb::vv e::pst.ptcp mark::period
tere amga ra be ,	nv::nv verb::vv e::npst.ptcp cm::acc mark::comma
alin i ninggu ci wasihūn gida me gene re de ,	nv::nv cm::gen nv::nv cm::abl nv::nv verb::vv e::cve verb::vv e::npst.ptcp cm::dat mark::comma
buya niyalma suwe ainu gercile rakū ,	nv::adj nv::nv pn::2pl nv::nv verb::vv e::npst.ptcp.neg mark::comma
daha ha niyalma banji mbi ,	verb::vv e::pst.ptcp nv::nv verb::vv e::fve.npst mark::comma
sin de salibu ha gurun adun ,	pn::2sg cm::dat verb::vv e::pst.ptcp nv::nv nv::nv mark::comma
baduri be ,	nn::prpn.person cm::acc mark::comma
han hendu me ,	nv::nv verb::vv e::cve mark::comma
tongki fuka sinda ha hergen i dangse .	nv::nv nv::nv verb::vv e::pst.ptcp nv::nv cm::gen nv::nv mark::period
○ jakūn iogi ,	mark::circle nv::nv nv::nv mark::comma
emu juwe niyalma uthai ume ala ra ,	nv::nv nv::nv nv::nv nv::nv nv::nv verb::vv e::npst.ptcp mark::comma
gisun encu gojime ,	nv::nv nv::nv nv::nv mark::comma
suwen i nikan i han ,	pn::2pl cm::gen nv::nv cm::gen nv::nv mark::comma
tuttu o fi kobtolo ∅ se hebi .	nv::nv verb::vv e::cve verb::vv e::fve.imperative verb::vv e::fve.prs.prf mark::period
uhereme jakūnju emu ,	nv::nv nv::nv nv::nv mark::comma
ere duin seme bithe wesimbu re jaka de ,	nv::nv nv::nv comp nv::nv verb::vv e::npst.ptcp nv::nv cm::dat mark::comma
ama mafa i susu banji ha ba be waliya fi ,	nv::nv nv::nv cm::gen nv::nv verb::vv e::pst.ptcp nv::nv cm::acc verb::vv e::cve mark::comma
bu re šang ni dabala ,	verb::vv e::npst.ptcp nv::nv cm::gen ptcl mark::comma
ai sain seme gūni fi aca habi kai ,	nv::nv nv::adj comp verb::vv e::cve verb::vv e::fve.prs.prf ptcl mark::comma
haha be waha de ,	nv::nv cm::acc nv::nv cm::dat mark::comma
ere gisun be jurce ci ,	nv::nv nv::nv cm::acc verb::vv e::cve mark::comma
suwen i tuba de baha ha olji ,	pn::2pl cm::gen nv::nv cm::dat verb::vv e::pst.ptcp nv::nv mark::comma
sunja amban de unggi he bithe i gisun ,	nv::nv nv::nv cm::dat verb::vv e::pst.ptcp nv::nv cm::gen nv::nv mark::comma
hoifa de emu feye baha ha seme sunjata yan i weile waliya mbi .	nn::prpn.plc cm::dat nv::nv nv::nv verb::vv e::pst.ptcp comp nv::nv nv::nv cm::gen nv::nv verb::vv e::fve.npst mark::period
aita fujiyang ,	nn::prpn.person nv::nv mark::comma
iogi tsanjiyang fakca hakū seme wesihun han de ala ∅ ,	nv::nv nv::nv verb::vv e::pst.ptcp.neg comp nv::nv nv::nv cm::dat verb::vv e::fve.imperative mark::comma
baitala ra aika jaka be ,	verb::vv e::npst.ptcp nv::nv nv::nv cm::acc mark::comma
jalan goro yabu fi koro baha rahū ,	nv::nv nv::nv verb::vv e::cve nv::nv verb::vv e::fve.prv mark::comma
gūwa niru i ba de yabubu ha de ,	nv::nv nv::nv cm::gen nv::nv cm::dat verb::vv e::pst.ptcp cm::dat mark::comma
giya_jing ni dehi duici aniya nadan biya i orin sunja de baha ha ,	nn::prpn cm::gen nv::nv nv::nv nv::nv nv::nv nv::nv cm::gen nv::nv nv::nv cm::dat verb::vv e::pst.ptcp mark::comma
afabu ha weile be mute mbi ,	verb::vv e::pst.ptcp nv::nv cm::acc verb::vv e::fve.npst mark::comma
juwan niyalma be muke ci gai fi benji me ,	nv::nv nv::nv cm::acc nv::nv cm::abl verb::vv e::cve verb::vv e::cve mark::comma
musi ambula arabu ∅ ,	nv::nv nv::nv verb::vv e::fve.imperative mark::comma
usitai niru i conoi janggin i juwan yan i gung faita ha .	nn::prpn.person nv::nv cm::gen nn::prpn.person nv::nv cm::gen nv::nv nv::nv cm::gen nv::nv verb::vv e::pst.ptcp mark::period
guwangning ,	nn::prpn.plc mark::comma
tere lefu aidagan be wa me mute rakū turibu he de ,	nv::nv nv::nv nv::nv cm::acc verb::vv e::cve verb::vv e::npst.ptcp.neg verb::vv e::pst.ptcp cm::dat mark::comma
jafabu ha ,	verb::vv e::pst.ptcp mark::comma
uji he ejen gida fi jai tere alban i ihan be ai de baitala mbi ,	verb::vv e::pst.ptcp nv::nv verb::vv e::cve nv::nv nv::nv nv::nv cm::gen nv::nv cm::acc nv::nv cm::dat verb::vv e::fve.npst mark::comma
te lioi_šūn_keo be gai fi ,	nv::nv nn::prpn cm::acc verb::vv e::cve mark::comma
tuweri gene fi gai ki seme gisure ci ,	nv::nv verb::vv e::cve verb::vv e::fve.opt comp verb::vv e::cve mark::comma
uju jergi iogi de ninggute honin ,	nv::nv nv::nv nv::nv cm::dat nv::nv nv::nv mark::comma
ere yordo ho gebu be buce ci ,	nv::nv verb::vv e::pst.ptcp nv::nv cm::acc verb::vv e::cve mark::comma
bi ere be hairanda ra ngge waka ,	pn::1sg nv::nv cm::acc verb::vv e::npst.ptcp nmlz::nmlz nv::adj mark::comma
jeng_an_pu i boigon be dali me gene he .	nn::prpn cm::gen nv::nv cm::acc verb::vv e::cve verb::vv e::pst.ptcp mark::period
guwangning de anafu tene he amban sa be hala me gene he .	nn::prpn.plc cm::dat nv::nv verb::vv e::pst.ptcp nv::nv nv::nv cm::acc verb::vv e::cve verb::vv e::pst.ptcp mark::period
suwen be waliya fi dosi gene he seme ,	pn::2pl cm::acc verb::vv e::cve nv::nv verb::vv e::pst.ptcp comp mark::comma
aikabade akū ayoo seme niyalma takūra fi baica fi ,	nv::nv nv::adj nv::nv comp nv::nv verb::vv e::cve verb::vv e::cve mark::comma
wargi duka de afa ha hashū ergi duin gūsa i cooha ,	nv::nv nv::nv cm::dat verb::vv e::pst.ptcp nv::nv nv::nv nv::nv nv::nv cm::gen nv::nv mark::comma
nikasa be ,	nv::nv cm::acc mark::comma
benji he sain ,	verb::vv e::pst.ptcp nv::adj mark::comma
hahasi be sinda fi meni meni usin weile ∅ seme unggi he .	nv::nv cm::acc verb::vv e::cve nv::nv nv::nv nv::nv verb::vv e::fve.imperative comp verb::vv e::pst.ptcp mark::period
juwe tanggū orin ulgiyan gaji fi ,	nv::nv nv::nv nv::nv nv::nv verb::vv e::cve mark::comma
juwe tanggū uksin ,	nv::nv nv::nv nv::nv mark::comma
tere gisun de dosi re ngge ajige jui se o ,	nv::nv nv::nv cm::dat verb::vv e::npst.ptcp nmlz::nmlz nv::adj nv::nv nv::nv ptcl mark::comma
min i juse omosi jalan hala me han de gosibu me wesihun banji kini .	pn::1sg cm::gen nv::nv nv::nv nv::nv verb::vv e::cve nv::nv cm::dat verb::vv e::cve nv::nv verb::vv e::fve.opt mark::period
asidarhan ,	nn::prpn.person mark::comma
dulin be gene he cooha i niyalma de bu he ,	nv::adj cm::acc verb::vv e::pst.ptcp nv::nv cm::gen nv::nv cm::dat verb::vv e::pst.ptcp mark::comma
gene he cooha tuilatu de isina ha ngge be dobori amca fi bederebu fi ,	verb::vv e::pst.ptcp nv::nv nn::prpn.plc cm::dat verb::vv e::pst.ptcp nmlz::nmlz cm::acc nv::nv verb::vv e::cve verb::vv e::cve mark::comma
sohon coko aniya juwe biya de ,	nv::adj nv::nv nv::nv nv::nv nv::nv cm::dat mark::comma
sin i emu eme de banji ha juwe jui be doro jafabu fi ,	pn::2sg cm::gen nv::nv nv::nv cm::dat verb::vv e::pst.ptcp nv::nv nv::nv cm::acc nv::nv verb::vv e::cve mark::comma
○ uju mukūn i juwan emuci tatan ,	mark::circle nv::nv nv::nv cm::gen nv::nv nv::nv nv::nv mark::comma
poo miyoocan ,	nv::nv nv::nv mark::comma
han be okdo me amba_hoton gebungge ba de aca ha ,	nv::nv cm::acc verb::vv e::cve nn::prpn nv::adj nv::nv cm::dat verb::vv e::pst.ptcp mark::comma
○ jaisa be ,	mark::circle nn::prpn.person cm::acc mark::comma
dule ke julge i niyalma kai ,	verb::vv e::pst.ptcp nv::nv cm::gen nv::nv ptcl mark::comma
ihan be afabu me bu he jušen nikan i gebu be ara fi bu ∅ ,	nv::nv cm::acc verb::vv e::cve verb::vv e::pst.ptcp nv::nv nv::nv cm::gen nv::nv cm::acc verb::vv e::cve verb::vv e::fve.imperative mark::comma
cooha be geren seme ,	nv::nv cm::acc nv::adj comp mark::comma
jakūmu de bele okdo me benji ∅ .	nn::prpn.plc cm::dat nv::nv verb::vv e::cve verb::vv e::fve.imperative mark::period
wehe i bithe be jase i jaka de ba ba de ilibu me ,	nv::nv cm::gen nv::nv cm::acc nv::nv cm::gen nv::nv cm::dat nv::nv nv::nv cm::dat verb::vv e::cve mark::comma
ere orin ilan boigon be yoo_jeo de tebu he .	nv::nv nv::nv nv::nv nv::nv cm::acc nn::prpn cm::dat verb::vv e::pst.ptcp mark::period
monggo jaisai_beile i beye ,	nv::nv nn::prpn cm::gen nv::nv mark::comma
dergi_mederi de dabsun fuifu me gana fi ,	nn::prpn cm::dat nv::nv verb::vv e::cve verb::vv e::cve mark::comma
juwan ninggun de ,	nv::nv nv::nv cm::dat mark::comma
wan_lii i orin emuci aniya uyun biya i orin ilan de baha ha ,	nn::prpn cm::gen nv::nv nv::nv nv::nv nv::nv nv::nv cm::gen nv::nv nv::nv cm::dat verb::vv e::pst.ptcp mark::comma
gucu jide re niyalma be wa fi uka me gene fi ,	nv::nv verb::vv e::npst.ptcp nv::nv cm::acc verb::vv e::cve verb::vv e::cve verb::vv e::cve mark::comma
○ ice duin de ,	mark::circle nv::adj nv::nv cm::dat mark::comma
ice_hecen i jao_iogi alanji me ,	nn::prpn cm::gen nn::prpn verb::vv e::cve mark::comma
du_tang ni hergen be efule ∅ ,	nv::nv cm::gen nv::nv cm::acc verb::vv e::fve.imperative mark::comma
nikan i cooha olji dende nggele ji he bi ci ,	nv::nv cm::gen nv::nv nv::nv verb::vv e::cve verb::vv e::pst.ptcp verb::vv e::cve mark::comma
ninggun etuku gai habi seme gercile me ji he bi he ,	nv::nv nv::nv verb::vv e::fve.prs.prf comp verb::vv e::cve verb::vv e::pst.ptcp verb::vv e::pst.ptcp mark::comma
isina fi ,	verb::vv e::cve mark::comma
loo de horibu fi weile baha fi bi he niyalma o ci ,	nv::nv cm::dat verb::vv e::cve nv::nv verb::vv e::cve verb::vv e::pst.ptcp nv::nv verb::vv e::cve mark::comma
gemu mujangga seme akdula me hendu he ,	nv::nv nv::adj comp verb::vv e::cve verb::vv e::pst.ptcp mark::comma
ilaci jergi iogi obu ha ,	nv::nv nv::nv nv::nv verb::vv e::pst.ptcp mark::comma
cooha i niyalma ,	nv::nv cm::gen nv::nv mark::comma
hūwašan de ,	nv::nv cm::dat mark::comma
akū yargiyan o ci nakabu kini ,	nv::adj nv::adj verb::vv e::cve verb::vv e::fve.opt mark::comma
jai gabta me bahana ra nadan niyalma de gida jafabu ∅ ,	nv::nv verb::vv e::cve verb::vv e::npst.ptcp nv::nv nv::nv cm::dat nv::nv verb::vv e::fve.imperative mark::comma
tuttu suwen i ehe be daha me šajin i gama ci ,	nv::nv pn::2pl cm::gen nv::adj cm::acc verb::vv e::cve nv::nv cm::gen verb::vv e::cve mark::comma
šusai ,	nv::nv mark::comma
ulha be uji me ,	nv::nv cm::acc verb::vv e::cve mark::comma
sunja amban hebde fi han de ala ha ,	nv::nv nv::nv verb::vv e::cve nv::nv cm::dat verb::vv e::pst.ptcp mark::comma
aisin were ki ,	nv::nv verb::vv e::fve.opt mark::comma
fafun cira ,	nv::nv nv::nv mark::comma
tuttu unggi rakū somi fi bi fi donji ha de ,	nv::nv verb::vv e::npst.ptcp.neg verb::vv e::cve verb::vv e::cve verb::vv e::pst.ptcp cm::dat mark::comma
silun i dahū emte ,	nv::nv cm::gen nv::nv nv::nv mark::comma
suwe ainu da mbi seme han de ala ra jaka de ,	pn::2pl nv::nv verb::vv e::fve.npst comp nv::nv cm::dat verb::vv e::npst.ptcp nv::nv cm::dat mark::comma
sihan ,	nv::nv mark::comma
tuba de ume wa ra .	nv::nv cm::dat nv::nv verb::vv e::npst.ptcp mark::period
juwe honin wa me sarila me fude fi ,	nv::nv nv::nv verb::vv e::cve verb::vv e::cve verb::vv e::cve mark::comma
lumbai ,	nn::prpn.person mark::comma
anggara fujiyang ,	nn::prpn.person nv::nv mark::comma
g'ao_ping de dedu he ,	nn::prpn cm::dat verb::vv e::pst.ptcp mark::comma
wan_lii i nadaci aniya ninggun biya i juwan juwe de baha ha ,	nn::prpn cm::gen nv::nv nv::nv nv::nv nv::nv cm::gen nv::nv nv::nv cm::dat verb::vv e::pst.ptcp mark::comma
gvlmahūn i jaka de te kini ,	nv::nv cm::gen nv::nv cm::dat verb::vv e::fve.opt mark::comma
tere sinda ha amban sa i gebu ,	nv::nv verb::vv e::pst.ptcp nv::nv nv::nv cm::gen nv::nv mark::comma
ihan juwan juwe ,	nv::nv nv::nv nv::nv mark::comma
wa ra weile o ci suwaliya me wa mbi ,	verb::vv e::npst.ptcp nv::nv verb::vv e::cve verb::vv e::cve verb::vv e::fve.npst mark::comma
šun yamji ha ,	nv::nv verb::vv e::pst.ptcp mark::comma
atanggi bi cibe han donji mbi dere ,	nv::nv verb::vv e::cve nv::nv verb::vv e::fve.npst ptcl mark::comma
wa ki ,	verb::vv e::fve.opt mark::comma
hūwašan ,	nv::nv mark::comma
manggūltai_beile i beye ,	nn::prpn cm::gen nv::nv mark::comma
ciyandzung dende me gai ∅ ,	nv::nv verb::vv e::cve verb::vv e::fve.imperative mark::comma
giyang ni bira i gargan de ,	nv::nv cm::gen nv::nv cm::gen nv::nv cm::dat mark::comma
○ sung_šan_pu de ,	mark::circle nn::prpn cm::dat mark::comma
abka min be wakala rahū seme icihiya ra ngge ere inu ,	nv::nv pn::1sg cm::acc verb::vv e::fve.prv comp verb::vv e::npst.ptcp nmlz::nmlz nv::nv nv::nv mark::comma
te he niyalma ,	verb::vv e::pst.ptcp nv::nv mark::comma
juwe jergi buce re weile be guwebu mbi .	nv::nv nv::nv verb::vv e::npst.ptcp nv::nv cm::acc verb::vv e::fve.npst mark::period
ilaci jergi de jajuhū ,	nv::nv nv::nv cm::dat nn::prpn.person mark::comma
cilin i ergi de anafu te me gene he ,	nv::nv cm::gen nv::nv cm::dat nv::nv verb::vv e::cve verb::vv e::pst.ptcp mark::comma
gene he cooha i niyalma ajige ajige wa habi ,	verb::vv e::pst.ptcp nv::nv cm::gen nv::nv nv::adj nv::adj verb::vv e::fve.prs.prf mark::comma
sahaliyan ,	nv::adj mark::comma
juwan honin i yali benji he .	nv::nv nv::nv cm::gen nv::nv verb::vv e::pst.ptcp mark::period
men i sunja tatan i amban asihan beile se geren taiji sa ,	pn::1pl.excl cm::gen nv::nv nv::nv cm::gen nv::nv nv::adj nv::nv nv::nv nv::adj nv::nv nv::nv mark::comma
han de nangnuk i elcin emu ihan gaji me ji he bi he ,	nv::nv cm::dat nn::prpn.person cm::gen nv::nv nv::nv nv::nv verb::vv e::cve verb::vv e::pst.ptcp verb::vv e::pst.ptcp mark::comma
juwan niyalma i gai fi yabu re juwan inenggi deiji re yaha ,	nv::nv nv::nv cm::gen verb::vv e::cve verb::vv e::npst.ptcp nv::nv nv::nv verb::vv e::npst.ptcp nv::nv mark::comma
orin juwe de amasi bošo fi unggi me ,	nv::nv nv::nv cm::dat nv::nv verb::vv e::cve verb::vv e::cve mark::comma
emu mao_wen_lung ni turgun de efuje mbi o ,	nv::nv nn::prpn cm::gen nv::nv cm::dat verb::vv e::fve.npst ptcl mark::comma
ehe sain be dere bani rakū ,	nv::adj nv::adj cm::acc nv::nv verb::vv e::npst.ptcp.neg mark::comma
bai me ji he gung ,	verb::vv e::cve verb::vv e::pst.ptcp nv::nv mark::comma
saina acan ben_teo_wei i du_jy_hūi_ciyanši sitehe i jui hara_babai ,	nn::prpn.person nv::nv nn::prpn cm::gen nv::nv nn::prpn.person cm::gen nv::nv nn::prpn mark::comma
hebeše re beile se ,	verb::vv e::npst.ptcp nv::nv nv::nv mark::comma
eigen i loho be jafa fi juleri tafa fi ,	nv::nv cm::gen nv::nv cm::acc verb::vv e::cve nv::nv verb::vv e::cve mark::comma
cahar i aohan i monggo juwan yafahan ninggun morin i niyalma ,	nn::prpn.plc cm::gen nn::prpn.plc cm::gen nv::nv nv::nv nv::adj nv::nv nv::nv cm::gen nv::nv mark::comma
min i kadala ra emu jalan i sunja niru i cooha be fujiyang ci fakca rakū ,	pn::1sg cm::gen verb::vv e::npst.ptcp nv::nv nv::nv cm::gen nv::nv nv::nv cm::gen nv::nv cm::acc nv::nv cm::abl verb::vv e::npst.ptcp.neg mark::comma
sahaliyan indahūn aniya i jakūn biya i juwan uyun de ,	nv::adj nv::nv nv::nv cm::gen nv::nv nv::nv cm::gen nv::nv nv::nv cm::dat mark::comma
kalka ,	nv::nv mark::comma
cooha jura ka ,	nv::nv verb::vv e::pst.ptcp mark::comma
han ,	nv::nv mark::comma
yaya niyalma i baru tuci ci ,	nv::nv nv::nv cm::gen nv::nv verb::vv e::cve mark::comma
unca ra niyalma gemu tere pu de uncana kini ,	verb::vv e::npst.ptcp nv::nv nv::nv nv::nv nv::nv cm::dat verb::vv e::fve.opt mark::comma
emu niru i ilata niyalma be ,	nv::nv nv::nv cm::gen nv::nv nv::nv cm::acc mark::comma
ula de morin emu feye gidalabu ha seme ,	nv::nv cm::dat nv::nv nv::nv nv::nv verb::vv e::pst.ptcp comp mark::comma
poo ,	nv::nv mark::comma
lenggeri ,	nv::nv mark::comma
alanji rakū ainu waji mbi ,	verb::vv e::npst.ptcp.neg nv::nv verb::vv e::fve.npst mark::comma
andala ilan ba i cooha be gemu gida ha ,	nv::nv nv::nv nv::nv cm::gen nv::nv cm::acc nv::nv verb::vv e::pst.ptcp mark::comma
toktoi ,	nn::prpn.person mark::comma
eihen yalubu fi ,	nv::nv verb::vv e::cve mark::comma
uju niyalma de ilan yan ,	nv::nv nv::nv cm::dat nv::nv nv::nv mark::comma
suwen i ciha i icihiya ∅ ,	pn::2pl cm::gen nv::nv cm::gen verb::vv e::fve.imperative mark::comma
niowanggiyaha de jugūn dasa me gene fi isinji ha .	nn::prpn.plc cm::dat nv::nv verb::vv e::cve verb::vv e::cve verb::vv e::pst.ptcp mark::period
dailiyoo i tiyan_dzo_han be weihun jafa fi ,	nn::prpn.plc cm::gen nn::prpn cm::acc nv::adj verb::vv e::cve mark::comma
ingtori emu fan benji he .	nv::nv nv::nv nv::nv verb::vv e::pst.ptcp mark::period
toolai ,	nn::prpn.person mark::comma
darhan_hiya juwe minggan cooha gai fi ,	nn::prpn nv::nv nv::nv nv::nv verb::vv e::cve mark::comma
mu_cang_i_pu i šulhe moo jakūnju duin ,	nn::prpn cm::gen nv::nv nv::nv nv::nv nv::nv mark::comma
juse omosi jalan hala me gosi re doro be ume lashala ra .	nv::nv nv::nv nv::nv verb::vv e::cve verb::vv e::npst.ptcp nv::nv cm::acc nv::nv verb::vv e::npst.ptcp mark::period
han de geren fujisa hengkile me aca ha ,	nv::nv cm::dat nv::adj nv::nv verb::vv e::cve verb::vv e::pst.ptcp mark::comma
duici jergi de tofohoto ,	nv::nv nv::nv cm::dat nv::nv mark::comma
jori ha jurgan be jurce rakū seme ,	verb::vv e::pst.ptcp nv::nv cm::acc verb::vv e::npst.ptcp.neg comp mark::comma
morin i dele jafa fi saci me wa ha ,	nv::nv cm::gen nv::nv verb::vv e::cve verb::vv e::cve verb::vv e::pst.ptcp mark::comma
doo fi ,	verb::vv e::cve mark::comma
jori ha jurgan be jurce rakū seme ,	verb::vv e::pst.ptcp nv::nv cm::acc verb::vv e::npst.ptcp.neg comp mark::comma
han i afabu ha jurgan be ,	nv::nv cm::gen verb::vv e::pst.ptcp nv::nv cm::acc mark::comma
busan dzung_bing_guwan ,	nn::prpn.person nv::nv mark::comma
šoto_taiji ,	nn::prpn mark::comma
gida i toko ro ,	nv::nv cm::gen verb::vv e::npst.ptcp mark::comma
nikan i hacin hacin i efi re niyalma be gaji fi efibu me ,	nv::nv cm::gen nv::nv nv::nv cm::gen verb::vv e::npst.ptcp nv::nv cm::acc verb::vv e::cve verb::vv e::cve mark::comma
jai coko ulhūma ,	nv::nv nv::nv nv::nv mark::comma
gurun jobo mbi seme ,	nv::nv verb::vv e::fve.npst comp mark::comma
ahūtu be ,	nn::prpn.person cm::acc mark::comma
sele_age be beiguwan i hergen be efule fi ,	nn::prpn cm::acc nv::nv cm::gen nv::nv cm::acc verb::vv e::cve mark::comma
jušen be maituša mbi seme maitu dagila ha ,	nv::nv cm::acc verb::vv e::fve.npst comp nv::nv verb::vv e::pst.ptcp mark::comma
ba i niyalma de fonji ci abala habi ,	nv::nv cm::gen nv::nv cm::dat verb::vv e::cve verb::vv e::fve.prs.prf mark::comma
jušen i morin tarhūn ,	nv::nv cm::gen nv::nv nv::adj mark::comma
nikan i wang_guwe_cen de uda ha ,	nv::nv cm::gen nn::prpn cm::dat verb::vv e::pst.ptcp mark::comma
sebun i cooha uhereme emu tumen funce re cooha ,	nn::prpn.person cm::gen nv::nv nv::nv nv::nv nv::nv verb::vv e::npst.ptcp nv::nv mark::comma
honin duin tanggū ,	nv::nv nv::nv nv::nv mark::comma
jargūci ,	nv::nv mark::comma
○ busan be ,	mark::circle nn::prpn.person cm::acc mark::comma
sin i boo i duka be sain akdun niyalma be geren tucibu fi tuwakiyabu ∅ ,	pn::2sg cm::gen nv::nv cm::gen nv::nv cm::acc nv::adj nv::adj nv::nv cm::acc nv::adj verb::vv e::cve verb::vv e::fve.imperative mark::comma
wang_iogi ,	nn::prpn mark::comma
tanggū boigon ara ha ,	nv::nv nv::nv verb::vv e::pst.ptcp mark::comma
hai_jeo i tsanjiyang de unggi he bithe ,	nn::prpn cm::gen nv::nv cm::dat verb::vv e::pst.ptcp nv::nv mark::comma
munggatu de afabu me bu ∅ ,	nn::prpn.person cm::dat verb::vv e::cve verb::vv e::fve.imperative mark::comma
korcin i ooba_taiji i baru doro jafa me ,	nn::prpn.plc cm::gen nn::prpn cm::gen nv::nv nv::nv verb::vv e::cve mark::comma
ete re niyalma be ere cooha kadala ci ete mbi ,	verb::vv e::npst.ptcp nv::nv cm::acc nv::nv nv::nv verb::vv e::cve verb::vv e::fve.npst mark::comma
jai jergi tsanjiyang obu ha ,	nv::nv nv::nv nv::nv verb::vv e::pst.ptcp mark::comma
nimanggi nimara ha .	nv::nv verb::vv e::pst.ptcp mark::period
jakūci jergi sonjo ho bayara i cooha i kiru i ejete de ,	nv::nv nv::nv verb::vv e::pst.ptcp nv::nv cm::gen nv::nv cm::gen nv::nv cm::gen nv::nv cm::dat mark::comma
guwangning ni niyalma afa hakū laba bileri fulgiye me niyaman hūncihin i gese okdo ko ,	nn::prpn.plc cm::gen nv::nv verb::vv e::pst.ptcp.neg nv::nv nv::nv verb::vv e::cve nv::nv nv::nv cm::gen nv::nv verb::vv e::pst.ptcp mark::comma
fulu morin be muse i ba de unggi ∅ ,	nv::nv nv::nv cm::acc nv::nv cm::gen nv::nv cm::dat verb::vv e::fve.imperative mark::comma
niru i ejen beide be ,	nv::nv cm::gen nv::nv nn::prpn.person cm::acc mark::comma
in i cisu i encule me yabu re gurun kai ,	pn::3sg cm::gen nv::nv cm::gen verb::vv e::cve verb::vv e::npst.ptcp nv::nv ptcl mark::comma
ere jide re solho be okdo me jafa fi faksala fi fonji ∅ ,	nv::nv verb::vv e::npst.ptcp nv::nv cm::acc verb::vv e::cve verb::vv e::cve verb::vv e::cve verb::vv e::fve.imperative mark::comma
ufa tubihe be bu fi unggi he .	nv::nv nv::nv cm::acc verb::vv e::cve verb::vv e::pst.ptcp mark::period
ehe sain be dere bani rakū ,	nv::adj nv::adj cm::acc nv::nv verb::vv e::npst.ptcp.neg mark::comma
gūwa be boigon ara fi gaji ∅ seme unggi he ,	nv::nv cm::acc nv::nv verb::vv e::cve verb::vv e::fve.imperative comp verb::vv e::pst.ptcp mark::comma
jai ci_giya_pu i niyalma ,	nv::nv nn::prpn cm::gen nv::nv mark::comma
suwen be dere bani fi ,	pn::2pl cm::acc nv::nv verb::vv e::cve mark::comma
bahūn ,	nn::prpn.person mark::comma
ice juwe de simiyan i iogi de wasimbu ha ,	nv::adj nv::nv cm::dat nn::prpn.plc cm::gen nv::nv cm::dat verb::vv e::pst.ptcp mark::comma
uyunju_abagai_fujin be gama fi ,	nn::prpn cm::acc verb::vv e::cve mark::comma
ebugedei_hūwang_taiji ,	nn::prpn mark::comma
cilin ,	nv::nv mark::comma
ninggun uju ,	nv::nv nv::nv mark::comma
janggalji ,	nn::prpn.person mark::comma
aiha i ergi saimagi de isi tala sara fi ,	nv::nv cm::gen nv::nv nn::prpn.plc cm::dat verb::vv e::cve verb::vv e::cve mark::comma
jeku orho de uthai ji ci antaka ,	nv::nv nv::nv cm::dat nv::nv verb::vv e::cve nv::nv mark::comma
piyanpiyan ,	nn::prpn.person mark::comma
guwangning ni ba i jeku juwe fi tsang de sinda kini ,	nn::prpn.plc cm::gen nv::nv cm::gen nv::nv verb::vv e::cve nv::nv cm::dat verb::vv e::fve.opt mark::comma
juse hehesi de ana me gemu ebi tele ulebu me sokto tolo omibu me sarila fi ji he ,	nv::nv nv::nv cm::dat verb::vv e::cve nv::nv verb::vv e::cve verb::vv e::cve verb::vv e::cve verb::vv e::cve verb::vv e::cve verb::vv e::pst.ptcp mark::comma
takūra ra elcin de hendu fi unggi re gisun ,	verb::vv e::npst.ptcp nv::nv cm::dat verb::vv e::cve verb::vv e::npst.ptcp nv::nv mark::comma
gangguri ,	nn::prpn.person mark::comma
inenggi dobori akū idu banjibu fi saikan sere me suwele ∅ ,	nv::nv nv::nv nv::adj nv::nv verb::vv e::cve nv::adj verb::vv e::cve verb::vv e::fve.imperative mark::comma
tofohoto yan i weile gai ha .	nv::nv nv::nv cm::gen nv::nv verb::vv e::pst.ptcp mark::period
getei ,	nn::prpn.person mark::comma
juwan duin ihan benji re unde ,	nv::nv nv::nv nv::nv verb::vv e::npst.ptcp nv::nv mark::comma
etu he etuku ,	verb::vv e::pst.ptcp nv::nv mark::comma
muse juwe nofi dain akū bi he ,	pn::1pl.incl nv::nv nv::nv nv::nv nv::adj verb::vv e::pst.ptcp mark::comma
in i boo i teile be ,	pn::3sg cm::gen nv::nv cm::gen nv::nv cm::acc mark::comma
sui akū geren ainu buce mbi seme hendu re gisun ere inu ,	nv::nv nv::adj nv::adj nv::nv verb::vv e::fve.npst comp verb::vv e::npst.ptcp nv::nv nv::nv nv::nv mark::comma
jori ha jurgan be jurce rakū seme beiguwan obu ha .	verb::vv e::pst.ptcp nv::nv cm::acc verb::vv e::npst.ptcp.neg comp nv::nv verb::vv e::pst.ptcp mark::period
mujilen tondo beile se i juleri ejini emu kemuni fafula ra kadala ra hendu re sain niyalma be ,	nv::nv nv::adj nv::nv nv::nv cm::gen nv::nv nv::nv nv::nv nv::nv verb::vv e::npst.ptcp verb::vv e::npst.ptcp verb::vv e::npst.ptcp nv::adj nv::nv cm::acc mark::comma
honin ,	nv::nv mark::comma
sio_yan i ba be hoton ara mbi seme tuwana fi ji he .	nn::prpn cm::gen nv::nv cm::acc nv::nv verb::vv e::fve.npst comp verb::vv e::cve verb::vv e::pst.ptcp mark::period
○ ice duin de ,	mark::circle nv::adj nv::nv cm::dat mark::comma
luwan_jeo ci yung_ping de takūra ha bi he ,	nn::prpn cm::abl nn::prpn cm::dat verb::vv e::pst.ptcp verb::vv e::pst.ptcp mark::comma
tere i gese ba ba de te he cooha i niyalma ,	nv::nv cm::gen nv::nv nv::nv nv::nv cm::dat verb::vv e::pst.ptcp nv::nv cm::gen nv::nv mark::comma
ilan minggan olji gaji fi ,	nv::nv nv::nv nv::nv verb::vv e::cve mark::comma
○ šusai be ,	mark::circle nv::nv cm::acc mark::comma
han i hecen de ala me ,	nv::nv cm::gen nv::nv cm::dat verb::vv e::cve mark::comma
eidu_baturu gebungge amban be ejen ara fi unggi fi ,	nn::prpn nv::adj nv::nv cm::acc nv::nv verb::vv e::cve verb::vv e::cve mark::comma
○ ice ninggun i inenggi gvlmahūn erin de ,	mark::circle nv::adj nv::nv cm::gen nv::nv nv::nv nv::nv cm::dat mark::comma
yaya cooha tuci fi yabu re de ,	nv::nv nv::nv verb::vv e::cve verb::vv e::npst.ptcp cm::dat mark::comma
daha mbi se ci daha ∅ ,	verb::vv e::fve.npst verb::vv e::cve verb::vv e::fve.imperative mark::comma
dabu me juwan suje ,	verb::vv e::cve nv::nv nv::nv mark::comma
uyun ihan ,	nv::nv nv::nv mark::comma
amba age gosi me uji kini seme hendu he bi he ,	nv::adj nv::nv verb::vv e::cve verb::vv e::fve.opt comp verb::vv e::pst.ptcp verb::vv e::pst.ptcp mark::comma
han de aca ra de ,	nv::nv cm::dat verb::vv e::npst.ptcp cm::dat mark::comma
in i hūsun bu he be bithe wesimbu re jaka de ,	pn::3sg cm::gen nv::nv verb::vv e::pst.ptcp cm::acc nv::nv verb::vv e::npst.ptcp nv::nv cm::dat mark::comma
wa ha seme waji rakū ,	verb::vv e::pst.ptcp comp verb::vv e::npst.ptcp.neg mark::comma
han de waka sabu fi weile baha fi boo yada kini ,	nv::nv cm::dat nv::adj verb::vv e::cve nv::nv verb::vv e::cve nv::nv verb::vv e::fve.opt mark::comma
kemuni in i nikan gurun i kooli amba ajige hafan ilibu fi ,	nv::nv pn::3sg cm::gen nv::nv nv::nv cm::gen nv::nv nv::adj nv::adj nv::nv verb::vv e::cve mark::comma
cen i ehe de buce kini seme bai ha manggi ,	pn::3pl cm::gen nv::adj cm::dat verb::vv e::fve.opt comp verb::vv e::pst.ptcp nv::nv mark::comma
io_dzung_bing_guwan ,	nn::prpn mark::comma
ai ai ba de yabu ci ,	nv::nv nv::nv nv::nv cm::dat verb::vv e::cve mark::comma
sejen ,	nv::nv mark::comma
giya_jing ni gūsin jakūci aniya jakūn biya i orin emu de baha ha ,	nn::prpn cm::gen nv::nv nv::nv nv::nv nv::nv nv::nv cm::gen nv::nv nv::nv cm::dat verb::vv e::pst.ptcp mark::comma
tere duin amban in i beye facuhūn yabu ci ,	nv::nv nv::nv nv::nv pn::3sg cm::gen nv::nv nv::adj verb::vv e::cve mark::comma
nikan de da fi ji he cooha i jafabu ha amba ajige hafasa be uji he seme ,	nv::nv cm::dat verb::vv e::cve verb::vv e::pst.ptcp nv::nv cm::gen verb::vv e::pst.ptcp nv::adj nv::adj nv::nv cm::acc verb::vv e::pst.ptcp comp mark::comma
ginggule me onggo rakū gūni me ,	verb::vv e::cve verb::vv e::npst.ptcp.neg verb::vv e::cve mark::comma
wanggiya ,	nn::prpn.person mark::comma
han de hengkile me aca ha ,	nv::nv cm::dat verb::vv e::cve verb::vv e::pst.ptcp mark::comma
ai ai uda ra unca ra jaka be hūda salibu fi ,	nv::nv nv::nv verb::vv e::npst.ptcp verb::vv e::npst.ptcp nv::nv cm::acc nv::nv verb::vv e::cve mark::comma
aisu janggin ,	nn::prpn.person nv::nv mark::comma
ineku tere ice inenggi ,	nv::nv nv::nv nv::adj nv::nv mark::comma
min i juse omosi be ,	pn::1sg cm::gen nv::nv nv::nv cm::acc mark::comma
aisin_gioro halangga niyalma de gala isi ka kooli akū ci ,	nn::prpn nv::adj nv::nv cm::dat nv::nv verb::vv e::pst.ptcp nv::nv verb::vv e::cve mark::comma
beile be bai me hūdun amca me gene hekū ,	nv::nv cm::acc verb::vv e::cve nv::adj verb::vv e::cve verb::vv e::pst.ptcp.neg mark::comma
tanggūdai_age de ,	nn::prpn cm::dat mark::comma
yehe min i yabu ha sargan be ,	nv::nv pn::1sg cm::gen verb::vv e::pst.ptcp nv::nv cm::acc mark::comma
bada ,	nv::adj mark::comma
beile se i juse gene kini se he bi he ,	nv::nv nv::nv cm::gen nv::nv verb::vv e::fve.opt verb::vv e::pst.ptcp verb::vv e::pst.ptcp mark::comma
emu gisun be holto fi jai adarame bi mbi ,	nv::nv nv::nv cm::acc verb::vv e::cve nv::nv nv::nv verb::vv e::fve.npst mark::comma
nene me donji ha medege be ,	verb::vv e::cve verb::vv e::pst.ptcp nv::nv cm::acc mark::comma
weile baha hakū ,	nv::nv verb::vv e::pst.ptcp.neg mark::comma
gašan i niyalma de menggun gaija ra jaka de ,	nv::nv cm::gen nv::nv cm::dat nv::nv verb::vv e::npst.ptcp nv::nv cm::dat mark::comma
geren beile se i elcin inu ji hekū lakca habi ,	nv::adj nv::nv nv::nv cm::gen nv::nv nv::nv verb::vv e::pst.ptcp.neg verb::vv e::fve.prs.prf mark::comma
niyaman hūncihin seme harša rakū ,	nv::nv nv::nv comp verb::vv e::npst.ptcp.neg mark::comma
baindari hecen i iogi be wesibu fi ilaci jergi tsanjiyang obu ha ,	nn::prpn.person nv::nv cm::gen nv::nv cm::acc verb::vv e::cve nv::nv nv::nv nv::nv verb::vv e::pst.ptcp mark::comma
asan ,	nn::prpn.person mark::comma
jai dasa me anggū ,	nv::nv verb::vv e::cve nn::prpn.person mark::comma
○ nadan_fere i sunja i tokso ,	mark::circle nn::prpn cm::gen nv::nv cm::gen nv::nv mark::comma
ninggun tanggū morin i cooha be olhon be gene ∅ seme hendu fi unggi he ,	nv::nv nv::nv nv::nv cm::gen nv::nv cm::acc nv::nv cm::acc verb::vv e::fve.imperative comp verb::vv e::cve verb::vv e::pst.ptcp mark::comma
gunji ,	nn::prpn.person mark::comma
ninggun morin ,	nv::nv nv::nv mark::comma
cargi niyalma gemu casi burula mbi ,	nv::nv nv::nv nv::nv nv::nv verb::vv e::fve.npst mark::comma
omi fi tenteke jaka baha ha ,	verb::vv e::cve nv::nv nv::nv verb::vv e::pst.ptcp mark::comma
nimalan i hoton de juleri gai fi afa ha seme ,	nv::nv cm::gen nv::nv cm::dat nv::nv verb::vv e::cve verb::vv e::pst.ptcp comp mark::comma
juwan boigon ulha gaji me uka me ji he .	nv::nv nv::nv nv::nv verb::vv e::cve verb::vv e::cve verb::vv e::pst.ptcp mark::period
yahican ,	nn::prpn.person mark::comma
emu cekemu ,	nv::nv nv::nv mark::comma
wesihun wasihūn amasi julesi boigon guri me gene re niyalma i jeku be ,	nv::nv nv::nv nv::nv nv::nv nv::nv verb::vv e::cve verb::vv e::npst.ptcp nv::nv cm::gen nv::nv cm::acc mark::comma
○ maktu be ,	mark::circle nn::prpn.person cm::acc mark::comma
han i pai be gai fi ,	nv::nv cm::gen nv::nv cm::acc verb::vv e::cve mark::comma
si ainu juleri yabu me jabdu mbi ,	pn::2sg nv::nv nv::nv verb::vv e::cve verb::vv e::fve.npst mark::comma
sin i ici ojo ro seme gisure me ,	pn::2sg cm::gen nv::nv verb::vv e::npst.ptcp comp verb::vv e::cve mark::comma
wengkei si emu niru i juwete uksin i niyalma be gai fi ,	nn::prpn.person pn::2sg nv::nv nv::nv cm::gen nv::nv nv::nv cm::gen nv::nv cm::acc verb::vv e::cve mark::comma
babuhai ,	nn::prpn.person mark::comma
taka banji re beye seme weihuken doro ilibu ci geli antaka ,	nv::nv verb::vv e::npst.ptcp nv::nv comp nv::adj nv::nv verb::vv e::cve nv::nv nv::nv mark::comma
aisin han i doro be baha habi ,	nv::nv nv::nv cm::gen nv::nv cm::acc verb::vv e::fve.prs.prf mark::comma
○ ice juwe de ,	mark::circle nv::adj nv::nv cm::dat mark::comma
mederi tun ci gaji ha tumen olji be ,	nv::nv nv::nv cm::abl verb::vv e::pst.ptcp nv::nv nv::nv cm::acc mark::comma
facuhūn o mbi ,	nv::adj verb::vv e::fve.npst mark::comma
tere nadan koro ,	nv::nv nv::nv nv::nv mark::comma
jakūn cacari ca fi ,	nv::nv nv::nv verb::vv e::cve mark::comma
ebi he niyalma i balama waliya me jete re anggala ,	verb::vv e::pst.ptcp nv::nv cm::gen nv::adj verb::vv e::cve verb::vv e::npst.ptcp nv::nv mark::comma
hetu sa ha niyalma gai ∅ ,	nv::adj verb::vv e::pst.ptcp nv::nv verb::vv e::fve.imperative mark::comma
akū se he seme dabu rakū ,	nv::adj verb::vv e::pst.ptcp comp verb::vv e::npst.ptcp.neg mark::comma
jai cimari erde ,	nv::nv nv::nv nv::nv mark::comma
beri jebele asha ha bi he o seme fonji ci ,	nv::nv nv::nv verb::vv e::pst.ptcp verb::vv e::pst.ptcp ptcl comp verb::vv e::cve mark::comma
jase bitu me te he sunja iogi de wasimbu ∅ ,	nv::nv verb::vv e::cve verb::vv e::pst.ptcp nv::nv nv::nv cm::dat verb::vv e::fve.imperative mark::comma
yehe i beile se amban ajigen seme emke be hono uji re ngge waka bi he kai ,	nv::nv cm::gen nv::nv nv::nv nv::nv nv::adj comp nv::nv cm::acc nv::nv verb::vv e::npst.ptcp nmlz::nmlz nv::adj verb::vv e::pst.ptcp ptcl mark::comma
dain i ekše re medege o ci ,	nv::nv cm::gen verb::vv e::npst.ptcp nv::nv verb::vv e::cve mark::comma
enggeder de weile se ci ,	nn::prpn.person cm::dat nv::nv verb::vv e::cve mark::comma
be ,	pn::1pl.excl mark::comma
na sengse kini ,	nv::nv verb::vv e::fve.opt mark::comma
gašan de o ci tondo akū ,	nv::nv cm::dat verb::vv e::cve nv::adj nv::adj mark::comma
emu jergi buce re weile be guwebu mbi .	nv::nv nv::nv verb::vv e::npst.ptcp nv::nv cm::acc verb::vv e::fve.npst mark::period
○ ice ilan de ,	mark::circle nv::adj nv::nv cm::dat mark::comma
neici_han i elcin ji fi geli hendu me ,	nn::prpn cm::gen nv::nv verb::vv e::cve nv::nv verb::vv e::cve mark::comma
te ere coko aniya ,	nv::nv nv::nv nv::nv nv::nv mark::comma
ere ukanju min i jecen i gurun i sunja niyalma be wa habi ,	nv::nv nv::nv pn::1sg cm::gen nv::nv cm::gen nv::nv cm::gen nv::nv nv::nv cm::acc verb::vv e::fve.prs.prf mark::comma
suwe jafa fi benji cina ,	pn::2pl verb::vv e::cve verb::vv e::fve.opt mark::comma
han fonji me ,	nv::nv verb::vv e::cve mark::comma
○ tanggūdai_age i gūsa i nirungga niru i emu niyalma ,	mark::circle nn::prpn cm::gen nv::nv cm::gen nn::prpn.person nv::nv cm::gen nv::nv nv::nv mark::comma
gurun irgen inu ere be akū o ho de ,	nv::nv nv::nv nv::nv nv::nv cm::acc nv::adj verb::vv e::pst.ptcp cm::dat mark::comma
duin baksan i dosi fi bata be gida ha ,	nv::nv nv::nv cm::gen verb::vv e::cve nv::nv cm::acc verb::vv e::pst.ptcp mark::comma
giyaha weji de morin gemu ilinja me gene he ,	nn::prpn.plc nv::nv cm::dat nv::nv nv::nv verb::vv e::cve verb::vv e::pst.ptcp mark::comma
hai_si ba_ta_wei i du_jy_hūi_ciyanši asitan i omolo usita ,	nn::prpn nn::prpn cm::gen nv::nv nn::prpn.person cm::gen nv::nv nn::prpn.person mark::comma
emu moro de senggi ,	nv::nv nv::nv cm::dat nv::nv mark::comma
den hashan i boo de hori mbi ,	nv::adj nv::nv cm::gen nv::nv cm::dat verb::vv e::fve.npst mark::comma
andala niyalma ucara fi jafa ci tuwabu ∅ seme unggi he .	nv::nv nv::nv verb::vv e::cve verb::vv e::cve verb::vv e::fve.imperative comp verb::vv e::pst.ptcp mark::period
juwe feye gabtabu ha seme nadan yan i weile waliya mbi ,	nv::nv nv::nv verb::vv e::pst.ptcp comp nv::nv nv::nv cm::gen nv::nv verb::vv e::fve.npst mark::comma
yahican ,	nn::prpn.person mark::comma
jeku uda fi gama ra siden de ,	nv::nv verb::vv e::cve verb::vv e::npst.ptcp nv::nv cm::dat mark::comma
tung juwe efu i baru hebeše me dube jecen i akdun akū ba be saikan tuwakiyabu ∅ ,	nv::nv nv::nv nv::nv cm::gen nv::nv verb::vv e::cve nv::nv nv::nv cm::gen nv::adj nv::adj nv::nv cm::acc nv::adj verb::vv e::fve.imperative mark::comma
ikina iogi daise fujiyang ,	nn::prpn.person nv::nv nv::nv nv::nv mark::comma
borjin_hiya ,	nn::prpn mark::comma
tuba be gūni fi ,	nv::nv cm::acc verb::vv e::cve mark::comma
tere be naka fi oforo šan be toko ho ,	nv::nv cm::acc verb::vv e::cve nv::nv nv::nv cm::acc verb::vv e::pst.ptcp mark::comma
fulu be unggi ∅ ,	nv::nv cm::acc verb::vv e::fve.imperative mark::comma
han de waka sabu fi weile baha fi boo yada kini ,	nv::nv cm::dat nv::adj verb::vv e::cve nv::nv verb::vv e::cve nv::nv verb::vv e::fve.opt mark::comma
babun ,	nv::nv mark::comma
asot yungsiyebu emu tumen ,	nn::prpn.plc nn::prpn.plc nv::nv nv::nv mark::comma
men be taka ara fi amtan akū ume gūni re ,	pn::1pl.excl cm::acc nv::nv verb::vv e::cve nv::nv nv::adj nv::nv verb::vv e::npst.ptcp mark::comma
juwe tanggū orin hule jeku ,	nv::nv nv::nv nv::nv nv::nv nv::nv mark::comma
julge i ufara ha jabša ha kooli be fete me hendu me bithe ara fi gisure ci ,	nv::nv cm::gen verb::vv e::pst.ptcp verb::vv e::pst.ptcp nv::nv cm::acc verb::vv e::cve verb::vv e::cve nv::nv verb::vv e::cve verb::vv e::cve mark::comma
cen i beye be abka i jui obu fi ,	pn::3pl cm::gen nv::nv cm::acc nv::nv cm::gen nv::nv verb::vv e::cve mark::comma
goho be erdemu akū bi cibe ,	nn::prpn.plc cm::acc nv::nv nv::adj verb::vv e::cve mark::comma
fulgiyaha de emu feye ,	nn::prpn.plc cm::dat nv::nv nv::nv mark::comma
šanggiyan_hada ,	nn::prpn mark::comma
juwe minggan cooha gai fi ,	nv::nv nv::nv nv::nv verb::vv e::cve mark::comma
tere cooha be wa me waji re ngge gese o ho ,	nv::nv nv::nv cm::acc verb::vv e::cve verb::vv e::npst.ptcp nmlz::nmlz nv::nv verb::vv e::pst.ptcp mark::comma
weile i uru waka be tondo i beidebu me an kooli be ara ha .	nv::nv cm::gen nv::nv nv::adj cm::acc nv::adj cm::gen verb::vv e::cve nv::nv nv::nv cm::acc verb::vv e::pst.ptcp mark::period
sele_ho_wei i du_jy_hūi_tungjy nelge i jui sacibu ,	nn::prpn cm::gen nv::nv nn::prpn.person cm::gen nv::nv nn::prpn.person mark::comma
seoken ,	nn::prpn.person mark::comma
tsanjiyang ,	nv::nv mark::comma
boigon guri me axša fi ji mbi ,	nv::nv verb::vv e::cve verb::vv e::cve verb::vv e::fve.npst mark::comma
ojo rakū ,	verb::vv e::npst.ptcp.neg mark::comma
tere yamji jang_i_jan i hecen de dosi fi dedu he ,	nv::nv nv::nv nn::prpn cm::gen nv::nv cm::dat verb::vv e::cve verb::vv e::pst.ptcp mark::comma
sure_kundulen_han i cooha ,	nn::prpn cm::gen nv::nv mark::comma
sin i muse juwe nofi waka uru be abka sa mbi dere ,	pn::2sg cm::gen pn::1pl.incl nv::nv nv::nv nv::adj nv::nv cm::acc nv::nv verb::vv e::fve.npst ptcl mark::comma
ahūn aša ,	nv::nv nv::nv mark::comma
jugūn tuwakiya ha niyalma ilibu fi ,	nv::nv verb::vv e::pst.ptcp nv::nv verb::vv e::cve mark::comma
tondo šajin i banji mbi ,	nv::adj nv::nv cm::gen verb::vv e::fve.npst mark::comma
duin tala de gemu dain kai ,	nv::nv nv::nv cm::dat nv::nv nv::nv ptcl mark::comma
šanggiyan derhi sekte fi ,	nv::nv nv::nv verb::vv e::cve mark::comma
šumuru min i beye i sui de wasi kini ,	nn::prpn.person pn::1sg cm::gen nv::nv cm::gen nv::nv cm::dat verb::vv e::fve.opt mark::comma
si menggun aisin suje gecuheri neme me bu me aca ∅ ,	pn::2sg nv::nv nv::nv nv::nv nv::nv verb::vv e::cve verb::vv e::cve verb::vv e::fve.imperative mark::comma
jeku gemu unca habi ,	nv::nv nv::nv verb::vv e::fve.prs.prf mark::comma
suwe gaija ra jeku be tondo i gai ∅ ,	pn::2pl verb::vv e::npst.ptcp nv::nv cm::acc nv::adj cm::gen verb::vv e::fve.imperative mark::comma
dedu he alin ci wasi fi jeku tū ∅ ,	verb::vv e::pst.ptcp nv::nv cm::abl verb::vv e::cve nv::nv verb::vv e::fve.imperative mark::comma
nikan gurun i wan_lii_han de habša me ,	nv::nv nv::nv cm::gen nn::prpn cm::dat verb::vv e::cve mark::comma
susai huwesi ,	nv::nv nv::nv mark::comma
kusene ,	nn::prpn.person mark::comma
○ orin ilan de ,	mark::circle nv::nv nv::nv cm::dat mark::comma
ilan niyalma i canggi komso aibide gene mbihe ,	nv::nv nv::nv cm::gen nv::nv nv::adj nv::nv verb::vv e::fve.pst.ipfv mark::comma
○ orin de ,	mark::circle nv::nv cm::dat mark::comma
hecen weile he niru niru i niyalma de ,	nv::nv verb::vv e::pst.ptcp nv::nv nv::nv cm::gen nv::nv cm::dat mark::comma
belge ,	nn::prpn.person mark::comma
○ kubu he lamun ,	mark::circle verb::vv e::pst.ptcp nv::adj mark::comma
jori ha jurgan be jurce rakū seme ,	verb::vv e::pst.ptcp nv::nv cm::acc verb::vv e::npst.ptcp.neg comp mark::comma
g'aoši be orin emu de unggi he ,	nv::nv cm::acc nv::nv nv::nv cm::dat verb::vv e::pst.ptcp mark::comma
○ harsungga be ,	mark::circle nn::prpn.person cm::acc mark::comma
liyoodung ni tung_jeng_guwe gebungge dusy hergen i hafan ,	nn::prpn.plc cm::gen nn::prpn nv::adj nv::nv nv::nv cm::gen nv::nv mark::comma
silun i dahū ,	nv::nv cm::gen nv::nv mark::comma
juwe yan aisin gai ∅ ,	nv::nv nv::nv nv::nv verb::vv e::fve.imperative mark::comma
gecuheri ,	nv::nv mark::comma
darhan_hiya ,	nn::prpn mark::comma
beiguwan aca fi ,	nv::nv verb::vv e::cve mark::comma
tere juwe koro ,	nv::nv nv::nv nv::nv mark::comma
hehe juse be yoo_jeo i hancikingge be yoo_jeo de dosimbu ha ,	nv::nv nv::nv cm::acc nn::prpn cm::gen nv::nv cm::acc nn::prpn cm::dat verb::vv e::pst.ptcp mark::comma
uda fi je kini seme ilan tanggū yan menggun unggi he .	verb::vv e::cve verb::vv e::fve.opt comp nv::nv nv::nv nv::nv nv::nv verb::vv e::pst.ptcp mark::period
doro yoso be abka de acabu me dasa rakū ci o mbi o ,	nv::nv nv::nv cm::acc nv::nv cm::dat verb::vv e::cve verb::vv e::npst.ptcp.neg e::cve verb::vv e::fve.npst ptcl mark::comma
jocit_keoken ,	nn::prpn mark::comma
surma i sargan eyun ,	nn::prpn.person cm::gen nv::nv nv::nv mark::comma
tongki fuka sinda ha hergen i dangse .	nv::nv nv::nv verb::vv e::pst.ptcp nv::nv cm::gen nv::nv mark::period
beri ajige bi me uhuken o ho de ,	nv::nv nv::adj verb::vv e::cve nv::adj verb::vv e::pst.ptcp cm::dat mark::comma
beile se ,	nv::nv nv::nv mark::comma
jai jergi de ilan yan aisin ,	nv::nv nv::nv cm::dat nv::nv nv::nv nv::nv mark::comma
horho ,	nv::nv mark::comma
orin duin de amasi unggi he .	nv::nv nv::nv cm::dat nv::nv verb::vv e::pst.ptcp mark::period
ca_doo_ho_wei i du_jy_hūi_ciyanši uriku i omolo daiši ,	nn::prpn cm::gen nv::nv nn::prpn.person cm::gen nv::nv nn::prpn.person mark::comma
sy_šang_ting gašan ci emhun beye tuci fi cin_ši_hūwang_han i doro be baha habi ,	nn::prpn nv::nv cm::abl nv::nv nv::nv verb::vv e::cve nn::prpn cm::gen nv::nv cm::acc verb::vv e::fve.prs.prf mark::comma
sin de emhun bu mbi ,	pn::2sg cm::dat nv::nv verb::vv e::fve.npst mark::comma
hecen tehere me ,	nv::nv verb::vv e::cve mark::comma
han i tacibu ha tondo fafun be jurce rakū banji ci ,	nv::nv cm::gen verb::vv e::pst.ptcp nv::adj nv::nv cm::acc verb::vv e::npst.ptcp.neg verb::vv e::cve mark::comma
ubaša hakū gurun be boigon ara fi weri he ,	verb::vv e::pst.ptcp.neg nv::nv cm::acc nv::nv verb::vv e::cve verb::vv e::pst.ptcp mark::comma
uheri sunja tanggū hule ,	nv::nv nv::nv nv::nv nv::nv mark::comma
jai emu niyalma juwe yan ,	nv::nv nv::nv nv::nv nv::nv nv::nv mark::comma
juse omosi jalan hala me alban de ume dabu re ,	nv::nv nv::nv nv::nv verb::vv e::cve nv::nv cm::dat nv::nv verb::vv e::npst.ptcp mark::comma
afa ki ,	verb::vv e::fve.opt mark::comma
tahitun janggin ,	nn::prpn.person nv::nv mark::comma
emu ciyandzung de duin niyalma ,	nv::nv nv::nv cm::dat nv::nv nv::nv mark::comma
morin ihan honin emu tanggū juwan juwe buce he .	nv::nv nv::nv nv::nv nv::nv nv::nv nv::nv nv::nv verb::vv e::pst.ptcp mark::period
jori ha jurgan be jurce rakū seme beiguwan obu ha .	verb::vv e::pst.ptcp nv::nv cm::acc verb::vv e::npst.ptcp.neg comp nv::nv verb::vv e::pst.ptcp mark::period
caiha de emu feye baha ha seme ,	nn::prpn.plc cm::dat nv::nv nv::nv verb::vv e::pst.ptcp comp mark::comma
namu_taiji ,	nn::prpn mark::comma
jori ha jurgan be jurce rakū seme beiguwan obu ha .	verb::vv e::pst.ptcp nv::nv cm::acc verb::vv e::npst.ptcp.neg comp nv::nv verb::vv e::pst.ptcp mark::period
○ amin_beile isinji ha ,	mark::circle nn::prpn verb::vv e::pst.ptcp mark::comma
ojin ,	nv::nv mark::comma
ši_fujiyang ,	nn::prpn mark::comma
abka de gashū ha gisun i songko i yabu fi ,	nv::nv cm::dat verb::vv e::pst.ptcp nv::nv cm::gen nv::nv cm::gen verb::vv e::cve mark::comma
nene me gai ha niyalma jergi isinji re onggolo geli gai ci weile .	verb::vv e::cve verb::vv e::pst.ptcp nv::nv nv::nv verb::vv e::npst.ptcp nv::nv nv::nv verb::vv e::cve nv::nv mark::period
sula hehe bai fi sargan bu ∅ ,	nv::adj nv::nv verb::vv e::cve nv::nv verb::vv e::fve.imperative mark::comma
si tondo mujangga ,	pn::2sg nv::adj nv::adj mark::comma
sunja niru be kadala ∅ seme afabu ha gartai ,	nv::nv nv::nv cm::acc verb::vv e::fve.imperative comp verb::vv e::pst.ptcp nn::prpn.person mark::comma
juwe fun ci wesihun dagila ∅ ,	nv::nv nv::nv cm::abl nv::nv verb::vv e::fve.imperative mark::comma
buce re weile baha ci giyala ∅ ,	verb::vv e::npst.ptcp nv::nv verb::vv e::cve verb::vv e::fve.imperative mark::comma
waka niyalma be wakala ki ,	nv::adj nv::nv cm::acc verb::vv e::fve.opt mark::comma
hūrha_golo i niyalma bi he ,	nn::prpn cm::gen nv::nv verb::vv e::pst.ptcp mark::comma
cooton_wei i du_jy_hūi_ši sono i jui cangsi ,	nn::prpn cm::gen nv::nv nn::prpn.person cm::gen nv::nv nn::prpn.person mark::comma
○ juwan juwe de ,	mark::circle nv::nv nv::nv cm::dat mark::comma
suwen i gisun be bi donji re ,	pn::2pl cm::gen nv::nv cm::acc pn::1sg verb::vv e::npst.ptcp mark::comma
ilan minggan uksin gai ha ,	nv::nv nv::nv nv::nv verb::vv e::pst.ptcp mark::comma
ula de juwe ba langtula bu ha seme juwan emute yan i weile waliya mbi ,	nv::nv cm::dat nv::nv nv::nv verb::vv sfx e::pst.ptcp comp nv::nv nv::nv nv::nv cm::gen nv::nv verb::vv e::fve.npst mark::comma
loho gida be gemu gai fi ,	nv::nv nv::nv cm::acc nv::nv verb::vv e::cve mark::comma
tondo gurun ,	nv::adj nv::nv mark::comma
han i hūla me bu re šang ,	nv::nv cm::gen verb::vv e::cve verb::vv e::npst.ptcp nv::nv mark::comma
ciyandzung ni beye ,	nv::nv cm::gen nv::nv mark::comma
juwan niyalma de emu niyalma tucibu fi weilebu mbi ,	nv::nv nv::nv cm::dat nv::nv nv::nv verb::vv e::cve verb::vv e::fve.npst mark::comma
nikan bu he .	nv::nv verb::vv e::pst.ptcp mark::period
mocin samsu dehi ,	nv::nv nv::nv nv::nv mark::comma
○ juwan juwe de ,	mark::circle nv::nv nv::nv cm::dat mark::comma
nikan hafan sa i benji he ngge be gai ci ,	nv::nv nv::nv nv::nv cm::gen verb::vv e::pst.ptcp nmlz::nmlz cm::acc verb::vv e::cve mark::comma
suwen de ana fi doro be efulebu mbi o ,	pn::2pl cm::dat verb::vv e::cve nv::nv cm::acc verb::vv e::fve.npst ptcl mark::comma
baduri ,	nn::prpn.person mark::comma
gašan de banji re de ,	nv::nv cm::dat verb::vv e::npst.ptcp cm::dat mark::comma
si ali me gai fi uji rakū ,	pn::2sg verb::vv e::cve verb::vv e::cve verb::vv e::npst.ptcp.neg mark::comma
darhan_efu be fujiyang be nakabu fi tsanjiyang ni hergen obu ha ,	nn::prpn cm::acc nv::nv cm::acc verb::vv e::cve nv::nv cm::gen nv::nv verb::vv e::pst.ptcp mark::comma
olji dende re de ,	nv::nv verb::vv e::npst.ptcp cm::dat mark::comma
muterei teile juwe doro i siden de yooni saikan hendu me jabu ci ,	nv::nv nv::nv nv::nv nv::nv cm::gen nv::nv cm::dat nv::nv nv::adj verb::vv e::cve verb::vv e::cve mark::comma
jori ha jurgan be jurce rakū seme beiguwan obu ha ,	verb::vv e::pst.ptcp nv::nv cm::acc verb::vv e::npst.ptcp.neg comp nv::nv verb::vv e::pst.ptcp mark::comma
morin emu tanggū uyunju jakūn ,	nv::nv nv::nv nv::nv nv::nv nv::nv mark::comma
han ,	nv::nv mark::comma
usin i weile tookabu rahū ,	nv::nv cm::gen nv::nv verb::vv e::fve.prv mark::comma
geren beile se amban sa be gai fi ,	nv::adj nv::nv nv::nv nv::nv nv::nv cm::acc verb::vv e::cve mark::comma
○ boihoci iogi ,	mark::circle nn::prpn.person nv::nv mark::comma
orin sunja haha ,	nv::nv nv::nv nv::nv mark::comma
sarin sarila fi ji he .	nv::nv verb::vv e::cve verb::vv e::pst.ptcp mark::period
tusa ara hakū niyalma o ci ,	nv::nv verb::vv e::pst.ptcp.neg nv::nv verb::vv e::cve mark::comma
tulergi baha hakū amban sa de šangna ki seme ,	nv::nv verb::vv e::pst.ptcp.neg nv::nv nv::nv cm::dat verb::vv e::fve.opt comp mark::comma
weri weile be gemu emu adali geren i siden de sinda fi gisure mbi ,	nv::nv nv::nv cm::acc nv::nv nv::nv nv::adj nv::adj cm::gen nv::nv cm::dat verb::vv e::cve verb::vv e::fve.npst mark::comma
morin ,	nv::nv mark::comma
emte etuku etubu he ngge ai sali re ,	nv::nv nv::nv verb::vv e::pst.ptcp nmlz::nmlz nv::nv verb::vv e::npst.ptcp mark::comma
tere encu gurun i ejete be inu efule fi bu he kai ,	nv::nv nv::nv nv::nv cm::gen nv::nv cm::acc nv::nv verb::vv e::cve verb::vv e::pst.ptcp ptcl mark::comma
usin acan tari ∅ seme bithe wasimbu ha bi he ,	nv::nv nv::nv verb::vv e::fve.imperative comp nv::nv verb::vv e::pst.ptcp verb::vv e::pst.ptcp mark::comma
suwe ebele bi ci ,	pn::2pl nv::nv verb::vv e::cve mark::comma
šang gemu bu he .	nv::nv nv::nv verb::vv e::pst.ptcp mark::period
juwe ihan ,	nv::nv nv::nv mark::comma
minggan ,	nv::nv mark::comma
juwan uyun de ,	nv::nv nv::nv cm::dat mark::comma
jai atanggi bi cibe min be daila mbi seme iletu hendu me ,	nv::nv nv::nv verb::vv e::cve pn::1sg cm::acc verb::vv e::fve.npst comp nv::adj verb::vv e::cve mark::comma
han'_g'ao_dzu ,	nn::prpn mark::comma
jobo ro be akūmbu ci ,	verb::vv e::npst.ptcp cm::acc verb::vv e::cve mark::comma
giya_jing ni gūsin uliki_šan_wei i du_jy_hūi_ciyanši tabi_udai ,	nn::prpn cm::gen nv::nv nn::prpn cm::gen nv::nv nn::prpn mark::comma
daha ci suwen i beye banji mbi kai ,	verb::vv e::cve pn::2pl cm::gen nv::nv verb::vv e::fve.npst ptcl mark::comma
) weile re ,	mark::rparen verb::vv e::npst.ptcp mark::comma
yoge janggin ,	nv::nv nv::nv mark::comma
min i ere gisun be geren suwe duile me tuwa ∅ ,	pn::1sg cm::gen nv::nv nv::nv cm::acc nv::adj pn::2pl verb::vv e::cve verb::vv e::fve.imperative mark::comma
suwe ehe ,	pn::2pl nv::adj mark::comma
han ,	nv::nv mark::comma
iogi hafan si tuwa me icihiya me bu ∅ ,	nv::nv nv::nv pn::2sg verb::vv e::cve verb::vv e::cve verb::vv e::fve.imperative mark::comma
tere giyansi ala me ,	nv::nv nv::nv verb::vv e::cve mark::comma
juwe tanggū malu arki be ,	nv::nv nv::nv nv::nv nv::nv cm::acc mark::comma
ede weile ara fi joo ∅ ,	nv::nv nv::nv verb::vv e::cve verb::vv e::fve.imperative mark::comma
hoifa de emu feye baha ha ,	nn::prpn.plc cm::dat nv::nv nv::nv verb::vv e::pst.ptcp mark::comma
beri ulgan golmin ara fi gabta ci ,	nv::nv nv::adj nv::adj verb::vv e::cve verb::vv e::cve mark::comma
jori ha jurgan be jurce rakū seme ,	verb::vv e::pst.ptcp nv::nv cm::acc verb::vv e::npst.ptcp.neg comp mark::comma
sirantai ,	nn::prpn.person mark::comma
○ sio_yan de baban ,	mark::circle nn::prpn cm::dat nn::prpn.person mark::comma
deo beile in i waka be in i beye de ali me gaija ra jaka de ,	nv::nv nv::nv pn::3sg cm::gen nv::adj cm::acc pn::3sg cm::gen nv::nv cm::dat verb::vv e::cve verb::vv e::npst.ptcp nv::nv cm::dat mark::comma
han i fafun i tondo i kadala mbi ,	nv::nv cm::gen nv::nv cm::gen nv::adj cm::gen verb::vv e::fve.npst mark::comma
emgeri juwenggeri ji he de ,	nv::nv nv::nv verb::vv e::pst.ptcp cm::dat mark::comma
wan ,	nv::nv mark::comma
geren cooha aca fi ubaša ra niyalma be wa ∅ seme unggi he .	nv::adj nv::nv verb::vv e::cve verb::vv e::npst.ptcp nv::nv cm::acc verb::vv e::fve.imperative comp verb::vv e::pst.ptcp mark::period
tere nikan ,	nv::nv nv::nv mark::comma
ula de emu ba langtula bu ha ,	nv::nv cm::dat nv::nv nv::nv verb::vv sfx e::pst.ptcp mark::comma
morin juwe tanggū ,	nv::nv nv::nv nv::nv mark::comma
gūwa geli gercile fi wa ci ,	nv::nv nv::nv verb::vv e::cve verb::vv e::cve mark::comma
emu sargan jui be adarame songgobu re ,	nv::nv nv::nv nv::nv cm::acc nv::nv verb::vv e::npst.ptcp mark::comma
julergi de te he suna_efu ,	nv::nv cm::dat verb::vv e::pst.ptcp nn::prpn mark::comma
ladu ,	nv::nv mark::comma
boihoci ,	nn::prpn.person mark::comma
emu biya hono o hakū geli buce he ,	nv::nv nv::nv nv::nv verb::vv e::pst.ptcp.neg nv::nv verb::vv e::pst.ptcp mark::comma
○ orin nadan de ,	mark::circle nv::nv nv::nv cm::dat mark::comma
fujisa tafula me ,	nv::nv verb::vv e::cve mark::comma
○ ilaci mukūn i uyuci tatan ,	mark::circle nv::nv nv::nv cm::gen nv::nv nv::nv mark::comma
guwangning de bisi re niyalma ,	nn::prpn.plc cm::dat verb::vv e::npst.ptcp nv::nv mark::comma
tere ehe kai ,	nv::nv nv::adj ptcl mark::comma
abka na min be uruše fi gosi mbi ,	nv::nv nv::nv pn::1sg cm::acc verb::vv e::cve verb::vv e::fve.npst mark::comma
akū ci ,	verb::vv e::cve mark::comma
beye de ali fi kadala ci ,	nv::nv cm::dat verb::vv e::cve verb::vv e::cve mark::comma
alanji ha manggi ,	verb::vv e::pst.ptcp nv::nv mark::comma
ere juwe hehe de ,	nv::nv nv::nv nv::nv cm::dat mark::comma
jai jergi tsanjiyang obu ha .	nv::nv nv::nv nv::nv verb::vv e::pst.ptcp mark::period
guwangning ci ahūn deo orin haha be gai fi g'ao_ping ni hecen de okdo ko bi he ,	nn::prpn.plc cm::abl nv::nv nv::nv nv::nv nv::nv cm::acc verb::vv e::cve nn::prpn cm::gen nv::nv cm::dat verb::vv e::pst.ptcp verb::vv e::pst.ptcp mark::comma
suwen i nikan be beye be wakala me ,	pn::2pl cm::gen nv::nv cm::acc nv::nv cm::acc verb::vv e::cve mark::comma
jakūn gūsa i dende mbi ,	nv::nv nv::nv cm::gen verb::vv e::fve.npst mark::comma
han hendu me ,	nv::nv verb::vv e::cve mark::comma
yegude de orin sunja yan i weile gai ha ,	nn::prpn.person cm::dat nv::nv nv::nv nv::nv cm::gen nv::nv verb::vv e::pst.ptcp mark::comma
abka i wakala ha nikan de ,	nv::nv cm::gen verb::vv e::pst.ptcp nv::nv cm::dat mark::comma
gašan i nikan be jafa fi ,	nv::nv cm::gen nv::nv cm::acc verb::vv e::cve mark::comma
duici_beile i cooha be ili ∅ seme erdeni_baksi be takūra ha manggi ,	nn::prpn cm::gen nv::nv cm::acc verb::vv e::fve.imperative comp nn::prpn cm::acc verb::vv e::pst.ptcp nv::nv mark::comma
ineku elcin be wa fi gama ra ulin be gemu gai ha ,	nv::nv nv::nv cm::acc verb::vv e::cve verb::vv e::npst.ptcp nv::nv cm::acc nv::nv verb::vv e::pst.ptcp mark::comma
uji he ujima ,	verb::vv e::pst.ptcp nv::nv mark::comma
jaisai waka mujangga ,	nn::prpn.person nv::adj nv::adj mark::comma
beye buce kini ,	nv::nv verb::vv e::fve.opt mark::comma
afabu ha weile be mute mbi ,	verb::vv e::pst.ptcp nv::nv cm::acc verb::vv e::fve.npst mark::comma
min be suwe asuru fusihūn ume gūni re ,	pn::1sg cm::acc pn::2pl nv::nv nv::adj nv::nv verb::vv e::npst.ptcp mark::comma
ehe be ehe seme han de ala mbi ,	nv::adj cm::acc nv::adj comp nv::nv cm::dat verb::vv e::fve.npst mark::comma
juwe niyalma juwan yan i weile waliya mbi ,	nv::nv nv::nv nv::nv nv::nv cm::gen nv::nv verb::vv e::fve.npst mark::comma
solho de unggi he bithe i gisun ,	nv::nv cm::dat verb::vv e::pst.ptcp nv::nv cm::gen nv::nv mark::comma
min i yabu ha sargan be gūwa de gaibu ci ,	pn::1sg cm::gen verb::vv e::pst.ptcp nv::nv cm::acc nv::nv cm::dat verb::vv e::cve mark::comma
juwe morin benji me juwan juwe de isinji fi ,	nv::nv nv::nv verb::vv e::cve nv::nv nv::nv cm::dat verb::vv e::cve mark::comma
an_giya_wan_ho_wei i dudu tungjy kanjihan i omolo jasaktu ,	nn::prpn cm::gen nv::nv nv::nv nn::prpn.person cm::gen nv::nv nn::prpn.person mark::comma
han hendu me ,	nv::nv verb::vv e::cve mark::comma
tere pu de ejen sinda ha gin_iogi ,	nv::nv nv::nv cm::dat nv::nv verb::vv e::pst.ptcp nn::prpn mark::comma
galaktun akū ,	nv::nv nv::adj mark::comma
giran be icihiya ha .	nv::nv cm::acc verb::vv e::pst.ptcp mark::period
usin yangsa ra niyalma be sinda fi unggi fi usin weile kini .	nv::nv verb::vv e::npst.ptcp nv::nv cm::acc verb::vv e::cve verb::vv e::cve nv::nv verb::vv e::fve.opt mark::period
hafan be nakabu mbi .	nv::nv cm::acc verb::vv e::fve.npst mark::period
gemu amasi bedere me liyoodung de ji ∅ ,	nv::nv nv::nv verb::vv e::cve nn::prpn.plc cm::dat verb::vv e::fve.imperative mark::comma
min be min i hoton min i gašan de tebu fi gene ∅ seme hendu he manggi ,	pn::1sg cm::acc pn::1sg cm::gen nv::nv pn::1sg cm::gen nv::nv cm::dat verb::vv e::cve verb::vv e::fve.imperative comp verb::vv e::pst.ptcp nv::nv mark::comma
duin xangšaha efen ,	nv::nv nv::nv nv::nv mark::comma
mugiya_wei i du_jy_hūi_ši gundei i jui hūsibu ,	nn::prpn cm::gen nv::nv nn::prpn.person cm::gen nv::nv nn::prpn.person mark::comma
museingge ekiye mbi kai ,	nv::nv verb::vv e::fve.npst ptcl mark::comma
honin ,	nv::nv mark::comma
gu wehe be boobai se re ngge ,	nv::nv nv::nv cm::acc nv::nv verb::vv e::npst.ptcp nmlz::nmlz mark::comma
jugūn dalba i nikasa i eihen ,	nv::nv nv::nv cm::gen nv::nv cm::gen nv::nv mark::comma
modo janggin ,	nv::adj nv::nv mark::comma
ejen akū juwe tanggū dehi honin ,	nv::nv nv::adj nv::nv nv::nv nv::nv nv::nv mark::comma
nomin i iogi hergen be nakabu fi beiguwan obu me ,	nv::nv cm::gen nv::nv nv::nv cm::acc verb::vv e::cve nv::nv verb::vv e::cve mark::comma
ubaša ha gurun be olji ara fi ,	verb::vv e::pst.ptcp nv::nv cm::acc nv::nv verb::vv e::cve mark::comma
bi suwen i ji he be gūni me suwen be juwe gūsa ara ha ,	pn::1sg pn::2pl cm::gen verb::vv e::pst.ptcp cm::acc verb::vv e::cve pn::2pl cm::acc nv::nv nv::nv verb::vv e::pst.ptcp mark::comma
hecemu ,	nn::prpn.plc mark::comma
asibu i gese wa mbi .	nn::prpn.person cm::gen nv::nv verb::vv e::fve.npst mark::period
juwe biya i juwan emu de ,	nv::nv nv::nv cm::gen nv::nv nv::nv cm::dat mark::comma
juwan orin niyalma tukiye re amban sa moo i jase jafa habi ,	nv::nv nv::nv nv::nv verb::vv e::npst.ptcp nv::nv nv::nv nv::nv cm::gen nv::nv verb::vv e::fve.prs.prf mark::comma
dzoo_hiyan ,	nn::prpn mark::comma
jarut gurun i bak ,	nn::prpn.plc nv::nv cm::gen nn::prpn.person mark::comma
hūda bu rakū baibi gai mbi ,	nv::nv verb::vv e::npst.ptcp.neg nv::nv verb::vv e::fve.npst mark::comma
tutala beile se amban sa tumen tumen cooha gemu wabu ha ,	nv::nv nv::nv nv::nv nv::nv nv::nv nv::nv nv::nv nv::nv nv::nv verb::vv e::pst.ptcp mark::comma
jafabu ha jaisai be gūni rakū ,	verb::vv e::pst.ptcp nn::prpn.person cm::acc verb::vv e::npst.ptcp.neg mark::comma
emu jergi buce re weile be guwebu mbi .	nv::nv nv::nv verb::vv e::npst.ptcp nv::nv cm::acc verb::vv e::fve.npst mark::period
fulan morin emke ,	nv::adj nv::nv nv::nv mark::comma
tere ci geren cooha isina ha manggi ,	nv::nv cm::abl nv::adj nv::nv verb::vv e::pst.ptcp nv::nv mark::comma
sin i gisun de bi ji he ,	pn::2sg cm::gen nv::nv cm::dat pn::1sg verb::vv e::pst.ptcp mark::comma
jeku akū niyalma i ton de dosimbu ∅ ,	nv::nv nv::adj nv::nv cm::gen nv::nv cm::dat verb::vv e::fve.imperative mark::comma
yaya niyalma gemu busan i adali muse i jobo ro ba de ,	nv::nv nv::nv nv::nv nn::prpn.person cm::gen nv::adj nv::nv cm::gen verb::vv e::npst.ptcp nv::nv cm::dat mark::comma
fe kemuni henohe fangkala hadubu ∅ .	nv::adj nv::nv nv::nv nv::adj verb::vv e::fve.imperative mark::period
gemu han ,	nv::nv nv::nv mark::comma
hai_si ši_lii_ho_wei i du_jy_hūi_tungjy cagan i omolo hahina ,	nn::prpn nn::prpn cm::gen nv::nv nv::nv cm::gen nv::nv nn::prpn.person mark::comma
ilden ,	nn::prpn.person mark::comma
wa ra weile makta ha bi he ,	verb::vv e::npst.ptcp nv::nv verb::vv e::pst.ptcp verb::vv e::pst.ptcp mark::comma
bi jai we de akda ra ,	pn::1sg nv::nv nv::nv cm::dat verb::vv e::npst.ptcp mark::comma
baha ha niyalma gaibu mbi ,	verb::vv e::pst.ptcp nv::nv verb::vv e::fve.npst mark::comma
han i afabu ha jurgan be ,	nv::nv cm::gen verb::vv e::pst.ptcp nv::nv cm::acc mark::comma
uju jergi beiguwan i caliyan ,	nv::nv nv::nv nv::nv cm::gen nv::nv mark::comma
fujisa be gai fi dung_ging hecen ci dehi ba i dube de gu_ceng_pu i julergi bigan de ,	nv::nv cm::acc verb::vv e::cve nn::prpn nv::nv cm::abl nv::nv nv::nv cm::gen nv::nv cm::dat nn::prpn cm::gen nv::nv nv::nv cm::dat mark::comma
ajin ,	nv::nv mark::comma
han i beye ,	nv::nv cm::gen nv::nv mark::comma
han i kesi de banji mbime ,	nv::nv cm::gen nv::nv cm::dat verb::vv e::cve mark::comma
han de waka o mbi seme ali me gai hakū kai ,	nv::nv cm::dat nv::adj verb::vv e::fve.npst comp verb::vv e::cve verb::vv e::pst.ptcp.neg ptcl mark::comma
ihan orin duin ,	nv::nv nv::nv nv::nv mark::comma
yung_ping ni beile se hendu me ,	nn::prpn cm::gen nv::nv nv::nv verb::vv e::cve mark::comma
dudu_age ,	nn::prpn mark::comma
beri ,	nv::nv mark::comma
sin i erguwen dosi mbi dere ,	pn::2sg cm::gen nv::nv verb::vv e::fve.npst ptcl mark::comma
ede aita ejen ara fi ,	nv::nv nn::prpn.person nv::nv verb::vv e::cve mark::comma
suwen i akdun mujilen be sa ha manggi ,	pn::2pl cm::gen nv::adj nv::nv cm::acc verb::vv e::pst.ptcp nv::nv mark::comma
sunja juru niyalma ,	nv::nv nv::nv nv::nv mark::comma
yaya unca ra niyalma ulha de yan i bodo me ,	nv::nv verb::vv e::npst.ptcp nv::nv nv::nv cm::dat nv::nv cm::gen verb::vv e::cve mark::comma
nikan i yang_du_tang ,	nv::nv cm::gen nn::prpn mark::comma
tulergi buya hecen ,	nv::nv nv::adj nv::nv mark::comma
beide beiguwan gai fi ,	nn::prpn.person nv::nv verb::vv e::cve mark::comma
gosin i eigen sargan ,	nv::nv cm::gen nv::nv nv::nv mark::comma
tanggūdai min i beye i sui de wasi kini ,	nn::prpn.person pn::1sg cm::gen nv::nv cm::gen nv::nv cm::dat verb::vv e::fve.opt mark::comma
nanjilan bi ,	nn::prpn.person verb::vv.npst mark::comma
gūsin yan menggun ,	nv::nv nv::nv nv::nv mark::comma
iogi ,	nv::nv mark::comma
○ enggeder_efu i deo bahūn_taiji ,	mark::circle nn::prpn cm::gen nv::nv nn::prpn mark::comma
goro ili fi amala yabu fi feye baha ha be ume dabu re ,	nv::nv verb::vv e::cve nv::nv verb::vv e::cve nv::nv verb::vv e::pst.ptcp cm::acc nv::nv verb::vv e::npst.ptcp mark::comma
monggo beile se i boo i banji re be tuwa mbi ,	nv::nv nv::nv nv::nv cm::gen nv::nv cm::gen verb::vv e::npst.ptcp cm::acc verb::vv e::fve.npst mark::comma
yasun ,	nn::prpn.person mark::comma
fukca iogi ,	nn::prpn.person nv::nv mark::comma
jai aniyadari geli uttu jobo ho doro bi o ,	nv::nv nv::nv nv::nv nv::nv verb::vv e::pst.ptcp nv::nv verb::vv.npst ptcl mark::comma
buya hafasa be tolo hakū ,	nv::adj nv::nv cm::acc verb::vv e::pst.ptcp.neg mark::comma
ulin gaija ra weile baha ci waliya ∅ ,	nv::nv verb::vv e::npst.ptcp nv::nv verb::vv e::cve verb::vv e::fve.imperative mark::comma
tere fusi giyoocan de gama fi wa ha niyalma i ama ,	nv::nv nn::prpn.plc nv::nv cm::dat verb::vv e::cve verb::vv e::pst.ptcp nv::nv cm::gen nv::nv mark::comma
ere ilan niyalma tofohoci jergi ,	nv::nv nv::nv nv::nv nv::nv nv::nv mark::comma
ihan ,	nv::nv mark::comma
beki turgun de bi dere ,	nv::adj nv::nv cm::dat verb::vv.npst ptcl mark::comma
šandung ni ba de bene he manggi ,	nn::prpn.plc cm::gen nv::nv cm::dat verb::vv e::pst.ptcp nv::nv mark::comma
tun de te he hūwang_dzung_bing_guwan doo re cuwan be heture fi ,	nv::nv cm::dat verb::vv e::pst.ptcp nn::prpn verb::vv e::npst.ptcp nv::nv cm::acc verb::vv e::cve mark::comma
iogi de sunjata bu he ,	nv::nv cm::dat nv::nv verb::vv e::pst.ptcp mark::comma
wa ra be naka fi ,	verb::vv e::npst.ptcp cm::acc verb::vv e::cve mark::comma
šajin i wa ra be wa mbi ,	nv::nv cm::gen verb::vv e::npst.ptcp cm::acc verb::vv e::fve.npst mark::comma
joro alibu me kederebu me ukanju ukanda rakū ,	nv::nv verb::vv e::cve verb::vv e::cve nv::nv verb::vv e::npst.ptcp.neg mark::comma
labtai si min i loho be ali me gai me mute re o seme hendu he manggi ,	nn::prpn.person pn::2sg pn::1sg cm::gen nv::nv cm::acc verb::vv e::cve verb::vv e::cve verb::vv e::npst.ptcp ptcl comp verb::vv e::pst.ptcp nv::nv mark::comma
afabu ha weile be mute mbi ,	verb::vv e::pst.ptcp nv::nv cm::acc verb::vv e::fve.npst mark::comma
ilan šeo_pu de juwete niyalma ,	nv::nv nv::nv cm::dat nv::nv nv::nv mark::comma
○ orin nadan de ,	mark::circle nv::nv nv::nv cm::dat mark::comma
ai agūra aca mbi ,	nv::nv nv::nv verb::vv e::fve.npst mark::comma
fomoci emte juru ,	nv::nv nv::nv nv::nv mark::comma
tuttu uji he baili be gūni rakū ,	nv::nv verb::vv e::pst.ptcp nv::nv cm::acc verb::vv e::npst.ptcp.neg mark::comma
gūwa de gidabu ha niyalma ,	nv::nv cm::dat verb::vv e::pst.ptcp nv::nv mark::comma
gūni ha dari min i waka be aliya ha seme ele rakū kai ,	verb::vv e::pst.ptcp nv::nv pn::1sg cm::gen nv::adj cm::acc verb::vv e::pst.ptcp comp verb::vv e::npst.ptcp.neg ptcl mark::comma
udahai_age i non be gurbusi_efu i deo dalai de bu me ,	nn::prpn cm::gen nv::nv cm::acc nn::prpn cm::gen nv::nv nn::prpn.person cm::dat verb::vv e::cve mark::comma
amba_beile ,	nn::prpn mark::comma
burai niru i niyalma hendu me ,	nn::prpn.person nv::nv cm::gen nv::nv verb::vv e::cve mark::comma
dosi fi yuwan_giyūn_men i yamun de han dosi fi te he .	verb::vv e::cve nn::prpn cm::gen nv::nv cm::dat nv::nv verb::vv e::cve verb::vv e::pst.ptcp mark::period
fujiyang ci fakca ha de ,	nv::nv cm::abl verb::vv e::pst.ptcp cm::dat mark::comma
tanggū yan menggun ,	nv::nv nv::nv nv::nv mark::comma
giyan_jeo i teile joo dere se hebi kai ,	nn::prpn cm::gen nv::nv nv::nv nv::nv verb::vv e::fve.prs.prf ptcl mark::comma
emu dube de dosi fi afa rakū uthai uttu unggi he doro bi o seme hendu he manggi ,	nv::nv nv::nv cm::dat verb::vv e::cve verb::vv e::npst.ptcp.neg nv::nv nv::nv verb::vv e::pst.ptcp nv::nv verb::vv.npst ptcl comp verb::vv e::pst.ptcp nv::nv mark::comma
jai nikan ci uka me ji he ngge ,	nv::nv nv::nv cm::abl verb::vv e::cve verb::vv e::pst.ptcp nmlz::nmlz mark::comma
birai_dergi ci aikabade cooha ji he de ,	nn::prpn cm::abl nv::nv nv::nv verb::vv e::pst.ptcp cm::dat mark::comma
kamdani ,	nn::prpn.person mark::comma
guwangning de unggi he bithe ,	nn::prpn.plc cm::dat verb::vv e::pst.ptcp nv::nv mark::comma
ada me te fi ehe ,	verb::vv e::cve verb::vv e::cve nv::adj mark::comma
han i tacibu ha gisun afabu ha weile be ,	nv::nv cm::gen verb::vv e::pst.ptcp nv::nv verb::vv e::pst.ptcp nv::nv cm::acc mark::comma
ama be sira me gurun de ejen obu re de ,	nv::nv cm::acc verb::vv e::cve nv::nv cm::dat nv::nv verb::vv e::npst.ptcp cm::dat mark::comma
○ ice ninggun de ,	mark::circle nv::adj nv::nv cm::dat mark::comma
jugūn de nikan wa ha ,	nv::nv cm::dat nv::nv verb::vv e::pst.ptcp mark::comma
jeku bisi re akū be nene me fonji ∅ ,	nv::nv verb::vv e::npst.ptcp nv::adj cm::acc verb::vv e::cve verb::vv e::fve.imperative mark::comma
labsihi gese bu mbi .	nn::prpn.person nv::nv verb::vv e::fve.npst mark::period
muse i sain niyalma juleri bošo me gene fi ,	nv::nv cm::gen nv::adj nv::nv nv::nv verb::vv e::cve verb::vv e::cve mark::comma
jeku bisi re niyalma juwen sinda ∅ ,	nv::nv verb::vv e::npst.ptcp nv::nv nv::nv verb::vv e::fve.imperative mark::comma
beiguwan ci wesihun ,	nv::nv cm::abl nv::nv mark::comma
gūwa mujakū niyalma be adarame tukiye re seme ume gūni re ,	nv::nv nv::nv nv::nv cm::acc nv::nv verb::vv e::npst.ptcp comp nv::nv verb::vv e::npst.ptcp mark::comma
gene he cooha i niyalma ,	verb::vv e::pst.ptcp nv::nv cm::gen nv::nv mark::comma
wan_lii i gūsin sunjaci aniya anagan i ninggun biya i juwan juwe de baha ha ,	nn::prpn cm::gen nv::nv nv::nv nv::nv nv::nv cm::gen nv::nv nv::nv cm::gen nv::nv nv::nv cm::dat verb::vv e::pst.ptcp mark::comma
ihan morin de gemu aci ∅ ,	nv::nv nv::nv cm::dat nv::nv verb::vv e::fve.imperative mark::comma
ehe sain be dere bani rakū ,	nv::adj nv::adj cm::acc nv::nv verb::vv e::npst.ptcp.neg mark::comma
min i kadala ra emu niru i cooha be iogi tsanjiyang ci fakca rakū ,	pn::1sg cm::gen verb::vv e::npst.ptcp nv::nv nv::nv cm::gen nv::nv cm::acc nv::nv nv::nv cm::abl verb::vv e::npst.ptcp.neg mark::comma
han i pai be gai fi ,	nv::nv cm::gen nv::nv cm::acc verb::vv e::cve mark::comma
gūwa aika amba weile i jalin de hendu me ,	nv::nv nv::nv nv::adj nv::nv cm::gen nv::nv cm::dat verb::vv e::cve mark::comma
jacin_wei i du_jy_hūi_ciyanši bandan i jui badai ,	nn::prpn cm::gen nv::nv nv::nv cm::gen nv::nv nn::prpn.person mark::comma
tuttu hendu he gisun be jurce me ,	nv::nv verb::vv e::pst.ptcp nv::nv cm::acc verb::vv e::cve mark::comma
in i emgi gene he niyalma be emhun takūra fi nikan de wabu habi ,	pn::3sg cm::gen nv::nv verb::vv e::pst.ptcp nv::nv cm::acc nv::nv verb::vv e::cve nv::nv cm::dat verb::vv e::fve.prs.prf mark::comma
ilan duin jergi ulan fete fi ,	nv::nv nv::nv nv::nv nv::nv verb::vv e::cve mark::comma
○ ice sunja de ,	mark::circle nv::adj nv::nv cm::dat mark::comma
usin fehu me gene re niyalma i emgi unggi ∅ ,	nv::nv verb::vv e::cve verb::vv e::npst.ptcp nv::nv cm::gen nv::nv verb::vv e::fve.imperative mark::comma
eidu hendu me ,	nn::prpn.person verb::vv e::cve mark::comma
folo ho umiyesun ,	verb::vv e::pst.ptcp nv::nv mark::comma
ere emu aniya jobo mbi dere ,	nv::nv nv::nv nv::nv verb::vv e::fve.npst ptcl mark::comma
ojin ,	nv::nv mark::comma
dain aba de gene ci ,	nv::nv nv::nv cm::dat verb::vv e::cve mark::comma
ilan morin gaji me ji he .	nv::nv nv::nv verb::vv e::cve verb::vv e::pst.ptcp mark::period
tere hala ra de ,	nv::nv verb::vv e::npst.ptcp cm::dat mark::comma
jase i jaka deb i ,	nv::nv cm::gen nv::nv nv::nv cm::gen mark::comma
genggiyen_han ,	nn::prpn mark::comma
○ ice nadan de ,	mark::circle nv::adj nv::nv cm::dat mark::comma
ninggun niyalma be weihun jafa ha ,	nv::nv nv::nv cm::acc nv::adj verb::vv e::pst.ptcp mark::comma
cooha jura ka inenggi ,	nv::nv verb::vv e::pst.ptcp nv::nv mark::comma
šongkoro ,	nv::nv mark::comma
irinci ,	nn::prpn.person mark::comma
nene me gene he darhan_hiya i cooha ,	verb::vv e::cve verb::vv e::pst.ptcp nn::prpn cm::gen nv::nv mark::comma
ilata tokso tebu mbi .	nv::nv nv::nv verb::vv e::fve.npst mark::period
emte beiguwan be gai fi ,	nv::nv nv::nv cm::acc verb::vv e::cve mark::comma
juwan ilaci jergi ,	nv::nv nv::nv nv::nv mark::comma
jorgon biya i juwan ninggun de wasimbu ha ,	nv::nv nv::nv cm::gen nv::nv nv::nv cm::dat verb::vv e::pst.ptcp mark::comma
○ juwan jakūn de ,	mark::circle nv::nv nv::nv cm::dat mark::comma
ehe be ehe seme han de ala mbi ,	nv::adj cm::acc nv::adj comp nv::nv cm::dat verb::vv e::fve.npst mark::comma
si abka i erin be sarkū ,	pn::2sg nv::nv cm::gen nv::nv cm::acc nv::nv mark::comma
endebu he seme ,	verb::vv e::pst.ptcp comp mark::comma
warka_ecike de jakūn bu he ,	nn::prpn cm::dat nv::nv verb::vv e::pst.ptcp mark::comma
fu_jeo ,	nn::prpn mark::comma
tere ci ilan mudan elcin takūra me gisure fi ,	nv::nv cm::abl nv::nv nv::nv nv::nv verb::vv e::cve verb::vv e::cve mark::comma
ice ji he monggoso de bu mbi ,	nv::adj verb::vv e::pst.ptcp nv::nv cm::dat verb::vv e::fve.npst mark::comma
koboi ,	nn::prpn.person mark::comma
akū yada ra niyalma be in i mujilen i baica me fonji me bu mbihe ,	nv::adj verb::vv e::npst.ptcp nv::nv cm::acc pn::3sg cm::gen nv::nv cm::gen verb::vv e::cve verb::vv e::cve verb::vv e::fve.pst.ipfv mark::comma
gege dancan de ertu fi efu be jobobu ci ,	nv::nv nv::nv cm::dat verb::vv e::cve nv::nv cm::acc verb::vv e::cve mark::comma
sin i hecen beki akdun o ci ,	pn::2sg cm::gen nv::nv nv::adj nv::adj verb::vv e::cve mark::comma
bata kimun seme gida rakū ,	nv::nv nv::nv comp verb::vv e::npst.ptcp.neg mark::comma
genggiyen_han i uji re kundule re sain be donji fi ,	nn::prpn cm::gen verb::vv e::npst.ptcp verb::vv e::npst.ptcp nv::adj cm::acc verb::vv e::cve mark::comma
du_tang ni hergen be efule fi ,	nv::nv cm::gen nv::nv cm::acc verb::vv e::cve mark::comma
han yamun de tuci fi ,	nv::nv nv::nv cm::dat verb::vv e::cve mark::comma
baibi min i muhaliya ha uksin ,	nv::nv pn::1sg cm::gen verb::vv e::pst.ptcp nv::nv mark::comma
sin i yehe de bi he jui be baha ha kai ,	pn::2sg cm::gen nv::nv cm::dat verb::vv e::pst.ptcp nv::nv cm::acc verb::vv e::pst.ptcp ptcl mark::comma
sarhū i cooha be gida me ,	nv::nv cm::gen nv::nv cm::acc verb::vv e::cve mark::comma
umai weile akū de baibi wa ki seme ,	nv::nv nv::nv nv::adj cm::dat nv::nv verb::vv e::fve.opt comp mark::comma
fuhan ,	nn::prpn.person mark::comma
babai_efu i sargan ,	nn::prpn cm::gen nv::nv mark::comma
guwangning ni amargi alin i ninggu de bada tuwana ha bi he ,	nn::prpn.plc cm::gen nv::nv nv::nv cm::gen nv::nv cm::dat nv::adj verb::vv e::pst.ptcp verb::vv e::pst.ptcp mark::comma
ehe be ehe seme han de ala mbi ,	nv::adj cm::acc nv::adj comp nv::nv cm::dat verb::vv e::fve.npst mark::comma
hergen akū niyalma de hergen bu he ,	nv::nv nv::adj nv::nv cm::dat nv::nv verb::vv e::pst.ptcp mark::comma
tere gisun yargiyan tašan be sarkū ,	nv::nv nv::nv nv::adj nv::nv cm::acc nv::nv mark::comma
tere ci amba_beile gai fi saci me dosi fi wa me gene hei ,	nv::nv cm::abl nn::prpn verb::vv e::cve verb::vv e::cve verb::vv e::cve verb::vv e::cve verb::vv e::cve mark::comma
ninggun niyalma ,	nv::nv nv::nv mark::comma
nikan i tuci ke cooha i baru ibe me dosi me gene re ,	nv::nv cm::gen verb::vv e::pst.ptcp nv::nv cm::gen nv::nv verb::vv e::cve verb::vv e::cve verb::vv e::npst.ptcp mark::comma
abka na de doro i jalin de akdun gisun i jalbari me gashū mbi ,	nv::nv nv::nv cm::dat nv::nv cm::gen nv::nv cm::dat nv::adj nv::nv cm::gen verb::vv e::cve verb::vv e::fve.npst mark::comma
tere fon de ,	nv::nv nv::nv cm::dat mark::comma
juwan emu de ,	nv::nv nv::nv cm::dat mark::comma
baisin niyalma ,	nv::nv nv::nv mark::comma
siojan ai ai baitangga nikasa be ,	nv::nv nv::nv nv::nv nv::adj nv::nv cm::acc mark::comma
morin jakūn ,	nv::nv nv::nv mark::comma
uji ci banji ∅ ,	verb::vv e::cve verb::vv e::fve.imperative mark::comma
ere nadan amba koro de dain deribu mbi seme bithe ara fi ,	nv::nv nv::nv nv::adj nv::nv cm::dat nv::nv verb::vv e::fve.npst comp nv::nv verb::vv e::cve mark::comma
ere liyoodung ni hecen aniya goida habi ,	nv::nv nn::prpn.plc cm::gen nv::nv nv::nv verb::vv e::fve.prs.prf mark::comma
○ kalka i duin monggo uka me ji he .	mark::circle nv::nv cm::gen nv::nv nv::nv verb::vv e::cve verb::vv e::pst.ptcp mark::period
han i bithe ,	nv::nv cm::gen nv::nv mark::comma
bi elemangga urgunje mbi kai ,	pn::1sg nv::nv verb::vv e::fve.npst ptcl mark::comma
niyakūra fi sarin de o ci ,	verb::vv e::cve nv::nv cm::dat verb::vv e::cve mark::comma
tondo i kice me hūsun bu ki ,	nv::adj cm::gen verb::vv e::cve nv::nv verb::vv e::fve.opt mark::comma
aikabade cooha ji ci ,	nv::nv nv::nv verb::vv e::cve mark::comma
silemin sa ,	nv::adj nv::nv mark::comma
adarame o ho de ,	nv::nv verb::vv e::pst.ptcp cm::dat mark::comma
si oktolo bu fi buce ci ,	pn::2sg verb::vv sfx e::cve verb::vv e::cve mark::comma
○ ice duin de ,	mark::circle nv::adj nv::nv cm::dat mark::comma
emu juwe biya de hoton de dosinji ci ,	nv::nv nv::nv nv::nv cm::dat nv::nv cm::dat verb::vv e::cve mark::comma
suwen i beye feye baha ha manggi ,	pn::2pl cm::gen nv::nv nv::nv verb::vv e::pst.ptcp nv::nv mark::comma
juwe biya i orin duin de wasimbu ha ,	nv::nv nv::nv cm::gen nv::nv nv::nv cm::dat verb::vv e::pst.ptcp mark::comma
afabu ha weile be mute mbi ,	verb::vv e::pst.ptcp nv::nv cm::acc verb::vv e::fve.npst mark::comma
beye buce me tafula cina ,	nv::nv verb::vv e::cve verb::vv e::fve.opt mark::comma
orin juwe de ,	nv::nv nv::nv cm::dat mark::comma
simiyan hecen ci orin ba i dube de emu amba kuren ,	nn::prpn.plc nv::nv cm::abl nv::nv nv::nv cm::gen nv::nv cm::dat nv::nv nv::adj nv::adj mark::comma
kalka i beile i emu niyalma ,	nv::nv cm::gen nv::nv cm::gen nv::nv nv::nv mark::comma
cooha i niyalma de bu ci ,	nv::nv cm::gen nv::nv cm::dat verb::vv e::cve mark::comma
suwen be dule me adarame hafu fi hendu mbi ,	pn::2pl cm::acc verb::vv e::cve nv::nv verb::vv e::cve verb::vv e::fve.npst mark::comma
ihan_alin de emu feye baha ha seme juwan emu yan i weile waliya mbi ,	nn::prpn cm::dat nv::nv nv::nv verb::vv e::pst.ptcp comp nv::nv nv::nv nv::nv cm::gen nv::nv verb::vv e::fve.npst mark::comma
suwen i ergen banji mbi ,	pn::2pl cm::gen nv::nv verb::vv e::fve.npst mark::comma
juwan ilan elbihe ,	nv::nv nv::nv nv::nv mark::comma
meni meni ba de te fi bi he ngge ,	nv::nv nv::nv nv::nv cm::dat verb::vv e::cve verb::vv e::pst.ptcp nmlz::nmlz mark::comma
gese tucibu me ,	nv::nv verb::vv e::cve mark::comma
duin niyalma de acan emu hehe bu ∅ ,	nv::nv nv::nv cm::dat nv::nv nv::nv nv::nv verb::vv e::fve.imperative mark::comma
encule me ainu dende he seme weile ara fi ,	verb::vv e::cve nv::nv verb::vv e::pst.ptcp comp nv::nv verb::vv e::cve mark::comma
elcingge be daise iogi sinda ha ,	nn::prpn.person cm::acc nv::nv nv::nv verb::vv e::pst.ptcp mark::comma
nadan niyalma i yabu re be jafa ha de ,	nv::nv nv::nv cm::gen verb::vv e::npst.ptcp cm::acc verb::vv e::pst.ptcp cm::dat mark::comma
nikada ,	nn::prpn.person mark::comma
ya ba ci ji he ,	nv::nv nv::nv cm::abl verb::vv e::pst.ptcp mark::comma
ujula ha beile se amban sa de ,	verb::vv e::pst.ptcp nv::nv nv::nv nv::nv nv::nv cm::dat mark::comma
doro facuhūn o ho kai ,	nv::nv nv::adj verb::vv e::pst.ptcp ptcl mark::comma
jai inenggi fonji ci ,	nv::nv nv::nv verb::vv e::cve mark::comma
tuttu tondo i fafula rakū ehe miosihon jurgan i yabu ci ,	nv::nv nv::adj cm::gen verb::vv e::npst.ptcp.neg nv::adj nv::adj nv::nv cm::gen verb::vv e::cve mark::comma
niyalma weile akū ba de ehe be deribu mbi o ,	nv::nv nv::nv nv::adj nv::nv cm::dat nv::adj cm::acc verb::vv e::fve.npst ptcl mark::comma
tuttu tondo i fafula rakū ehe miosihon jurgan i yabu ci ,	nv::nv nv::adj cm::gen verb::vv e::npst.ptcp.neg nv::adj nv::adj nv::nv cm::gen verb::vv e::cve mark::comma
hūlha me holto me banji ci ,	verb::vv e::cve verb::vv e::cve verb::vv e::cve mark::comma
suwe emu gašan i jeku be miyali ci ,	pn::2pl nv::nv nv::nv cm::gen nv::nv cm::acc verb::vv e::cve mark::comma
○ bojiri be ,	mark::circle nn::prpn.person cm::acc mark::comma
lio_fujiyang de wasimbu ha ,	nn::prpn cm::dat verb::vv e::pst.ptcp mark::comma
manggilu janggin ,	nn::prpn.person nv::nv mark::comma
han i bu re šang ni dabala ,	nv::nv cm::gen verb::vv e::npst.ptcp nv::nv cm::gen ptcl mark::comma
min i daila ra de ,	pn::1sg cm::gen verb::vv e::npst.ptcp cm::dat mark::comma
○ ice nadan de ,	mark::circle nv::adj nv::nv cm::dat mark::comma
han de aca me waji ha manggi ,	nv::nv cm::dat verb::vv e::cve verb::vv e::pst.ptcp nv::nv mark::comma
ice jakūn de han i hecen de isinji ha ,	nv::adj nv::nv cm::dat nv::nv cm::gen nv::nv cm::dat verb::vv e::pst.ptcp mark::comma
○ ineku tere inenggi ,	mark::circle nv::nv nv::nv nv::nv mark::comma
hoto ,	nn::prpn.person mark::comma
miosihon de juwan ninggun yan weile ara ha .	nv::adj cm::dat nv::nv nv::nv nv::nv nv::nv verb::vv e::pst.ptcp mark::period
jai cimari dehe me fujin ,	nv::nv nv::nv verb::vv e::cve nv::nv mark::comma
tere isa ra de ,	nv::nv verb::vv e::npst.ptcp cm::dat mark::comma
orin sunja de wasimbu ha ,	nv::nv nv::nv cm::dat verb::vv e::pst.ptcp mark::comma
ice biya i juwan de naka ∅ ,	nv::adj nv::nv cm::gen nv::nv cm::dat verb::vv e::fve.imperative mark::comma
cooha i morin be boo de gama fi sebderi ara fi serguwen ba de ilibu fi ,	nv::nv cm::gen nv::nv cm::acc nv::nv cm::dat verb::vv e::cve nv::nv verb::vv e::cve nv::adj nv::nv cm::dat verb::vv e::cve mark::comma
○ sangguri be ,	mark::circle nn::prpn.person cm::acc mark::comma
benji rakū asara fi gūwa gercile me alanji ha de ,	verb::vv e::npst.ptcp.neg verb::vv e::cve nv::nv verb::vv e::cve verb::vv e::pst.ptcp cm::dat mark::comma
men be ainu guribu mbi seme bai mbi seme habšanji ha ,	pn::1pl.excl cm::acc nv::nv verb::vv e::fve.npst comp verb::vv e::fve.npst comp verb::vv e::pst.ptcp mark::comma
simiyan ,	nn::prpn.plc mark::comma
hamgū ,	nn::prpn.person mark::comma
ere bira geli juhe jafa rakū doro bi o ,	nv::nv nv::nv nv::nv nv::nv verb::vv e::npst.ptcp.neg nv::nv verb::vv.npst ptcl mark::comma
iogi tsanjiyang fakca hakū seme wesihun han de ala ∅ ,	nv::nv nv::nv verb::vv e::pst.ptcp.neg comp nv::nv nv::nv cm::dat verb::vv e::fve.imperative mark::comma
gūwa i waka be hendu me ,	nv::nv cm::gen nv::adj cm::acc verb::vv e::cve mark::comma
solho de bene re bithe be ,	nv::nv cm::dat verb::vv e::npst.ptcp nv::nv cm::acc mark::comma
kalka i monggo sengge_tabunang ,	nv::nv cm::gen nv::nv nn::prpn mark::comma
tere ci jeku i ku gida ha ,	nv::nv cm::abl nv::nv cm::gen nv::nv verb::vv e::pst.ptcp mark::comma
juwan emu yan i weile waliya mbi ,	nv::nv nv::nv nv::nv cm::gen nv::nv verb::vv e::fve.npst mark::comma
haksaha ,	nn::prpn.person mark::comma
hojihon ojo ro niyalma ,	nv::nv verb::vv e::npst.ptcp nv::nv mark::comma
suwen i beide he jurgan mujangga ,	pn::2pl cm::gen verb::vv e::pst.ptcp nv::nv nv::adj mark::comma
umai weile akū de baibi wa ha ,	nv::nv nv::nv nv::adj cm::dat nv::nv verb::vv e::pst.ptcp mark::comma
uji he bu he dele ,	verb::vv e::pst.ptcp verb::vv e::pst.ptcp nv::nv mark::comma
tanggū honin be tanggū niyalma je ci isi rakū se re ,	nv::nv nv::nv cm::acc nv::nv nv::nv verb::vv e::cve verb::vv e::npst.ptcp.neg verb::vv e::npst.ptcp mark::comma
duin dzung_bing_guwan i duin tumen cooha ,	nv::nv nv::nv cm::gen nv::nv nv::nv nv::nv mark::comma
ere juwan juwe niyalma de dehi bu he ,	nv::nv nv::nv nv::nv nv::nv cm::dat nv::nv verb::vv e::pst.ptcp mark::comma
nadan jakūn jergi emu minggan funce me ihan gai ha .	nv::nv nv::nv nv::nv nv::nv nv::nv verb::vv e::cve nv::nv verb::vv e::pst.ptcp mark::period
tere ba i niyalma ,	nv::nv nv::nv cm::gen nv::nv mark::comma
gecuheri ojin ,	nv::nv nv::nv mark::comma
buya hafan minggan isi me wa ha ,	nv::adj nv::nv nv::nv verb::vv e::cve verb::vv e::pst.ptcp mark::comma
julergi_mederi bitu me anafu te he cooha i amban sa ,	nn::prpn verb::vv e::cve nv::nv verb::vv e::pst.ptcp nv::nv cm::gen nv::nv nv::nv mark::comma
urla ,	nn::prpn.person mark::comma
yangguri emu ubu ,	nn::prpn.person nv::nv nv::nv mark::comma
dosi ka niyalma de weile ,	verb::vv e::pst.ptcp nv::nv cm::dat nv::nv mark::comma
juwan ilan sejen katabu ha yali ,	nv::nv nv::nv nv::nv verb::vv e::pst.ptcp nv::nv mark::comma
yaya niyalma medege gai me ji he niyalma be jafa fi benji he de šangna ra .	nv::nv nv::nv nv::nv verb::vv e::cve verb::vv e::pst.ptcp nv::nv cm::acc verb::vv e::cve verb::vv e::pst.ptcp cm::dat verb::vv e::npst.ptcp mark::period
gūwalca_golo i amban bi he ,	nn::prpn cm::gen nv::nv verb::vv e::pst.ptcp mark::comma
bujantai cooha gašan ci tuci fi ,	nn::prpn.person nv::nv nv::nv cm::abl verb::vv e::cve mark::comma
tuttu muse i jobo ro ba de ,	nv::nv nv::nv cm::gen verb::vv e::npst.ptcp nv::nv cm::dat mark::comma
ilan tanggū uksin baha ha ,	nv::nv nv::nv nv::nv verb::vv e::pst.ptcp mark::comma
fujisa de hengkile me aca ha ,	nv::nv cm::dat verb::vv e::cve verb::vv e::pst.ptcp mark::comma
kuwan_diyan ,	nn::prpn mark::comma
nikan ,	nv::nv mark::comma
tofohon honin bu he ,	nv::nv nv::nv verb::vv e::pst.ptcp mark::comma
suwe boljo ho ba de benji ∅ ,	pn::2pl verb::vv e::pst.ptcp nv::nv cm::dat verb::vv e::fve.imperative mark::comma
fejergi buya niyalma udu bahana ha sa ha seme ,	nv::nv nv::adj nv::nv nv::nv verb::vv e::pst.ptcp verb::vv e::pst.ptcp comp mark::comma
amba dain de ujula fi juleri dosi ka seme ,	nv::adj nv::nv cm::dat verb::vv e::cve nv::nv verb::vv e::pst.ptcp comp mark::comma
yafahan morin i cooha be bargiya fi ,	nv::adj nv::nv cm::gen nv::nv cm::acc verb::vv e::cve mark::comma
giya_jing ni dehi ilaci aniya ninggun biya i orin juwe de baha ha ,	nn::prpn cm::gen nv::nv nv::nv nv::nv nv::nv nv::nv cm::gen nv::nv nv::nv cm::dat verb::vv e::pst.ptcp mark::comma
ilaci jergi iogi obu ha ,	nv::nv nv::nv nv::nv verb::vv e::pst.ptcp mark::comma
solho ,	nv::nv mark::comma
julge ci ji he fucihi enduri bithe de ,	nv::nv cm::abl verb::vv e::pst.ptcp nv::nv nv::nv nv::nv cm::dat mark::comma
basun janggin ,	nn::prpn.person nv::nv mark::comma
boo ,	nv::nv mark::comma
ere fon de isi tala ,	nv::nv nv::nv cm::dat verb::vv e::cve mark::comma
ula de juwe feye baha ha seme uyute yan i weile waliya mbi ,	nv::nv cm::dat nv::nv nv::nv verb::vv e::pst.ptcp comp nv::nv nv::nv cm::gen nv::nv verb::vv e::fve.npst mark::comma
ere weile be ume efule re ,	nv::nv nv::nv cm::acc nv::nv verb::vv e::npst.ptcp mark::comma
dantan niru i bulehen ,	nn::prpn.person nv::nv cm::gen nv::nv mark::comma
aja ,	nv::nv mark::comma
hoifa de emu feye ,	nn::prpn.plc cm::dat nv::nv nv::nv mark::comma
temujin hendu me ,	nn::prpn.person verb::vv e::cve mark::comma
ciyan_šan i halhūn muke de meihe erin de gene he .	nn::prpn cm::gen nv::adj nv::nv cm::dat nv::nv nv::nv cm::dat verb::vv e::pst.ptcp mark::period
wakda_age sargan gai me yengsile me sarila ha .	nn::prpn nv::nv verb::vv e::cve verb::vv e::cve verb::vv e::pst.ptcp mark::period
emte ihan ,	nv::nv nv::nv mark::comma
bithe bu fi hendu me ,	nv::nv verb::vv e::cve verb::vv e::cve mark::comma
weile he jeku ,	verb::vv e::pst.ptcp nv::nv mark::comma
suwen i juwe amba hafan be unggi ki se ci ,	pn::2pl cm::gen nv::nv nv::adj nv::nv cm::acc verb::vv e::fve.opt verb::vv e::cve mark::comma
dalai ,	nn::prpn.person mark::comma
fakca rakū ci ,	verb::vv e::npst.ptcp.neg e::cve mark::comma
nikan ,	nv::nv mark::comma
han sula sinda fi ,	nv::nv nv::adj verb::vv e::cve mark::comma
kiru i teile tukiye fi yabu ∅ ,	nv::nv cm::gen nv::nv verb::vv e::cve verb::vv e::fve.imperative mark::comma
urut gurun ci ji he sonom_taiji harangga monggo wa ha ,	nn::prpn.plc nv::nv cm::abl verb::vv e::pst.ptcp nn::prpn nv::nv nv::nv verb::vv e::pst.ptcp mark::comma
min i juse omosi jalan hala me han de gosibu me wesihun banji kini .	pn::1sg cm::gen nv::nv nv::nv nv::nv verb::vv e::cve nv::nv cm::dat verb::vv e::cve nv::nv verb::vv e::fve.opt mark::period
cihala ci ishun de hūda hūdaša me ,	verb::vv e::cve nv::nv cm::dat nv::nv verb::vv e::cve mark::comma
bi suwen de buce ci emu ergen ,	pn::1sg pn::2pl cm::dat verb::vv e::cve nv::nv nv::nv mark::comma
kice me kadala ki ,	verb::vv e::cve verb::vv e::fve.opt mark::comma
ula de juwe feye sacibu ha seme juwan emute yan i weile waliya mbi ,	nv::nv cm::dat nv::nv nv::nv verb::vv e::pst.ptcp comp nv::nv nv::nv nv::nv cm::gen nv::nv verb::vv e::fve.npst mark::comma
emu wailan de ilata yan menggun bu he .	nv::nv nv::nv cm::dat nv::nv nv::nv nv::nv verb::vv e::pst.ptcp mark::period
han i non ajige_fujin akū o ho ,	nv::nv cm::gen nv::nv nn::prpn nv::adj verb::vv e::pst.ptcp mark::comma
ilan fujin ,	nv::nv nv::nv mark::comma
tuttu dosi ka de ,	nv::nv verb::vv e::pst.ptcp cm::dat mark::comma
jang ni erne be wa ha ,	nv::nv cm::gen nn::prpn.person cm::acc verb::vv e::pst.ptcp mark::comma
min i takūra ha hoto gebungge elcin be ,	pn::1sg cm::gen verb::vv e::pst.ptcp nn::prpn.person nv::adj nv::nv cm::acc mark::comma
han ,	nv::nv mark::comma
juwe beile de juwe ihan wa fi ulebu he ,	nv::nv nv::nv cm::dat nv::nv nv::nv verb::vv e::cve verb::vv e::pst.ptcp mark::comma
jaisai_beile i beye i gese amban daigal_tabunang ,	nn::prpn cm::gen nv::nv cm::gen nv::nv nv::nv nn::prpn mark::comma
tede isi rakū ci ,	nv::nv verb::vv e::npst.ptcp.neg e::cve mark::comma
baban ,	nn::prpn.person mark::comma
julesi alin i baru faita ∅ .	nv::nv nv::nv cm::gen nv::nv verb::vv e::fve.imperative mark::period
emgeri langtula bu ha seme gung ara fi ,	nv::nv verb::vv sfx e::pst.ptcp comp nv::nv verb::vv e::cve mark::comma
dergi jalan i niyalma ,	nv::nv nv::nv cm::gen nv::nv mark::comma
gisun be beiguwan obu ha .	nv::nv cm::acc nv::nv verb::vv e::pst.ptcp mark::period
hūla me bu re šang ni dabala ,	verb::vv e::cve verb::vv e::npst.ptcp nv::nv cm::gen ptcl mark::comma
suwen i ice irgen be gisun ulhi rakū suila rahū seme ,	pn::2pl cm::gen nv::adj nv::nv cm::acc nv::nv verb::vv e::npst.ptcp.neg verb::vv e::fve.prv comp mark::comma
aniyadari nikan hūlha me jase tuci fi jušen i ba be duri me cuwangna me nungne re jaka de ,	nv::nv nv::nv verb::vv e::cve nv::nv verb::vv e::cve nv::nv cm::gen nv::nv cm::acc verb::vv e::cve verb::vv e::cve verb::vv e::npst.ptcp nv::nv cm::dat mark::comma
geren beile se amban sa duile fi ,	nv::adj nv::nv nv::nv nv::nv nv::nv verb::vv e::cve mark::comma
han i afabu ha jurgan be ,	nv::nv cm::gen verb::vv e::pst.ptcp nv::nv cm::acc mark::comma
ice bai me ji he gurun de neigen etubu ∅ ,	nv::adj verb::vv e::cve verb::vv e::pst.ptcp nv::nv cm::dat nv::adj verb::vv e::fve.imperative mark::comma
tere ehe mujilen jafa ha beile se be ,	nv::nv nv::adj nv::nv verb::vv e::pst.ptcp nv::nv nv::nv cm::acc mark::comma
abka i aitubu me tucibu he manju i han i gosi ha be onggo rakū ,	nv::nv cm::gen verb::vv e::cve verb::vv e::pst.ptcp nv::nv cm::gen nv::nv cm::gen verb::vv e::pst.ptcp cm::acc verb::vv e::npst.ptcp.neg mark::comma
cooha ilibu rakū ,	nv::nv verb::vv e::npst.ptcp.neg mark::comma
yaya gurun be gemu dahabu fi ,	nv::nv nv::nv cm::acc nv::nv verb::vv e::cve mark::comma
encu gisun i jušen gurun kai ,	nv::nv nv::nv cm::gen nv::nv nv::nv ptcl mark::comma
abka be den ,	nv::nv cm::acc nv::adj mark::comma
sin i dehi tumen monggo i geren be min de ainu coktolo mbi ,	pn::2sg cm::gen nv::nv nv::nv nv::nv cm::gen nv::adj cm::acc pn::1sg cm::dat nv::nv verb::vv e::fve.npst mark::comma
○ juwan duin de ,	mark::circle nv::nv nv::nv cm::dat mark::comma
ba goro ,	nv::nv nv::nv mark::comma
amba honin de duin yan ,	nv::adj nv::nv cm::dat nv::nv nv::nv mark::comma
kipai ,	nn::prpn.person mark::comma
○ uju jergi de jaka_hiya i sargan ,	mark::circle nv::nv nv::nv cm::dat nn::prpn cm::gen nv::nv mark::comma
yali be jakūn duka de lakiya ha .	nv::nv cm::acc nv::nv nv::nv cm::dat verb::vv e::pst.ptcp mark::period
emu niru i emte šanggiyan bayara i niyalma be gai fi ,	nv::nv nv::nv cm::gen nv::nv nv::nv nv::nv cm::gen nv::nv cm::acc verb::vv e::cve mark::comma
tuttu tondo i fafula rakū ehe miosihon jurgan i banji ci ,	nv::nv nv::adj cm::gen verb::vv e::npst.ptcp.neg nv::adj nv::adj nv::nv cm::gen verb::vv e::cve mark::comma
emu weihun gio ,	nv::nv nv::adj nv::nv mark::comma
nikan i karun ili ha ba be dule me bithe bene he .	nv::nv cm::gen nv::nv verb::vv e::pst.ptcp nv::nv cm::acc verb::vv e::cve nv::nv verb::vv e::pst.ptcp mark::period
tuttu tondo i fafula rakū ehe miosihon jurgan i banji ci ,	nv::nv nv::adj cm::gen verb::vv e::npst.ptcp.neg nv::adj nv::adj nv::nv cm::gen verb::vv e::cve mark::comma
tere ci sahaliyan be fafula me mute rakū seme umai bu hekū ,	nv::nv cm::abl nv::adj cm::acc verb::vv e::cve verb::vv e::npst.ptcp.neg comp nv::nv verb::vv e::pst.ptcp.neg mark::comma
juleri gida jangkū jafabu fi ,	nv::nv nv::nv nv::nv verb::vv e::cve mark::comma
fu_jeo i beiguwan wang_bin i ala ha gisun ,	nn::prpn cm::gen nv::nv nn::prpn cm::gen verb::vv e::pst.ptcp nv::nv mark::comma
wajina ,	nn::prpn.person mark::comma
ginjeo ,	nn::prpn.plc mark::comma
emu jergi buce re weile be guwebu mbi ,	nv::nv nv::nv verb::vv e::npst.ptcp nv::nv cm::acc verb::vv e::fve.npst mark::comma
fusi_efu ,	nn::prpn mark::comma
juwan emu yan i weile waliya mbi ,	nv::nv nv::nv nv::nv cm::gen nv::nv verb::vv e::fve.npst mark::comma
fusihūla me morin yalu hai baise i etu he mahala be gaija ra ,	verb::vv e::cve nv::nv verb::vv e::cve nv::nv cm::gen verb::vv e::pst.ptcp nv::nv cm::acc verb::vv e::npst.ptcp mark::comma
baduri dzung_bing_guwan ,	nn::prpn.person nv::nv mark::comma
tu wece me waji ha manggi ,	nv::nv verb::vv e::cve verb::vv e::pst.ptcp nv::nv mark::comma
beri jebele be beye ci ume hūwakiya ra ,	nv::nv nv::nv cm::acc nv::nv cm::abl nv::nv verb::vv e::npst.ptcp mark::comma
jai kalka i morin turga seme donji ha ,	nv::nv nv::nv cm::gen nv::nv nv::adj comp verb::vv e::pst.ptcp mark::comma
juwan duin de isinji ha ,	nv::nv nv::nv cm::dat verb::vv e::pst.ptcp mark::comma
sung_šan ci ebsi gašan gašan i jeku be ,	nn::prpn cm::abl nv::nv nv::nv nv::nv cm::gen nv::nv cm::acc mark::comma
hūlha me gene fi ilan niyalma tuci fi gene re be amca fi wa ha ,	verb::vv e::cve verb::vv e::cve nv::nv nv::nv verb::vv e::cve verb::vv e::npst.ptcp cm::acc verb::vv e::cve verb::vv e::pst.ptcp mark::comma
hecen ci tuci fi hengkile he ,	nv::nv cm::abl verb::vv e::cve verb::vv e::pst.ptcp mark::comma
dadu ,	nn::prpn.person mark::comma
monggo gabta ha de tuhe ke manggi ,	nv::nv verb::vv e::pst.ptcp cm::dat verb::vv e::pst.ptcp nv::nv mark::comma
boihoci_ecike ,	nn::prpn mark::comma
songko baha ha manggi ,	nv::nv verb::vv e::pst.ptcp nv::nv mark::comma
kemuni in i ba be gūni me ,	nv::nv pn::3sg cm::gen nv::nv cm::acc verb::vv e::cve mark::comma
ere inenggi afa rakū o fi ,	nv::nv nv::nv verb::vv e::npst.ptcp.neg verb::vv e::cve mark::comma
kalka be ana me tuhebu fi ,	nv::nv cm::acc verb::vv e::cve verb::vv e::cve mark::comma
weile gai ha ,	nv::nv verb::vv e::pst.ptcp mark::comma
hūlha holo be deribu ci ,	nv::nv nv::nv cm::acc verb::vv e::cve mark::comma
ūkujin_mama ,	nn::prpn mark::comma
min be girubu ∅ ,	pn::1sg cm::acc verb::vv e::fve.imperative mark::comma
tanggū ,	nv::nv mark::comma
cargi ning_yuwan_wei hecen de nikan te hebi seme donji ha seme ala ha .	nv::nv nn::prpn nv::nv cm::dat nv::nv verb::vv e::fve.prs.prf comp verb::vv e::pst.ptcp comp verb::vv e::pst.ptcp mark::period
○ yahican be ,	mark::circle nn::prpn.person cm::acc mark::comma
han i gosi me uji re de ,	nv::nv cm::gen verb::vv e::cve verb::vv e::npst.ptcp cm::dat mark::comma
u_wang han be bai me gene fi gucu ara habi ,	nn::prpn nv::nv cm::acc verb::vv e::cve verb::vv e::cve nv::nv verb::vv e::fve.prs.prf mark::comma
mocin samsu etuku ,	nv::nv nv::nv nv::nv mark::comma
jirgalang_age ,	nn::prpn mark::comma
nikan i ergi de sejen kalka faida fi ,	nv::nv cm::gen nv::nv cm::dat nv::nv nv::nv verb::vv e::cve mark::comma
abka ,	nv::nv mark::comma
bulehen be asara ha janggin be ,	nv::nv cm::acc verb::vv e::pst.ptcp nv::nv cm::acc mark::comma
duka_ala ci casi jeku be ,	nn::prpn cm::abl nv::nv nv::nv cm::acc mark::comma
bak_beile i juwe jui .	nn::prpn cm::gen nv::nv nv::nv mark::period
hacin hacin i gurun i etu re jete re ngge ,	nv::nv nv::nv cm::gen nv::nv cm::gen verb::vv e::npst.ptcp verb::vv e::npst.ptcp nmlz::nmlz mark::comma
jeku bu ∅ .	nv::nv verb::vv e::fve.imperative mark::period
laba ,	nv::nv mark::comma
bi batangga niyalma seme wa ha kai ,	pn::1sg nv::adj nv::nv comp verb::vv e::pst.ptcp ptcl mark::comma
○ ice duin de ,	mark::circle nv::adj nv::nv cm::dat mark::comma
min i beye de umai weile akū bi he ,	pn::1sg cm::gen nv::nv cm::dat nv::nv nv::nv nv::adj verb::vv e::pst.ptcp mark::comma
ihan sejen be hūdun bošo fi ,	nv::nv nv::nv cm::acc nv::adj verb::vv e::cve mark::comma
losa be ejen de bu he .	nv::nv cm::acc nv::nv cm::dat verb::vv e::pst.ptcp mark::period
tuttu umai baica rakū o ci ,	nv::nv nv::nv verb::vv e::npst.ptcp.neg verb::vv e::cve mark::comma
abka min be ainu gosi re bi he ,	nv::nv pn::1sg cm::acc nv::nv verb::vv e::npst.ptcp verb::vv e::pst.ptcp mark::comma
○ tofohon de ,	mark::circle nv::nv cm::dat mark::comma
mujakū muri me ainu tuwancihiya mbi ,	nv::nv verb::vv e::cve nv::nv verb::vv e::fve.npst mark::comma
šusai bi tondo i akūmbu ki ,	nv::nv pn::1sg nv::adj cm::gen verb::vv e::fve.opt mark::comma
iogi ,	nv::nv mark::comma
elbihe dahū emte ,	nv::nv nv::nv nv::nv mark::comma
emu loho bu he .	nv::nv nv::nv verb::vv e::pst.ptcp mark::period
monggo janggin de ninggun yan bi .	nv::nv nv::nv cm::dat nv::nv nv::nv verb::vv.npst mark::period
ere duin niyalma ,	nv::nv nv::nv nv::nv mark::comma
osan_san_wei i dudu ciyanši wangginu i omolo hūng_baturu ,	nn::prpn cm::gen nv::nv nv::nv nn::prpn.person cm::gen nv::nv nn::prpn mark::comma
han i bithe ,	nv::nv cm::gen nv::nv mark::comma
nene me takūra ha emu niyalma ,	verb::vv e::cve verb::vv e::pst.ptcp nv::nv nv::nv mark::comma
morin ihan honin juwe tumen baha fi gaji mbi seme ,	nv::nv nv::nv nv::nv nv::nv nv::nv verb::vv e::cve verb::vv e::fve.npst comp mark::comma
ordo i juleri meni meni sisi re ba de sisi ∅ ,	nv::nv cm::gen nv::nv nv::nv nv::nv verb::vv e::npst.ptcp nv::nv cm::dat verb::vv e::fve.imperative mark::comma
enggeder_efu de emu seke i haya ha jibca ,	nn::prpn cm::dat nv::nv nv::nv cm::gen verb::vv e::pst.ptcp nv::nv mark::comma
liyoodung ,	nn::prpn.plc mark::comma
ikina min be wa kini ,	nn::prpn.person pn::1sg cm::acc verb::vv e::fve.opt mark::comma
abka de waka ojo rahū ,	nv::nv cm::dat nv::adj verb::vv e::fve.prv mark::comma
irgen i boo ,	nv::nv cm::gen nv::nv mark::comma
bangsu ,	nn::prpn.person mark::comma
ukuri ,	nv::nv mark::comma
nikan ,	nv::nv mark::comma
nikari ,	nn::prpn.person mark::comma
hejige de buce he ,	nn::prpn.plc cm::dat verb::vv e::pst.ptcp mark::comma
juwe biya i orin juwe de nacin i baru fonji re jaka de ,	nv::nv nv::nv cm::gen nv::nv nv::nv cm::dat nv::nv cm::gen nv::nv verb::vv e::npst.ptcp nv::nv cm::dat mark::comma
tuttu tondo i fafula rakū ehe miosihon jurgan i yabu ci ,	nv::nv nv::adj cm::gen verb::vv e::npst.ptcp.neg nv::adj nv::adj nv::nv cm::gen verb::vv e::cve mark::comma
takūra ha niyalma be wa ra be wa ra ,	verb::vv e::pst.ptcp nv::nv cm::acc verb::vv e::npst.ptcp cm::acc verb::vv e::npst.ptcp mark::comma
geren i duile fi ala ci ,	nv::adj cm::gen verb::vv e::cve verb::vv e::cve mark::comma
○ orin emu de ,	mark::circle nv::nv nv::nv cm::dat mark::comma
hamahū be beiguwan obu ha .	nn::prpn.person cm::acc nv::nv verb::vv e::pst.ptcp mark::period
beiguwan i hergen bu fi daise iogi obu ha ,	nv::nv cm::gen nv::nv verb::vv e::cve nv::nv nv::nv verb::vv e::pst.ptcp mark::comma
min i juse omosi jalan hala me han de gosibu me wesihun banji kini .	pn::1sg cm::gen nv::nv nv::nv nv::nv verb::vv e::cve nv::nv cm::dat verb::vv e::cve nv::nv verb::vv e::fve.opt mark::period
in i hecen i ejen šeo_pu cen_gio_giyai be jafa fi bu he ,	pn::3sg cm::gen nv::nv cm::gen nv::nv nv::nv nn::prpn cm::acc verb::vv e::cve verb::vv e::pst.ptcp mark::comma
liyoha i dogon be dali me unggi he .	nn::prpn.plc cm::gen nv::nv cm::acc verb::vv e::cve verb::vv e::pst.ptcp mark::period
hai_si tu_ho_pu_wei i du_jy_hūi_ciyanši sudu i jui mikei ,	nn::prpn nn::prpn cm::gen nv::nv nv::nv cm::gen nv::nv nn::prpn.person mark::comma
in i han de gung gai fi ,	pn::3sg cm::gen nv::nv cm::dat nv::nv verb::vv e::cve mark::comma
ilan fun ci wesihun dagila ∅ ,	nv::nv nv::nv cm::abl nv::nv verb::vv e::fve.imperative mark::comma
eigen be jobobu re ,	nv::nv cm::acc verb::vv e::npst.ptcp mark::comma
gurun be suilabu re be ,	nv::nv cm::acc verb::vv e::npst.ptcp cm::acc mark::comma
abka sabda me jobo ci yebe dere ,	nv::nv verb::vv e::cve verb::vv e::cve nv::adj ptcl mark::comma
geli ineku suwen i duin beile sa mbi ,	nv::nv nv::nv pn::2pl cm::gen nv::nv nv::nv verb::vv e::fve.npst mark::comma
wan_lii i orin emuci aniya uyun biya i orin ilan de baha ha ,	nn::prpn cm::gen nv::nv nv::nv nv::nv nv::nv nv::nv cm::gen nv::nv nv::nv cm::dat verb::vv e::pst.ptcp mark::comma
emu minggan duin tanggū juwan duin ihan ,	nv::nv nv::nv nv::nv nv::nv nv::nv nv::nv nv::nv mark::comma
jaisanggū ,	nn::prpn.person mark::comma
tondo be gisure he seme ,	nv::adj cm::acc verb::vv e::pst.ptcp comp mark::comma
juwe biya de ,	nv::nv nv::nv cm::dat mark::comma
dasa me sunja jurgan obu ha .	verb::vv e::cve nv::nv nv::nv verb::vv e::pst.ptcp mark::period
juwan boso ,	nv::nv nv::nv mark::comma
emu jergi buce re weile be guwebu mbi .	nv::nv nv::nv verb::vv e::npst.ptcp nv::nv cm::acc verb::vv e::fve.npst mark::period
tuba ,	nv::nv mark::comma
geren seme nimeku de buce ci ,	nv::adj comp nv::nv cm::dat verb::vv e::cve mark::comma
tanggū i ejen bejang de ujen weile ara mbi ,	nv::nv cm::gen nv::nv nv::nv cm::dat nv::adj nv::nv verb::vv e::fve.npst mark::comma
tuttu tondo i fafula rakū ehe miosihon jurgan i yabu ci ,	nv::nv nv::adj cm::gen verb::vv e::npst.ptcp.neg nv::adj nv::adj nv::nv cm::gen verb::vv e::cve mark::comma
folo ho enggemu hadala toho hoi emte morin bu he ,	verb::vv e::pst.ptcp nv::nv nv::nv verb::vv e::cve nv::nv nv::nv verb::vv e::pst.ptcp mark::comma
fujin ,	nv::nv mark::comma
ulin bu he jirgalang_age ,	nv::nv verb::vv e::pst.ptcp nn::prpn mark::comma
juse omosi jalan hala me gosi re doro be ume lashala ra .	nv::nv nv::nv nv::nv verb::vv e::cve verb::vv e::npst.ptcp nv::nv cm::acc nv::nv verb::vv e::npst.ptcp mark::period
○ fujiyang daimbu ,	mark::circle nv::nv nn::prpn.person mark::comma
etungge bi ci tetendere ,	nv::nv verb::vv e::cve nv::nv mark::comma
○ juwan duin de ,	mark::circle nv::nv nv::nv cm::dat mark::comma
geren ahūta deote i hendu re gisun be gai rakū ,	nv::adj nv::nv nv::nv cm::gen verb::vv e::npst.ptcp nv::nv cm::acc verb::vv e::npst.ptcp.neg mark::comma
min i beye lo_šen_sy de ,	pn::1sg cm::gen nv::nv nn::prpn cm::dat mark::comma
○ yehe i loosa be ,	mark::circle nv::nv cm::gen nn::prpn.person cm::acc mark::comma
jai afabu ha weile be mute mbi ,	nv::nv verb::vv e::pst.ptcp nv::nv cm::acc verb::vv e::fve.npst mark::comma
ajigan_fiyanggū ,	nn::prpn mark::comma
amba alin i cargi deri fu_jeo i golo be tuci me ji ∅ ,	nv::adj nv::nv cm::gen nv::nv nv::nv nn::prpn cm::gen nv::nv cm::acc verb::vv e::cve verb::vv e::fve.imperative mark::comma
hūwang_ni_wa de anafu tebu me unggi he .	nn::prpn cm::dat nv::nv verb::vv e::cve verb::vv e::pst.ptcp mark::period
gosi re doro be ume lashala ra ,	verb::vv e::npst.ptcp nv::nv cm::acc nv::nv verb::vv e::npst.ptcp mark::comma
darungga ,	nn::prpn.person mark::comma
šangna ki .	verb::vv e::fve.opt mark::period
han i afabu ha jurgan be ,	nv::nv cm::gen verb::vv e::pst.ptcp nv::nv cm::acc mark::comma
juleri ilan tanggū cooha jide re ngge ,	nv::nv nv::nv nv::nv nv::nv verb::vv e::npst.ptcp nmlz::nmlz mark::comma
hohori ,	nv::nv mark::comma
○ juwan jakūn de ,	mark::circle nv::nv nv::nv cm::dat mark::comma
emu gecuheri ,	nv::nv nv::nv mark::comma
ainu tuwabu mbi seme hendu fi ,	nv::nv verb::vv e::fve.npst comp verb::vv e::cve mark::comma
niyaman hūncihin seme harša rakū ,	nv::nv nv::nv comp verb::vv e::npst.ptcp.neg mark::comma
wa ra ba o ci ,	verb::vv e::npst.ptcp nv::nv verb::vv e::cve mark::comma
ioi_jan ,	nn::prpn mark::comma
○ gulu suwayan de ,	mark::circle nv::adj nv::adj cm::dat mark::comma
enduri gese mergen gurun ,	nv::nv nv::nv nv::adj nv::nv mark::comma
nikasa de ice nadan de wasimbu ha ,	nv::nv cm::dat nv::adj nv::nv cm::dat verb::vv e::pst.ptcp mark::comma
sin be han tukiye fi amban obu fi ,	pn::2sg cm::acc nv::nv verb::vv e::cve nv::nv verb::vv e::cve mark::comma
gimsu ,	nn::prpn.person mark::comma
tū he jeku be ,	verb::vv e::pst.ptcp nv::nv cm::acc mark::comma
ere be han i booi desingge fata me gana fi gaji ha ,	nv::nv cm::acc nv::nv cm::gen nv::nv nn::prpn.person verb::vv e::cve verb::vv e::cve verb::vv e::pst.ptcp mark::comma
amba_fujin ,	nn::prpn mark::comma
tarhū sa mbi ,	nn::prpn.person verb::vv e::fve.npst mark::comma
ooba_daicing de juwe jergi aca ki se ci ,	nn::prpn cm::dat nv::nv nv::nv verb::vv e::fve.opt verb::vv e::cve mark::comma
aika jaka be kimci me baica me banji ∅ .	nv::nv nv::nv cm::acc verb::vv e::cve verb::vv e::cve verb::vv e::fve.imperative mark::period
jai baksi seme sunja niyalma i caliyan ,	nv::nv nv::nv comp nv::nv nv::nv cm::gen nv::nv mark::comma
tondo be ala hakū holto me aitubu me ala ha seme ,	nv::adj cm::acc verb::vv e::pst.ptcp.neg verb::vv e::cve verb::vv e::cve verb::vv e::pst.ptcp comp mark::comma
○ ilan biya i ice de ,	mark::circle nv::nv nv::nv cm::gen nv::adj cm::dat mark::comma
○ orin de ,	mark::circle nv::nv cm::dat mark::comma
tokomai .	nn::prpn.person mark::period
nikan gurun ,	nv::nv nv::nv mark::comma
fu_jeo de unggi he ,	nn::prpn cm::dat verb::vv e::pst.ptcp mark::comma
orho be muse i cooha i morin de tolo me sala me bu ∅ ,	nv::nv cm::acc nv::nv cm::gen nv::nv cm::gen nv::nv cm::dat verb::vv e::cve verb::vv e::cve verb::vv e::fve.imperative mark::comma
tere ci amba_beile in i beye gai fi ,	nv::nv cm::abl nn::prpn pn::3sg cm::gen nv::nv verb::vv e::cve mark::comma
suwe šanaha dosi me gene ci ,	pn::2pl nn::prpn.plc verb::vv e::cve verb::vv e::cve mark::comma
hūcin de baha ha nicuhe tana aisin gida habi ,	nv::nv cm::dat verb::vv e::pst.ptcp nv::nv nv::nv nv::nv verb::vv e::fve.prs.prf mark::comma
šoto de ala ∅ ,	nn::prpn.person cm::dat verb::vv e::fve.imperative mark::comma
i olbo etu fi juleri afa ra ,	pn::3sg nv::nv verb::vv e::cve nv::nv verb::vv e::npst.ptcp mark::comma
han be wasibu fi hai_bin_wang se re wang obu ha ,	nv::nv cm::acc verb::vv e::cve nn::prpn verb::vv e::npst.ptcp nv::nv verb::vv e::pst.ptcp mark::comma
anafu te he cooha i niyalma de ,	nv::nv verb::vv e::pst.ptcp nv::nv cm::gen nv::nv cm::dat mark::comma
juwe ihan ,	nv::nv nv::nv mark::comma
looja ,	nn::prpn.person mark::comma
ulin gaija ra weile baha ci waliya ∅ ,	nv::nv verb::vv e::npst.ptcp nv::nv verb::vv e::cve verb::vv e::fve.imperative mark::comma
juwan biya i icereme juhe jafa ra jaka de ,	nv::nv nv::nv cm::gen nv::nv nv::nv verb::vv e::npst.ptcp nv::nv cm::dat mark::comma
amin_beile ,	nn::prpn mark::comma
bata kimun seme gida rakū ,	nv::nv nv::nv comp verb::vv e::npst.ptcp.neg mark::comma
jori ha jurgan be jurce rakū seme beiguwan obu ha ,	verb::vv e::pst.ptcp nv::nv cm::acc verb::vv e::npst.ptcp.neg comp nv::nv verb::vv e::pst.ptcp mark::comma
yaya ba i niyalma ,	nv::nv nv::nv cm::gen nv::nv mark::comma
nikan ojo rakū ,	nv::nv verb::vv e::npst.ptcp.neg mark::comma
wajingga janggin ,	nn::prpn.person nv::nv mark::comma
ilden ,	nn::prpn.person mark::comma
muse de sakda ,	nv::nv cm::dat nv::adj mark::comma
argio ,	nn::prpn.person mark::comma
ula i bujantai gese ehe gūni me yabu ci ,	nv::nv cm::gen nn::prpn.person nv::nv nv::adj verb::vv e::cve verb::vv e::cve mark::comma
ehecu ,	nn::prpn.person mark::comma
sunjata niongniyaha ,	nv::nv nv::nv mark::comma
ninggun gucu be gai fi ,	nv::nv nv::nv cm::acc verb::vv e::cve mark::comma
dulin huncu fara bi ,	nv::adj nv::nv nv::nv verb::vv.npst mark::comma
tofohon ba i dube de urgūdai_efu i jui esenderi_age morin ci tuhe fi akū o ho ,	nv::nv nv::nv cm::gen nv::nv cm::dat nn::prpn cm::gen nv::nv nn::prpn nv::nv cm::abl verb::vv e::cve nv::adj verb::vv e::pst.ptcp mark::comma
○ du_tang ni bithe ,	mark::circle nv::nv cm::gen nv::nv mark::comma
menggun i alikū juwe ,	nv::nv cm::gen nv::nv nv::nv mark::comma
morin ,	nv::nv mark::comma
ere i amala ,	nv::nv cm::gen nv::nv mark::comma
ere tal_ioi gašan i niyalma ,	nv::nv nn::prpn nv::nv cm::gen nv::nv mark::comma
jao_san_kui bene he ,	nn::prpn verb::vv e::pst.ptcp mark::comma
lungsi be wesibu fi beiguwan i hergen bu he ,	nn::prpn.person cm::acc verb::vv e::cve nv::nv cm::gen nv::nv verb::vv e::pst.ptcp mark::comma
juwe honin ,	nv::nv nv::nv mark::comma
minggan morin be gai ha ,	nv::nv nv::nv cm::acc verb::vv e::pst.ptcp mark::comma
gašan pu tome ebune fi wa ha ,	nv::nv nv::nv nv::nv verb::vv e::cve verb::vv e::pst.ptcp mark::comma
amban sa gurun i doro dasa ra de geren cooha be kadala ra de ,	nv::nv nv::nv nv::nv cm::gen nv::nv verb::vv e::npst.ptcp cm::dat nv::adj nv::nv cm::acc verb::vv e::npst.ptcp cm::dat mark::comma
dergi amban sa de ulin bu rakū ,	nv::nv nv::nv nv::nv cm::dat nv::nv verb::vv e::npst.ptcp.neg mark::comma
sunjata yan i weile waliya mbi ,	nv::nv nv::nv cm::gen nv::nv verb::vv e::fve.npst mark::comma
hada ,	nn::prpn.plc mark::comma
afabu ha weile be mute mbi ,	verb::vv e::pst.ptcp nv::nv cm::acc verb::vv e::fve.npst mark::comma
han ,	nv::nv mark::comma
weile ara ra ,	nv::nv verb::vv e::npst.ptcp mark::comma
duin cuwan de te fi jide re be sa fi ,	nv::nv nv::nv cm::dat verb::vv e::cve verb::vv e::npst.ptcp cm::acc verb::vv e::cve mark::comma
han i dolo ,	nv::nv cm::gen nv::nv mark::comma
loho gida beri sirdan uksin somi habi seme alanji ha ,	nv::nv nv::nv nv::nv nv::nv nv::nv verb::vv e::fve.prs.prf comp verb::vv e::pst.ptcp mark::comma
unggi he bithe i gisun ,	verb::vv e::pst.ptcp nv::nv cm::gen nv::nv mark::comma
ede suwe ainu da mbi ,	nv::nv pn::2pl nv::nv verb::vv e::fve.npst mark::comma
iju ,	nn::prpn.person mark::comma
emu tanggū niyalma be wa ha ,	nv::nv nv::nv nv::nv cm::acc verb::vv e::pst.ptcp mark::comma
jase i tulergi yehe de da fi ,	nv::nv cm::gen nv::nv nv::nv cm::dat verb::vv e::cve mark::comma
dehi cang poo dagila ∅ ,	nv::nv nv::nv nv::nv verb::vv e::fve.imperative mark::comma
ilan minggan olji baha ha ,	nv::nv nv::nv nv::nv verb::vv e::pst.ptcp mark::comma
weile ara ha niyalma be niyaman hūncihin seme gūni rakū wa mbihe ,	nv::nv verb::vv e::pst.ptcp nv::nv cm::acc nv::nv nv::nv comp verb::vv e::npst.ptcp.neg verb::vv e::fve.pst.ipfv mark::comma
han i ici ergi ashan ci duici_beile jabu me ,	nv::nv cm::gen nv::nv nv::nv nv::nv cm::abl nn::prpn verb::vv e::cve mark::comma
nikan jang_i_jan hecen ci ,	nv::nv nn::prpn nv::nv cm::abl mark::comma
efu i jui ajige nangnuk ,	nv::nv cm::gen nv::nv nv::adj nn::prpn.person mark::comma
sihan ,	nv::nv mark::comma
jaisa sa mbi ,	nn::prpn.person verb::vv e::fve.npst mark::comma
tere duin ,	nv::nv nv::nv mark::comma
min i gashū ha gisun be efule me ,	pn::1sg cm::gen verb::vv e::pst.ptcp nv::nv cm::acc verb::vv e::cve mark::comma
i_jeo i harangga ba i niru faksi boo de uka fi bi he ,	nn::prpn cm::gen nv::nv nv::nv cm::gen nv::nv nv::nv nv::nv cm::dat verb::vv e::cve verb::vv e::pst.ptcp mark::comma
jušen nikan monggo yaya niru i niyalma ,	nv::nv nv::nv nv::nv nv::nv nv::nv cm::gen nv::nv mark::comma
okto i tuwa makta ra ,	nv::nv cm::gen nv::nv verb::vv e::npst.ptcp mark::comma
fanggina ,	nn::prpn.person mark::comma
jobolon tulergi ci jide rakū ,	nv::nv nv::nv cm::abl verb::vv e::npst.ptcp.neg mark::comma
sibe ,	nv::nv mark::comma
amba sin i emu sin de emu yan menggun gai mbi ,	nv::adj nv::nv cm::gen nv::nv nv::nv cm::dat nv::nv nv::nv nv::nv verb::vv e::fve.npst mark::comma
i umai de da rakū ,	pn::3sg nv::nv cm::dat verb::vv e::npst.ptcp.neg mark::comma
tofohon de ,	nv::nv cm::dat mark::comma
tuhei ,	nn::prpn.person mark::comma
min de dain o ho ngge ,	pn::1sg cm::dat nv::nv verb::vv e::pst.ptcp nmlz::nmlz mark::comma
cooha i morin de liyoodung ni tsang ni jeku be aci fi bene he ,	nv::nv cm::gen nv::nv cm::dat nn::prpn.plc cm::gen nv::nv cm::gen nv::nv cm::acc verb::vv e::cve verb::vv e::pst.ptcp mark::comma
men be ama i gung ni tsanjiyang ni hergen de baha kini se he bi he ,	pn::1pl.excl cm::acc nv::nv cm::gen nv::nv cm::gen nv::nv cm::gen nv::nv cm::dat verb::vv e::fve.opt verb::vv e::pst.ptcp verb::vv e::pst.ptcp mark::comma
○ nikan be ,	mark::circle nv::nv cm::acc mark::comma
bi wa hakū uji fi icihiya ra ngge ere inu ,	pn::1sg verb::vv e::pst.ptcp.neg verb::vv e::cve verb::vv e::npst.ptcp nmlz::nmlz nv::nv nv::nv mark::comma
tuttu waji ha manggi ,	nv::nv verb::vv e::pst.ptcp nv::nv mark::comma
weihun jafa ha emu tanggū dehi niyalma be sinda fi unggi ki ,	nv::adj verb::vv e::pst.ptcp nv::nv nv::nv nv::nv nv::nv cm::acc verb::vv e::cve verb::vv e::fve.opt mark::comma
jakūn hošonggo ordo de tuci fi amba sarin sarila me ,	nv::nv nv::adj nv::nv cm::dat verb::vv e::cve nv::adj nv::nv verb::vv e::cve mark::comma
ula de emu feye baha ha seme juwan emu yan i weile waliya mbi ,	nv::nv cm::dat nv::nv nv::nv verb::vv e::pst.ptcp comp nv::nv nv::nv nv::nv cm::gen nv::nv verb::vv e::fve.npst mark::comma
waji tala emgi daha me yabu kini ,	verb::vv e::cve nv::nv verb::vv e::cve verb::vv e::fve.opt mark::comma
ilan tampin nure ,	nv::nv nv::nv nv::nv mark::comma
ilaci jergi iogi ,	nv::nv nv::nv nv::nv mark::comma
deo jaisanggū be akdun akū gūni me gosi rakū o ho ,	nv::nv nn::prpn.person cm::acc nv::adj nv::adj verb::vv e::cve verb::vv e::npst.ptcp.neg verb::vv e::pst.ptcp mark::comma
jaifiyan i cooha de emu morin gida ha ,	nv::nv cm::gen nv::nv cm::dat nv::nv nv::nv verb::vv e::pst.ptcp mark::comma
minggan hacin i bodo ro ,	nv::nv nv::nv cm::gen verb::vv e::npst.ptcp mark::comma
juwe jergi buce re weile be guwebu mbi .	nv::nv nv::nv verb::vv e::npst.ptcp nv::nv cm::acc verb::vv e::fve.npst mark::period
tofohon yan i gung faita ha ,	nv::nv nv::nv cm::gen nv::nv verb::vv e::pst.ptcp mark::comma
han i sa nggala ,	nv::nv cm::gen verb::vv e::cve mark::comma
giyang de emu feye baha ha seme ilaci jergi beiguwan i caliyan ,	nv::nv cm::dat nv::nv nv::nv verb::vv e::pst.ptcp comp nv::nv nv::nv nv::nv cm::gen nv::nv mark::comma
men i niyalma morin i jete re ngge akū de ,	pn::1pl.excl cm::gen nv::nv nv::nv cm::gen verb::vv e::npst.ptcp nmlz::nmlz nv::adj cm::dat mark::comma
boo i uji he ujima ,	nv::nv cm::gen verb::vv e::pst.ptcp nv::nv mark::comma
ehe be ehe seme han de ala mbi ,	nv::adj cm::acc nv::adj comp nv::nv cm::dat verb::vv e::fve.npst mark::comma
min i efule he gurun be gai ha de ,	pn::1sg cm::gen verb::vv e::pst.ptcp nv::nv cm::acc verb::vv e::pst.ptcp cm::dat mark::comma
morin ci ebu he nikan cooha gemu xušu usin de dosi ka bi he ,	nv::nv cm::abl verb::vv e::pst.ptcp nv::nv nv::nv nv::nv nv::nv nv::nv cm::dat verb::vv e::pst.ptcp verb::vv e::pst.ptcp mark::comma
ušitai ,	nn::prpn.person mark::comma
hai_jeo ,	nn::prpn mark::comma
○ du_tang ni bithe ,	mark::circle nv::nv cm::gen nv::nv mark::comma
wase de ilata niyalma ,	nv::nv cm::dat nv::nv nv::nv mark::comma
han i bu re šang ,	nv::nv cm::gen verb::vv e::npst.ptcp nv::nv mark::comma
deo be guwebu me ,	nv::nv cm::acc verb::vv e::cve mark::comma
fusi_efu i jui yan_geng be iogi obu ha .	nn::prpn cm::gen nv::nv nn::prpn cm::acc nv::nv verb::vv e::pst.ptcp mark::period
hecen i julergi duka i leose i dele tafa fi te he ,	nv::nv cm::gen nv::nv nv::nv cm::gen nv::nv cm::gen nv::nv verb::vv e::cve verb::vv e::pst.ptcp mark::comma
bi bithe ara fi ,	pn::1sg nv::nv verb::vv e::cve mark::comma
tere weile be angga acabu me duile re jaka de ,	nv::nv nv::nv cm::acc nv::nv verb::vv e::cve verb::vv e::npst.ptcp nv::nv cm::dat mark::comma
nadan biya i ice de wasimbu ha ,	nv::nv nv::nv cm::gen nv::adj cm::dat verb::vv e::pst.ptcp mark::comma
tere yamji aita fujiyang ,	nv::nv nv::nv nn::prpn.person nv::nv mark::comma
han ,	nv::nv mark::comma
burgi me gene re de ,	verb::vv e::cve verb::vv e::npst.ptcp cm::dat mark::comma
teodengge be karu gūsin šusiha tanta ha .	nn::prpn.person cm::acc nv::nv nv::nv nv::nv verb::vv e::pst.ptcp mark::period
ere biya i juwan jakūn de honin erin de ,	nv::nv nv::nv cm::gen nv::nv nv::nv cm::dat nv::nv nv::nv cm::dat mark::comma
han ,	nv::nv mark::comma
jung_an_pu ,	nn::prpn mark::comma
abatai_beile ,	nn::prpn mark::comma
teisu acabu me suwen be tese de bu hebi dere ,	nv::nv verb::vv e::cve pn::2pl cm::acc nv::nv cm::dat verb::vv e::fve.prs.prf ptcl mark::comma
jori ha jurgan be jurce rakū seme ,	verb::vv e::pst.ptcp nv::nv cm::acc verb::vv e::npst.ptcp.neg comp mark::comma
uici ,	nn::prpn.person mark::comma
asidarhan ,	nn::prpn.person mark::comma
jai jušen i cooha be gemu liyoodung de bederebu me unggi ∅ ,	nv::nv nv::nv cm::gen nv::nv cm::acc nv::nv nn::prpn.plc cm::dat verb::vv e::cve verb::vv e::fve.imperative mark::comma
alin bigan de banji ha eshun tasha i gese beye be isele ci o hakū ,	nv::nv nv::nv cm::dat verb::vv e::pst.ptcp nv::adj nv::nv cm::gen nv::nv nv::nv cm::acc verb::vv e::cve verb::vv e::pst.ptcp.neg mark::comma
anggala jakūn minggan jakūn tanggū ninju duin ,	nv::nv nv::nv nv::nv nv::nv nv::nv nv::nv nv::nv mark::comma
muduri erin de yamun de tuci fi te he ,	nv::nv nv::nv cm::dat nv::nv cm::dat verb::vv e::cve verb::vv e::pst.ptcp mark::comma
caliyan nonggi ha seme urgunje me ,	nv::nv verb::vv e::pst.ptcp comp verb::vv e::cve mark::comma
cakiri ,	nv::adj mark::comma
ficakū yooni dagila ∅ ,	nv::nv nv::nv verb::vv e::fve.imperative mark::comma
hai_si ara_ho_wei i du_jy_hūi_ciyanši anju i omolo ajutai .	nn::prpn nn::prpn cm::gen nv::nv nn::prpn.person cm::gen nv::nv nn::prpn.person mark::period
kiyoo de te fi gene he .	nv::nv cm::dat verb::vv e::cve verb::vv e::pst.ptcp mark::period
ehe be wasibu rakū o ci ,	nv::adj cm::acc verb::vv e::npst.ptcp.neg verb::vv e::cve mark::comma
jeng_i_pu i harangga buya gašan i pu hecen i niyalma be ,	nn::prpn cm::gen nv::nv nv::adj nv::nv cm::gen nv::nv nv::nv cm::gen nv::nv cm::acc mark::comma
○ juwe biya i orin duin de ,	mark::circle nv::nv nv::nv cm::gen nv::nv nv::nv cm::dat mark::comma
jaltu ,	nn::prpn.person mark::comma
cooha i niyalma de maikan ara ∅ seme sala me bu he .	nv::nv cm::gen nv::nv cm::dat nv::nv verb::vv e::fve.imperative comp verb::vv e::cve verb::vv e::pst.ptcp mark::period
jaisai ,	nn::prpn.person mark::comma
gosi re doro be ume lashala ra ,	verb::vv e::npst.ptcp nv::nv cm::acc nv::nv verb::vv e::npst.ptcp mark::comma
liyoha dogon de dedu he .	nn::prpn.plc nv::nv cm::dat verb::vv e::pst.ptcp mark::period
ninggun biya i juwan duin de wasimbu ha ,	nv::nv nv::nv cm::gen nv::nv nv::nv cm::dat verb::vv e::pst.ptcp mark::comma
sure_kundulen_han gūni me ,	nn::prpn verb::vv e::cve mark::comma
liyoodung ,	nn::prpn.plc mark::comma
jori ha jurgan be jurce rakū seme beiguwan obu ha .	verb::vv e::pst.ptcp nv::nv cm::acc verb::vv e::npst.ptcp.neg comp nv::nv verb::vv e::pst.ptcp mark::period
jai ai baha fi gabta ra ,	nv::nv nv::nv verb::vv e::cve verb::vv e::npst.ptcp mark::comma
ere juwe giyan ,	nv::nv nv::nv nv::nv mark::comma
aita min de kimun bi he ,	nn::prpn.person pn::1sg cm::dat nv::nv verb::vv e::pst.ptcp mark::comma
suwe baisin irgen kai ,	pn::2pl nv::nv nv::nv ptcl mark::comma
muse i duin niyalma ,	nv::nv cm::gen nv::nv nv::nv mark::comma
maise ,	nv::nv mark::comma
○ ice jakūn de ,	mark::circle nv::adj nv::nv cm::dat mark::comma
sargan akū niyalma de sargan fonji fi bu re ,	nv::nv nv::adj nv::nv cm::dat nv::nv verb::vv e::cve verb::vv e::npst.ptcp mark::comma
hanai janggin ,	nn::prpn.person nv::nv mark::comma
eljitu ,	nn::prpn.person mark::comma
juwe jergi buce re weile be guwebu mbi ,	nv::nv nv::nv verb::vv e::npst.ptcp nv::nv cm::acc verb::vv e::fve.npst mark::comma
min be isinji ha ci ebsi ,	pn::1sg cm::acc verb::vv e::pst.ptcp cm::abl nv::nv mark::comma
ilhi ilhi saikan acabu me dorolo me yabu ∅ ,	nv::nv nv::nv nv::adj verb::vv e::cve verb::vv e::cve verb::vv e::fve.imperative mark::comma
hūsibu janggin ,	nn::prpn.person nv::nv mark::comma
yekšu i pu de ,	nn::prpn.person cm::gen nv::nv cm::dat mark::comma
banda rakū ,	verb::vv e::npst.ptcp.neg mark::comma
fujiyang ci fakca ha de ,	nv::nv cm::abl verb::vv e::pst.ptcp cm::dat mark::comma
juwe ilan dobori dedu fi boo de isina mbi ,	nv::nv nv::nv nv::nv verb::vv e::cve nv::nv cm::dat verb::vv e::fve.npst mark::comma
horho juwete ,	nv::nv nv::nv mark::comma
ejen de bu mbi ,	nv::nv cm::dat verb::vv e::fve.npst mark::comma
niman ,	nv::nv mark::comma
ilan šeo_pu de juwete niyalma ,	nv::nv nv::nv cm::dat nv::nv nv::nv mark::comma
gemu jafa fi gaji me ji ∅ .	nv::nv verb::vv e::cve verb::vv e::cve verb::vv e::fve.imperative mark::period
morin ihan hūlha fi sin de bene mbi seme hendu hebi ,	nv::nv nv::nv verb::vv e::cve pn::2sg cm::dat verb::vv e::fve.npst comp verb::vv e::fve.prs.prf mark::comma
ergude ,	nn::prpn.person mark::comma
han de hengkile me aca ha ,	nv::nv cm::dat verb::vv e::cve verb::vv e::pst.ptcp mark::comma
suwe hono men be dabu rakū icihiya ra giyan bi kai ,	pn::2pl nv::nv pn::1pl.excl cm::acc verb::vv e::npst.ptcp.neg verb::vv e::npst.ptcp nv::nv verb::vv.npst ptcl mark::comma
jušen mujangga ,	nv::nv nv::adj mark::comma
muse be aliya hakū gele me gene he se mbi kai seme takūra ra jaka de ,	pn::1pl.incl cm::acc verb::vv e::pst.ptcp.neg verb::vv e::cve verb::vv e::pst.ptcp verb::vv e::fve.npst ptcl comp verb::vv e::npst.ptcp nv::nv cm::dat mark::comma
ciyandzung sin i kadala ra niyalma gūwa ba de gene fi ,	nv::nv pn::2sg cm::gen verb::vv e::npst.ptcp nv::nv nv::nv nv::nv cm::dat verb::vv e::cve mark::comma
tuttu banji fi tere inu jalan goida me aniya ambula banji hakūbi ,	nv::nv verb::vv e::cve nv::nv nv::nv nv::nv verb::vv e::cve nv::nv nv::nv verb::vv e::fve.prs.prf.neg mark::comma
ice kubun ice jeku baha ha manggi ,	nv::adj nv::nv nv::adj nv::nv verb::vv e::pst.ptcp nv::nv mark::comma
○ orin emu de wasimbu ha bithe i gisun ,	mark::circle nv::nv nv::nv cm::dat verb::vv e::pst.ptcp nv::nv cm::gen nv::nv mark::comma
kicenggu ,	nn::prpn.person mark::comma
ojo rakū ,	verb::vv e::npst.ptcp.neg mark::comma
hunehe_bira i amargi emu ba i dube de ,	nn::prpn cm::gen nv::nv nv::nv nv::nv cm::gen nv::nv cm::dat mark::comma
juwe morin gaji me uka me ji he .	nv::nv nv::nv verb::vv e::cve verb::vv e::cve verb::vv e::pst.ptcp mark::period
cooha i niyalma sere fi jafa fi ,	nv::nv cm::gen nv::nv verb::vv e::cve verb::vv e::cve mark::comma
fakca ha de ,	verb::vv e::pst.ptcp cm::dat mark::comma
○ gibkada ,	mark::circle nn::prpn.person mark::comma
jugūn de jete re bele ambula baha fi gama rakū ,	nv::nv cm::dat verb::vv e::npst.ptcp nv::nv nv::nv verb::vv e::cve verb::vv e::npst.ptcp.neg mark::comma
giya_jing ni dehi duici aniya nadan biya i orin sunja de baha ha ,	nn::prpn cm::gen nv::nv nv::nv nv::nv nv::nv nv::nv cm::gen nv::nv nv::nv cm::dat verb::vv e::pst.ptcp mark::comma
unahalai ,	nn::prpn.person mark::comma
akda fi te fi bi he sahaliyan i juwan emu gašan be gemu gai fi amasi doo ci ,	verb::vv e::cve verb::vv e::cve verb::vv e::pst.ptcp nv::adj cm::gen nv::nv nv::nv nv::nv cm::acc nv::nv verb::vv e::cve nv::nv verb::vv e::cve mark::comma
suwen i jecen be amasi bedere ∅ seme fusi hecen i dung_tungse be takūra ha manggi ,	pn::2pl cm::gen nv::nv cm::acc nv::nv verb::vv e::fve.imperative comp nn::prpn.plc nv::nv cm::gen nn::prpn cm::acc verb::vv e::pst.ptcp nv::nv mark::comma
orin sunja de isinji ∅ ,	nv::nv nv::nv cm::dat verb::vv e::fve.imperative mark::comma
suwe jori ha ba de hūdun gene rakū ci ,	pn::2pl verb::vv e::pst.ptcp nv::nv cm::dat nv::adj verb::vv e::npst.ptcp.neg e::cve mark::comma
gure gebungge ba de dedu he ,	nn::prpn.plc nv::adj nv::nv cm::dat verb::vv e::pst.ptcp mark::comma
yada ra jobo ro niyalma be uji me ,	verb::vv e::npst.ptcp verb::vv e::npst.ptcp nv::nv cm::acc verb::vv e::cve mark::comma
afabu ha weile be mute mbi ,	verb::vv e::pst.ptcp nv::nv cm::acc verb::vv e::fve.npst mark::comma
geren gaha isa ha gese kai ,	nv::adj nv::nv verb::vv e::pst.ptcp nv::nv ptcl mark::comma
juwe ilan gene ci ,	nv::nv nv::nv verb::vv e::cve mark::comma
tere ci ice benji he fujin yamun de dosi fi ,	nv::nv cm::abl nv::adj verb::vv e::pst.ptcp nv::nv nv::nv cm::dat verb::vv e::cve mark::comma
boihoci min be wa kini ,	nn::prpn.person pn::1sg cm::acc verb::vv e::fve.opt mark::comma
juwe niyalma de acan geli emu morin ,	nv::nv nv::nv cm::dat nv::nv nv::nv nv::nv nv::nv mark::comma
han i hojihon hohori_efu ,	nv::nv cm::gen nv::nv nn::prpn mark::comma
dzung_bing_guwan ,	nv::nv mark::comma
emu jergi buce re weile be guwebu mbi .	nv::nv nv::nv verb::vv e::npst.ptcp nv::nv cm::acc verb::vv e::fve.npst mark::period
tuttu buce me afa fi baha ha liyoodung ni hecen i niyalma be ,	nv::nv verb::vv e::cve verb::vv e::cve verb::vv e::pst.ptcp nn::prpn.plc cm::gen nv::nv cm::gen nv::nv cm::acc mark::comma
manggo_tabunang sargan ,	nn::prpn nv::nv mark::comma
tongki fuka sinda ha hergen i dangse .	nv::nv nv::nv verb::vv e::pst.ptcp nv::nv cm::gen nv::nv mark::period
alin i dele ili ha ba de afa me gene re de afa hakū ,	nv::nv cm::gen nv::nv verb::vv e::pst.ptcp nv::nv cm::dat verb::vv e::cve verb::vv e::npst.ptcp cm::dat verb::vv e::pst.ptcp.neg mark::comma
ilaci jergi iogi obu ha ,	nv::nv nv::nv nv::nv verb::vv e::pst.ptcp mark::comma
hūsun baha ki tusa o kini se mbi kai ,	nv::nv verb::vv e::fve.opt nv::nv verb::vv e::fve.opt verb::vv e::fve.npst ptcl mark::comma
etu kini seme gūni ha niyalma de ai bu re ,	verb::vv e::fve.opt comp verb::vv e::pst.ptcp nv::nv cm::dat nv::nv verb::vv e::npst.ptcp mark::comma
ningguta_golo i amban bi he ,	nn::prpn cm::gen nv::nv verb::vv e::pst.ptcp mark::comma
afabu ha weile be mute mbi ,	verb::vv e::pst.ptcp nv::nv cm::acc verb::vv e::fve.npst mark::comma
jai usin tari fi jeku bu kini ,	nv::nv nv::nv verb::vv e::cve nv::nv verb::vv e::fve.opt mark::comma
dobori dedu ci ,	nv::nv verb::vv e::cve mark::comma
hergen be gemu efule he .	nv::nv cm::acc nv::nv verb::vv e::pst.ptcp mark::period
sunja solho be jafa fi fonji ci ,	nv::nv nv::nv cm::acc verb::vv e::cve verb::vv e::cve mark::comma
tondo sain mujilen be jafa fi akūmbu ci ,	nv::adj nv::adj nv::nv cm::acc verb::vv e::cve verb::vv e::cve mark::comma
cooha nonggi ha ,	nv::nv verb::vv e::pst.ptcp mark::comma
beye buce kini ,	nv::nv verb::vv e::fve.opt mark::comma
ere salibu ha be jurce me hūda fulu bu me hūlha me ume gaija ra ,	nv::nv verb::vv e::pst.ptcp cm::acc verb::vv e::cve nv::nv nv::nv verb::vv e::cve verb::vv e::cve nv::nv verb::vv e::npst.ptcp mark::comma
geren sargan juse ,	nv::adj nv::nv nv::nv mark::comma
tuttu tondo i fafula rakū ehe miosihon jurgan i yabu ci ,	nv::nv nv::adj cm::gen verb::vv e::npst.ptcp.neg nv::adj nv::adj nv::nv cm::gen verb::vv e::cve mark::comma
hacingga samsu sunja bu he ,	nv::adj nv::nv nv::nv verb::vv e::pst.ptcp mark::comma
folo ho enggemu hadala kūdarhan yooni emte ,	verb::vv e::pst.ptcp nv::nv nv::nv nv::nv nv::nv nv::nv mark::comma
duici_beile ,	nn::prpn mark::comma
niyaman hūncihin seme harša rakū ,	nv::nv nv::nv comp verb::vv e::npst.ptcp.neg mark::comma
dumbu ,	nn::prpn.person mark::comma
juwe niyalma be tucibu fi ,	nv::nv nv::nv cm::acc verb::vv e::cve mark::comma
gurun de jilakan waka o ,	nv::nv cm::dat nv::nv nv::nv ptcl mark::comma
min de jide re ukanju be jaisai dehi niyalma amca fi ,	pn::1sg cm::dat verb::vv e::npst.ptcp nv::nv cm::acc nn::prpn.person nv::nv nv::nv verb::vv e::cve mark::comma
ama eme ,	nv::nv nv::nv mark::comma
amala banji re doro be efule rahū seme gūni fi ,	nv::nv verb::vv e::npst.ptcp nv::nv cm::acc verb::vv e::fve.prv comp verb::vv e::cve mark::comma
jušen nikan i hafasa de meni meni goi ha nikan aika benji he de ,	nv::nv nv::nv cm::gen nv::nv cm::dat nv::nv nv::nv verb::vv e::pst.ptcp nv::nv nv::nv verb::vv e::pst.ptcp cm::dat mark::comma
ningguci debtelin ,	nv::nv nv::nv mark::comma
tere alin be ka fi dobori gene re be geli wa ha ,	nv::nv nv::nv cm::acc verb::vv e::cve nv::nv verb::vv e::npst.ptcp cm::acc nv::nv verb::vv e::pst.ptcp mark::comma
niru i niyalma ara ci ,	nv::nv cm::gen nv::nv verb::vv e::cve mark::comma
uda ci ,	verb::vv e::cve mark::comma
han i gala i aisin i hūntahan i arki omibu ha ,	nv::nv cm::gen nv::nv cm::gen nv::nv cm::gen nv::nv cm::gen nv::nv verb::vv e::pst.ptcp mark::comma
jase i niyalma suwe alanji ∅ .	nv::nv cm::gen nv::nv pn::2pl verb::vv e::fve.imperative mark::period
baibi emu inenggi juwe ilan jergi takūra me tuttu yabu habi kai seme hendu he ,	nv::nv nv::nv nv::nv nv::nv nv::nv nv::nv verb::vv e::cve nv::nv verb::vv e::fve.prs.prf ptcl comp verb::vv e::pst.ptcp mark::comma
beile ji fi suwen be sinda fi unggi mbi o ,	nv::nv verb::vv e::cve pn::2pl cm::acc verb::vv e::cve verb::vv e::fve.npst ptcl mark::comma
lung_king ni ilaci aniya duin biya i orin sunja de baha ha ,	nn::prpn cm::gen nv::nv nv::nv nv::nv nv::nv cm::gen nv::nv nv::nv cm::dat verb::vv e::pst.ptcp mark::comma
nantu ,	nn::prpn.person mark::comma
min i juse omosi jalan hala me han de gosibu me wesihun banji kini .	pn::1sg cm::gen nv::nv nv::nv nv::nv verb::vv e::cve nv::nv cm::dat verb::vv e::cve nv::nv verb::vv e::fve.opt mark::period
duin janggin i emte yan faita ∅ ,	nv::nv nv::nv cm::gen nv::nv nv::nv verb::vv e::fve.imperative mark::comma
nene me niyakūra fi hengkile fi ,	verb::vv e::cve verb::vv e::cve verb::vv e::cve mark::comma
mao_wen_lung gebungge iogi de ,	nn::prpn nv::adj nv::nv cm::dat mark::comma
tuttu o ci ,	nv::nv verb::vv e::cve mark::comma
funce he sula ha ehe sain šusai sa be baica fi ,	verb::vv e::pst.ptcp verb::vv e::pst.ptcp nv::adj nv::adj nv::nv nv::nv cm::acc verb::vv e::cve mark::comma
ba be waliya fi bai me ji he gung ,	nv::nv cm::acc verb::vv e::cve verb::vv e::cve verb::vv e::pst.ptcp nv::nv mark::comma
bayara i kiru i ejen ,	nv::nv cm::gen nv::nv cm::gen nv::nv mark::comma
mao_wen_lung ni baru hebe ara ha be ,	nn::prpn cm::gen nv::nv nv::nv verb::vv e::pst.ptcp cm::acc mark::comma
men i nikan i hūlha ,	pn::1pl.excl cm::gen nv::nv cm::gen nv::nv mark::comma
dodo_taiji ,	nn::prpn mark::comma
sunja amban i jergi de wesihun amban obu ha bi he ,	nv::nv nv::nv cm::gen nv::nv cm::dat nv::nv nv::nv verb::vv e::pst.ptcp verb::vv e::pst.ptcp mark::comma
tere yamji enggeder_efu de han i seke i haya ha šanggiyan jibca etubu he ,	nv::nv nv::nv nn::prpn cm::dat nv::nv cm::gen nv::nv cm::gen verb::vv e::pst.ptcp nv::nv nv::nv verb::vv e::pst.ptcp mark::comma
jaisanggū_age ,	nn::prpn mark::comma
ahatai ,	nn::prpn.person mark::comma
julergi tang_šan i ergi de anafu te me gene he ba de ,	nv::nv nn::prpn cm::gen nv::nv cm::dat nv::nv verb::vv e::cve verb::vv e::pst.ptcp nv::nv cm::dat mark::comma
gidašakū ,	nn::prpn.person mark::comma
lioi_šūn_keo ,	nn::prpn mark::comma
tere alban akū banji re ubu be ,	nv::nv nv::nv nv::adj verb::vv e::npst.ptcp nv::nv cm::acc mark::comma
juwan juwe niyalma ,	nv::nv nv::nv nv::nv mark::comma
tacibu re bithe monggolibu fi sinda ha bithe i gisun ,	verb::vv e::npst.ptcp nv::nv verb::vv e::cve verb::vv e::pst.ptcp nv::nv cm::gen nv::nv mark::comma
teni baha fi ji he seme ala ha ,	nv::nv verb::vv e::cve verb::vv e::pst.ptcp comp verb::vv e::pst.ptcp mark::comma
ula be gai ha de emu feye baha ha ,	nv::nv cm::acc verb::vv e::pst.ptcp cm::dat nv::nv nv::nv verb::vv e::pst.ptcp mark::comma
nikan be hecen ci tucibu rakū jobobu ki ,	nv::nv cm::acc nv::nv cm::abl verb::vv e::npst.ptcp.neg verb::vv e::fve.opt mark::comma
han i bithe ,	nv::nv cm::gen nv::nv mark::comma
han ,	nv::nv mark::comma
amba jeku be inu alban i nikasa be unggi fi hadubu mbi .	nv::adj nv::nv cm::acc nv::nv nv::nv cm::gen nv::nv cm::acc verb::vv e::cve verb::vv e::fve.npst mark::period
moo yaha ,	nv::nv nv::nv mark::comma
gene he erin muduri erin .	verb::vv e::pst.ptcp nv::nv nv::nv nv::nv mark::period
anja dagila kini .	nv::nv verb::vv e::fve.opt mark::period
tere wabu ha niyalma ,	nv::nv verb::vv e::pst.ptcp nv::nv mark::comma
umai weile akū de ,	nv::nv nv::nv nv::adj cm::dat mark::comma
jušen de wasimbu ci ,	nv::nv cm::dat verb::vv e::cve mark::comma
○ elcin ,	mark::circle nv::nv mark::comma
in de takūra ha elcin be jafa fi batangga yehe de bu fi wa ha ,	pn::3sg cm::dat verb::vv e::pst.ptcp nv::nv cm::acc verb::vv e::cve nv::adj nv::nv cm::dat verb::vv e::cve verb::vv e::pst.ptcp mark::comma
jongnon ,	nn::prpn.person mark::comma
in i te mbi se he ba ci jaci onco mujangga ,	pn::3sg cm::gen verb::vv e::fve.npst verb::vv e::pst.ptcp nv::nv cm::abl nv::nv nv::adj nv::adj mark::comma
weihuken uksin etu he niyalma be amargi ci gabtabu me ,	nv::adj nv::nv verb::vv e::pst.ptcp nv::nv cm::acc nv::nv cm::abl verb::vv e::cve mark::comma
ilhi suje i jibehun ,	nv::nv nv::nv cm::gen nv::nv mark::comma
min i jafan bu he sargan jui be duri me gai mbi se he ngge be tašan se mbi o ,	pn::1sg cm::gen nv::nv verb::vv e::pst.ptcp nv::nv nv::nv cm::acc verb::vv e::cve verb::vv e::fve.npst verb::vv e::pst.ptcp nmlz::nmlz cm::acc nv::nv verb::vv e::fve.npst ptcl mark::comma
hule i yecen_gufu i jui sibe de nikan bu hekūbi ,	nv::nv cm::gen nn::prpn cm::gen nv::nv nv::nv cm::dat nv::nv verb::vv e::fve.prs.prf.neg mark::comma
dzung_bing_guwan fakca hakū seme wesihun han de ala ∅ ,	nv::nv verb::vv e::pst.ptcp.neg comp nv::nv nv::nv cm::dat verb::vv e::fve.imperative mark::comma
sargan gai fi hojihon o fi orin aniya o ho manggi ,	nv::nv verb::vv e::cve nv::nv verb::vv e::cve nv::nv nv::nv verb::vv e::pst.ptcp nv::nv mark::comma
lobida ,	nn::prpn.person mark::comma
mukūn mukūn i simne fi tenji ∅ ,	nv::nv nv::nv cm::gen verb::vv e::cve verb::vv e::fve.imperative mark::comma
nikan cooha duka be dasi mbi ,	nv::nv nv::nv nv::nv cm::acc verb::vv e::fve.npst mark::comma
emu tungse uheri nadan niyalma be ,	nv::nv nv::nv nv::nv nv::nv nv::nv cm::acc mark::comma
juwe niyalma juwe morin yalu hai tuci kebi ,	nv::nv nv::nv nv::nv nv::nv verb::vv e::cve verb::vv e::fve.prs.prf mark::comma
aniya biya i ice de bonio inenggi ,	nv::nv nv::nv cm::gen nv::adj cm::dat nv::nv nv::nv mark::comma
narhūn jugūn onco o mbi dere seme gūni fi ,	nv::adj nv::nv nv::adj verb::vv e::fve.npst ptcl comp verb::vv e::cve mark::comma
garda ,	nn::prpn.person mark::comma
ehe facuhūn hūlha holo deribu ci ,	nv::adj nv::adj nv::nv nv::nv verb::vv e::cve mark::comma
min i ere gisun be inu se ci ,	pn::1sg cm::gen nv::nv nv::nv cm::acc nv::nv verb::vv e::cve mark::comma
juwan uyun de ,	nv::nv nv::nv cm::dat mark::comma
gi_ju ,	nn::prpn mark::comma
gūsin ilan yan menggun ,	nv::nv nv::nv nv::nv nv::nv mark::comma
janggi de juwan nadan niru .	nn::prpn.plc cm::dat nv::nv nv::nv nv::nv mark::period
unenggi akdun se re ngge ai se ci ,	nv::adj nv::adj verb::vv e::npst.ptcp nmlz::nmlz nv::nv verb::vv e::cve mark::comma
afiya turi be tū fi gai kini .	nv::nv nv::nv cm::acc verb::vv e::cve verb::vv e::fve.opt mark::period
šajin de duile ∅ seme duile fi ,	nv::nv cm::dat verb::vv e::fve.imperative comp verb::vv e::cve mark::comma
○ buku_yahican ,	mark::circle nn::prpn mark::comma
inu cooha i horon i sahaliyan ujungga irgen be toktobu habi ,	nv::nv nv::nv cm::gen nv::nv cm::gen nv::adj nv::adj nv::nv cm::acc verb::vv e::fve.prs.prf mark::comma
g'ai_jeo i aita fujiyang de ,	nn::prpn cm::gen nn::prpn.person nv::nv cm::dat mark::comma
fusi_efu ,	nn::prpn mark::comma
ilan jergi ambula songgo ho .	nv::nv nv::nv nv::nv verb::vv e::pst.ptcp mark::period
beri sirdan saikan dagila fi tebu ∅ .	nv::nv nv::nv nv::adj verb::vv e::cve verb::vv e::fve.imperative mark::period
juwan nadan de nangnuk_beile i duin haha ,	nv::nv nv::nv cm::dat nn::prpn cm::gen nv::nv nv::nv mark::comma
boso juwan ,	nv::nv nv::nv mark::comma
angga sin de koro ho ba bi ci ,	nv::nv pn::2sg cm::dat verb::vv e::pst.ptcp nv::nv verb::vv e::cve mark::comma
jori ha jurgan be jurce rakū seme beiguwan obu ha .	verb::vv e::pst.ptcp nv::nv cm::acc verb::vv e::npst.ptcp.neg comp nv::nv verb::vv e::pst.ptcp mark::period
emu inenggi andan de ,	nv::nv nv::nv nv::nv cm::dat mark::comma
han i gosi me uji re de ,	nv::nv cm::gen verb::vv e::cve verb::vv e::npst.ptcp cm::dat mark::comma
fu_jeo de unggi ∅ ,	nn::prpn cm::dat verb::vv e::fve.imperative mark::comma
emu niru i sunja bayara i morin ,	nv::nv nv::nv cm::gen nv::nv nv::nv cm::gen nv::nv mark::comma
dain i niyalma jalida me pu hecen tai be gai ki seme ,	nv::nv cm::gen nv::nv verb::vv e::cve nv::nv nv::nv nv::nv cm::acc verb::vv e::fve.opt comp mark::comma
takūra ∅ seme juwanta juru aha ,	verb::vv e::fve.imperative comp nv::nv nv::nv nv::nv mark::comma
bithe i jurgan i canggi be yabubu me ,	nv::nv cm::gen nv::nv cm::gen nv::nv cm::acc verb::vv e::cve mark::comma
○ sio_yan i ba i olji ton ,	mark::circle nn::prpn cm::gen nv::nv cm::gen nv::nv nv::nv mark::comma
jori ha jurgan be jurce rakū seme beiguwan obu ha .	verb::vv e::pst.ptcp nv::nv cm::acc verb::vv e::npst.ptcp.neg comp nv::nv verb::vv e::pst.ptcp mark::period
abka min be gosi mbi ,	nv::nv pn::1sg cm::acc verb::vv e::fve.npst mark::comma
juwe tanggū haha ,	nv::nv nv::nv nv::nv mark::comma
suwe gūni ci ai ende re ,	pn::2pl verb::vv e::cve nv::nv verb::vv e::npst.ptcp mark::comma
giya_jing ni gūsin jakūci aniya jakūn biya i orin emu de baha ha ,	nn::prpn cm::gen nv::nv nv::nv nv::nv nv::nv nv::nv cm::gen nv::nv nv::nv cm::dat verb::vv e::pst.ptcp mark::comma
emu dedun i ba de ilata ihan sinda ∅ ,	nv::nv nv::nv cm::gen nv::nv cm::dat nv::nv nv::nv verb::vv e::fve.imperative mark::comma
han ,	nv::nv mark::comma
fakūna janggin ,	nn::prpn.person nv::nv mark::comma
○ gulu lamun de ,	mark::circle nv::adj nv::adj cm::dat mark::comma
tere be faksi hoosai jui dorgon tuci fi ,	nv::nv cm::acc nv::nv nn::prpn.person nv::nv nv::nv verb::vv e::cve mark::comma
monggo i ba de ubaša me gene ci ,	nv::nv cm::gen nv::nv cm::dat verb::vv e::cve verb::vv e::cve mark::comma
hafan gemu bithe i jurgan be sarkū ,	nv::nv nv::nv nv::nv cm::gen nv::nv cm::acc nv::nv mark::comma
○ karun i morin de ulebu re be ,	mark::circle nv::nv cm::gen nv::nv cm::dat verb::vv e::npst.ptcp cm::acc mark::comma
emu jui de bu he sunja tanggū haha de ,	nv::nv nv::nv cm::dat verb::vv e::pst.ptcp nv::nv nv::nv nv::nv cm::dat mark::comma
suwe baha ra de dule baha ki seme sa mbi ,	pn::2pl verb::vv e::npst.ptcp cm::dat nv::nv verb::vv e::fve.opt comp verb::vv e::fve.npst mark::comma
usitan ,	nn::prpn.person mark::comma
leose de bisi re poo i okto be saikan tuwakiyabu ∅ ,	nv::nv cm::dat verb::vv e::npst.ptcp nv::nv cm::gen nv::nv cm::acc nv::adj verb::vv e::fve.imperative mark::comma
aita fujiyang de bu ∅ ,	nn::prpn.person nv::nv cm::dat verb::vv e::fve.imperative mark::comma
jibca i ton ,	nv::nv cm::gen nv::nv mark::comma
abka i kesi de banji mbime ,	nv::nv cm::gen nv::nv cm::dat verb::vv e::cve mark::comma
tongki fuka sinda ha hergen i dangse .	nv::nv nv::nv verb::vv e::pst.ptcp nv::nv cm::gen nv::nv mark::period
fu_jeo hecen i haha be wa ha ,	nn::prpn nv::nv cm::gen nv::nv cm::acc verb::vv e::pst.ptcp mark::comma
haha i ton be ume gida ra ,	nv::nv cm::gen nv::nv cm::acc nv::nv verb::vv e::npst.ptcp mark::comma
afabu ha weile be mute mbi ,	verb::vv e::pst.ptcp nv::nv cm::acc verb::vv e::fve.npst mark::comma
fusi ,	nn::prpn.plc mark::comma
jori ha jurgan be jurce rakū seme beiguwan obu ha .	verb::vv e::pst.ptcp nv::nv cm::acc verb::vv e::npst.ptcp.neg comp nv::nv verb::vv e::pst.ptcp mark::period
jai nadanju sunja niyalma be sin i ciha i sula takūra ∅ ,	nv::nv nv::nv nv::nv nv::nv cm::acc pn::2sg cm::gen nv::nv cm::gen nv::adj verb::vv e::fve.imperative mark::comma
beile se amban sa suwe te ume sarta ra ,	nv::nv nv::nv nv::nv nv::nv pn::2pl nv::nv nv::nv verb::vv e::npst.ptcp mark::comma
jai dasa me emhun duici_beile de habša ha seme weile ara fi ,	nv::nv verb::vv e::cve nv::nv nn::prpn cm::dat verb::vv e::pst.ptcp comp nv::nv verb::vv e::cve mark::comma
giya_jing ni dehi juwe ci aniya ninggun biya i juwan duin de baha ha ,	nn::prpn cm::gen nv::nv verb::vv e::cve nv::nv nv::nv nv::nv cm::gen nv::nv nv::nv cm::dat verb::vv e::pst.ptcp mark::comma
bu re šang ni dabala ,	verb::vv e::npst.ptcp nv::nv cm::gen ptcl mark::comma
○ enggeder_efu i deo sanggarjai_taiji ,	mark::circle nn::prpn cm::gen nv::nv nn::prpn mark::comma
inggari janggin ,	nv::nv nv::nv mark::comma
○ nadan biya i orin de ,	mark::circle nv::nv nv::nv cm::gen nv::nv cm::dat mark::comma
duka i niyalma dorgi idu i niyalma de alana fi ,	nv::nv cm::gen nv::nv nv::nv nv::nv cm::gen nv::nv cm::dat verb::vv e::cve mark::comma
tere hūrki_hada de ,	nv::nv nn::prpn cm::dat mark::comma
wan_lii i orin nadaci aniya juwe biya i ice uyun de baha ha ,	nn::prpn cm::gen nv::nv nv::nv nv::nv nv::nv nv::nv cm::gen nv::adj nv::nv cm::dat verb::vv e::pst.ptcp mark::comma
siyeri_bigan de cooha i ing ili ki seme bisi re de ,	nn::prpn cm::dat nv::nv cm::gen nv::nv verb::vv e::fve.opt comp verb::vv e::npst.ptcp cm::dat mark::comma
suwe daila ci ,	pn::2pl verb::vv e::cve mark::comma
lii_ji_hiyo de weile ara fi ,	nn::prpn cm::dat nv::nv verb::vv e::cve mark::comma
ula ,	nv::nv mark::comma
sin i hai_jeo i hecen be ,	pn::2sg cm::gen nn::prpn cm::gen nv::nv cm::acc mark::comma
ula de emu feye ,	nv::nv cm::dat nv::nv nv::nv mark::comma
fujisa be gana fi gaji ha ,	nv::nv cm::acc verb::vv e::cve verb::vv e::pst.ptcp mark::comma
gemu dabsun baha fi jete rakū o fi uka mbi kai ,	nv::nv nv::nv verb::vv e::cve verb::vv e::npst.ptcp.neg verb::vv e::cve verb::vv e::fve.npst ptcl mark::comma
gūwa i gūsa seme ,	nv::nv cm::gen nv::nv comp mark::comma
kutule morin yalu hai emu jergi ,	nv::nv nv::nv verb::vv e::cve nv::nv nv::nv mark::comma
julergi dain i anggala ,	nv::nv nv::nv cm::gen nv::nv mark::comma
fujisa ili re onggolo ,	nv::nv verb::vv e::npst.ptcp nv::nv mark::comma
io_tun_wei teisu ,	nn::prpn nv::nv mark::comma
jakūta de jakūn feye ,	nv::nv cm::dat nv::nv nv::nv mark::comma
tai niyalma ,	nv::nv nv::nv mark::comma
suwe unenggi daha mbi se ci ,	pn::2pl nv::adj verb::vv e::fve.npst verb::vv e::cve mark::comma
xušu emu tumen ilan minggan juwe tanggū juwan hule sunja to ilan sin ,	nv::nv nv::nv nv::nv nv::nv nv::nv nv::nv nv::nv nv::nv nv::nv nv::nv nv::nv nv::nv nv::nv mark::comma
kemuni tuttu sinagala me jobobu ci ,	nv::nv nv::nv verb::vv e::cve verb::vv e::cve mark::comma
donggo_efu i du_tang ni hergen ,	nn::prpn cm::gen nv::nv cm::gen nv::nv mark::comma
han i beye wasihūn gene fi hoton ara ra ba jori fi ,	nv::nv cm::gen nv::nv nv::nv verb::vv e::cve nv::nv verb::vv e::npst.ptcp nv::nv verb::vv e::cve mark::comma
wan_lii i gūsin nadaci aniya omšon biya i orin sunja de baha ha ,	nn::prpn cm::gen nv::nv nv::nv nv::nv nv::nv nv::nv cm::gen nv::nv nv::nv cm::dat verb::vv e::pst.ptcp mark::comma
○ orin jakūn de ,	mark::circle nv::nv nv::nv cm::dat mark::comma
gemu šanaha de dosimbu me gama ha ,	nv::nv nn::prpn.plc cm::dat verb::vv e::cve verb::vv e::pst.ptcp mark::comma
ere duin golo i niyalma be ,	nv::nv nv::nv nv::nv cm::gen nv::nv cm::acc mark::comma
abka da ha se re ngge tere inu ,	nv::nv verb::vv e::pst.ptcp verb::vv e::npst.ptcp nmlz::nmlz nv::nv nv::nv mark::comma
tere tombasi karun i niyalma be sa ha ,	nv::nv nn::prpn.person nv::nv cm::gen nv::nv cm::acc verb::vv e::pst.ptcp mark::comma
ineku ineku ba de ume jaila ra ,	nv::nv nv::nv nv::nv cm::dat nv::nv verb::vv e::npst.ptcp mark::comma
ama tsemtehe ba be waliya fi bai me ji he gung ,	nv::nv nn::prpn.person nv::nv cm::acc verb::vv e::cve verb::vv e::cve verb::vv e::pst.ptcp nv::nv mark::comma
pu i dolo dedu he seme ,	nv::nv cm::gen nv::nv verb::vv e::pst.ptcp comp mark::comma
ficakū ,	nv::nv mark::comma
sula beiguwan ,	nv::adj nv::nv mark::comma
hahana i uyunju yan i gung faita ha .	nn::prpn.person cm::gen nv::nv nv::nv cm::gen nv::nv verb::vv e::pst.ptcp mark::period
ainu fakca ha ,	nv::nv verb::vv e::pst.ptcp mark::comma
jakūn ing ni cooha de afa ra de ,	nv::nv nv::nv cm::gen nv::nv cm::dat verb::vv e::npst.ptcp cm::dat mark::comma
duin ihan ,	nv::nv nv::nv mark::comma
hecen amban ,	nv::nv nv::nv mark::comma
cooha i jurgan be dasa hakū ngge akū ,	nv::nv cm::gen nv::nv cm::acc verb::vv e::pst.ptcp.neg nmlz::nmlz nv::adj mark::comma
jeku akū monggo de sala kini .	nv::nv nv::adj nv::nv cm::dat verb::vv e::fve.opt mark::period
adahai ,	nn::prpn.person mark::comma
turi juwe minggan sunja tanggū juwan ninggun hule sunja to ,	nv::nv nv::nv nv::nv nv::nv nv::nv nv::nv nv::nv nv::nv nv::nv nv::nv mark::comma
gercile he jušen hoko ho ,	verb::vv e::pst.ptcp nv::nv verb::vv e::pst.ptcp mark::comma
tere i ala ha ngge ,	nv::nv cm::gen verb::vv e::pst.ptcp nmlz::nmlz mark::comma
sure_kundulen_han gai ha gurun gucu be gemu amasi deo beile de dasa me bu fi ,	nn::prpn verb::vv e::pst.ptcp nv::nv nv::nv cm::acc nv::nv nv::nv nv::nv nv::nv cm::dat verb::vv e::cve verb::vv e::cve mark::comma
tottoi de alanji ha ,	nn::prpn.person cm::dat verb::vv e::pst.ptcp mark::comma
biya giyala rakū hūda hūdaša me doro be haira me sain banji ki seme ,	nv::nv verb::vv e::npst.ptcp.neg nv::nv verb::vv e::cve nv::nv cm::acc verb::vv e::cve nv::adj verb::vv e::fve.opt comp mark::comma
ši_ho ,	nn::prpn mark::comma
ejen be nadanju ilan šusiha šusihala fi ,	nv::nv cm::acc nv::nv nv::nv nv::nv verb::vv e::cve mark::comma
hadai ,	nn::prpn.person mark::comma
haha i hūlha ha ulin jeku be ,	nv::nv cm::gen verb::vv e::pst.ptcp nv::nv nv::nv cm::acc mark::comma
han amban sa i baru hendu re ngge ,	nv::nv nv::nv nv::nv cm::gen nv::nv verb::vv e::npst.ptcp nmlz::nmlz mark::comma
šun tuhe ke manggi ,	nv::nv verb::vv e::pst.ptcp nv::nv mark::comma
hoton hecen be gai fi nisiha nisiha i dende fi alban gai me banji ci inu o mbihe ,	nv::nv nv::nv cm::acc verb::vv e::cve nv::nv nv::nv cm::gen verb::vv e::cve nv::nv verb::vv e::cve verb::vv e::cve nv::nv verb::vv e::fve.pst.ipfv mark::comma
jaosan be baksi seme emu niyalma .	nn::prpn.person cm::acc nv::nv comp nv::nv nv::nv mark::period
buyara me gisun i elcin ji he manggi ,	verb::vv e::cve nv::nv cm::gen nv::nv verb::vv e::pst.ptcp nv::nv mark::comma
juwe tanggū morin ,	nv::nv nv::nv nv::nv mark::comma
○ fusi_efu i unggi he bithe ,	mark::circle nn::prpn cm::gen verb::vv e::pst.ptcp nv::nv mark::comma
tere sargan jui be han i beye de bu mbi seme gisure fi orin aniya o ho kai ,	nv::nv nv::nv nv::nv cm::acc nv::nv cm::gen nv::nv cm::dat verb::vv e::fve.npst comp verb::vv e::cve nv::nv nv::nv verb::vv e::pst.ptcp ptcl mark::comma
hafan o ho niyalma de ,	nv::nv verb::vv e::pst.ptcp nv::nv cm::dat mark::comma
juwan uyun boo ,	nv::nv nv::nv nv::nv mark::comma
han de aca me ,	nv::nv cm::dat verb::vv e::cve mark::comma
ilan šeo_pu de juwete niyalma ,	nv::nv nv::nv cm::dat nv::nv nv::nv mark::comma
guwanggusa i canggi bi kai seme hendu me ,	nv::nv cm::gen nv::nv verb::vv.npst ptcl comp verb::vv e::cve mark::comma
sunja niru be kadala mbi seme eihen šangna ha bi he ,	nv::nv nv::nv cm::acc verb::vv e::fve.npst comp nv::nv verb::vv e::pst.ptcp verb::vv e::pst.ptcp mark::comma
yarana ,	nn::prpn.person mark::comma
muse i jušen aika weile ara ci ,	nv::nv cm::gen nv::nv nv::nv nv::nv verb::vv e::cve mark::comma
ice uyun de wasimbu ha ,	nv::adj nv::nv cm::dat verb::vv e::pst.ptcp mark::comma
gurun be kadala ra be sinda fi ,	nv::nv cm::acc verb::vv e::npst.ptcp cm::acc verb::vv e::cve mark::comma
umai weile akū de baibi wa ki seme cooha ji fi wabu ha ,	nv::nv nv::nv nv::adj cm::dat nv::nv verb::vv e::fve.opt comp nv::nv verb::vv e::cve verb::vv e::pst.ptcp mark::comma
pu hecen ai jaka be amtangga i dasa habi ,	nv::nv nv::nv nv::nv nv::nv cm::acc nv::adj cm::gen verb::vv e::fve.prs.prf mark::comma
cilin ,	nv::nv mark::comma
muse i uju fusi fi daha ha nikan ,	nv::nv cm::gen nv::nv verb::vv e::cve verb::vv e::pst.ptcp nv::nv mark::comma
bata be jabdubu rakū gabta me saci me tuhebu mbihe ,	nv::nv cm::acc verb::vv e::npst.ptcp.neg verb::vv e::cve verb::vv e::cve verb::vv e::fve.pst.ipfv mark::comma
kundulen_genggiyen_han ,	nn::prpn mark::comma
○ ineku tere ihan aniya jorgon biya de ,	mark::circle nv::nv nv::nv nv::nv nv::nv nv::nv nv::nv cm::dat mark::comma
ula de emgeri langtula bu ha ,	nv::nv cm::dat nv::nv verb::vv sfx e::pst.ptcp mark::comma
niyahan i gašan be gida me tabcin feksi fi ,	nv::nv cm::gen nv::nv cm::acc verb::vv e::cve nv::nv verb::vv e::cve mark::comma
hoifa ,	nn::prpn.plc mark::comma
tuttu gashū ha gisun be gūwaliya fi ,	nv::nv verb::vv e::pst.ptcp nv::nv cm::acc verb::vv e::cve mark::comma
○ du_tang ni bithe ,	mark::circle nv::nv cm::gen nv::nv mark::comma
juwe tumen yafahan cooha juwe kuren ili habi ,	nv::nv nv::nv nv::adj nv::nv nv::nv nv::adj verb::vv e::fve.prs.prf mark::comma
nikan hafasa ,	nv::nv nv::nv mark::comma
tanggū gurgu i yali ,	nv::nv nv::nv cm::gen nv::nv mark::comma
damin emu tanggū duin ,	nv::nv nv::nv nv::nv nv::nv mark::comma
poo sinda ra orin niyalma be unggi he bithe i gisun ,	nv::nv verb::vv e::npst.ptcp nv::nv nv::nv cm::acc verb::vv e::pst.ptcp nv::nv cm::gen nv::nv mark::comma
boo be acan te ,	nv::nv cm::acc nv::nv nv::nv mark::comma
han saiša fi šangna me bu he ulin ,	nv::nv verb::vv e::cve verb::vv e::cve verb::vv e::pst.ptcp nv::nv mark::comma
han i afabu ha niyalma suwe tondo be ala rakū ci ,	nv::nv cm::gen verb::vv e::pst.ptcp nv::nv pn::2pl nv::adj cm::acc verb::vv e::npst.ptcp.neg e::cve mark::comma
alban weile re niyalma uyunju ,	nv::nv verb::vv e::npst.ptcp nv::nv nv::nv mark::comma
jai gašan i niyalma de ,	nv::nv nv::nv cm::gen nv::nv cm::dat mark::comma
dodo_age eniye ,	nn::prpn nv::nv mark::comma
yaran_golo be jorgon biya de sucu fi gemu gai ha ,	nn::prpn cm::acc nv::nv nv::nv cm::dat verb::vv e::cve nv::nv verb::vv e::pst.ptcp mark::comma
amba_beile haksan de dedu he ,	nn::prpn nv::nv cm::dat verb::vv e::pst.ptcp mark::comma
jai daila ha seme afa ha seme aina mbi ,	nv::nv verb::vv e::pst.ptcp comp verb::vv e::pst.ptcp comp verb::vv e::fve.npst mark::comma
jakūnju tumen nikan ,	nv::nv nv::nv nv::nv mark::comma
tere inu ,	nv::nv nv::nv mark::comma
ai jaka be gemu in i juse de bu ∅ seme weile waji ha .	nv::nv nv::nv cm::acc nv::nv pn::3sg cm::gen nv::nv cm::dat verb::vv e::fve.imperative comp nv::nv verb::vv e::pst.ptcp mark::period
juwe jergi buce re weile be guwebu mbi ,	nv::nv nv::nv verb::vv e::npst.ptcp nv::nv cm::acc verb::vv e::fve.npst mark::comma
men i juse de ume olho ro ,	pn::1pl.excl cm::gen nv::nv cm::dat nv::nv verb::vv e::npst.ptcp mark::comma
jakūta de ilan feye baha ha ,	nv::nv cm::dat nv::nv nv::nv verb::vv e::pst.ptcp mark::comma
bata kimun seme gida rakū ,	nv::nv nv::nv comp verb::vv e::npst.ptcp.neg mark::comma
ama han i amba beye jili banji fi korso fi ji hebi dere ,	nv::nv nv::nv cm::gen nv::adj nv::nv nv::nv verb::vv e::cve verb::vv e::cve verb::vv e::fve.prs.prf ptcl mark::comma
afabu ha weile be mute mbi ,	verb::vv e::pst.ptcp nv::nv cm::acc verb::vv e::fve.npst mark::comma
emu biya i on be alin be daba me muke be olo me ji he ngge ,	nv::nv nv::nv cm::gen nv::nv cm::acc nv::nv cm::acc verb::vv e::cve nv::nv cm::acc verb::vv e::cve verb::vv e::pst.ptcp nmlz::nmlz mark::comma
abtai_nakcu i gūsa ,	nn::prpn cm::gen nv::nv mark::comma
nacibu_hiya ,	nn::prpn mark::comma
tuttu tondo i fafula rakū ehe miosihon jurgan i yabu ci ,	nv::nv nv::adj cm::gen verb::vv e::npst.ptcp.neg nv::adj nv::adj nv::nv cm::gen verb::vv e::cve mark::comma
te bi cibe ,	nv::nv verb::vv e::cve mark::comma
bulanju ,	nn::prpn.person mark::comma
juwe minggan cooha adabu fi ,	nv::nv nv::nv nv::nv verb::vv e::cve mark::comma
teburela re be teburela fi sin de te buce re jobolon isi ka kai ,	verb::vv e::npst.ptcp cm::acc verb::vv e::cve pn::2sg cm::dat nv::nv verb::vv e::npst.ptcp nv::nv verb::vv e::pst.ptcp ptcl mark::comma
cahar i aohan i ba i dureng_beile de unggi he bithe ,	nn::prpn.plc cm::gen nn::prpn.plc cm::gen nv::nv cm::gen nn::prpn cm::dat verb::vv e::pst.ptcp nv::nv mark::comma
beiguwan singgiya ,	nv::nv nn::prpn.person mark::comma
jakūn wang suwen i gisun be mara rakū niyalma be tuwa fi ,	nv::nv nv::nv pn::2pl cm::gen nv::nv cm::acc verb::vv e::npst.ptcp.neg nv::nv cm::acc verb::vv e::cve mark::comma
ilaci mukūn i ilaci tatan ,	nv::nv nv::nv cm::gen nv::nv nv::nv mark::comma
ere weile be deribu he ,	nv::nv nv::nv cm::acc verb::vv e::pst.ptcp mark::comma
niyalma ishun de kundule re mujilen be jafa ci ,	nv::nv nv::nv cm::dat verb::vv e::npst.ptcp nv::nv cm::acc verb::vv e::cve mark::comma
jeku i ejen de bu mbi ,	nv::nv cm::gen nv::nv cm::dat verb::vv e::fve.npst mark::comma
hafan gemu han be alhūda me ,	nv::nv nv::nv nv::nv cm::acc verb::vv e::cve mark::comma
ihan be gemu gai fi ,	nv::nv cm::acc nv::nv verb::vv e::cve mark::comma
aohan i elcin de ,	nn::prpn.plc cm::gen nv::nv cm::dat mark::comma
liyoodung ni hoton de ,	nn::prpn.plc cm::gen nv::nv cm::dat mark::comma
bujantai cooha be hecen ci adarame baha fi tucibu re se he dere ,	nn::prpn.person nv::nv cm::acc nv::nv cm::abl nv::nv verb::vv e::cve verb::vv e::npst.ptcp verb::vv e::pst.ptcp ptcl mark::comma
han hendu me ,	nv::nv verb::vv e::cve mark::comma
orin i dobori gemu uka me juse sargan boigon gama me julesi gene hebi seme hendu hebi ,	nv::nv cm::gen nv::nv nv::nv verb::vv e::cve nv::nv nv::nv nv::nv verb::vv e::cve nv::nv verb::vv e::fve.prs.prf comp verb::vv e::fve.prs.prf mark::comma
sunja ,	nv::nv mark::comma
sargan ,	nv::nv mark::comma
budun yadalinggū emteli niyalma be bungna bu rakū ,	nv::adj nv::adj nv::adj nv::nv cm::acc verb::vv sfx e::npst.ptcp.neg mark::comma
ha_sing_wang de emu jerde morin ,	nn::prpn cm::dat nv::nv nv::adj nv::nv mark::comma
muse i niyalma sa fi bošo me gene fi amcabu hakū ,	nv::nv cm::gen nv::nv verb::vv e::cve verb::vv e::cve verb::vv e::cve verb::vv e::pst.ptcp.neg mark::comma
niyaman hūncihin be daila me wacihiya mbi o ,	nv::nv nv::nv cm::acc verb::vv e::cve verb::vv e::fve.npst ptcl mark::comma
gucuse de hendu fi ,	nv::nv cm::dat verb::vv e::cve mark::comma
niohe dahū benji he mujangga ,	nv::nv nv::nv verb::vv e::pst.ptcp nv::adj mark::comma
yehe i mamari ,	nv::nv cm::gen nv::nv mark::comma
sin i bu re be hairanda ra ngge waka ,	pn::2sg cm::gen verb::vv e::npst.ptcp cm::acc verb::vv e::npst.ptcp nmlz::nmlz nv::adj mark::comma
loho beri jebele asha fi ainu gene hekū untuhun gene he ,	nv::nv nv::nv nv::nv verb::vv e::cve nv::nv verb::vv e::pst.ptcp.neg nv::adj verb::vv e::pst.ptcp mark::comma
abka emgeri uruše fi gosi ha be daha me ,	nv::nv nv::nv verb::vv e::cve verb::vv e::pst.ptcp cm::acc verb::vv e::cve mark::comma
tongki fuka sinda ha hergen i dangse .	nv::nv nv::nv verb::vv e::pst.ptcp nv::nv cm::gen nv::nv mark::period
amargi jase tuwa me gene he .	nv::nv nv::nv verb::vv e::cve verb::vv e::pst.ptcp mark::period
amba genggiyen_han i jui guyeng_baturu_beile de bu fi bedere he ,	nv::adj nn::prpn cm::gen nv::nv nn::prpn cm::dat verb::vv e::cve verb::vv e::pst.ptcp mark::comma
emu tsoo halangga dusy hafan be ,	nv::nv nv::nv nv::adj nv::nv nv::nv cm::acc mark::comma
juwan duici jergi ,	nv::nv nv::nv nv::nv mark::comma
gege be hūdun jurambu mbi ,	nv::nv cm::acc nv::adj verb::vv e::fve.npst mark::comma
tere i dolo boo de dosi tala ,	nv::nv cm::gen nv::nv nv::nv cm::dat verb::vv e::cve mark::comma
gemu guwangning de gaji fi orin angga de emu ihan bu fi usin taribu ∅ ,	nv::nv nn::prpn.plc cm::dat verb::vv e::cve nv::nv nv::nv cm::dat nv::nv nv::nv verb::vv e::cve nv::nv verb::vv e::fve.imperative mark::comma
emu seke i dahū ,	nv::nv nv::nv cm::gen nv::nv mark::comma
warka ,	nn::prpn.plc mark::comma
bi onco be gūni fi ,	pn::1sg nv::adj cm::acc verb::vv e::cve mark::comma
yehe i gurun ,	nv::nv cm::gen nv::nv mark::comma
ici ergi ilan gūsa i cooha be jaifiyan i ninggu i cooha be tuwakiya ∅ ,	nv::nv nv::nv nv::nv nv::nv cm::gen nv::nv cm::acc nv::nv cm::gen nv::nv cm::gen nv::nv cm::acc verb::vv e::fve.imperative mark::comma
sakda ,	nv::adj mark::comma
ere juwe ukanju be ,	nv::nv nv::nv nv::nv cm::acc mark::comma
namida sargan be ,	nn::prpn.person nv::nv cm::acc mark::comma
buya hafan susai funce me wa ha ,	nv::adj nv::nv nv::nv verb::vv e::cve verb::vv e::pst.ptcp mark::comma
jai seole fi gemu weile naka ha .	nv::nv verb::vv e::cve nv::nv nv::nv verb::vv e::pst.ptcp mark::period
jai mao_wen_lung ,	nv::nv nn::prpn mark::comma
emte sara ,	nv::nv nv::nv mark::comma
jai ši_ho_i šeo_pu in i gašan be monggo sucu mbi seme alanji fi ,	nv::nv nn::prpn nv::nv pn::3sg cm::gen nv::nv cm::acc nv::nv verb::vv e::fve.npst comp verb::vv e::cve mark::comma
šanaha i susai tumen cooha de ,	nn::prpn.plc cm::gen nv::nv nv::nv nv::nv cm::dat mark::comma
min i elcin i gisun ,	pn::1sg cm::gen nv::nv cm::gen nv::nv mark::comma
juwe jergi buce re weile be guwebu mbi ,	nv::nv nv::nv verb::vv e::npst.ptcp nv::nv cm::acc verb::vv e::fve.npst mark::comma
jori ha jurgan be jurce rakū seme ,	verb::vv e::pst.ptcp nv::nv cm::acc verb::vv e::npst.ptcp.neg comp mark::comma
wan_lii i gūsin nadaci aniya omšon biya i orin sunja de baha ha ,	nn::prpn cm::gen nv::nv nv::nv nv::nv nv::nv nv::nv cm::gen nv::nv nv::nv cm::dat verb::vv e::pst.ptcp mark::comma
daise beiguwan ilan niyalma tucibu fi jafa me gana ∅ seme unggi hebi ,	nv::nv nv::nv nv::nv nv::nv verb::vv e::cve verb::vv e::cve verb::vv e::fve.imperative comp verb::vv e::fve.prs.prf mark::comma
kuren hada fi poo sinda me ili ha bi ci ,	nv::adj verb::vv e::cve nv::nv verb::vv e::cve verb::vv e::pst.ptcp verb::vv e::cve mark::comma
abuni gebungge niyalma be bithe jafabu fi aita fujiyang de šeri me takūra me ,	nn::prpn.person nv::adj nv::nv cm::acc nv::nv verb::vv e::cve nn::prpn.person nv::nv cm::dat verb::vv e::cve verb::vv e::cve mark::comma
suwe afabu ha amba gebu be gūni me ,	pn::2pl verb::vv e::pst.ptcp nv::adj nv::nv cm::acc verb::vv e::cve mark::comma
○ tuntasi be ,	mark::circle nn::prpn.person cm::acc mark::comma
jaisai_beile i sunja haha ,	nn::prpn cm::gen nv::nv nv::nv mark::comma
genggiyen_han i gebu be donji fi ,	nn::prpn cm::gen nv::nv cm::acc verb::vv e::cve mark::comma
jui amba_beile be ehe gūni hakū ,	nv::nv nn::prpn cm::acc nv::adj verb::vv e::pst.ptcp.neg mark::comma
ilaci jergi fujiyang obu ha ,	nv::nv nv::nv nv::nv verb::vv e::pst.ptcp mark::comma
muse wa ki seme wa ha .	pn::1pl.incl verb::vv e::fve.opt comp verb::vv e::pst.ptcp mark::period
orin morin ,	nv::nv nv::nv mark::comma
tere gaji ha niyalma yooni bi ci ,	nv::nv verb::vv e::pst.ptcp nv::nv nv::nv verb::vv e::cve mark::comma
ere bai me ji he gung de ,	nv::nv verb::vv e::cve verb::vv e::pst.ptcp nv::nv cm::dat mark::comma
tersun min be wa kini ,	nn::prpn.person pn::1sg cm::acc verb::vv e::fve.opt mark::comma
uyun biya i juwan uyun de hiyoošun isibu me waliya fi ,	nv::nv nv::nv cm::gen nv::nv nv::nv cm::dat nv::nv verb::vv e::cve verb::vv e::cve mark::comma
jai afabu ha weile be mute mbi ,	nv::nv verb::vv e::pst.ptcp nv::nv cm::acc verb::vv e::fve.npst mark::comma
amasi julesi uheri juwan juwe inenggi yabu ha ,	nv::nv nv::nv nv::nv nv::nv nv::nv nv::nv verb::vv e::pst.ptcp mark::comma
elbegei ,	nn::prpn.person mark::comma
liyoodung ni hecen de ,	nn::prpn.plc cm::gen nv::nv cm::dat mark::comma
han i pai be gai fi ,	nv::nv cm::gen nv::nv cm::acc verb::vv e::cve mark::comma
fusi_efu ,	nn::prpn mark::comma
han ,	nv::nv mark::comma
○ temuru be ,	mark::circle nn::prpn.person cm::acc mark::comma
○ monggo i cooha i ejete i sargan ,	mark::circle nv::nv cm::gen nv::nv cm::gen nv::nv cm::gen nv::nv mark::comma
○ ice duin de ,	mark::circle nv::adj nv::nv cm::dat mark::comma
tofohon yan i weile waliya mbi ,	nv::nv nv::nv cm::gen nv::nv verb::vv e::fve.npst mark::comma
han i bu he morin ihan kai ,	nv::nv cm::gen verb::vv e::pst.ptcp nv::nv nv::nv ptcl mark::comma
○ juwan de ,	mark::circle nv::nv cm::dat mark::comma
ula i amba gurun i dain de ,	nv::nv cm::gen nv::adj nv::nv cm::gen nv::nv cm::dat mark::comma
afabu ha weile be mute mbi ,	verb::vv e::pst.ptcp nv::nv cm::acc verb::vv e::fve.npst mark::comma
niyalma takūra fi ganabu ci ,	nv::nv verb::vv e::cve verb::vv e::cve mark::comma
guwangning ni cooha sabu mbi seme ,	nn::prpn.plc cm::gen nv::nv verb::vv e::fve.npst comp mark::comma
ilaci jergi amban sa de ,	nv::nv nv::nv nv::nv nv::nv cm::dat mark::comma
beiguwan ,	nv::nv mark::comma
yambulu ,	nn::prpn.person mark::comma
mocin samsu tanggū ,	nv::nv nv::nv nv::nv mark::comma
jugūn tuwakiya ha niyalma ebsi geren cooha i jaka de ume gaji re ,	nv::nv verb::vv e::pst.ptcp nv::nv nv::nv nv::adj nv::nv cm::gen nv::nv cm::dat nv::nv verb::vv e::npst.ptcp mark::comma
ba hafirahūn se re niyalma ,	nv::nv nv::adj verb::vv e::npst.ptcp nv::nv mark::comma
singgeri ,	nv::nv mark::comma
guribu he ba i niyalma ,	verb::vv e::pst.ptcp nv::nv cm::gen nv::nv mark::comma
hoifa de emu feye ,	nn::prpn.plc cm::dat nv::nv nv::nv mark::comma
liyoodung de gaji fi gama ∅ ,	nn::prpn.plc cm::dat verb::vv e::cve verb::vv e::fve.imperative mark::comma
ula i tumei niru be ,	nv::nv cm::gen nn::prpn.person nv::nv cm::acc mark::comma
nene me unggi he bithe i songko i icihiya ∅ ,	verb::vv e::cve verb::vv e::pst.ptcp nv::nv cm::gen nv::nv cm::gen verb::vv e::fve.imperative mark::comma
duin niyalma be turusi_baksi de takūra ha .	nv::nv nv::nv cm::acc nn::prpn cm::dat verb::vv e::pst.ptcp mark::period
nikan i hafan duin minggan kadala ra niyalma ,	nv::nv cm::gen nv::nv nv::nv nv::nv verb::vv e::npst.ptcp nv::nv mark::comma
emu tanggū gūsin niyalma ,	nv::nv nv::nv nv::nv nv::nv mark::comma
ninggun yan i weile waliya mbi ,	nv::nv nv::nv cm::gen nv::nv verb::vv e::fve.npst mark::comma
emu tanggū funce me niyalma be weihun jafa ha ,	nv::nv nv::nv verb::vv e::cve nv::nv cm::acc nv::adj verb::vv e::pst.ptcp mark::comma
ba untuhun o ho ,	nv::nv nv::adj verb::vv e::pst.ptcp mark::comma
kibtar ,	nn::prpn.person mark::comma
daha ∅ ,	verb::vv e::fve.imperative mark::comma
enggeder_efu i jui mendu_dagan be han i juleri te he hiya sa i dergi dalba de tebu he ,	nn::prpn cm::gen nv::nv nn::prpn cm::acc nv::nv cm::gen nv::nv verb::vv e::pst.ptcp nv::nv nv::nv cm::gen nv::nv nv::nv cm::dat verb::vv e::pst.ptcp mark::comma
ere i yaya niyalma aika gaji ∅ ,	nv::nv cm::gen nv::nv nv::nv nv::nv verb::vv e::fve.imperative mark::comma
ere agūda maksi ∅ se ci maksi rakū o ci ,	nv::nv nn::prpn.person verb::vv e::fve.imperative verb::vv e::cve verb::vv e::npst.ptcp.neg verb::vv e::cve mark::comma
da ci unca ra giyan ningge unca kini ,	nv::nv cm::abl verb::vv e::npst.ptcp nv::nv nv::nv verb::vv e::fve.opt mark::comma
suwen i gai ha ulha be juleri sinda fi benji me ji ci ,	pn::2pl cm::gen verb::vv e::pst.ptcp nv::nv cm::acc nv::nv verb::vv e::cve verb::vv e::cve verb::vv e::cve mark::comma
guwangning ni jang_dzung_bing_guwan be jase bitu me tuwa ∅ seme unggi he bi he ,	nn::prpn.plc cm::gen nn::prpn cm::acc nv::nv verb::vv e::cve verb::vv e::fve.imperative comp verb::vv e::pst.ptcp verb::vv e::pst.ptcp mark::comma
yehe i juwan uyun gašan be efule fi gaji ha manggi ,	nv::nv cm::gen nv::nv nv::nv nv::nv cm::acc verb::vv e::cve verb::vv e::pst.ptcp nv::nv mark::comma
wan_lii i orin emuci aniya uyun biya i orin ilan de baha ha .	nn::prpn cm::gen nv::nv nv::nv nv::nv nv::nv nv::nv cm::gen nv::nv nv::nv cm::dat verb::vv e::pst.ptcp mark::period
fung_cu_tung ,	nn::prpn mark::comma
birai_dergi gurun ,	nn::prpn nv::nv mark::comma
dung_jeo ,	nn::prpn mark::comma
giya_jing ni dehici aniya nadan biya i orin uyun de baha ha ,	nn::prpn cm::gen nv::nv nv::nv nv::nv nv::nv cm::gen nv::nv nv::nv cm::dat verb::vv e::pst.ptcp mark::comma
dobakū_golo ,	nn::prpn mark::comma
wan_lii i orin nadaci aniya juwe biya i ice uyun de baha ha ,	nn::prpn cm::gen nv::nv nv::nv nv::nv nv::nv nv::nv cm::gen nv::adj nv::nv cm::dat verb::vv e::pst.ptcp mark::comma
yamun ci hokobu rakū .	nv::nv cm::abl verb::vv e::npst.ptcp.neg mark::period
gurun i weile beide re tondo sain niyalma be sonjo fi ,	nv::nv cm::gen nv::nv verb::vv e::npst.ptcp nv::adj nv::adj nv::nv cm::acc verb::vv e::cve mark::comma
fu_jeo i niyalma be wa ha ngge tere inu ,	nn::prpn cm::gen nv::nv cm::acc verb::vv e::pst.ptcp nmlz::nmlz nv::nv nv::nv mark::comma
yada ra niyalma i juwan haha de emu morin bu ∅ ,	verb::vv e::npst.ptcp nv::nv cm::gen nv::nv nv::nv cm::dat nv::nv nv::nv verb::vv e::fve.imperative mark::comma
tuttu geren be guwebu fi ,	nv::nv nv::adj cm::acc verb::vv e::cve mark::comma
emu tanggū juwe tanggū i unggi ∅ ,	nv::nv nv::nv nv::nv nv::nv cm::gen verb::vv e::fve.imperative mark::comma
uttu tuwa me duin ba de tebu fi waji ha manggi ,	nv::nv verb::vv e::cve nv::nv nv::nv cm::dat verb::vv e::cve verb::vv e::pst.ptcp nv::nv mark::comma
han sa ∅ ,	nv::nv verb::vv e::fve.imperative mark::comma
aršan ,	nn::prpn.person mark::comma
tede sure_kundulen_han hendu me ,	nv::nv nn::prpn verb::vv e::cve mark::comma
dorji ,	nn::prpn.person mark::comma
min i kadala ra emu jalan i sunja niru i cooha be fujiyang ci fakca rakū ,	pn::1sg cm::gen verb::vv e::npst.ptcp nv::nv nv::nv cm::gen nv::nv nv::nv cm::gen nv::nv cm::acc nv::nv cm::abl verb::vv e::npst.ptcp.neg mark::comma
doigon de sa fi uthai latuna ra jaka de ,	nv::nv cm::dat verb::vv e::cve nv::nv verb::vv e::npst.ptcp nv::nv cm::dat mark::comma
○ be_gi_jai ba i wang_dzung_kui gebungge niyalma ,	mark::circle nn::prpn nv::nv cm::gen nn::prpn nv::adj nv::nv mark::comma
fulgiyan jafu duite bu he ,	nv::nv nv::nv nv::nv verb::vv e::pst.ptcp mark::comma
yaya niyalma nikan i emgi anda ume jafa ra ,	nv::nv nv::nv nv::nv cm::gen nv::nv nv::nv nv::nv verb::vv e::npst.ptcp mark::comma
dain ,	nv::nv mark::comma
dondohoi ,	nn::prpn.person mark::comma
○ urut gurun i emu eigen buce he fujin ,	mark::circle nn::prpn.plc nv::nv cm::gen nv::nv nv::nv verb::vv e::pst.ptcp nv::nv mark::comma
tondo seme bu ci ,	nv::adj comp verb::vv e::cve mark::comma
kalka kemuni suwen be sucu fi gama ra ngge ,	nv::nv nv::nv pn::2pl cm::acc verb::vv e::cve verb::vv e::npst.ptcp nmlz::nmlz mark::comma
beiguwan i hergen bu he bi he ,	nv::nv cm::gen nv::nv verb::vv e::pst.ptcp verb::vv e::pst.ptcp mark::comma
cooha i morin ilan inenggi feksi me yabu fi ,	nv::nv cm::gen nv::nv nv::nv nv::nv verb::vv e::cve verb::vv e::cve mark::comma
arki de efuje mbi ,	nv::nv cm::dat verb::vv e::fve.npst mark::comma
ba be waliya fi ji he gung ,	nv::nv cm::acc verb::vv e::cve verb::vv e::pst.ptcp nv::nv mark::comma
han i pai be gai fi ,	nv::nv cm::gen nv::nv cm::acc verb::vv e::cve mark::comma
iogi hergen bu he .	nv::nv nv::nv verb::vv e::pst.ptcp mark::period
duin tanggū ihan ,	nv::nv nv::nv nv::nv mark::comma
beri tabu re jebele asha ra siden de ,	nv::nv verb::vv e::npst.ptcp nv::nv verb::vv e::npst.ptcp nv::nv cm::dat mark::comma
han i fafun i tondo i kadala mbi ,	nv::nv cm::gen nv::nv cm::gen nv::adj cm::gen verb::vv e::fve.npst mark::comma
neme me monggo de šang nonggi me bu re ,	verb::vv e::cve nv::nv cm::dat nv::nv verb::vv e::cve verb::vv e::npst.ptcp mark::comma
hunehe_bira i julergi dalin be narin gai fi jeku tū he ,	nn::prpn cm::gen nv::nv nv::nv cm::acc nn::prpn.person verb::vv e::cve nv::nv verb::vv e::pst.ptcp mark::comma
ere jakūn niyalma de emte temen ,	nv::nv nv::nv nv::nv cm::dat nv::nv nv::nv mark::comma
adun bošo ro ,	nv::nv verb::vv e::npst.ptcp mark::comma
hiyan_šan ,	nn::prpn mark::comma
ere bai me ji he gung de ,	nv::nv verb::vv e::cve verb::vv e::pst.ptcp nv::nv cm::dat mark::comma
nikari bi boo i uji he ujima ,	nn::prpn.person pn::1sg nv::nv cm::gen verb::vv e::pst.ptcp nv::nv mark::comma
sain tondo niyalma ai de yende mbi ,	nv::adj nv::adj nv::nv nv::nv cm::dat verb::vv e::fve.npst mark::comma
mederi de cen i nikan nene me solho de elcin gene fi ,	nv::nv cm::dat pn::3pl cm::gen nv::nv verb::vv e::cve nv::nv cm::dat nv::nv verb::vv e::cve mark::comma
saimao ,	nn::prpn.person mark::comma
uju ,	nv::nv mark::comma
○ tofohon de ,	mark::circle nv::nv cm::dat mark::comma
han i bu re šang ,	nv::nv cm::gen verb::vv e::npst.ptcp nv::nv mark::comma
buya niyalma be takūra ci tašara mbi ,	nv::adj nv::nv cm::acc verb::vv e::cve verb::vv e::fve.npst mark::comma
gibkada tsanjiyang ni deo duilešen de ,	nn::prpn.person nv::nv cm::gen nv::nv nn::prpn.person cm::dat mark::comma
han ,	nv::nv mark::comma
tondo mujilen be jafa fi kice me hūsun bu ki ,	nv::adj nv::nv cm::acc verb::vv e::cve verb::vv e::cve nv::nv verb::vv e::fve.opt mark::comma
in i ciha i daha me dosi ka ngge ambula ,	pn::3sg cm::gen nv::nv cm::gen verb::vv e::cve verb::vv e::pst.ptcp nmlz::nmlz nv::nv mark::comma
si ainu nungne mbi seme gemu wa ha .	pn::2sg nv::nv verb::vv e::fve.npst comp nv::nv verb::vv e::pst.ptcp mark::period
coijika ,	nn::prpn.person mark::comma
moo i uksin ,	nv::nv cm::gen nv::nv mark::comma
○ uici be beiguwan obu ha .	mark::circle nn::prpn.person cm::acc nv::nv verb::vv e::pst.ptcp mark::period
sain etuku etu ∅ ,	nv::adj nv::nv verb::vv e::fve.imperative mark::comma
uka ka niyalma de uka ka weile ,	verb::vv e::pst.ptcp nv::nv cm::dat verb::vv e::pst.ptcp nv::nv mark::comma
beile se amban sa ,	nv::nv nv::nv nv::nv nv::nv mark::comma
bi liyoodung de ji he ci tuwa ci ,	pn::1sg nn::prpn.plc cm::dat verb::vv e::pst.ptcp cm::abl verb::vv e::cve mark::comma
nikasa de wasimbu ha gisun ,	nv::nv cm::dat verb::vv e::pst.ptcp nv::nv mark::comma
hahana ,	nn::prpn.person mark::comma
○ emungge be ,	mark::circle nn::prpn.person cm::acc mark::comma
banji ha ba ,	verb::vv e::pst.ptcp nv::nv mark::comma
muse i fe niyalma hono gemu buce mbi kai ,	nv::nv cm::gen nv::adj nv::nv nv::nv nv::nv verb::vv e::fve.npst ptcl mark::comma
cooha gene hekū monggo beile se labsihi de emu temen ,	nv::nv verb::vv e::pst.ptcp.neg nv::nv nv::nv nv::nv nn::prpn.person cm::dat nv::nv nv::nv mark::comma
ere be gūni rakū ,	nv::nv cm::acc verb::vv e::npst.ptcp.neg mark::comma
ninggun biya i tofohon de wasimbu ha ,	nv::nv nv::nv cm::gen nv::nv cm::dat verb::vv e::pst.ptcp mark::comma
muse be bai me ji he jilakan seme ,	pn::1pl.incl cm::acc verb::vv e::cve verb::vv e::pst.ptcp nv::nv comp mark::comma
○ juwan biya i tofohon de ,	mark::circle nv::nv nv::nv cm::gen nv::nv cm::dat mark::comma
korcin i monggo i hatan_baturu_beile i daicing_nangsu_lama i ba ci ,	nn::prpn.plc cm::gen nv::nv cm::gen nn::prpn cm::gen nn::prpn cm::gen nv::nv cm::abl mark::comma
be wa mbi .	pn::1pl.excl verb::vv e::fve.npst mark::period
tere inenggi wasimbu ha ,	nv::nv nv::nv verb::vv e::pst.ptcp mark::comma
cing_tai_ioi ba i juwe niyalma alanji me ,	nn::prpn nv::nv cm::gen nv::nv nv::nv verb::vv e::cve mark::comma
cing_ho ,	nn::prpn mark::comma
tere hecen de baha ha morin eihen losa de gemu aci fi ,	nv::nv nv::nv cm::dat verb::vv e::pst.ptcp nv::nv nv::nv nv::nv cm::dat nv::nv verb::vv e::cve mark::comma
nikan i cooha be sabu fi ,	nv::nv cm::gen nv::nv cm::acc verb::vv e::cve mark::comma
han hiyabun dabu me amasi hecen dosi ka .	nv::nv nv::nv verb::vv e::cve nv::nv nv::nv verb::vv e::pst.ptcp mark::period
○ ice ninggun de ,	mark::circle nv::adj nv::nv cm::dat mark::comma
geren i juleri amban seme hūla me šangna me bu he gebu i jaka be gemu tondo amban sa gai ∅ seme ,	nv::adj cm::gen nv::nv nv::nv comp verb::vv e::cve verb::vv e::cve verb::vv e::pst.ptcp nv::nv cm::gen nv::nv cm::acc nv::nv nv::adj nv::nv nv::nv verb::vv e::fve.imperative comp mark::comma
afiya orho be gemu tuwa sinda fi ,	nv::nv nv::nv cm::acc nv::nv nv::nv verb::vv e::cve mark::comma
sio_yan i ba i facabu ha niyalma i fe jeku be balai ume mamgiya ra ,	nn::prpn cm::gen nv::nv cm::gen verb::vv e::pst.ptcp nv::nv cm::gen nv::adj nv::nv cm::acc nv::nv nv::nv verb::vv e::npst.ptcp mark::comma
onggolo de ,	nv::nv cm::dat mark::comma
utala cooha be majige andan de saci me gabta me tuhebu he ,	nv::nv nv::nv cm::acc nv::adj nv::nv cm::dat verb::vv e::cve verb::vv e::cve verb::vv e::pst.ptcp mark::comma
tuba i amban sa suwe geli aise mbi ,	nv::nv cm::gen nv::nv nv::nv pn::2pl nv::nv verb::vv e::fve.npst mark::comma
sain ulin be beile se sonjo me gai kini ,	nv::adj nv::nv cm::acc nv::nv nv::nv verb::vv e::cve verb::vv e::fve.opt mark::comma
ehe be ehe seme han de ala mbi ,	nv::adj cm::acc nv::adj comp nv::nv cm::dat verb::vv e::fve.npst mark::comma
tere ji he niyalma ala me ,	nv::nv verb::vv e::pst.ptcp nv::nv verb::vv e::cve mark::comma
min de tere dele kai ,	pn::1sg cm::dat nv::nv nv::nv ptcl mark::comma
sancara_pu ,	nn::prpn mark::comma
baha ha niyalma emu ubu icihiya me gaibu me ,	verb::vv e::pst.ptcp nv::nv nv::nv nv::nv verb::vv e::cve verb::vv e::cve mark::comma
fujiyang ,	nv::nv mark::comma
taifin doro de tondo mujilen dele ,	nv::adj nv::nv cm::dat nv::adj nv::nv nv::nv mark::comma
fe dangse de fe_ala i alban i jeku ,	nv::adj nv::nv cm::dat nn::prpn cm::gen nv::nv cm::gen nv::nv mark::comma
○ tere inenggi ,	mark::circle nv::nv nv::nv mark::comma
hashū ergi cooha hecen de tafa ka ba de nene me unggi he ,	nv::nv nv::nv nv::nv nv::nv cm::dat verb::vv e::pst.ptcp nv::nv cm::dat verb::vv e::cve verb::vv e::pst.ptcp mark::comma
baduri ,	nn::prpn.person mark::comma
icihiya me gai ∅ ,	verb::vv e::cve verb::vv e::fve.imperative mark::comma
dele alanji fi ,	nv::nv verb::vv e::cve mark::comma
ere sunja niyalma be gemu wa ra weile makta ha bi he ,	nv::nv nv::nv nv::nv cm::acc nv::nv verb::vv e::npst.ptcp nv::nv verb::vv e::pst.ptcp verb::vv e::pst.ptcp mark::comma
juwe morin gaji me ,	nv::nv nv::nv verb::vv e::cve mark::comma
eidu_baturu ,	nn::prpn mark::comma
saikan olho me sere me akūmbu re be gūni ∅ ,	nv::adj verb::vv e::cve verb::vv e::cve verb::vv e::npst.ptcp cm::acc verb::vv e::fve.imperative mark::comma
tari re usin icihiya me bu rakū kai ,	verb::vv e::npst.ptcp nv::nv verb::vv e::cve verb::vv e::npst.ptcp.neg ptcl mark::comma
unenggi cooha i ejen se re ngge tere kai ,	nv::adj nv::nv cm::gen nv::nv verb::vv e::npst.ptcp nmlz::nmlz nv::nv ptcl mark::comma
aha waji ci ,	nv::nv verb::vv e::cve mark::comma
monggo ci julesi ,	nv::nv cm::abl nv::nv mark::comma
nene me gene he niyalma ,	verb::vv e::cve verb::vv e::pst.ptcp nv::nv mark::comma
hoton i ejen gintaisi_beile in i te he den tai boo de in i sargan buya juse be gai fi tafa fi bi he manggi ,	nv::nv cm::gen nv::nv nn::prpn pn::3sg cm::gen verb::vv e::pst.ptcp nv::adj nv::nv nv::nv cm::dat pn::3sg cm::gen nv::nv nv::adj nv::nv cm::acc verb::vv e::cve verb::vv e::cve verb::vv e::pst.ptcp nv::nv mark::comma
hojihon obu fi tukiye re jaka de ,	nv::nv verb::vv e::cve verb::vv e::npst.ptcp nv::nv cm::dat mark::comma
ai_jeo ,	nn::prpn mark::comma
warka ci gaji ha boigon i niyalma de sarila ra de ,	nn::prpn.plc cm::abl verb::vv e::pst.ptcp nv::nv cm::gen nv::nv cm::dat verb::vv e::npst.ptcp cm::dat mark::comma
bira i dalin i bele emu minggan buktan ,	nv::nv cm::gen nv::nv cm::gen nv::nv nv::nv nv::nv nv::nv mark::comma
tanggū coko de juwan yan tooda me gai ha ,	nv::nv nv::nv cm::dat nv::nv nv::nv verb::vv e::cve verb::vv e::pst.ptcp mark::comma
sira me geli gercile me ala ha seme ,	verb::vv e::cve nv::nv verb::vv e::cve verb::vv e::pst.ptcp comp mark::comma
julge ci ebsi banji ha han beile se i kooli be tuwa ci ,	nv::nv cm::abl nv::nv verb::vv e::pst.ptcp nv::nv nv::nv nv::nv cm::gen nv::nv cm::acc verb::vv e::cve mark::comma
dergi niyalma kemuni tere i songko i ume gelebu re ,	nv::nv nv::nv nv::nv nv::nv cm::gen nv::nv cm::gen nv::nv verb::vv e::npst.ptcp mark::comma
nikan de ulgiyan ume uda ra ,	nv::nv cm::dat nv::nv nv::nv verb::vv e::npst.ptcp mark::comma
darhan_hiya de tofohon ihan bu he ,	nn::prpn cm::dat nv::nv nv::nv verb::vv e::pst.ptcp mark::comma
tere ci amba_fujin ci hoko me ,	nv::nv cm::abl nn::prpn cm::abl verb::vv e::cve mark::comma
ciyan_šan i ba de anafu te he seoken ,	nn::prpn cm::gen nv::nv cm::dat nv::nv verb::vv e::pst.ptcp nn::prpn.person mark::comma
fakca ha de ,	verb::vv e::pst.ptcp cm::dat mark::comma
hoifa de emu feye ,	nn::prpn.plc cm::dat nv::nv nv::nv mark::comma
susai yan i weile gai ha .	nv::nv nv::nv cm::gen nv::nv verb::vv e::pst.ptcp mark::period
gūsita yan i weile ara ha .	nv::nv nv::nv cm::gen nv::nv verb::vv e::pst.ptcp mark::period
uhereme jakūn jebele de beri sirdan sisi hai ,	nv::nv nv::nv nv::nv cm::dat nv::nv nv::nv verb::vv e::cve mark::comma
hū_pi_i ,	nn::prpn mark::comma
aita emu tanggū susai niyalma be gai fi ,	nn::prpn.person nv::nv nv::nv nv::nv nv::nv cm::acc verb::vv e::cve mark::comma
○ kamtani niru i ulacan ,	mark::circle nn::prpn.person nv::nv cm::gen nn::prpn.person mark::comma
min i dolo gūni me ji he ngge ,	pn::1sg cm::gen nv::nv verb::vv e::cve verb::vv e::pst.ptcp nmlz::nmlz mark::comma
ula de morin sacibu ha seme sunja niyalma i caliyan ,	nv::nv cm::dat nv::nv verb::vv e::pst.ptcp comp nv::nv nv::nv cm::gen nv::nv mark::comma
tere inenggi cimari erde tuci fi ,	nv::nv nv::nv nv::nv nv::nv verb::vv e::cve mark::comma
manggo ,	nv::nv mark::comma
amala banji re juse de kooli banji rahū seme wa hakū ,	nv::nv verb::vv e::npst.ptcp nv::nv cm::dat nv::nv verb::vv e::fve.prv comp verb::vv e::pst.ptcp.neg mark::comma
pan emdubei fori ∅ ,	nv::nv nv::nv verb::vv e::fve.imperative mark::comma
ama hendu ci sa mbi dere ,	nv::nv verb::vv e::cve verb::vv e::fve.npst ptcl mark::comma
warkasi dain de jafa fi uji he hafan sa i boo de asarabu ha bi he ,	nn::prpn.plc nv::nv cm::dat verb::vv e::cve verb::vv e::pst.ptcp nv::nv nv::nv cm::gen nv::nv cm::dat verb::vv e::pst.ptcp verb::vv e::pst.ptcp mark::comma
○ ice sunja de ,	mark::circle nv::adj nv::nv cm::dat mark::comma
muse i gurun irgen be uji re be donji fi ,	nv::nv cm::gen nv::nv nv::nv cm::acc verb::vv e::npst.ptcp cm::acc verb::vv e::cve mark::comma
kasari ,	nv::nv mark::comma
tondo mujilen i beye be yabubu ∅ ,	nv::adj nv::nv cm::gen nv::nv cm::acc verb::vv e::fve.imperative mark::comma
isi rakū ci ,	verb::vv e::npst.ptcp.neg e::cve mark::comma
cahar ci ji he beile se emu gūsa banji ∅ ,	nn::prpn.plc cm::abl verb::vv e::pst.ptcp nv::nv nv::nv nv::nv nv::nv verb::vv e::fve.imperative mark::comma
ere emu jurgan i weile .	nv::nv nv::nv nv::nv cm::gen nv::nv mark::period
ama de nene me hendu he durun i wece ∅ ,	nv::nv cm::dat verb::vv e::cve verb::vv e::pst.ptcp nv::nv cm::gen verb::vv e::fve.imperative mark::comma
emte beye uka me ji he ,	nv::nv nv::nv verb::vv e::cve verb::vv e::pst.ptcp mark::comma
hai_si tasha_wei i du_jy_hūi_ciyanši kini_man_uge i omolo cangbolot ,	nn::prpn nn::prpn cm::gen nv::nv nn::prpn cm::gen nv::nv nn::prpn.person mark::comma
geren cooha usin be aba sinda me ada fi gemu wa ha ,	nv::adj nv::nv nv::nv cm::acc nv::nv verb::vv e::cve verb::vv e::cve nv::nv verb::vv e::pst.ptcp mark::comma
suwe akda rakū ci ,	pn::2pl verb::vv e::npst.ptcp.neg e::cve mark::comma
darhan_hiya ,	nn::prpn mark::comma
wan_lii i orin emuci aniya uyun biya i orin ilan de baha ha ,	nn::prpn cm::gen nv::nv nv::nv nv::nv nv::nv nv::nv cm::gen nv::nv nv::nv cm::dat verb::vv e::pst.ptcp mark::comma
han i bithe ,	nv::nv cm::gen nv::nv mark::comma
suwe abka be kiyangdula me ,	pn::2pl nv::nv cm::acc verb::vv e::cve mark::comma
wa ha niyalma i etuku ,	verb::vv e::pst.ptcp nv::nv cm::gen nv::nv mark::comma
juwe niru i jušen be gemu gai me wasibu me beide he bi he ,	nv::nv nv::nv cm::gen nv::nv cm::acc nv::nv verb::vv e::cve verb::vv e::cve verb::vv e::pst.ptcp verb::vv e::pst.ptcp mark::comma
○ tere inenggi ,	mark::circle nv::nv nv::nv mark::comma
edun aga šun biya be takūra me doro enteheme kai ,	nv::nv nv::nv nv::nv nv::nv cm::acc verb::vv e::cve nv::nv nv::nv ptcl mark::comma
ciyandzung ni hergen de juwan yan bu he ,	nv::nv cm::gen nv::nv cm::dat nv::nv nv::nv verb::vv e::pst.ptcp mark::comma
ama i iogi be beiguwan obu ∅ ,	nv::nv cm::gen nv::nv cm::acc nv::nv verb::vv e::fve.imperative mark::comma
amasi hecen de dosinji ha ,	nv::nv nv::nv cm::dat verb::vv e::pst.ptcp mark::comma
tere gisun be beile se amban sa gemu uru seme ,	nv::nv nv::nv cm::acc nv::nv nv::nv nv::nv nv::nv nv::nv nv::nv comp mark::comma
nikan i wan_lii_han de waka ambula akū ci ,	nv::nv cm::gen nn::prpn cm::dat nv::adj nv::nv verb::vv e::cve mark::comma
emu yan sunja jiha faita ha ,	nv::nv nv::nv nv::nv nv::nv verb::vv e::pst.ptcp mark::comma
○ orin duin i cimari ,	mark::circle nv::nv nv::nv cm::gen nv::nv mark::comma
gurun be gama me encu gašan de te me ,	nv::nv cm::acc verb::vv e::cve nv::nv nv::nv cm::dat verb::vv e::cve mark::comma
uksin saca galaktun emu juru ,	nv::nv nv::nv nv::nv nv::nv nv::nv mark::comma
gai ha sargan ,	verb::vv e::pst.ptcp nv::nv mark::comma
angkūn ,	nn::prpn.person mark::comma
emu ciyandzung de duin niyalma ,	nv::nv nv::nv cm::dat nv::nv nv::nv mark::comma
tanggū uksin de bu re be gemu faita ∅ .	nv::nv nv::nv cm::dat verb::vv e::npst.ptcp cm::acc nv::nv verb::vv e::fve.imperative mark::period
sin i ukanju tuwakiya me te he niyalma i baru ainu gisure mbi .	pn::2sg cm::gen nv::nv verb::vv e::cve verb::vv e::pst.ptcp nv::nv cm::gen nv::nv nv::nv verb::vv e::fve.npst mark::period
dartai dartai tolo ∅ ,	nv::nv nv::nv verb::vv e::fve.imperative mark::comma
te bi julergi ci daila mbi ,	nv::nv pn::1sg nv::nv cm::abl verb::vv e::fve.npst mark::comma
han ,	nv::nv mark::comma
han o hakū ,	nv::nv verb::vv e::pst.ptcp.neg mark::comma
baksi seme beye i teile .	nv::nv comp nv::nv cm::gen nv::nv mark::period
han i gisun be jurce rakū ,	nv::nv cm::gen nv::nv cm::acc verb::vv e::npst.ptcp.neg mark::comma
hanai ,	nn::prpn.person mark::comma
han'_sin ,	nn::prpn mark::comma
mocin sunja ,	nv::nv nv::nv mark::comma
casi kalka de acana ha seme kalka i doro wesi mbi o ,	nv::nv nv::nv cm::dat verb::vv e::pst.ptcp comp nv::nv cm::gen nv::nv verb::vv e::fve.npst ptcl mark::comma
gūsin sunja ihan .	nv::nv nv::nv nv::nv mark::period
fejergi buya niyalma i gisun de dosi fi ,	nv::nv nv::adj nv::nv cm::gen nv::nv cm::dat verb::vv e::cve mark::comma
untaiju ,	nn::prpn.person mark::comma
in i erdemu in i hūsun de banji mbi seme ,	pn::3sg cm::gen nv::nv pn::3sg cm::gen nv::nv cm::dat verb::vv e::fve.npst comp mark::comma
tere emu ,	nv::nv nv::nv mark::comma
afabu ha weile be mute mbi ,	verb::vv e::pst.ptcp nv::nv cm::acc verb::vv e::fve.npst mark::comma
emu jergi buce re weile be guwebu mbi ,	nv::nv nv::nv verb::vv e::npst.ptcp nv::nv cm::acc verb::vv e::fve.npst mark::comma
ere juwe boigon be yoo_jeo i amargi burantai niru i jušen i te he jao_giya_tun de tebu he .	nv::nv nv::nv nv::nv cm::acc nn::prpn cm::gen nv::nv nn::prpn.person nv::nv cm::gen nv::nv cm::gen verb::vv e::pst.ptcp nn::prpn cm::dat verb::vv e::pst.ptcp mark::period
in i etu he seke i tunggen silun i fisa sinda me ara ha dahū ,	pn::3sg cm::gen verb::vv e::pst.ptcp nv::nv cm::gen nv::nv nv::nv cm::gen nv::nv verb::vv e::cve verb::vv e::pst.ptcp nv::nv mark::comma
da dosi ka tai songko i tu tukiye ∅ ,	nv::nv verb::vv e::pst.ptcp nv::nv nv::nv cm::gen nv::nv verb::vv e::fve.imperative mark::comma
ula gurun de unggi fi ejen obu ha ,	nv::nv nv::nv cm::dat verb::vv e::cve nv::nv verb::vv e::pst.ptcp mark::comma
saligan i gai cina ,	nv::adj cm::gen verb::vv e::fve.opt mark::comma
tere guwangning ni ba de te re boo ,	nv::nv nn::prpn.plc cm::gen nv::nv cm::dat verb::vv e::npst.ptcp nv::nv mark::comma
amba_beile ,	nn::prpn mark::comma
ciyan_šan i halhūn muke de juwan de gene he ,	nn::prpn cm::gen nv::adj nv::nv cm::dat nv::nv cm::dat verb::vv e::pst.ptcp mark::comma
beye i waka de ,	nv::nv cm::gen nv::adj cm::dat mark::comma
ere duin janggin de uyute yan i weile waliya mbi ,	nv::nv nv::nv nv::nv cm::dat nv::nv nv::nv cm::gen nv::nv verb::vv e::fve.npst mark::comma
ere bithe i gisun ,	nv::nv nv::nv cm::gen nv::nv mark::comma
jori ha jurgan be jurce rakū seme ,	verb::vv e::pst.ptcp nv::nv cm::acc verb::vv e::npst.ptcp.neg comp mark::comma
giya_jing ni dehi juwe ci aniya ninggun biya i juwan duin de baha ha ,	nn::prpn cm::gen nv::nv verb::vv e::cve nv::nv nv::nv nv::nv cm::gen nv::nv nv::nv cm::dat verb::vv e::pst.ptcp mark::comma
wan_lii i orin emuci aniya uyun biya i orin ilan de baha ha ,	nn::prpn cm::gen nv::nv nv::nv nv::nv nv::nv nv::nv cm::gen nv::nv nv::nv cm::dat verb::vv e::pst.ptcp mark::comma
alban i menggun ,	nv::nv cm::gen nv::nv mark::comma
jai emu wei be ,	nv::nv nv::nv nv::nv cm::acc mark::comma
deo beile ele rakū ,	nv::nv nv::nv verb::vv e::npst.ptcp.neg mark::comma
juwanta boso ,	nv::nv nv::nv mark::comma
sin i beye i niru i niyalma be boljo ho inenggi lakca me ainu gaji hakū seme hendu fi ,	pn::2sg cm::gen nv::nv cm::gen nv::nv cm::gen nv::nv cm::acc verb::vv e::pst.ptcp nv::nv verb::vv e::cve nv::nv verb::vv e::pst.ptcp.neg comp verb::vv e::cve mark::comma
adun_age i weile i turgun ,	nn::prpn cm::gen nv::nv cm::gen nv::nv mark::comma
jeku be da miyali ha ejen tuwakiya ∅ ,	nv::nv cm::acc nv::nv verb::vv e::pst.ptcp nv::nv verb::vv e::fve.imperative mark::comma
ciyandzung ci wesihun ,	nv::nv cm::abl nv::nv mark::comma
adun ulha ,	nv::nv nv::nv mark::comma
tere i amala gintaisi_beile in i gala de beri jafa fi ,	nv::nv cm::gen nv::nv nn::prpn pn::3sg cm::gen nv::nv cm::dat nv::nv verb::vv e::cve mark::comma
irgen be wacihiya ha .	nv::nv cm::acc verb::vv e::pst.ptcp mark::period
handu bele emu hule ,	nv::nv nv::nv nv::nv nv::nv mark::comma
ilan losa ,	nv::nv nv::nv mark::comma
tanggū haha de emu bejang sinda ha ,	nv::nv nv::nv cm::dat nv::nv nv::nv verb::vv e::pst.ptcp mark::comma
hecen tuwakiya ra cooha weri fi gene ci sain kai ,	nv::nv verb::vv e::npst.ptcp nv::nv verb::vv e::cve verb::vv e::cve nv::adj ptcl mark::comma
teisu teisu suwele fi ,	nv::nv nv::nv verb::vv e::cve mark::comma
sere fi wa ha de sin i dolo aca rakū nikai ,	verb::vv e::cve verb::vv e::pst.ptcp cm::dat pn::2sg cm::gen nv::nv verb::vv e::npst.ptcp.neg ptcl mark::comma
amin_beile ,	nn::prpn mark::comma
aita gūsin niyalma be gai fi gene ci ,	nn::prpn.person nv::nv nv::nv cm::acc verb::vv e::cve verb::vv e::cve mark::comma
tana nicuhe aisin be liyoodung de boo tala ra fon de ,	nv::nv nv::nv nv::nv cm::acc nn::prpn.plc cm::dat nv::nv verb::vv e::npst.ptcp nv::nv cm::dat mark::comma
mergen arga faksi jali ,	nv::adj nv::nv nv::nv nv::nv mark::comma
niman orin ilan ,	nv::nv nv::nv nv::nv mark::comma
tuwa ci hoko rakū be bi sa fi ,	verb::vv e::cve verb::vv e::npst.ptcp.neg cm::acc pn::1sg verb::vv e::cve mark::comma
wan_lii i orin sunjaci aniya sunja biya i ice de baha ha ,	nn::prpn cm::gen nv::nv nv::nv nv::nv nv::nv nv::nv cm::gen nv::adj cm::dat verb::vv e::pst.ptcp mark::comma
šanaha i tulergi gašan pu be ,	nn::prpn.plc cm::gen nv::nv nv::nv nv::nv cm::acc mark::comma
udaha janggin ,	nn::prpn.person nv::nv mark::comma
ajige_age ,	nn::prpn mark::comma
jui be guwebu me ,	nv::nv cm::acc verb::vv e::cve mark::comma
jaisai niyalma i emgi min i ilan niyalma da ci amca ha se ci ,	nn::prpn.person nv::nv cm::gen nv::nv pn::1sg cm::gen nv::nv nv::nv nv::nv cm::abl verb::vv e::pst.ptcp verb::vv e::cve mark::comma
muse i cooha be suilabu rakū dain be ete ci ,	nv::nv cm::gen nv::nv cm::acc verb::vv e::npst.ptcp.neg nv::nv cm::acc verb::vv e::cve mark::comma
si_uli efu jeng_giyang ni ba i boigon guribu me gene fi ,	nn::prpn nv::nv nn::prpn cm::gen nv::nv cm::gen nv::nv verb::vv e::cve verb::vv e::cve mark::comma
ji he be daha me ,	verb::vv e::pst.ptcp cm::acc verb::vv e::cve mark::comma
jakūn beile se i asara ha ehe alašan morin be sonjo fi ,	nv::nv nv::nv nv::nv cm::gen verb::vv e::pst.ptcp nv::adj nv::adj nv::nv cm::acc verb::vv e::cve mark::comma
tere be niyalma i wa ra de waji re ngge waka bi he kai ,	nv::nv cm::acc nv::nv cm::gen verb::vv e::npst.ptcp cm::dat verb::vv e::npst.ptcp nmlz::nmlz nv::adj verb::vv e::pst.ptcp ptcl mark::comma
emu iogi kadala ra juwe tumen haha de ,	nv::nv nv::nv verb::vv e::npst.ptcp nv::nv nv::nv nv::nv cm::dat mark::comma
tere turgun de cooha unggi fi cen be wa ha ,	nv::nv nv::nv cm::dat nv::nv verb::vv e::cve pn::3pl cm::acc verb::vv e::pst.ptcp mark::comma
jori ha jurgan be jurce rakū seme beiguwan obu ha .	verb::vv e::pst.ptcp nv::nv cm::acc verb::vv e::npst.ptcp.neg comp nv::nv verb::vv e::pst.ptcp mark::period
ere ci julesi kice me hūsun bu ki ,	nv::nv cm::abl nv::nv verb::vv e::cve nv::nv verb::vv e::fve.opt mark::comma
jori ha jurgan be jurce rakū seme ,	verb::vv e::pst.ptcp nv::nv cm::acc verb::vv e::npst.ptcp.neg comp mark::comma
ehe sain be dere bani rakū ,	nv::adj nv::adj cm::acc nv::nv verb::vv e::npst.ptcp.neg mark::comma
longko ,	nv::nv mark::comma
emu minggan honin gaji me uka me ji he .	nv::nv nv::nv nv::nv verb::vv e::cve verb::vv e::cve verb::vv e::pst.ptcp mark::period
joriktu_ecike ,	nn::prpn mark::comma
muse nikan de unca ci ,	pn::1pl.incl nv::nv cm::dat verb::vv e::cve mark::comma
suwen de ai weile bi ,	pn::2pl cm::dat nv::nv nv::nv verb::vv.npst mark::comma
lang de unggi he ,	nn::prpn.person cm::dat verb::vv e::pst.ptcp mark::comma
furdan janggin ,	nv::nv nv::nv mark::comma
hūlha holo deribu ci ,	nv::nv nv::nv verb::vv e::cve mark::comma
suwayan eje he de bithe ara fi doron gida fi bu hebi ,	nv::adj verb::vv e::pst.ptcp cm::dat nv::nv verb::vv e::cve nv::nv verb::vv e::cve verb::vv e::fve.prs.prf mark::comma
beri amba bi me mangga o ho de ,	nv::nv nv::adj verb::vv e::cve nv::adj verb::vv e::pst.ptcp cm::dat mark::comma
jori ha jurgan be jurce rakū seme beiguwan obu ha .	verb::vv e::pst.ptcp nv::nv cm::acc verb::vv e::npst.ptcp.neg comp nv::nv verb::vv e::pst.ptcp mark::period
afabu ha weile be mute mbi ,	verb::vv e::pst.ptcp nv::nv cm::acc verb::vv e::fve.npst mark::comma
tooka ,	nn::prpn.person mark::comma
nikan i baru dain deribu he ci ebsi ,	nv::nv cm::gen nv::nv nv::nv verb::vv e::pst.ptcp cm::abl nv::nv mark::comma
jaisanggū in i gasa ra gisun be ,	nn::prpn.person pn::3sg cm::gen verb::vv e::npst.ptcp nv::nv cm::acc mark::comma
jušen i cooha ilan tanggū bi seme hendu mbi se re ,	nv::nv cm::gen nv::nv nv::nv nv::nv verb::vv.npst comp verb::vv e::fve.npst verb::vv e::npst.ptcp mark::comma
orin sunja ihan ,	nv::nv nv::nv nv::nv mark::comma
gosin ,	nv::nv mark::comma
ehe be ehe seme han de ala mbi ,	nv::adj cm::acc nv::adj comp nv::nv cm::dat verb::vv e::fve.npst mark::comma
jaisai bi ,	nn::prpn.person verb::vv.npst mark::comma
min i juse omosi jalan hala me han de gosibu me wesihun banji kini .	pn::1sg cm::gen nv::nv nv::nv nv::nv verb::vv e::cve nv::nv cm::dat verb::vv e::cve nv::nv verb::vv e::fve.opt mark::period
min de tere gašan i tere gebungge niyalma ,	pn::1sg cm::dat nv::nv nv::nv cm::gen nv::nv nv::adj nv::nv mark::comma
sin i beye be tondo ara fi han i baru jabu ha ngge ,	pn::2sg cm::gen nv::nv cm::acc nv::adj verb::vv e::cve nv::nv cm::gen nv::nv verb::vv e::pst.ptcp nmlz::nmlz mark::comma
○ nadan biya de ,	mark::circle nv::nv nv::nv cm::dat mark::comma
dehi sunja cang poo jafabu ∅ ,	nv::nv nv::nv nv::nv nv::nv verb::vv e::fve.imperative mark::comma
orin ninggute honin bu he ,	nv::nv nv::nv nv::nv verb::vv e::pst.ptcp mark::comma
ere ilan beile i ninju boigon hehe juse ,	nv::nv nv::nv nv::nv cm::gen nv::nv nv::nv nv::nv nv::nv mark::comma
○ tofohon de ,	mark::circle nv::nv cm::dat mark::comma
○ kūbai be ,	mark::circle nn::prpn.person cm::acc mark::comma
han i beye ,	nv::nv cm::gen nv::nv mark::comma
be_tu_cang ,	nn::prpn mark::comma
min i liyoodung de jihe ci ebsi ,	pn::1sg cm::gen nn::prpn.plc cm::dat nv::nv cm::abl nv::nv mark::comma
gene fi gašan i nikan be ilga ∅ ,	verb::vv e::cve nv::nv cm::gen nv::nv cm::acc verb::vv e::fve.imperative mark::comma
akiran de emu feye baha ha seme sunjata yan i weile waliya mbi .	nn::prpn.plc cm::dat nv::nv nv::nv verb::vv e::pst.ptcp comp nv::nv nv::nv cm::gen nv::nv verb::vv e::fve.npst mark::period
bi inu min i irgen ekiye he seme koro mbi ,	pn::1sg nv::nv pn::1sg cm::gen nv::nv verb::vv e::pst.ptcp comp verb::vv e::fve.npst mark::comma
ahūta de deocile ∅ ,	nv::nv cm::dat verb::vv e::fve.imperative mark::comma
monggo ,	nv::nv mark::comma
jušen i enggemu hūlha ha seme ,	nv::nv cm::gen nv::nv verb::vv e::pst.ptcp comp mark::comma
nikan elbihe dahū emte ,	nv::nv nv::nv nv::nv nv::nv mark::comma
gecuheri ojin ,	nv::nv nv::nv mark::comma
kimun i mujakū niyalma be wa mbi seme ,	nv::nv cm::gen nv::nv nv::nv cm::acc verb::vv e::fve.npst comp mark::comma
gene ci ojo rakū ehe sakda niyalma be ,	verb::vv e::cve verb::vv e::npst.ptcp.neg nv::adj nv::adj nv::nv cm::acc mark::comma
○ cilin de ,	mark::circle nv::nv cm::dat mark::comma
han i tacibu ha tondo fafun be jurce rakū banji ci ,	nv::nv cm::gen verb::vv e::pst.ptcp nv::adj nv::nv cm::acc verb::vv e::npst.ptcp.neg verb::vv e::cve mark::comma
ehe be ehe seme han de ala mbi ,	nv::adj cm::acc nv::adj comp nv::nv cm::dat verb::vv e::fve.npst mark::comma
sain gasha ,	nv::adj nv::nv mark::comma
ula de juwe feye ,	nv::nv cm::dat nv::nv nv::nv mark::comma
jori ha jurgan be jurce rakū seme ,	verb::vv e::pst.ptcp nv::nv cm::acc verb::vv e::npst.ptcp.neg comp mark::comma
cooha be waliya fi ainu ji he seme ,	nv::nv cm::acc verb::vv e::cve nv::nv verb::vv e::pst.ptcp comp mark::comma
han ,	nv::nv mark::comma
monggo gurun i kalka i labasihib_taiji ,	nv::nv nv::nv cm::gen nv::nv cm::gen nn::prpn mark::comma
jori ha jurgan be jurce rakū seme beiguwan obu ha ,	verb::vv e::pst.ptcp nv::nv cm::acc verb::vv e::npst.ptcp.neg comp nv::nv verb::vv e::pst.ptcp mark::comma
tuttu nikan han be abka wakala fi ,	nv::nv nv::nv nv::nv cm::acc nv::nv verb::vv e::cve mark::comma
abutu_baturu ,	nn::prpn mark::comma
afa ci ,	verb::vv e::cve mark::comma
dahara ,	nn::prpn.person mark::comma
dading_ho_wei i du_jy_hūi hasengge i omolo aniya ninggun biya i juwan nadan de baha ha ,	nn::prpn cm::gen nv::nv nn::prpn.person cm::gen nv::nv nv::nv nv::nv nv::nv cm::gen nv::nv nv::nv cm::dat verb::vv e::pst.ptcp mark::comma
nikan de boigon gaji ∅ seme niyalma takūra fi cooha boljo fi gaji ha ,	nv::nv cm::dat nv::nv verb::vv e::fve.imperative comp nv::nv verb::vv e::cve nv::nv verb::vv e::cve verb::vv e::pst.ptcp mark::comma
fung_ji_pu ,	nn::prpn mark::comma
nikan cooha yehe i gašan de isinji fi ,	nv::nv nv::nv nv::nv cm::gen nv::nv cm::dat verb::vv e::cve mark::comma
abka de gashū ha gisun be aifu ha ngge ,	nv::nv cm::dat verb::vv e::pst.ptcp nv::nv cm::acc verb::vv e::pst.ptcp nmlz::nmlz mark::comma
duici_beile be gana fi ji he manggi ,	nn::prpn cm::acc verb::vv e::cve verb::vv e::pst.ptcp nv::nv mark::comma
šuwang_tai de ili fi jase jaka i jeku be morin de ulebu ∅ ,	nn::prpn cm::dat verb::vv e::cve nv::nv nv::nv cm::gen nv::nv cm::acc nv::nv cm::dat verb::vv e::fve.imperative mark::comma
yamka fon de ,	nv::nv nv::nv cm::dat mark::comma
min i kadala ra emu niru i cooha be iogi tsanjiyang ci fakca rakū ,	pn::1sg cm::gen verb::vv e::npst.ptcp nv::nv nv::nv cm::gen nv::nv cm::acc nv::nv nv::nv cm::abl verb::vv e::npst.ptcp.neg mark::comma
ilaci jergi de juwete yan aisin ,	nv::nv nv::nv cm::dat nv::nv nv::nv nv::nv mark::comma
juwete suje ,	nv::nv nv::nv mark::comma
sele urebu re ši_ceng ni ba i beiguwan wang_dzy_deng be ,	nv::nv verb::vv e::npst.ptcp nn::prpn cm::gen nv::nv cm::gen nv::nv nn::prpn cm::acc mark::comma
koi de jorgon biya i ice uyun de dosi ka ,	nn::prpn.plc cm::dat nv::nv nv::nv cm::gen nv::adj nv::nv cm::dat verb::vv e::pst.ptcp mark::comma
ninggun niyalma ,	nv::nv nv::nv mark::comma
g'ai_jeo de anafu te me duin iogi gai fi emu minggan cooha gene he .	nn::prpn cm::dat nv::nv verb::vv e::cve nv::nv nv::nv verb::vv e::cve nv::nv nv::nv nv::nv verb::vv e::pst.ptcp mark::period
manggūldai juwe nofi be cooha ji fi neo bu me gama ha ,	nn::prpn.person nv::nv nv::nv cm::acc nv::nv verb::vv e::cve verb::vv sfx e::cve verb::vv e::pst.ptcp mark::comma
jafa fi benji ∅ ,	verb::vv e::cve verb::vv e::fve.imperative mark::comma
wacihiya me gaija rakū o fi ,	verb::vv e::cve verb::vv e::npst.ptcp.neg verb::vv e::cve mark::comma
tanggū šusiha šusihala fi boigon be tala ha ,	nv::nv nv::nv verb::vv e::cve nv::nv cm::acc verb::vv e::pst.ptcp mark::comma
warkasi alin i julergi holo de buksi fi ,	nn::prpn.plc nv::nv cm::gen nv::nv nv::nv cm::dat verb::vv e::cve mark::comma
abala hakū o ci ,	verb::vv e::pst.ptcp.neg verb::vv e::cve mark::comma
juwan ilaci jergi ,	nv::nv nv::nv nv::nv mark::comma
gaha be wasibu fi gurun i weile de dabu rakū ,	nv::nv cm::acc verb::vv e::cve nv::nv cm::gen nv::nv cm::dat verb::vv e::npst.ptcp.neg mark::comma
hūlha holo koimali jalingga akū tondo i banji ki .	nv::nv nv::nv nv::adj nv::adj nv::adj nv::adj cm::gen verb::vv e::fve.opt mark::period
wan_lii i te he aniya ninggun biya i juwan duin de baha ha ,	nn::prpn cm::gen verb::vv e::pst.ptcp nv::nv nv::nv nv::nv cm::gen nv::nv nv::nv cm::dat verb::vv e::pst.ptcp mark::comma
juwe minggan u_yan_wang ,	nv::nv nv::nv nn::prpn mark::comma
hūdun medege i feksibu re ,	nv::adj nv::nv cm::gen verb::vv e::npst.ptcp mark::comma
emke juwe i unca mbihe kai ,	nv::nv nv::nv cm::gen verb::vv e::fve.pst.ipfv ptcl mark::comma
asan ,	nn::prpn.person mark::comma
emu doron nadan yan menggun šangna me bu fi unggi he ,	nv::nv nv::nv nv::nv nv::nv nv::nv verb::vv e::cve verb::vv e::cve verb::vv e::pst.ptcp mark::comma
juwe gecuheri ,	nv::nv nv::nv mark::comma
liyoodung ni hecen i hafasa niyalma takūra fi ,	nn::prpn.plc cm::gen nv::nv cm::gen nv::nv nv::nv verb::vv e::cve mark::comma
jori ha jurgan be jurce rakū seme ,	verb::vv e::pst.ptcp nv::nv cm::acc verb::vv e::npst.ptcp.neg comp mark::comma
suhe i saci me ,	nv::nv cm::gen verb::vv e::cve mark::comma
jeku akū niyalma i suwaliya me jafa ∅ ,	nv::nv nv::adj nv::nv cm::gen verb::vv e::cve verb::vv e::fve.imperative mark::comma
jušen baibi dedu fi buce mbi o ,	nv::nv nv::nv verb::vv e::cve verb::vv e::fve.npst ptcl mark::comma
yalu fi gene re morin be hūdun tarhūbu ∅ ,	verb::vv e::cve verb::vv e::npst.ptcp nv::nv cm::acc nv::adj verb::vv e::fve.imperative mark::comma
han emgeri saiša fi wesibu he niyalma be ,	nv::nv nv::nv verb::vv e::cve verb::vv e::pst.ptcp nv::nv cm::acc mark::comma
uji ci ,	verb::vv e::cve mark::comma
lung_king ni ilaci aniya duin biya i orin sunja de baha ha ,	nn::prpn cm::gen nv::nv nv::nv nv::nv nv::nv cm::gen nv::nv nv::nv cm::dat verb::vv e::pst.ptcp mark::comma
tiyei_ling ni dain de baha ha geren i siden i ulin be ,	nn::prpn cm::gen nv::nv cm::dat verb::vv e::pst.ptcp nv::adj cm::gen nv::nv cm::gen nv::nv cm::acc mark::comma
geren i mujilen be gemu genggiyen sain obu fi ,	nv::adj cm::gen nv::nv cm::acc nv::nv nv::adj nv::adj verb::vv e::cve mark::comma
enteke ba de takūra ci aca rakū ,	nv::nv nv::nv cm::dat verb::vv e::cve verb::vv e::npst.ptcp.neg mark::comma
muse be sain seme bai me ji he ,	pn::1pl.incl cm::acc nv::adj comp verb::vv e::cve verb::vv e::pst.ptcp mark::comma
amban sa suwen i niyaman hūncihin be dule me ,	nv::nv nv::nv pn::2pl cm::gen nv::nv nv::nv cm::acc verb::vv e::cve mark::comma
jugūn be šolo ara me jaila ∅ ,	nv::nv cm::acc nv::adj verb::vv e::cve verb::vv e::fve.imperative mark::comma
latu fi ai bu he ,	verb::vv e::cve nv::nv verb::vv e::pst.ptcp mark::comma
sure_kundulen_han de daha ha ningguta_golo i sengge ,	nn::prpn cm::dat verb::vv e::pst.ptcp nn::prpn cm::gen nv::nv mark::comma
han sa fi ,	nv::nv verb::vv e::cve mark::comma
juwete honin bu he ,	nv::nv nv::nv verb::vv e::pst.ptcp mark::comma
bi ša_ho_pu de aliya mbi ,	pn::1sg nn::prpn cm::dat verb::vv e::fve.npst mark::comma
xi_san_šan ci jura fi gene re de ,	nn::prpn cm::abl verb::vv e::cve verb::vv e::npst.ptcp cm::dat mark::comma
haha jui se i etu re be encu ,	nv::nv nv::nv nv::nv cm::gen verb::vv e::npst.ptcp cm::acc nv::nv mark::comma
baduri fujiyang ni hergen be wesibu fi dzung_bing_guwan obu ha .	nn::prpn.person nv::nv cm::gen nv::nv cm::acc verb::vv e::cve nv::nv verb::vv e::pst.ptcp mark::period
gisun be efule me kalka i beile se jase i tai niyalma be ) han i bithe ,	nv::nv cm::acc verb::vv e::cve nv::nv cm::gen nv::nv nv::nv nv::nv cm::gen nv::nv nv::nv cm::acc mark::rparen nv::nv cm::gen nv::nv mark::comma
juwan duin de dung_cang_pu de isina ∅ ,	nv::nv nv::nv cm::dat nn::prpn cm::dat verb::vv e::fve.imperative mark::comma
eigen sargan be delhebu hekū ,	nv::nv nv::nv cm::acc verb::vv e::pst.ptcp.neg mark::comma
tere dende he ice uksin i niyalma i gebu be bithe ara me gai fi ,	nv::nv verb::vv e::pst.ptcp nv::adj nv::nv cm::gen nv::nv cm::gen nv::nv cm::acc nv::nv verb::vv e::cve verb::vv e::cve mark::comma
ice_hecen aiha i baru tabcin gene he eksingge fujiyang ni wesimbu he bithe i gisun ,	nn::prpn nv::nv cm::gen nv::nv nv::nv verb::vv e::pst.ptcp nn::prpn.person nv::nv cm::gen verb::vv e::pst.ptcp nv::nv cm::gen nv::nv mark::comma
bata kimun seme gida rakū ,	nv::nv nv::nv comp verb::vv e::npst.ptcp.neg mark::comma
mujakū niyalma be inu bi tukiye fi jui bu fi sadun jafa fi banji mbi ,	nv::nv nv::nv cm::acc nv::nv pn::1sg verb::vv e::cve nv::nv verb::vv e::cve nv::nv verb::vv e::cve verb::vv e::fve.npst mark::comma
○ juwan uyun de ,	mark::circle nv::nv nv::nv cm::dat mark::comma
orin funce re niyalma be gai fi uka me ji he ,	nv::nv verb::vv e::npst.ptcp nv::nv cm::acc verb::vv e::cve verb::vv e::cve verb::vv e::pst.ptcp mark::comma
doro i ba de ,	nv::nv cm::gen nv::nv cm::dat mark::comma
ere cooha afa mbi seme hendu re jaka de ,	nv::nv nv::nv verb::vv e::fve.npst comp verb::vv e::npst.ptcp nv::nv cm::dat mark::comma
ehede ,	nn::prpn.person mark::comma
ai jaka be komso seme ,	nv::nv nv::nv cm::acc nv::adj comp mark::comma
saikan getuken i icihiya me bu ∅ .	nv::adj nv::adj cm::gen verb::vv e::cve verb::vv e::fve.imperative mark::period
han i sadun joriktu jui ūljeitu ,	nv::nv cm::gen nv::nv nn::prpn.person nv::nv nn::prpn.person mark::comma
muse i anafu te he cooha i niyalma ,	nv::nv cm::gen nv::nv verb::vv e::pst.ptcp nv::nv cm::gen nv::nv mark::comma
○ sibe i gurun i badana be ,	mark::circle nv::nv cm::gen nv::nv cm::gen nn::prpn.person cm::acc mark::comma
budai ,	nn::prpn.person mark::comma
maitari_ama_beile gai ha tun de gūsin cuwan bi ,	nn::prpn verb::vv e::pst.ptcp nv::nv cm::dat nv::nv nv::nv verb::vv.npst mark::comma
sin i damtun bene he juse be amasi gai ∅ ,	pn::2sg cm::gen nv::nv verb::vv e::pst.ptcp nv::nv cm::acc nv::nv verb::vv e::fve.imperative mark::comma
bejang be jafa fi ,	nv::nv cm::acc verb::vv e::cve mark::comma
ilan tanggū honin gaji me uka me jide re be ,	nv::nv nv::nv nv::nv verb::vv e::cve verb::vv e::cve verb::vv e::npst.ptcp cm::acc mark::comma
jai suwen i dali ha boigon be isibu re hūsun seole fi ,	nv::nv pn::2pl cm::gen verb::vv e::pst.ptcp nv::nv cm::acc verb::vv e::npst.ptcp nv::nv verb::vv e::cve mark::comma
juwe ba de jaha bi ,	nv::nv nv::nv cm::dat nv::nv verb::vv.npst mark::comma
sanggarjai bu mbi seme gisure he jui be bu hekū o fi ,	nn::prpn.person verb::vv e::fve.npst comp verb::vv e::pst.ptcp nv::nv cm::acc verb::vv e::pst.ptcp.neg verb::vv e::cve mark::comma
encu ba i tanggūt gurun i lama i jalin de ,	nv::nv nv::nv cm::gen nv::nv nv::nv cm::gen nv::nv cm::gen nv::nv cm::dat mark::comma
aita i kadala ra da_gu_jai_gašan i nikan ,	nn::prpn.person cm::gen verb::vv e::npst.ptcp nn::prpn cm::gen nv::nv mark::comma
beye mute ci ,	nv::nv verb::vv e::cve mark::comma
han de waka sabu fi weile baha fi boo yada kini ,	nv::nv cm::dat nv::adj verb::vv e::cve nv::nv verb::vv e::cve nv::nv verb::vv e::fve.opt mark::comma
geren deote min be dasa me kemuni doro i uji he ,	nv::adj nv::nv pn::1sg cm::acc verb::vv e::cve nv::nv nv::nv cm::gen verb::vv e::pst.ptcp mark::comma
emu goksi bu he ,	nv::nv nv::nv verb::vv e::pst.ptcp mark::comma
cahar han i unggi he bithe i karu unggi he bithe i gisun ,	nn::prpn.plc nv::nv cm::gen verb::vv e::pst.ptcp nv::nv cm::gen nv::nv verb::vv e::pst.ptcp nv::nv cm::gen nv::nv mark::comma
nikan usin tari ha tari hakū be tuwa ∅ ,	nv::nv nv::nv verb::vv e::pst.ptcp verb::vv e::pst.ptcp.neg cm::acc verb::vv e::fve.imperative mark::comma
durbi teisu liyoha bira i bajila gūsin isi me monggo hūlha dosi ka be ,	nn::prpn.plc nv::nv nn::prpn.plc nv::nv cm::gen nv::nv nv::nv verb::vv e::cve nv::nv nv::nv verb::vv e::pst.ptcp cm::acc mark::comma
aisin menggun ,	nv::nv nv::nv mark::comma
jai emu usiha de siren tuci fi emu biya funce me bi he ,	nv::nv nv::nv nv::nv cm::dat nv::nv verb::vv e::cve nv::nv nv::nv verb::vv e::cve verb::vv e::pst.ptcp mark::comma
kadala ra ejen hafan de ,	verb::vv e::npst.ptcp nv::nv nv::nv cm::dat mark::comma
gai fi tebu he cahar ubasi ,	verb::vv e::cve verb::vv e::pst.ptcp nn::prpn.plc nn::prpn.person mark::comma
seke i mahala ,	nv::nv cm::gen nv::nv mark::comma
saikan geterembu me icihiya ∅ ,	nv::adj verb::vv e::cve verb::vv e::fve.imperative mark::comma
tere ci gene fi ša_ho_pu de dedu he .	nv::nv cm::abl verb::vv e::cve nn::prpn cm::dat verb::vv e::pst.ptcp mark::period
kiyoo tukiye fi ,	nv::nv verb::vv e::cve mark::comma
deribu he dain ere inu ,	verb::vv e::pst.ptcp nv::nv nv::nv nv::nv mark::comma
barhai ,	nn::prpn.person mark::comma
tojing gebungge niyalma ,	nn::prpn.person nv::adj nv::nv mark::comma
du_se_ping ,	nn::prpn mark::comma
anggara ,	nn::prpn.person mark::comma
○ guwangning ci emu niyalma morin yalu fi uka me ji he .	mark::circle nn::prpn.plc cm::abl nv::nv nv::nv nv::nv verb::vv e::cve verb::vv e::cve verb::vv e::pst.ptcp mark::period
niyalma juwe tanggū ,	nv::nv nv::nv nv::nv mark::comma
min i kadala ra emu niru i cooha be iogi tsanjiyang ci fakca rakū ,	pn::1sg cm::gen verb::vv e::npst.ptcp nv::nv nv::nv cm::gen nv::nv cm::acc nv::nv nv::nv cm::abl verb::vv e::npst.ptcp.neg mark::comma
be_ši_jung gebungge niyalma ,	nn::prpn nv::adj nv::nv mark::comma
jeku be icihiya me dasa me waji ha manggi ,	nv::nv cm::acc verb::vv e::cve verb::vv e::cve verb::vv e::pst.ptcp nv::nv mark::comma
han de ala ra jaka de ,	nv::nv cm::dat verb::vv e::npst.ptcp nv::nv cm::dat mark::comma
jecen i ba be tuwakiya me elhe obu fi ,	nv::nv cm::gen nv::nv cm::acc verb::vv e::cve nv::nv verb::vv e::cve mark::comma
ehe be ehe seme han de ala mbi ,	nv::adj cm::acc nv::adj comp nv::nv cm::dat verb::vv e::fve.npst mark::comma
ice duin de hecen ci tuci fi ,	nv::adj nv::nv cm::dat nv::nv cm::abl verb::vv e::cve mark::comma
juse be suwen de bu hebi dere ,	nv::nv cm::acc pn::2pl cm::dat verb::vv e::fve.prs.prf ptcl mark::comma
monggo i jeku juwe me ji he niyalma sa fi buksi fi ,	nv::nv cm::gen nv::nv verb::vv e::cve verb::vv e::pst.ptcp nv::nv verb::vv e::cve verb::vv e::cve mark::comma
○ duin biya de ,	mark::circle nv::nv nv::nv cm::dat mark::comma
cooha i niyalma be unggi fi jafa fi gaji ha ,	nv::nv cm::gen nv::nv cm::acc verb::vv e::cve verb::vv e::cve verb::vv e::pst.ptcp mark::comma
suwen i jeku be ume gida ra ,	pn::2pl cm::gen nv::nv cm::acc nv::nv verb::vv e::npst.ptcp mark::comma
hoifa de emu feye baha ha seme sunja yan i weile waliya mbi ,	nn::prpn.plc cm::dat nv::nv nv::nv verb::vv e::pst.ptcp comp nv::nv nv::nv cm::gen nv::nv verb::vv e::fve.npst mark::comma
cooha i niyalma ,	nv::nv cm::gen nv::nv mark::comma
gurun i banji re doro de uksun geren etuhun niyalma be enggelce bu rakū ,	nv::nv cm::gen verb::vv e::npst.ptcp nv::nv cm::dat nv::nv nv::adj nv::adj nv::nv cm::acc verb::vv sfx e::npst.ptcp.neg mark::comma
○ irešen ,	mark::circle nn::prpn.person mark::comma
nikan niyalma baha ra de dosi fi holto me der seme tuci ke de ,	nv::nv nv::nv verb::vv e::npst.ptcp cm::dat verb::vv e::cve verb::vv e::cve nv::nv comp verb::vv e::pst.ptcp cm::dat mark::comma
hai_si isi_wei i du_jy_hūi_ciyanši dabuha i omolo aimbulu ,	nn::prpn nn::prpn cm::gen nv::nv nn::prpn.person cm::gen nv::nv nn::prpn.person mark::comma
nikan ,	nv::nv mark::comma
ehe be ehe seme han de ala mbi ,	nv::adj cm::acc nv::adj comp nv::nv cm::dat verb::vv e::fve.npst mark::comma
nanjilan ,	nn::prpn.person mark::comma
encu halangga nikan gurun i guwangning ni hecen i jalin de ,	nv::nv nv::adj nv::nv nv::nv cm::gen nn::prpn.plc cm::gen nv::nv cm::gen nv::nv cm::dat mark::comma
yangsi ,	nn::prpn.person mark::comma
muse i gūni ha niyalma de bu ki .	nv::nv cm::gen verb::vv e::pst.ptcp nv::nv cm::dat verb::vv e::fve.opt mark::period
min i juwan niyalma buce he ,	pn::1sg cm::gen nv::nv nv::nv verb::vv e::pst.ptcp mark::comma
sin be emu akdun gisun be gisure rakū ci ,	pn::2sg cm::acc nv::nv nv::adj nv::nv cm::acc verb::vv e::npst.ptcp.neg e::cve mark::comma
liyoodung ni hecen i hūcin de senggi tuci fi liyoodung ni hecen gaibu ha ,	nn::prpn.plc cm::gen nv::nv cm::gen nv::nv cm::dat nv::nv verb::vv e::cve nn::prpn.plc cm::gen nv::nv verb::vv e::pst.ptcp mark::comma
hergen efule ki seme ,	nv::nv verb::vv e::fve.opt comp mark::comma
han ,	nv::nv mark::comma
tanggū cimari usin bu mbi ,	nv::nv nv::nv nv::nv verb::vv e::fve.npst mark::comma
duin honin ,	nv::nv nv::nv mark::comma
gemu juwe gurun i weile waji re dube be tuwa me ,	nv::nv nv::nv nv::nv cm::gen nv::nv verb::vv e::npst.ptcp nv::nv cm::acc verb::vv e::cve mark::comma
han de waka sabu fi weile baha fi boo yada kini ,	nv::nv cm::dat nv::adj verb::vv e::cve nv::nv verb::vv e::cve nv::nv verb::vv e::fve.opt mark::comma
bi donji ci ,	pn::1sg verb::vv e::cve mark::comma
mafa sin be jila ci ,	nv::nv pn::2sg cm::acc verb::vv e::cve mark::comma
juwe gung de orin šusiha waliya ha ,	nv::nv nv::nv cm::dat nv::nv nv::nv verb::vv e::pst.ptcp mark::comma
wan_lii i nadaci aniya ninggun biya i juwan juwe de baha ha ,	nn::prpn cm::gen nv::nv nv::nv nv::nv nv::nv cm::gen nv::nv nv::nv cm::dat verb::vv e::pst.ptcp mark::comma
han i bithe ,	nv::nv cm::gen nv::nv mark::comma
han de waka sabu fi weile baha fi boo yada kini ,	nv::nv cm::dat nv::adj verb::vv e::cve nv::nv verb::vv e::cve nv::nv verb::vv e::fve.opt mark::comma
fujisa de hengkile me aca ha .	nv::nv cm::dat verb::vv e::cve verb::vv e::pst.ptcp mark::period
geli ere i adali sejen tolo me ihan benji re ,	nv::nv nv::nv cm::gen nv::adj nv::nv verb::vv e::cve nv::nv verb::vv e::npst.ptcp mark::comma
bi dureng_hūng_baturu sin de akda fi doro jafa ha bi he ,	pn::1sg nn::prpn pn::2sg cm::dat verb::vv e::cve nv::nv verb::vv e::pst.ptcp verb::vv e::pst.ptcp mark::comma
○ jaifiyan ci sarhū i ba de guri ki seme gisure fi ,	mark::circle nv::nv cm::abl nv::nv cm::gen nv::nv cm::dat verb::vv e::fve.opt comp verb::vv e::cve mark::comma
uttu baha ha de ,	nv::nv verb::vv e::pst.ptcp cm::dat mark::comma
○ manggūltai_beile i wesimbu he bithe ,	mark::circle nn::prpn cm::gen verb::vv e::pst.ptcp nv::nv mark::comma
fere be hece me gisure cina ,	nv::nv cm::acc verb::vv e::cve verb::vv e::fve.opt mark::comma
fusi ,	nn::prpn.plc mark::comma
○ nikan ,	mark::circle nv::nv mark::comma
yasun i sargan i bu he tana ,	nn::prpn.person cm::gen nv::nv cm::gen verb::vv e::pst.ptcp nv::nv mark::comma
○ joriktu_beile i orin jakūn boo ,	mark::circle nn::prpn cm::gen nv::nv nv::nv nv::nv mark::comma
gemu min be jabca mbi ,	nv::nv pn::1sg cm::acc verb::vv e::fve.npst mark::comma
gaji re jakūn morin ,	verb::vv e::npst.ptcp nv::nv nv::nv mark::comma
juwe giyansi jafa fi benji re jaka de ,	nv::nv nv::nv verb::vv e::cve verb::vv e::npst.ptcp nv::nv cm::dat mark::comma
budai ,	nn::prpn.person mark::comma
dobori dedu re ba de tuweri o ci jase jafa fi ,	nv::nv verb::vv e::npst.ptcp nv::nv cm::dat nv::nv verb::vv e::cve nv::nv verb::vv e::cve mark::comma
tere ci amasi bedere fi yamun de te he manggi ,	nv::nv cm::abl nv::nv verb::vv e::cve nv::nv cm::dat verb::vv e::pst.ptcp nv::nv mark::comma
wan_lii i orin sunjaci aniya sunja biya i ice de baha ha .	nn::prpn cm::gen nv::nv nv::nv nv::nv nv::nv nv::nv cm::gen nv::adj cm::dat verb::vv e::pst.ptcp mark::period
ere duin boigon be buhatu i jušen i te he yoo_jeo i julergi ku_lung_šan_tun de tebu he .	nv::nv nv::nv nv::nv cm::acc nv::nv cm::gen nv::nv cm::gen verb::vv e::pst.ptcp nn::prpn cm::gen nv::nv nn::prpn cm::dat verb::vv e::pst.ptcp mark::period
○ erdeni_baksi ,	mark::circle nn::prpn mark::comma
in i ahūn deo de acabu ha .	pn::3sg cm::gen nv::nv nv::nv cm::dat verb::vv e::pst.ptcp mark::period
te yaya hecen pu gašan gašan i niyalma ,	nv::nv nv::nv nv::nv nv::nv nv::nv nv::nv cm::gen nv::nv mark::comma
yanggiya ,	nn::prpn.person mark::comma
hūlha holo akū ,	nv::nv nv::nv nv::adj mark::comma
dehi funce me hecen be gai fi ubaša me ji he be ,	nv::nv verb::vv e::cve nv::nv cm::acc verb::vv e::cve verb::vv e::cve verb::vv e::pst.ptcp cm::acc mark::comma
gai ha ulha be singgebu me waji fi ,	verb::vv e::pst.ptcp nv::nv cm::acc verb::vv e::cve verb::vv e::cve mark::comma
han donji fi ,	nv::nv verb::vv e::cve mark::comma
aha ajige be gūni rakū ,	nv::nv nv::adj cm::acc verb::vv e::npst.ptcp.neg mark::comma
te niowanggiyan i erin ,	nv::nv nv::adj cm::gen nv::nv mark::comma
mangga moo i abdaha de aiha i adali filtahūn bisi re be sa fi ,	nv::adj nv::nv cm::gen nv::nv cm::dat nv::nv cm::gen nv::adj nv::adj verb::vv e::npst.ptcp cm::acc verb::vv e::cve mark::comma
iogi ,	nv::nv mark::comma
booi hūsita ,	nv::nv nn::prpn.person mark::comma
loohan ,	nn::prpn.person mark::comma
han ,	nv::nv mark::comma
susai jakūn ihan ,	nv::nv nv::nv nv::nv mark::comma
ai ai ci museingge be gūwa de gaibu rakū dain be ete ci ,	nv::nv nv::nv cm::abl nv::nv cm::acc nv::nv cm::dat verb::vv e::npst.ptcp.neg nv::nv cm::acc verb::vv e::cve mark::comma
wa ra be naka fi ,	verb::vv e::npst.ptcp cm::acc verb::vv e::cve mark::comma
mohori_ho_wei i du_jy_hūi_tungjy subahai ,	nn::prpn cm::gen nv::nv nn::prpn.person mark::comma
kece ,	nn::prpn.person mark::comma
i_jeo hecen be gaibu ha seme donji ha manggi ,	nn::prpn nv::nv cm::acc verb::vv e::pst.ptcp comp verb::vv e::pst.ptcp nv::nv mark::comma
han ,	nv::nv mark::comma
unahalai ,	nn::prpn.person mark::comma
monggoli re bithe de ara fi monggoli habi ,	verb::vv e::npst.ptcp nv::nv cm::dat verb::vv e::cve verb::vv e::fve.prs.prf mark::comma
tuba de te he jušen nikan de arki anju hiyabun šule me gai habi ,	nv::nv cm::dat verb::vv e::pst.ptcp nv::nv nv::nv cm::dat nv::nv nv::nv nv::nv verb::vv e::cve verb::vv e::fve.prs.prf mark::comma
ba i ejen min i ba de udu haha ji hebi seme bithe wesimbu ∅ ,	nv::nv cm::gen nv::nv pn::1sg cm::gen nv::nv cm::dat nv::nv nv::nv verb::vv e::fve.prs.prf comp nv::nv verb::vv e::fve.imperative mark::comma
abka geli saiša mbi kai ,	nv::nv nv::nv verb::vv e::fve.npst ptcl mark::comma
šan oforo be faita fi beye be aha ara ha ,	nv::nv nv::nv cm::acc verb::vv e::cve nv::nv cm::acc nv::nv verb::vv e::pst.ptcp mark::comma
jai ya ama de hūsun bu mbi ,	nv::nv nv::nv nv::nv cm::dat nv::nv verb::vv e::fve.npst mark::comma
○ hūng_baturu ,	mark::circle nn::prpn mark::comma
tsanjiyang de emte morin ,	nv::nv cm::dat nv::nv nv::nv mark::comma
hai_si du_jy_hūi_tungjy ukun i jui ikna ,	nn::prpn nv::nv nn::prpn.person cm::gen nv::nv nn::prpn.person mark::comma
si_uli efu ,	nn::prpn nv::nv mark::comma
jakūn wang suwen i sinda ha han be suwe hala me ,	nv::nv nv::nv pn::2pl cm::gen verb::vv e::pst.ptcp nv::nv cm::acc pn::2pl verb::vv e::cve mark::comma
beile se amban sa jili banji fi ,	nv::nv nv::nv nv::nv nv::nv nv::nv verb::vv e::cve mark::comma
min i gisun be gai fi cargi dube de yabu ha de ,	pn::1sg cm::gen nv::nv cm::acc verb::vv e::cve nv::nv nv::nv cm::dat verb::vv e::pst.ptcp cm::dat mark::comma
doosha ,	nn::prpn.person mark::comma
ula de juwe feye baha ha seme ,	nv::nv cm::dat nv::nv nv::nv verb::vv e::pst.ptcp comp mark::comma
mangga ihaci uksin etu hebi ,	nv::adj nv::nv nv::nv verb::vv e::fve.prs.prf mark::comma
ula de emte feye baha ha seme nadata yan i weile waliya mbi ,	nv::nv cm::dat nv::nv nv::nv verb::vv e::pst.ptcp comp nv::nv nv::nv cm::gen nv::nv verb::vv e::fve.npst mark::comma
ji he monggo beile ,	verb::vv e::pst.ptcp nv::nv nv::nv mark::comma
jeng_an_pu i tsanjiyang de wasimbu ha ,	nn::prpn cm::gen nv::nv cm::dat verb::vv e::pst.ptcp mark::comma
ninggun nadan inenggi o mbi ,	nv::nv nv::nv nv::nv verb::vv e::fve.npst mark::comma
poo jafa ha nikan i cooha jakūn tanggū ,	nv::nv verb::vv e::pst.ptcp nv::nv cm::gen nv::nv nv::nv nv::nv mark::comma
nikan i kooli ,	nv::nv cm::gen nv::nv mark::comma
emu moro de boihon ,	nv::nv nv::nv cm::dat nv::nv mark::comma
tsanjiyang iogi ,	nv::nv nv::nv mark::comma
hada ,	nn::prpn.plc mark::comma
enteke ai ai weile be ,	nv::nv nv::nv nv::nv nv::nv cm::acc mark::comma
han de waka sabu fi weile baha fi boo yada kini ,	nv::nv cm::dat nv::adj verb::vv e::cve nv::nv verb::vv e::cve nv::nv verb::vv e::fve.opt mark::comma
juwe šusai ,	nv::nv nv::nv mark::comma
olji faita ha ,	nv::nv verb::vv e::pst.ptcp mark::comma
nene he aniya ubaša ha bojiri ,	verb::vv e::pst.ptcp nv::nv verb::vv e::pst.ptcp nn::prpn.person mark::comma
emu tanggū gūsin sunja cooha ilibu ∅ ,	nv::nv nv::nv nv::nv nv::nv nv::nv verb::vv e::fve.imperative mark::comma
surma be gercile me ,	nn::prpn.person cm::acc verb::vv e::cve mark::comma
beile se de usha ha jušen ,	nv::nv nv::nv cm::dat verb::vv e::pst.ptcp nv::nv mark::comma
ice_hecen i iogi jao_i_ho boolanji me ,	nn::prpn cm::gen nv::nv nn::prpn verb::vv e::cve mark::comma
○ ineku tere inenggi ,	mark::circle nv::nv nv::nv nv::nv mark::comma
fulu emu tumen emu minggan haha o hobi ,	nv::nv nv::nv nv::nv nv::nv nv::nv nv::nv verb::vv e::fve.prs.prf mark::comma
icengge ,	nn::prpn.person mark::comma
unjijekei jargūci be elcin takūra me ,	nn::prpn.person nv::nv cm::acc nv::nv verb::vv e::cve mark::comma
usin tari hakū niyalma be baica fi ,	nv::nv verb::vv e::pst.ptcp.neg nv::nv cm::acc verb::vv e::cve mark::comma
○ orin juwe de ,	mark::circle nv::nv nv::nv cm::dat mark::comma
genggiyen_han hendu me ,	nn::prpn verb::vv e::cve mark::comma
kiyangkiyan gai fi te mbi .	nv::adj verb::vv e::cve verb::vv e::fve.npst mark::period
jaka_hiya i sargan ,	nn::prpn cm::gen nv::nv mark::comma
ume mara ra ,	nv::nv verb::vv e::npst.ptcp mark::comma
ning_yuwan be baha ha manggi ,	nn::prpn cm::acc verb::vv e::pst.ptcp nv::nv mark::comma
nene me wa ha juwe hehe be gercile me ala ra jaka de ,	verb::vv e::cve verb::vv e::pst.ptcp nv::nv nv::nv cm::acc verb::vv e::cve verb::vv e::npst.ptcp nv::nv cm::dat mark::comma
te gecuheri suje jodo ro niyalma bi ci tucinu ∅ ,	nv::nv nv::nv nv::nv verb::vv e::npst.ptcp nv::nv verb::vv e::cve verb::vv e::fve.imperative mark::comma
abka be ama ara fi ,	nv::nv cm::acc nv::nv verb::vv e::cve mark::comma
ulhu duin tanggū dehi ,	nv::nv nv::nv nv::nv nv::nv mark::comma
min i sinda ha iogi be jafa fi mao_wen_lung de bu he ,	pn::1sg cm::gen verb::vv e::pst.ptcp nv::nv cm::acc verb::vv e::cve nn::prpn cm::dat verb::vv e::pst.ptcp mark::comma
ilan tanggū nikan be tucibu me gai fi ,	nv::nv nv::nv nv::nv cm::acc verb::vv e::cve verb::vv e::cve mark::comma
be gene fi meni meni ahūta deote be gaji ki ,	pn::1pl.excl verb::vv e::cve nv::nv nv::nv nv::nv nv::nv cm::acc verb::vv e::fve.opt mark::comma
nadanju ihan ,	nv::nv nv::nv mark::comma
solho de takūra ha šolonggo amasi isinji fi ala me ,	nv::nv cm::dat verb::vv e::pst.ptcp nv::adj nv::nv verb::vv e::cve verb::vv e::cve mark::comma
sirha ,	nv::nv mark::comma
minggan cooha be adabu fi unggi fi ,	nv::nv nv::nv cm::acc verb::vv e::cve verb::vv e::cve mark::comma
abka i kesi de banji me bayan elgiyen o ci ,	nv::nv cm::gen nv::nv cm::dat verb::vv e::cve nv::adj nv::adj verb::vv e::cve mark::comma
dergi hūrha gurun i nakada gebungge amban ,	nv::nv nv::nv nv::nv cm::gen nn::prpn.person nv::adj nv::nv mark::comma
jugūn de gaji re bele niohu kini ,	nv::nv cm::dat verb::vv e::npst.ptcp nv::nv verb::vv e::fve.opt mark::comma
wabu ha ilan niyalma ,	verb::vv e::pst.ptcp nv::nv nv::nv mark::comma
min i boo de sarila me jide re gene re de ,	pn::1sg cm::gen nv::nv cm::dat verb::vv e::cve verb::vv e::npst.ptcp verb::vv e::npst.ptcp cm::dat mark::comma
tsang de sinda ha ,	nv::nv cm::dat verb::vv e::pst.ptcp mark::comma
jušen nikan monggo yaya niyalma ,	nv::nv nv::nv nv::nv nv::nv nv::nv mark::comma
šajin i amban sa de bu he .	nv::nv cm::gen nv::nv nv::nv cm::dat verb::vv e::pst.ptcp mark::period
juse omosi jalan hala me gosi re doro be ume lashala ra .	nv::nv nv::nv nv::nv verb::vv e::cve verb::vv e::npst.ptcp nv::nv cm::acc nv::nv verb::vv e::npst.ptcp mark::period
ai jaka o ci wehiye ∅ ,	nv::nv nv::nv verb::vv e::cve verb::vv e::fve.imperative mark::comma
suwen i gurun i akdun ,	pn::2pl cm::gen nv::nv cm::gen nv::adj mark::comma
ma_iogi ,	nn::prpn mark::comma
nikan i hafasa ulin gai mbi o ,	nv::nv cm::gen nv::nv nv::nv verb::vv e::fve.npst ptcl mark::comma
○ orin jakūn de ,	mark::circle nv::nv nv::nv cm::dat mark::comma
gabta me bahana rakū juwan niyalma be gemu poo jafabu ∅ ,	verb::vv e::cve verb::vv e::npst.ptcp.neg nv::nv nv::nv cm::acc nv::nv nv::nv verb::vv e::fve.imperative mark::comma
haišan ,	nn::prpn.person mark::comma
temujin be wa ki se he yungji be han tebu he manggi ,	nn::prpn.person cm::acc verb::vv e::fve.opt verb::vv e::pst.ptcp nn::prpn.person cm::acc nv::nv verb::vv e::pst.ptcp nv::nv mark::comma
ilan juse ,	nv::nv nv::nv mark::comma
batangga ,	nv::adj mark::comma
han i bithe ,	nv::nv cm::gen nv::nv mark::comma
jai majige dasa ki seme ,	nv::nv nv::adj verb::vv e::fve.opt comp mark::comma
orin juwe niyalma be jafa fi ,	nv::nv nv::nv nv::nv cm::acc verb::vv e::cve mark::comma
jang_kun_jeng ,	nn::prpn mark::comma
amba ajige jergi jergi sinda ha hafan ai baita ,	nv::adj nv::adj nv::nv nv::nv verb::vv e::pst.ptcp nv::nv nv::nv nv::nv mark::comma
jakūmu ci wesihun ,	nn::prpn.plc cm::abl nv::nv mark::comma
morin aniya ci honin aniya de isi tala ,	nv::nv nv::nv cm::abl nv::nv nv::nv cm::dat verb::vv e::cve mark::comma
suwen i gala ci ai jaka gemu tuci mbi ,	pn::2pl cm::gen nv::nv cm::abl nv::nv nv::nv nv::nv verb::vv e::fve.npst mark::comma
amba_fujin be suje ,	nn::prpn cm::acc nv::nv mark::comma
geren de isi mbi o ,	nv::adj cm::dat verb::vv e::fve.npst ptcl mark::comma
gene he niyalma ulin gaji ∅ se re jaka de ,	verb::vv e::pst.ptcp nv::nv nv::nv verb::vv e::fve.imperative verb::vv e::npst.ptcp nv::nv cm::dat mark::comma
tere gemu liyoodung be dule tele gene hebi kai ,	nv::nv nv::nv nn::prpn.plc cm::acc verb::vv e::cve verb::vv e::fve.prs.prf ptcl mark::comma
○ ice nadan de ,	mark::circle nv::adj nv::nv cm::dat mark::comma
emu beiguwan ,	nv::nv nv::nv mark::comma
šanggiyan_alin i dergi u_guwe_ceng ni hecen de unggi hebi ,	nn::prpn cm::gen nv::nv nn::prpn cm::gen nv::nv cm::dat verb::vv e::fve.prs.prf mark::comma
fung_ji_pu be dule fi juwan ba i dube de dedu he .	nn::prpn cm::acc verb::vv e::cve nv::nv nv::nv cm::gen nv::nv cm::dat verb::vv e::pst.ptcp mark::period
erdeni emgi erketu ,	nn::prpn.person nv::nv nn::prpn.person mark::comma
akdun sain niyalma be weri fi ji ∅ seme golo de takūra fi unggi he .	nv::adj nv::adj nv::nv cm::acc verb::vv e::cve verb::vv e::fve.imperative comp nv::nv cm::dat verb::vv e::cve verb::vv e::pst.ptcp mark::period
han ,	nv::nv mark::comma
eksingge ,	nn::prpn.person mark::comma
nahaculai be susai šusiha šusihala fi gida ha morin be gai ha ,	nn::prpn.person cm::acc nv::nv nv::nv verb::vv e::cve verb::vv e::pst.ptcp nv::nv cm::acc verb::vv e::pst.ptcp mark::comma
beye banuhūn ,	nv::nv nv::adj mark::comma
jeku duin tanggū uyunju hule ,	nv::nv nv::nv nv::nv nv::nv nv::nv mark::comma
beye buce kini ,	nv::nv verb::vv e::fve.opt mark::comma
kalka i joriktu_beile i ukanju uyun niyalma ji he .	nv::nv cm::gen nn::prpn cm::gen nv::nv nv::nv nv::nv verb::vv e::pst.ptcp mark::period
tofohon ba i dube de okdo fi ,	nv::nv nv::nv cm::gen nv::nv cm::dat verb::vv e::cve mark::comma
tongki fuka sinda ha hergen i dangse .	nv::nv nv::nv verb::vv e::pst.ptcp nv::nv cm::gen nv::nv mark::period
si geli hendu me ,	pn::2sg nv::nv verb::vv e::cve mark::comma
susai gucu be dahabu fi ,	nv::nv nv::nv cm::acc verb::vv e::cve mark::comma
faksi de juwete niyalma ,	nv::nv cm::dat nv::nv nv::nv mark::comma
ba_iogi ,	nn::prpn mark::comma
min i beye te gele me hendu re gisun waka ,	pn::1sg cm::gen nv::nv nv::nv verb::vv e::cve verb::vv e::npst.ptcp nv::nv nv::adj mark::comma
takūra ra aha tari re ihan yalu re morin etu re etuku jete re jeku ,	verb::vv e::npst.ptcp nv::nv verb::vv e::npst.ptcp nv::nv verb::vv e::npst.ptcp nv::nv verb::vv e::npst.ptcp nv::nv verb::vv e::npst.ptcp nv::nv mark::comma
beye i sui de wasi kini .	nv::nv cm::gen nv::nv cm::dat verb::vv e::fve.opt mark::period
boo de tuwana ci ,	nv::nv cm::dat verb::vv e::cve mark::comma
○ urgūdai_efu ,	mark::circle nn::prpn mark::comma
juwan juwe ci jergi ,	nv::nv verb::vv e::cve nv::nv mark::comma
○ ineku tere inenggi ,	mark::circle nv::nv nv::nv nv::nv mark::comma
faksi ,	nv::nv mark::comma
morin ihan honin nadanju isi me gai ha .	nv::nv nv::nv nv::nv nv::nv verb::vv e::cve verb::vv e::pst.ptcp mark::period
juwe amji be dergi nahan de tebu fi ,	nv::nv nv::nv cm::acc nv::nv nv::nv cm::dat verb::vv e::cve mark::comma
juwe biya i juwan de ,	nv::nv nv::nv cm::gen nv::nv cm::dat mark::comma
gašan bošokū ci wesihun ,	nv::nv nv::nv cm::abl nv::nv mark::comma
yooni ala ∅ ,	nv::nv verb::vv e::fve.imperative mark::comma
cargi ci ji he giyansi bithe be ali me gai habi ,	nv::nv cm::abl verb::vv e::pst.ptcp nv::nv nv::nv cm::acc verb::vv e::cve verb::vv e::fve.prs.prf mark::comma
hafasa suwe doro i jalin de waji ∅ seme tondo i akūmbu ci ,	nv::nv pn::2pl nv::nv cm::gen nv::nv cm::dat verb::vv e::fve.imperative comp nv::adj cm::gen verb::vv e::cve mark::comma
yehe de elcin gene fi buce he seme tofohon yan i weile waliya mbi ,	nv::nv cm::dat nv::nv verb::vv e::cve verb::vv e::pst.ptcp comp nv::nv nv::nv cm::gen nv::nv verb::vv e::fve.npst mark::comma
dende re de ume temšendu re ,	verb::vv e::npst.ptcp cm::dat nv::nv verb::vv e::npst.ptcp mark::comma
han i bu he duin jofohonggo suhe i sa ci ,	nv::nv cm::gen verb::vv e::pst.ptcp nv::nv nv::adj nv::nv cm::gen verb::vv e::cve mark::comma
dada i ,	nn::prpn.person cm::gen mark::comma
ice inenggi jura ka ,	nv::adj nv::nv verb::vv e::pst.ptcp mark::comma
abka tokto me tuwa kini ,	nv::nv verb::vv e::cve verb::vv e::fve.opt mark::comma
nikan i fon i ciyandzung waka ,	nv::nv cm::gen nv::nv cm::gen nv::nv nv::adj mark::comma
duli re dobori sucu re cimari abka ka bi ci ,	verb::vv e::npst.ptcp nv::nv verb::vv e::npst.ptcp nv::nv verb::vv e::pst.ptcp verb::vv e::cve mark::comma
min i kadala ra emu niru i cooha be iogi tsanjiyang ci fakca rakū ,	pn::1sg cm::gen verb::vv e::npst.ptcp nv::nv nv::nv cm::gen nv::nv cm::acc nv::nv nv::nv cm::abl verb::vv e::npst.ptcp.neg mark::comma
ai ai suje be gemu suwen i beye tuwa me sonjo ∅ ,	nv::nv nv::nv nv::nv cm::acc nv::nv pn::2pl cm::gen nv::nv verb::vv e::cve verb::vv e::fve.imperative mark::comma
jeku baha ci ,	nv::nv verb::vv e::cve mark::comma
tuwa i kude be saikan tuwa ∅ ,	nv::nv cm::gen nv::nv cm::acc nv::adj verb::vv e::fve.imperative mark::comma
hūrhan_hiya gebungge amban de ,	nn::prpn nv::adj nv::nv cm::dat mark::comma
sin i jui de emgi bu fi ji ∅ ,	pn::2sg cm::gen nv::nv cm::dat nv::nv verb::vv e::cve verb::vv e::fve.imperative mark::comma
○ juwan de ,	mark::circle nv::nv cm::dat mark::comma
sin i beye aikabade dosi rakū ,	pn::2sg cm::gen nv::nv nv::nv verb::vv e::npst.ptcp.neg mark::comma
○ olbio ,	mark::circle nn::prpn.person mark::comma
saca i oilo amba jiramin kubun i mahala etu he niyalma juleri kalka be gama fi hoton ara ha alin i da de ilibu fi ,	nv::nv cm::gen nv::nv nv::adj nv::adj nv::nv cm::gen nv::nv verb::vv e::pst.ptcp nv::nv nv::nv nv::nv cm::acc verb::vv e::cve nv::nv verb::vv e::pst.ptcp nv::nv cm::gen nv::nv cm::dat verb::vv e::cve mark::comma
niyalma ulha be bederebu ci weile waji ha ,	nv::nv nv::nv cm::acc verb::vv e::cve nv::nv verb::vv e::pst.ptcp mark::comma
menggun fiyoose emke bu he ,	nv::nv nv::nv nv::nv verb::vv e::pst.ptcp mark::comma
sain haha sain morin be suwen i beye tuwa me saikan simne fi ainu unggi hekū seme ,	nv::adj nv::nv nv::adj nv::nv cm::acc pn::2pl cm::gen nv::nv verb::vv e::cve nv::adj verb::vv e::cve nv::nv verb::vv e::pst.ptcp.neg comp mark::comma
borjin_hiya de juwe minggan cooha bu fi ,	nn::prpn cm::dat nv::nv nv::nv nv::nv verb::vv e::cve mark::comma
monggo i cahar i han i hanggal_baihū gebungge amban elcin ji mbi seme donji fi ,	nv::nv cm::gen nn::prpn.plc cm::gen nv::nv cm::gen nn::prpn nv::adj nv::nv nv::nv verb::vv e::fve.npst comp verb::vv e::cve mark::comma
beye buce kini ,	nv::nv verb::vv e::fve.opt mark::comma
ere aniya tari ha jeku be ,	nv::nv nv::nv verb::vv e::pst.ptcp nv::nv cm::acc mark::comma
tere šurde me bi he duin hecen be ka fi ,	nv::nv verb::vv e::cve verb::vv e::pst.ptcp nv::nv nv::nv cm::acc verb::vv e::cve mark::comma
amba_beile ,	nn::prpn mark::comma
sanggarjai_nakcu be han i ici ergi ashan de hanci tebu fi sarila ha .	nn::prpn cm::acc nv::nv cm::gen nv::nv nv::nv nv::nv cm::dat nv::adj verb::vv e::cve verb::vv e::pst.ptcp mark::period
asu hūrhan arabu re ,	nv::nv nv::nv verb::vv e::npst.ptcp mark::comma
han i eshen dai_ding_han i nadaci jui yungji be han tebu he seme ala ra jaka de ,	nv::nv cm::gen nv::nv nn::prpn cm::gen nv::nv nv::nv nn::prpn.person cm::acc nv::nv verb::vv e::pst.ptcp comp verb::vv e::npst.ptcp nv::nv cm::dat mark::comma
bai me ji he jilakan seme ,	verb::vv e::cve verb::vv e::pst.ptcp nv::nv comp mark::comma
mao_wen_lung ,	nn::prpn mark::comma
○ boro i durun šuru re faksi de emu ihan bu he .	mark::circle nv::nv cm::gen nv::nv verb::vv e::npst.ptcp nv::nv cm::dat nv::nv nv::nv verb::vv e::pst.ptcp mark::period
urun be susaita šusiha šusihala ha .	nv::nv cm::acc nv::nv nv::nv verb::vv e::pst.ptcp mark::period
onco halfiyan ci isibu rakū ba be ,	nv::adj nv::adj cm::abl verb::vv e::npst.ptcp.neg nv::nv cm::acc mark::comma
tere uka ka niyalma i sa ra aibi ,	nv::nv verb::vv e::pst.ptcp nv::nv cm::gen verb::vv e::npst.ptcp nv::nv mark::comma
ušan se ,	nn::prpn.person nv::nv mark::comma
fusi_efu ,	nn::prpn mark::comma
guyeng_baturu ,	nn::prpn mark::comma
ginjeo ,	nn::prpn.plc mark::comma
○ ice sunja de ,	mark::circle nv::adj nv::nv cm::dat mark::comma
gūwa amban sa šanggiyan bayara i emgi yabu ∅ ,	nv::nv nv::nv nv::nv nv::nv nv::nv cm::gen nv::nv verb::vv e::fve.imperative mark::comma
fujiyang eksingge ,	nv::nv nn::prpn.person mark::comma
du_tang ni hergen i adun de ,	nv::nv cm::gen nv::nv cm::gen nv::nv cm::dat mark::comma
beiguwan ci wesihun ,	nv::nv cm::abl nv::nv mark::comma
emu yan menggun sali mbi kai .	nv::nv nv::nv nv::nv verb::vv e::fve.npst ptcl mark::period
abka i enduri aisila me ambula kengse lasha dabu habi dere .	nv::nv cm::gen nv::nv verb::vv e::cve nv::nv nv::nv nv::nv verb::vv e::fve.prs.prf ptcl mark::period
han i juleri gisun temše me jamara ha seme weile ara fi ,	nv::nv cm::gen nv::nv nv::nv verb::vv e::cve verb::vv e::pst.ptcp comp nv::nv verb::vv e::cve mark::comma
tere ci funce he niyalma ,	nv::nv cm::abl verb::vv e::pst.ptcp nv::nv mark::comma
geodebuku ehe mujilengge niyalma kai ,	nv::nv nv::adj nv::adj nv::nv ptcl mark::comma
giya_jing ni dehi ilaci aniya nadan biya i juwan ninggun de baha ha ,	nn::prpn cm::gen nv::nv nv::nv nv::nv nv::nv nv::nv cm::gen nv::nv nv::nv cm::dat verb::vv e::pst.ptcp mark::comma
weile he jeku i dabala ,	verb::vv e::pst.ptcp nv::nv cm::gen ptcl mark::comma
○ sangguri be juwe biya i juwan ninggun de ,	mark::circle nn::prpn.person cm::acc nv::nv nv::nv cm::gen nv::nv nv::nv cm::dat mark::comma
aru ,	nv::nv mark::comma
hoifa de emu feye baha ha seme sunja yan i weile waliya mbi ,	nn::prpn.plc cm::dat nv::nv nv::nv verb::vv e::pst.ptcp comp nv::nv nv::nv cm::gen nv::nv verb::vv e::fve.npst mark::comma
○ juwan duin de ,	mark::circle nv::nv nv::nv cm::dat mark::comma
adun_hiya ,	nn::prpn mark::comma
emu tanggū nadanju ba i dube de jaifiyan ,	nv::nv nv::nv nv::nv nv::nv cm::gen nv::nv cm::dat nv::nv mark::comma
emu da sirdan be hono haira mbi kai ,	nv::nv nv::nv nv::nv cm::acc nv::nv verb::vv e::fve.npst ptcl mark::comma
lio_ji_kuwan be beiguwan obu ha .	nn::prpn cm::acc nv::nv verb::vv e::pst.ptcp mark::period
ejen sinda fi hūda ilibu ha ,	nv::nv verb::vv e::cve nv::nv verb::vv e::pst.ptcp mark::comma
hūngniyaka iogi emu tanggū cooha be gai fi ,	nn::prpn.person nv::nv nv::nv nv::nv nv::nv cm::acc verb::vv e::cve mark::comma
cooha boljo fi gaji fi sucu fi gama me ,	nv::nv verb::vv e::cve verb::vv e::cve verb::vv e::cve verb::vv e::cve mark::comma
jorgon biya de sabu re nimanggi juhe i gese uksin saca de ,	nv::nv nv::nv cm::dat verb::vv e::npst.ptcp nv::nv nv::nv cm::gen nv::nv nv::nv nv::nv cm::dat mark::comma
○ fulgiyan muduri aniya ,	mark::circle nv::nv nv::nv nv::nv mark::comma
tongki fuka sinda ha hergen i dangse .	nv::nv nv::nv verb::vv e::pst.ptcp nv::nv cm::gen nv::nv mark::period
weile gai re be ,	nv::nv verb::vv e::npst.ptcp cm::acc mark::comma
yangguri ,	nn::prpn.person mark::comma
cang_diyan ,	nn::prpn mark::comma
cooha i niyalma hecen i duka i tule buren burde me kaica me sure me okdo fi ili habi ,	nv::nv cm::gen nv::nv nv::nv cm::gen nv::nv cm::gen nv::nv nv::nv verb::vv e::cve verb::vv e::cve verb::vv e::cve verb::vv e::cve verb::vv e::fve.prs.prf mark::comma
men i han tondo be abka uruše fi gosi ha ,	pn::1pl.excl cm::gen nv::nv nv::adj cm::acc nv::nv verb::vv e::cve verb::vv e::pst.ptcp mark::comma
uji re be hihala rakū jing buce ki se ci ,	verb::vv e::npst.ptcp cm::acc verb::vv e::npst.ptcp.neg nv::nv verb::vv e::fve.opt verb::vv e::cve mark::comma
adarame o ci ufara mbi seme bodo me gisure me banji cina ,	nv::nv verb::vv e::cve verb::vv e::fve.npst comp verb::vv e::cve verb::vv e::cve verb::vv e::fve.opt mark::comma
meni meni gūni ha ba be bithe ara ∅ ,	nv::nv nv::nv verb::vv e::pst.ptcp nv::nv cm::acc nv::nv verb::vv e::fve.imperative mark::comma
○ ice uyun de ,	mark::circle nv::adj nv::nv cm::dat mark::comma
○ du_tang ni bithe ,	mark::circle nv::nv cm::gen nv::nv mark::comma
han ,	nv::nv mark::comma
tuttu akū balai sinda ci ai ba be sa mbi ,	nv::nv nv::adj nv::nv verb::vv e::cve nv::nv nv::nv cm::acc verb::vv e::fve.npst mark::comma
dehi morin gaji me hengkile me aca me ji he ,	nv::nv nv::nv verb::vv e::cve verb::vv e::cve verb::vv e::cve verb::vv e::pst.ptcp mark::comma
šuwang_tai ,	nn::prpn mark::comma
han i ete he gebu be efule rahū ,	nv::nv cm::gen verb::vv e::pst.ptcp nv::nv cm::acc verb::vv e::fve.prv mark::comma
asan ,	nn::prpn.person mark::comma
mahala ,	nv::nv mark::comma
dobori dedu he ba de amga ha de wabu ha o ,	nv::nv verb::vv e::pst.ptcp nv::nv cm::dat verb::vv e::pst.ptcp cm::dat verb::vv e::pst.ptcp ptcl mark::comma
hūbilai_secen_han i ara fi te he daidu hecen be ,	nn::prpn cm::gen verb::vv e::cve verb::vv e::pst.ptcp nn::prpn.plc nv::nv cm::acc mark::comma
muse i yabu ha yehe i gintaisi_beile i sargan jui be ,	nv::nv cm::gen verb::vv e::pst.ptcp nv::nv cm::gen nn::prpn cm::gen nv::nv nv::nv cm::acc mark::comma
fontula ,	nn::prpn.person mark::comma
in i beye ji he bi he .	pn::3sg cm::gen nv::nv verb::vv e::pst.ptcp verb::vv e::pst.ptcp mark::period
tafula hakū o fi ,	verb::vv e::pst.ptcp.neg verb::vv e::cve mark::comma
wei_ning_ing ,	nn::prpn mark::comma
alban weile re niyalma uyun ,	nv::nv verb::vv e::npst.ptcp nv::nv nv::nv mark::comma
emu minggan sunja tanggū yan ,	nv::nv nv::nv nv::nv nv::nv nv::nv mark::comma
gūnaka ,	nn::prpn.person mark::comma
juwe seke mahala ,	nv::nv nv::nv nv::nv mark::comma
amaga_aisin gurun i han ,	nn::prpn nv::nv cm::gen nv::nv mark::comma
ilaci jergi de tohoi ,	nv::nv nv::nv cm::dat nn::prpn.person mark::comma
jaisai beye be gida me jafa ha ,	nn::prpn.person nv::nv cm::acc verb::vv e::cve verb::vv e::pst.ptcp mark::comma
sunja niru de emu ejen ara fi hoki banjibu fi unggi ∅ ,	nv::nv nv::nv cm::dat nv::nv nv::nv verb::vv e::cve nv::nv verb::vv e::cve verb::vv e::fve.imperative mark::comma
emu gecuheri ,	nv::nv nv::nv mark::comma
suwen i yalu ha morin toho ho enggemu gemu saiyūn seme fonji ci ,	pn::2pl cm::gen verb::vv e::pst.ptcp nv::nv verb::vv e::pst.ptcp nv::nv nv::nv nv::nv comp verb::vv e::cve mark::comma
ere gurun guri fi irgen i jobo ro aniya ,	nv::nv nv::nv verb::vv e::cve nv::nv cm::gen verb::vv e::npst.ptcp nv::nv mark::comma
lio_dusy si tuba i šurde me bisi re nikasa be gai fi kubun fatabu ∅ ,	nn::prpn pn::2sg nv::nv cm::gen verb::vv e::cve verb::vv e::npst.ptcp nv::nv cm::acc verb::vv e::cve nv::nv verb::vv e::fve.imperative mark::comma
meni meni teisu teisu ba be acan tari kini ,	nv::nv nv::nv nv::nv nv::nv nv::nv cm::acc nv::nv verb::vv e::fve.opt mark::comma
niyanciha baha fi morin tarhū ha manggi ,	nv::nv verb::vv e::cve nv::nv verb::vv e::pst.ptcp nv::nv mark::comma
i jakūn niyalma be gaji me uka me ji he ,	pn::3sg nv::nv nv::nv cm::acc verb::vv e::cve verb::vv e::cve verb::vv e::pst.ptcp mark::comma
morin ihan ci fusihūn ,	nv::nv nv::nv cm::abl nv::adj mark::comma
enggeder_efu be okdo me fujisa be gai fi ,	nn::prpn cm::acc verb::vv e::cve nv::nv cm::acc verb::vv e::cve mark::comma
juwan ilaci jergi ,	nv::nv nv::nv nv::nv mark::comma
beye te fi banji re de bi cibe ,	nv::nv verb::vv e::cve verb::vv e::npst.ptcp cm::dat verb::vv e::cve mark::comma
weilengge nikan be ,	nv::adj nv::nv cm::acc mark::comma
beile se fude me gene fi ,	nv::nv nv::nv verb::vv e::cve verb::vv e::cve mark::comma
borjin_hiya ,	nn::prpn mark::comma
duin ihan ,	nv::nv nv::nv mark::comma
keyen i hecen de juwan ninggun i cimari isina ci ,	nn::prpn.plc cm::gen nv::nv cm::dat nv::nv nv::nv cm::gen nv::nv verb::vv e::cve mark::comma
emu ubu be yoo_jeo de tebu ∅ ,	nv::nv nv::nv cm::acc nn::prpn cm::dat verb::vv e::fve.imperative mark::comma
elcin ainu unggi mbi .	nv::nv nv::nv verb::vv e::fve.npst mark::period
nikan i cooha sunja tanggū ,	nv::nv cm::gen nv::nv nv::nv nv::nv mark::comma
○ monggo de cooha gene he beile se de takūra me ,	mark::circle nv::nv cm::dat nv::nv verb::vv e::pst.ptcp nv::nv nv::nv cm::dat verb::vv e::cve mark::comma
amin_beile gama me šun tuhe re baru cooha jura ka .	nn::prpn verb::vv e::cve nv::nv verb::vv e::npst.ptcp nv::nv nv::nv verb::vv e::pst.ptcp mark::period
boo i banji re be umai gūni rakū ,	nv::nv cm::gen verb::vv e::npst.ptcp cm::acc nv::nv verb::vv e::npst.ptcp.neg mark::comma
emu beye i teile gūni me banji re anggala ,	nv::nv nv::nv cm::gen nv::nv verb::vv e::cve verb::vv e::npst.ptcp nv::nv mark::comma
aita fujiyang ni juwe karun i juwete niyalma gaibu habi seme ,	nn::prpn.person nv::nv cm::gen nv::nv nv::nv cm::gen nv::nv nv::nv verb::vv e::fve.prs.prf comp mark::comma
yehe i narimbulu de ubaša me gene he ,	nv::nv cm::gen nn::prpn.person cm::dat verb::vv e::cve verb::vv e::pst.ptcp mark::comma
○ ice sunja de ,	mark::circle nv::adj nv::nv cm::dat mark::comma
aljuda ,	nn::prpn.person mark::comma
si min i ji he de ebu ci ,	pn::2sg pn::1sg cm::gen verb::vv e::pst.ptcp cm::dat verb::vv e::cve mark::comma
muse be gosi me uji mbi ,	pn::1pl.incl cm::acc verb::vv e::cve verb::vv e::fve.npst mark::comma
uhereme ulhu jibca orin duin ,	nv::nv nv::nv nv::nv nv::nv nv::nv mark::comma
○ juwan juwe de ,	mark::circle nv::nv nv::nv cm::dat mark::comma
ajigen be amban obu re ngge ,	nv::adj cm::acc nv::nv verb::vv e::npst.ptcp nmlz::nmlz mark::comma
tsanjiyang ,	nv::nv mark::comma
ing hada fi ili ha alin i wasihūn de ,	nv::nv verb::vv e::cve verb::vv e::pst.ptcp nv::nv cm::gen nv::nv cm::dat mark::comma
kalka i joriktu_beile i jui esen taijingge orin juwe haha ,	nv::nv cm::gen nn::prpn cm::gen nv::nv nn::prpn.person nv::nv nv::nv nv::nv nv::nv mark::comma
○ gūsin i inenggi ,	mark::circle nv::nv cm::gen nv::nv mark::comma
genggiyen_han i jui duici_beile de sargan benji he ,	nn::prpn cm::gen nv::nv nn::prpn cm::dat nv::nv verb::vv e::pst.ptcp mark::comma
emu jergi buce re weile be guwebu mbi .	nv::nv nv::nv verb::vv e::npst.ptcp nv::nv cm::acc verb::vv e::fve.npst mark::period
kiyoo ca ra ,	nv::nv verb::vv e::npst.ptcp mark::comma
han i hūncihin be ,	nv::nv cm::gen nv::nv cm::acc mark::comma
si_uli efu ,	nn::prpn nv::nv mark::comma
si ere menggun be wang_du_tang de bene fi ,	pn::2sg nv::nv nv::nv cm::acc nn::prpn cm::dat verb::vv e::cve mark::comma
kooli akū kooli be in i mujilen i ara ha .	nv::nv nv::adj nv::nv cm::acc pn::3sg cm::gen nv::nv cm::gen verb::vv e::pst.ptcp mark::period
dube waji nggala ,	nv::nv verb::vv e::cve mark::comma
○ du_tang ni bithe ,	mark::circle nv::nv cm::gen nv::nv mark::comma
gūsin morin ,	nv::nv nv::nv mark::comma
ere yasun i sargan i bu he tana ,	nv::nv nn::prpn.person cm::gen nv::nv cm::gen verb::vv e::pst.ptcp nv::nv mark::comma
genggiyen_han te he ba ci ili me ,	nn::prpn verb::vv e::pst.ptcp nv::nv cm::abl verb::vv e::cve mark::comma
uji he ama be ehe seme ji he ,	verb::vv e::pst.ptcp nv::nv cm::acc nv::adj comp verb::vv e::pst.ptcp mark::comma
emu gulhun narhūn genggiyen cekemu be amba_fujin bu he ,	nv::nv nv::adj nv::adj nv::adj nv::nv cm::acc nn::prpn verb::vv e::pst.ptcp mark::comma
busan be si waka seme wakala ci ,	nn::prpn.person cm::acc pn::2sg nv::adj comp verb::vv e::cve mark::comma
han i hūla me bu re šang ,	nv::nv cm::gen verb::vv e::cve verb::vv e::npst.ptcp nv::nv mark::comma
bire me dosi fi wa ha ,	verb::vv e::cve verb::vv e::cve verb::vv e::pst.ptcp mark::comma
han de waka sabu fi weile baha fi boo yada kini ,	nv::nv cm::dat nv::adj verb::vv e::cve nv::nv verb::vv e::cve nv::nv verb::vv e::fve.opt mark::comma
bahūn ,	nn::prpn.person mark::comma
degelei_age i eksingge i niru be gai fi dodo_age de bu he ,	nn::prpn cm::gen nn::prpn.person cm::gen nv::nv cm::acc verb::vv e::cve nn::prpn cm::dat verb::vv e::pst.ptcp mark::comma
○ emu gūsa i beile se de ,	mark::circle nv::nv nv::nv cm::gen nv::nv nv::nv cm::dat mark::comma
fejergi buya niyalma i gisun de dosi fi ,	nv::nv nv::adj nv::nv cm::gen nv::nv cm::dat verb::vv e::cve mark::comma
tofohon yan i gung faita ha .	nv::nv nv::nv cm::gen nv::nv verb::vv e::pst.ptcp mark::period
jušen be ali me gai fi acan te he nikan ,	nv::nv cm::acc verb::vv e::cve verb::vv e::cve nv::nv verb::vv e::pst.ptcp nv::nv mark::comma
juse sargan akū o ci ,	nv::nv nv::nv nv::adj verb::vv e::cve mark::comma
ai hoton be afa me gai hakū seme hūla ha manggi ,	nv::nv nv::nv cm::acc verb::vv e::cve verb::vv e::pst.ptcp.neg comp verb::vv e::pst.ptcp nv::nv mark::comma
neodei beiguwan be efule re de han i jaka de gama ha manggi ,	nn::prpn.person nv::nv cm::acc verb::vv e::npst.ptcp cm::dat nv::nv cm::gen nv::nv cm::dat verb::vv e::pst.ptcp nv::nv mark::comma
suwe inu min i hojihon omolo kai ,	pn::2pl nv::nv pn::1sg cm::gen nv::nv nv::nv ptcl mark::comma
guwangning ni ice kamcibu ha hafasa be gai fi ,	nn::prpn.plc cm::gen nv::adj verb::vv e::pst.ptcp nv::nv cm::acc verb::vv e::cve mark::comma
morin ,	nv::nv mark::comma
emu niru i ninggute mangga morin be sonjo fi ,	nv::nv nv::nv cm::gen nv::nv nv::adj nv::nv cm::acc verb::vv e::cve mark::comma
te boo de bedere ki dere se ci ,	nv::nv nv::nv cm::dat verb::vv e::fve.opt nv::nv verb::vv e::cve mark::comma
beye buce kini ,	nv::nv verb::vv e::fve.opt mark::comma
beiguwan de juwete yan sunjata jiha menggun ,	nv::nv cm::dat nv::nv nv::nv nv::nv nv::nv nv::nv mark::comma
amba genggiyen_han i hūda i niyalma be wa ha bi he ,	nv::adj nn::prpn cm::gen nv::nv cm::gen nv::nv cm::acc verb::vv e::pst.ptcp verb::vv e::pst.ptcp mark::comma
suwe yarna i sain de ,	pn::2pl nn::prpn.person cm::gen nv::adj cm::dat mark::comma
wa ra weile mujangga ,	verb::vv e::npst.ptcp nv::nv nv::adj mark::comma
hecen amba cooha komso ,	nv::nv nv::adj nv::nv nv::adj mark::comma
ahūn deo i dolo facuhūra me ishun de ulin ulha gai ha baha ha seme ai gebu ,	nv::nv nv::nv cm::gen nv::nv verb::vv e::cve nv::nv cm::dat nv::nv nv::nv verb::vv e::pst.ptcp verb::vv e::pst.ptcp comp nv::nv nv::nv mark::comma
orin boigon juse sargan ,	nv::nv nv::nv nv::nv nv::nv mark::comma
orin sunja yan i weile waliya mbi ,	nv::nv nv::nv nv::nv cm::gen nv::nv verb::vv e::fve.npst mark::comma
weri be gai ki ,	nv::nv cm::acc verb::vv e::fve.opt mark::comma
hengke juwan benji he .	nv::nv nv::nv verb::vv e::pst.ptcp mark::period
cooha i amargi dube i niyalma i isinji re onggolo ,	nv::nv cm::gen nv::nv nv::nv cm::gen nv::nv cm::gen verb::vv e::npst.ptcp nv::nv mark::comma
liyoodung ni hecen i dolo ,	nn::prpn.plc cm::gen nv::nv cm::gen nv::nv mark::comma
bata sere mbi ,	nv::nv verb::vv e::fve.npst mark::comma
poo i muhaliyan ,	nv::nv cm::gen nv::nv mark::comma
morin ihan losa eihen uhereme ninju nadan gama ha ,	nv::nv nv::nv nv::nv nv::nv nv::nv nv::nv nv::nv verb::vv e::pst.ptcp mark::comma
○ juwan ninggun de ,	mark::circle nv::nv nv::nv cm::dat mark::comma
tere ci aba sinda fi buhū gio juwan isi me wa ha ,	nv::nv cm::abl nv::nv verb::vv e::cve nv::nv nv::nv nv::nv verb::vv e::cve verb::vv e::pst.ptcp mark::comma
baran ,	nv::nv mark::comma
tuttu ihan_alin i hoton be gai ha manggi ,	nv::nv nn::prpn cm::gen nv::nv cm::acc verb::vv e::pst.ptcp nv::nv mark::comma
daicing ,	nv::nv mark::comma
han ,	nv::nv mark::comma
niyaman hūncihin seme harša rakū ,	nv::nv nv::nv comp verb::vv e::npst.ptcp.neg mark::comma
ginggūldai de liyoodung ni šang be hontoholo me gai ha .	nn::prpn.person cm::dat nn::prpn.plc cm::gen nv::nv cm::acc verb::vv e::cve verb::vv e::pst.ptcp mark::period
cahar ,	nn::prpn.plc mark::comma
inu emke juwe i unca mbihe kai ,	nv::nv nv::nv nv::nv cm::gen verb::vv e::fve.pst.ipfv ptcl mark::comma
ulantai ,	nn::prpn.person mark::comma
jortai baha kini seme gosi me hafan bu fi bai bi kini se re ,	nv::nv verb::vv e::fve.opt comp verb::vv e::cve nv::nv verb::vv e::cve nv::nv verb::vv e::fve.opt verb::vv e::npst.ptcp mark::comma
benji he de weile akū ,	verb::vv e::pst.ptcp cm::dat nv::nv nv::adj mark::comma
suwe meni meni ba de bedere me gene ∅ ,	pn::2pl nv::nv nv::nv nv::nv cm::dat verb::vv e::cve verb::vv e::fve.imperative mark::comma
tondo mujilen i afabu ha jurgan be muterei teile akūmbu me banji ki .	nv::adj nv::nv cm::gen verb::vv e::pst.ptcp nv::nv cm::acc nv::nv nv::nv verb::vv e::cve verb::vv e::fve.opt mark::period
angga_beile i boo be baihana fi afa ra de ,	nn::prpn cm::gen nv::nv cm::acc verb::vv e::cve verb::vv e::npst.ptcp cm::dat mark::comma
ere gisun be soohai dzung_bing_guwan ,	nv::nv nv::nv cm::acc nn::prpn.person nv::nv mark::comma
tede fonji ci ,	nv::nv verb::vv e::cve mark::comma
cahar i han ,	nn::prpn.plc cm::gen nv::nv mark::comma
tere ci fulu niyalma gemu ji ∅ ,	nv::nv cm::abl nv::nv nv::nv nv::nv verb::vv e::fve.imperative mark::comma
temen juwete ,	nv::nv nv::nv mark::comma
emu niru de juwete ihan be aniya de wa fi je kini seme bu he .	nv::nv nv::nv cm::dat nv::nv nv::nv cm::acc nv::nv cm::dat verb::vv e::cve verb::vv e::fve.opt comp verb::vv e::pst.ptcp mark::period
tere yamji ,	nv::nv nv::nv mark::comma
ningšan i boo de dorgon i eme nene me gene he mujangga ,	nn::prpn.person cm::gen nv::nv cm::dat nv::nv cm::gen nv::nv verb::vv e::cve verb::vv e::pst.ptcp nv::adj mark::comma
dobi ,	nv::nv mark::comma
orin niyalma juwe tanggū niyalma de gaji kini ,	nv::nv nv::nv nv::nv nv::nv nv::nv cm::dat verb::vv e::fve.opt mark::comma
○ ineku tere inenggi ,	mark::circle nv::nv nv::nv nv::nv mark::comma
ere tofohon niyalma duici jergi ,	nv::nv nv::nv nv::nv nv::nv nv::nv mark::comma
ehe sain be dere bani rakū ,	nv::adj nv::adj cm::acc nv::nv verb::vv e::npst.ptcp.neg mark::comma
sahaliyen_age ,	nn::prpn mark::comma
tantan ,	nn::prpn.person mark::comma
ulgiyan_ho_wei i du_jy_hūi_ciyanši baši i jui urga ,	nn::prpn cm::gen nv::nv nn::prpn.person cm::gen nv::nv nn::prpn.person mark::comma
liyoha bira i bajila tasha erin de dule ke cooha ,	nn::prpn.plc nv::nv cm::gen nv::nv nv::nv nv::nv cm::dat verb::vv e::pst.ptcp nv::nv mark::comma
ejen sinda hakū unggi fi juwe niyalma wabu habi ,	nv::nv verb::vv e::pst.ptcp.neg verb::vv e::cve nv::nv nv::nv verb::vv e::fve.prs.prf mark::comma
afa mbi se ci ,	verb::vv e::fve.npst verb::vv e::cve mark::comma
jai sula facuhūn ume yabubu re .	nv::nv nv::adj nv::adj nv::nv verb::vv e::npst.ptcp mark::period
megu ,	nv::nv mark::comma
bujantai tumen cooha be abka wakala ha ,	nn::prpn.person nv::nv nv::nv cm::acc nv::nv verb::vv e::pst.ptcp mark::comma
muse kemuni sain banji ki ,	pn::1pl.incl nv::nv nv::adj verb::vv e::fve.opt mark::comma
kemuni fe doro i uji he ,	nv::nv nv::adj nv::nv cm::gen verb::vv e::pst.ptcp mark::comma
sanduhai iogi i deo sanggari de ,	nn::prpn.person nv::nv cm::gen nv::nv nn::prpn.person cm::dat mark::comma
yehe ci ji he ci ebsi šangna ha jaka be hontoholo me gai ha ,	nv::nv cm::abl verb::vv e::pst.ptcp cm::abl nv::nv verb::vv e::pst.ptcp nv::nv cm::acc verb::vv e::cve verb::vv e::pst.ptcp mark::comma
meni meni usin weile ∅ seme hendu me weri fi ji he ,	nv::nv nv::nv nv::nv verb::vv e::fve.imperative comp verb::vv e::cve verb::vv e::cve verb::vv e::pst.ptcp mark::comma
emu hilteri uksin saca galaktun de aisin iju me folo hobi ,	nv::nv nv::nv nv::nv nv::nv nv::nv cm::dat nv::nv verb::vv e::cve verb::vv e::fve.prs.prf mark::comma
akda rakū fonji ha manggi ,	verb::vv e::npst.ptcp.neg verb::vv e::pst.ptcp nv::nv mark::comma
ba be waliya fi bai me ji fi ,	nv::nv cm::acc verb::vv e::cve verb::vv e::cve verb::vv e::cve mark::comma
tere gemu abka i erin be tuwa fi ,	nv::nv nv::nv nv::nv cm::gen nv::nv cm::acc verb::vv e::cve mark::comma
ulgiyan de ninggun niyalma ,	nv::nv cm::dat nv::nv nv::nv mark::comma
○ gusantai_efu tsanjiyang ni hergen be wesibu fi fujiyang obu ha .	mark::circle nn::prpn nv::nv cm::gen nv::nv cm::acc verb::vv e::cve nv::nv verb::vv e::pst.ptcp mark::period
lamun juwan ,	nv::adj nv::nv mark::comma
sindasi ,	nn::prpn.person mark::comma
keri ,	nn::prpn.person mark::comma
simiyan i cooha be bošo ho fon de ,	nn::prpn.plc cm::gen nv::nv cm::acc verb::vv e::pst.ptcp nv::nv cm::dat mark::comma
jori ha jurgan be jurce rakū seme beiguwan obu ha .	verb::vv e::pst.ptcp nv::nv cm::acc verb::vv e::npst.ptcp.neg comp nv::nv verb::vv e::pst.ptcp mark::period
uju fusi fi hūdun daha ci sain kai .	nv::nv verb::vv e::cve nv::adj verb::vv e::cve nv::adj ptcl mark::period
beiguwan i hergen obu ha .	nv::nv cm::gen nv::nv verb::vv e::pst.ptcp mark::period
jui de teisu cooha weri rakū ,	nv::nv cm::dat nv::nv nv::nv verb::vv e::npst.ptcp.neg mark::comma
dzung_bing_guwan ci fusihūn ,	nv::nv cm::abl nv::adj mark::comma
han hendu me ,	nv::nv verb::vv e::cve mark::comma
olho me sere me tondo i akūmbu fi ,	verb::vv e::cve verb::vv e::cve nv::adj cm::gen verb::vv e::cve mark::comma
atai ,	nn::prpn.person mark::comma
hūrha gurun i bojiri de han hendu me ,	nv::nv nv::nv cm::gen nn::prpn.person cm::dat nv::nv verb::vv e::cve mark::comma
duka de tuci fi ,	nv::nv cm::dat verb::vv e::cve mark::comma
in i te he tai boo be i tuwa sinda ha ,	pn::3sg cm::gen verb::vv e::pst.ptcp nv::nv nv::nv cm::acc cm::gen nv::nv verb::vv e::pst.ptcp mark::comma
gemu anggala bodo me bu kini .	nv::nv nv::nv verb::vv e::cve verb::vv e::fve.opt mark::period
cooha kadala ci ,	nv::nv verb::vv e::cve mark::comma
hai_si toli_šan_wei i du_jy_hūi_ši kekene i jui etemi ,	nn::prpn nn::prpn cm::gen nv::nv nn::prpn.person cm::gen nv::nv nn::prpn.person mark::comma
ula de emu feye baha ha seme ,	nv::nv cm::dat nv::nv nv::nv verb::vv e::pst.ptcp comp mark::comma
afabu ha weile be mute mbi ,	verb::vv e::pst.ptcp nv::nv cm::acc verb::vv e::fve.npst mark::comma
duin niyalma be wa ha ,	nv::nv nv::nv cm::acc verb::vv e::pst.ptcp mark::comma
erkei ,	nn::prpn.person mark::comma
han i afabu ha jurgan be ,	nv::nv cm::gen verb::vv e::pst.ptcp nv::nv cm::acc mark::comma
be_tu_cang de tene he ,	nn::prpn cm::dat verb::vv e::pst.ptcp mark::comma
juwe ihan wa me jiha deiji me ,	nv::nv nv::nv verb::vv e::cve nv::nv verb::vv e::cve mark::comma
tuttu haha ji hebi seme baica ra iogi hafan de ala ∅ ,	nv::nv nv::nv verb::vv e::fve.prs.prf comp verb::vv e::npst.ptcp nv::nv nv::nv cm::dat verb::vv e::fve.imperative mark::comma
ehe sain be dere bani rakū ,	nv::adj nv::adj cm::acc nv::nv verb::vv e::npst.ptcp.neg mark::comma
balai dain seme gūni rahū .	nv::nv nv::nv comp verb::vv e::fve.prv mark::period
solho ,	nv::nv mark::comma
han i deo darhan_baturu_beile i amba jui amin_taiji de encu eme i jui jaisanggū i emgi mujilen emu o hobi seme ,	nv::nv cm::gen nv::nv nn::prpn cm::gen nv::adj nv::nv nn::prpn cm::dat nv::nv nv::nv cm::gen nv::nv nn::prpn.person cm::gen nv::nv nv::nv nv::nv verb::vv e::fve.prs.prf comp mark::comma
tondo be beide fi tuttu dere ,	nv::adj cm::acc verb::vv e::cve nv::nv ptcl mark::comma
in be jafabu mbi dere seme bithe unggi he se re ,	pn::3sg cm::acc verb::vv e::fve.npst ptcl comp nv::nv verb::vv e::pst.ptcp verb::vv e::npst.ptcp mark::comma
jai cergei non hooge i eniye ,	nv::nv nn::prpn.person nv::nv nn::prpn.person cm::gen nv::nv mark::comma
geren suwe aca fi jafa fi benji ∅ .	nv::adj pn::2pl verb::vv e::cve verb::vv e::cve verb::vv e::fve.imperative mark::period
○ orin ninggun de ,	mark::circle nv::nv nv::nv cm::dat mark::comma
○ ice ninggun de ,	mark::circle nv::adj nv::nv cm::dat mark::comma
monggo han de akda fi yabu hai encule me banji ha doro efuje he .	nv::nv nv::nv cm::dat verb::vv e::cve verb::vv e::cve verb::vv e::cve verb::vv e::pst.ptcp nv::nv verb::vv e::pst.ptcp mark::period
jing_lii_tun i wang_ing ,	nn::prpn cm::gen nn::prpn mark::comma
cilin ,	nv::nv mark::comma
ilaci jergi dzung_bing_guwan obu ha ,	nv::nv nv::nv nv::nv verb::vv e::pst.ptcp mark::comma
be gai ki seme hendu ci ,	pn::1pl.excl verb::vv e::fve.opt comp verb::vv e::cve mark::comma
han de waka sabu fi weile baha fi boo yada kini ,	nv::nv cm::dat nv::adj verb::vv e::cve nv::nv verb::vv e::cve nv::nv verb::vv e::fve.opt mark::comma
geli absi gene re seme gūni ci mangga bi he kai ,	nv::nv nv::nv verb::vv e::npst.ptcp comp verb::vv e::cve nv::adj verb::vv e::pst.ptcp ptcl mark::comma
ciyan_tun_wei ,	nn::prpn mark::comma
jori ha jurgan be jurce rakū seme beiguwan obu ha .	verb::vv e::pst.ptcp nv::nv cm::acc verb::vv e::npst.ptcp.neg comp nv::nv verb::vv e::pst.ptcp mark::period
emu feye gidalabu ha seme ,	nv::nv nv::nv verb::vv e::pst.ptcp comp mark::comma
suwen be geli ehe gūni ha doro bi o .	pn::2pl cm::acc nv::nv nv::adj verb::vv e::pst.ptcp nv::nv verb::vv.npst ptcl mark::period
sejen jafa fi nikan i boo be efule me juwe he seme ,	nv::nv verb::vv e::cve nv::nv cm::gen nv::nv cm::acc verb::vv e::cve verb::vv e::pst.ptcp comp mark::comma
tanggū hule bele bu he ,	nv::nv nv::nv nv::nv verb::vv e::pst.ptcp mark::comma
sunjata hoton de emu feye baha ha seme uju jergi beiguwan i caliyan ,	nv::nv nv::nv cm::dat nv::nv nv::nv verb::vv e::pst.ptcp comp nv::nv nv::nv nv::nv cm::gen nv::nv mark::comma
emu boo kai ,	nv::nv nv::nv ptcl mark::comma
nikan i sin i duin sin bu ∅ .	nv::nv cm::gen nv::nv cm::gen nv::nv nv::nv verb::vv e::fve.imperative mark::period
beiguwan ci wesihun meni meni ba i hūwaita ha kiru be gaji fi ,	nv::nv cm::abl nv::nv nv::nv nv::nv nv::nv cm::gen verb::vv e::pst.ptcp nv::nv cm::acc verb::vv e::cve mark::comma
emu jergi buce re weile be guwebu mbi .	nv::nv nv::nv verb::vv e::npst.ptcp nv::nv cm::acc verb::vv e::fve.npst mark::period
han morin ci ebubu hekū ,	nv::nv nv::nv cm::abl verb::vv e::pst.ptcp.neg mark::comma
han ,	nv::nv mark::comma
ginggule me onggo rakū gūni me ,	verb::vv e::cve verb::vv e::npst.ptcp.neg verb::vv e::cve mark::comma
abka gosi fi juse omosi jalan hala me han ama i kesi be je me etu me taifin jirga me banji kini .	nv::nv verb::vv e::cve nv::nv nv::nv nv::nv verb::vv e::cve nv::nv nv::nv cm::gen nv::nv cm::acc verb::vv e::cve verb::vv e::cve nv::adj verb::vv e::cve verb::vv e::fve.opt mark::period
laba ,	nv::nv mark::comma
jao_iogi ,	nn::prpn mark::comma
abutai bi ,	nn::prpn.person verb::vv.npst mark::comma
nikan be daila me gene re de ,	nv::nv cm::acc verb::vv e::cve verb::vv e::npst.ptcp cm::dat mark::comma
jekduri ,	nn::prpn.person mark::comma
○ ice nadan de ,	mark::circle nv::adj nv::nv cm::dat mark::comma
jai ere ci julesi ,	nv::nv nv::nv cm::abl nv::nv mark::comma
suwen be amba weile ara mbi ,	pn::2pl cm::acc nv::adj nv::nv verb::vv e::fve.npst mark::comma
buyara me gejure me aika gaija ra weilebu re o ho de ,	verb::vv e::cve verb::vv e::cve nv::nv verb::vv e::npst.ptcp verb::vv e::npst.ptcp verb::vv e::pst.ptcp cm::dat mark::comma
darhan_baturu_beile i jide re onggolo ,	nn::prpn cm::gen verb::vv e::npst.ptcp nv::nv mark::comma
aita fujiyang hendu me ,	nn::prpn.person nv::nv verb::vv e::cve mark::comma
ere bithe be gama me orin duin de gene he .	nv::nv nv::nv cm::acc verb::vv e::cve nv::nv nv::nv cm::dat verb::vv e::pst.ptcp mark::period
han i nene me te mbi se he ba de ,	nv::nv cm::gen verb::vv e::cve verb::vv e::fve.npst verb::vv e::pst.ptcp nv::nv cm::dat mark::comma
šanggiyan bayara i niyalma de bire me emte jafu bu he .	nv::nv nv::nv cm::gen nv::nv cm::dat verb::vv e::cve nv::nv nv::nv verb::vv e::pst.ptcp mark::period
○ tere inenggi ,	mark::circle nv::nv nv::nv mark::comma
sunjata tanggū mocin ,	nv::nv nv::nv nv::nv mark::comma
aita fujiyang de wasimbu ha ,	nn::prpn.person nv::nv cm::dat verb::vv e::pst.ptcp mark::comma
ama han i banji ha jili bedere he dere ,	nv::nv nv::nv cm::gen verb::vv e::pst.ptcp nv::nv verb::vv e::pst.ptcp ptcl mark::comma
ere sunja niyalma jai jergi ,	nv::nv nv::nv nv::nv nv::nv nv::nv mark::comma
okto sirdan i gabta ra ,	nv::nv nv::nv cm::gen verb::vv e::npst.ptcp mark::comma
nene me juwe minggan niyalma liyoha i dalin i ša_ho_pu de benji ∅ ,	verb::vv e::cve nv::nv nv::nv nv::nv nn::prpn.plc cm::gen nv::nv cm::gen nn::prpn cm::dat verb::vv e::fve.imperative mark::comma
hecen ci tuci fi faida fi ili habi ,	nv::nv cm::abl verb::vv e::cve verb::vv e::cve verb::vv e::fve.prs.prf mark::comma
○ suijan be ,	mark::circle nn::prpn.person cm::acc mark::comma
solho i lung_cuwan de isina ci ,	nv::nv cm::gen nn::prpn cm::dat verb::vv e::cve mark::comma
udaha ,	nn::prpn.person mark::comma
kesi ama mafa de isina mbi ,	nv::nv nv::nv nv::nv cm::dat verb::vv e::fve.npst mark::comma
○ orin de ,	mark::circle nv::nv cm::dat mark::comma
niru i ejen ,	nv::nv cm::gen nv::nv mark::comma
an_nan ,	nn::prpn mark::comma
usin tari fi jete re jeku akū niyalma de jeku bu ∅ ,	nv::nv verb::vv e::cve verb::vv e::npst.ptcp nv::nv nv::adj nv::nv cm::dat nv::nv verb::vv e::fve.imperative mark::comma
han be dabu rakū ,	nv::nv cm::acc verb::vv e::npst.ptcp.neg mark::comma
budari ,	nn::prpn.person mark::comma
tuttu wa fi ce fasi me buce hebi seme alanji ha bi he ,	nv::nv verb::vv e::cve pn::3pl verb::vv e::cve verb::vv e::fve.prs.prf comp verb::vv e::pst.ptcp verb::vv e::pst.ptcp mark::comma
ukanju i gisun de akda fi ,	nv::nv cm::gen nv::nv cm::dat verb::vv e::cve mark::comma
hošotu de fujiyang ni hergen ,	nn::prpn.person cm::dat nv::nv cm::gen nv::nv mark::comma
sunja tatan i elcin gene kini se he mujangga bi he ,	nv::nv nv::nv cm::gen nv::nv verb::vv e::fve.opt verb::vv e::pst.ptcp nv::adj verb::vv e::pst.ptcp mark::comma
jušen i hafasa de goi ha nikasa be ,	nv::nv cm::gen nv::nv cm::dat verb::vv e::pst.ptcp nv::nv cm::acc mark::comma
○ orin de ,	mark::circle nv::nv cm::dat mark::comma
muse gisure fi emu hebe i aca ki ,	pn::1pl.incl verb::vv e::cve nv::nv nv::nv cm::gen verb::vv e::fve.opt mark::comma
lio_fujiyang ni bithe i bithe ,	nn::prpn cm::gen nv::nv cm::gen nv::nv mark::comma
yehe i bujai ,	nv::nv cm::gen nn::prpn.person mark::comma
jang_hai_tun i jang_ši_hing ,	nn::prpn cm::gen nn::prpn mark::comma
munggu ,	nn::prpn.person mark::comma
lii_iogi i harangga emu niyalma ,	nn::prpn cm::gen nv::nv nv::nv nv::nv mark::comma
tuttu tondo i fafula rakū ehe miosihon jurgan i yabu ci ,	nv::nv nv::adj cm::gen verb::vv e::npst.ptcp.neg nv::adj nv::adj nv::nv cm::gen verb::vv e::cve mark::comma
nadan yan i weile waliya mbi ,	nv::nv nv::nv cm::gen nv::nv verb::vv e::fve.npst mark::comma
fusi_efu ,	nn::prpn mark::comma
wang_iogi gai fi du_tang de bu he ,	nn::prpn verb::vv e::cve nv::nv cm::dat verb::vv e::pst.ptcp mark::comma
orin sunja ba i dube de fude me bene fi ji he ,	nv::nv nv::nv nv::nv cm::gen nv::nv cm::dat verb::vv e::cve verb::vv e::cve verb::vv e::pst.ptcp mark::comma
ejen jili banji fi koro ara mbi kai ,	nv::nv nv::nv verb::vv e::cve nv::nv verb::vv e::fve.npst ptcl mark::comma
sanabu ,	nn::prpn.person mark::comma
jori ha jurgan be jurce rakū seme ,	verb::vv e::pst.ptcp nv::nv cm::acc verb::vv e::npst.ptcp.neg comp mark::comma
salu beiguwan juwe tanggū cooha be gai fi ,	nv::nv nv::nv nv::nv nv::nv nv::nv cm::acc verb::vv e::cve mark::comma
were ∅ ,	verb::vv e::fve.imperative mark::comma
sabka i toko me menggun gai hakūbi ,	nv::nv cm::gen verb::vv e::cve nv::nv verb::vv e::fve.prs.prf.neg mark::comma
muse i niyalma be huwesile rahū ,	nv::nv cm::gen nv::nv cm::acc verb::vv e::fve.prv mark::comma
juwe morin ,	nv::nv nv::nv mark::comma
solho han aika gisun i hafan takūra ci ,	nv::nv nv::nv nv::nv nv::nv cm::gen nv::nv verb::vv e::cve mark::comma
kutule duin niyalma ,	nv::nv nv::nv nv::nv mark::comma
juwan biya i ice uyun de ,	nv::nv nv::nv cm::gen nv::adj nv::nv cm::dat mark::comma
sai_ma_gi ,	nn::prpn mark::comma
tere be hūlaša me bederebu ki ,	nv::nv cm::acc verb::vv e::cve verb::vv e::fve.opt mark::comma
sin be weile ara rakū ,	pn::2sg cm::acc nv::nv verb::vv e::npst.ptcp.neg mark::comma
g'ai_jeo i niyalma de kamcibu fi ,	nn::prpn cm::gen nv::nv cm::dat verb::vv e::cve mark::comma
ete rakū niyalma be ere cooha kadala me ete rakū seme wesimbu ∅ ,	verb::vv e::npst.ptcp.neg nv::nv cm::acc nv::nv nv::nv verb::vv e::cve verb::vv e::npst.ptcp.neg comp verb::vv e::fve.imperative mark::comma
nadan yafahan nikan ,	nv::nv nv::adj nv::nv mark::comma
tumen olji baha ha ,	nv::nv nv::nv verb::vv e::pst.ptcp mark::comma
gahari ,	nv::nv mark::comma
sin i jakūn hecen i guri me ji he ice boigon i nikan ,	pn::2sg cm::gen nv::nv nv::nv cm::gen verb::vv e::cve verb::vv e::pst.ptcp nv::adj nv::nv cm::gen nv::nv mark::comma
boo acan te ki ,	nv::nv nv::nv verb::vv e::fve.opt mark::comma
ala ha guwanggusa be emu ba ,	verb::vv e::pst.ptcp nv::nv cm::acc nv::nv nv::nv mark::comma
dung_ging hecen ci meihe erin de jura fi gene re de ,	nn::prpn nv::nv cm::abl nv::nv nv::nv cm::dat verb::vv e::cve verb::vv e::npst.ptcp cm::dat mark::comma
jaisai beye be tere fon de bi seole re ,	nn::prpn.person nv::nv cm::acc nv::nv nv::nv cm::dat pn::1sg verb::vv e::npst.ptcp mark::comma
jori ha jurgan be jurce rakū seme beiguwan obu ha .	verb::vv e::pst.ptcp nv::nv cm::acc verb::vv e::npst.ptcp.neg comp nv::nv verb::vv e::pst.ptcp mark::period
amasi dobori boo de ji he seme gercile re jaka de ,	nv::nv nv::nv nv::nv cm::dat verb::vv e::pst.ptcp comp verb::vv e::npst.ptcp nv::nv cm::dat mark::comma
takūra ha ba de getuken ,	verb::vv e::pst.ptcp nv::nv cm::dat nv::adj mark::comma
in i beye de weile ara fi ,	pn::3sg cm::gen nv::nv cm::dat nv::nv verb::vv e::cve mark::comma
sin i ba be jase efule fi tuci ci si ainu sa hakū ,	pn::2sg cm::gen nv::nv cm::acc nv::nv verb::vv e::cve verb::vv e::cve pn::2sg nv::nv verb::vv e::pst.ptcp.neg mark::comma
hashū ergi duin gūsa i niyalma alanji me ,	nv::nv nv::nv nv::nv nv::nv cm::gen nv::nv verb::vv e::cve mark::comma
jušen gai mbi ,	nv::nv verb::vv e::fve.npst mark::comma
tanggū boo ,	nv::nv nv::nv mark::comma
dehi duin ihan ,	nv::nv nv::nv nv::nv mark::comma
han gene fi tuwa ci ,	nv::nv verb::vv e::cve verb::vv e::cve mark::comma
juwan ilan juwan duin jalan o hobi ,	nv::nv nv::nv nv::nv nv::nv nv::nv verb::vv e::fve.prs.prf mark::comma
tomido ,	nn::prpn.person mark::comma
i_jeo i emu wei be ,	nn::prpn cm::gen nv::nv nv::nv cm::acc mark::comma
dalaha ,	nn::prpn.person mark::comma
kundu_kuren ilan ba de ice guribu me bene he nikan de jeku akū o fi ,	nn::prpn nv::nv nv::nv cm::dat nv::adj verb::vv e::cve verb::vv e::pst.ptcp nv::nv cm::dat nv::nv nv::adj verb::vv e::cve mark::comma
hanggiya de juwan niru .	nn::prpn.plc cm::dat nv::nv nv::nv mark::period
gūwa jaka de cifun gaija ra be gemu naka ∅ .	nv::nv nv::nv cm::dat nv::nv verb::vv e::npst.ptcp cm::acc nv::nv verb::vv e::fve.imperative mark::period
tere tuci ke niyalma jai ai je mbi ,	nv::nv verb::vv e::pst.ptcp nv::nv nv::nv nv::nv verb::vv e::fve.npst mark::comma
○ juwan uyun de ,	mark::circle nv::nv nv::nv cm::dat mark::comma
han hendu me ,	nv::nv verb::vv e::cve mark::comma
aita be wesibu fi tsanjiyang obu ha ,	nn::prpn.person cm::acc verb::vv e::cve nv::nv verb::vv e::pst.ptcp mark::comma
sahaliyan ,	nv::adj mark::comma
ihan ,	nv::nv mark::comma
dung de isi tala tebu ∅ .	nv::nv cm::dat verb::vv e::cve verb::vv e::fve.imperative mark::period
○ julge ci ebsi ,	mark::circle nv::nv cm::abl nv::nv mark::comma
miyanceo emu tanggū orin ,	nv::nv nv::nv nv::nv nv::nv mark::comma
morin ,	nv::nv mark::comma
emu jui uka me ji fi ,	nv::nv nv::nv verb::vv e::cve verb::vv e::cve mark::comma
jai emu minggan cooha tang_jan de ji fi ,	nv::nv nv::nv nv::nv nv::nv nn::prpn cm::dat verb::vv e::cve mark::comma
beri ,	nv::nv mark::comma
mafari jergi de ilata yan menggun bu he ,	nv::nv nv::nv cm::dat nv::nv nv::nv nv::nv verb::vv e::pst.ptcp mark::comma
sin i kiyoo ca ra be hūdun kice me ca me wacihiya ∅ ,	pn::2sg cm::gen nv::nv verb::vv e::npst.ptcp cm::acc nv::adj verb::vv e::cve verb::vv e::cve verb::vv e::fve.imperative mark::comma
geren i hūsun de baha ha tonggo ulme ci wesihun ,	nv::adj cm::gen nv::nv cm::dat verb::vv e::pst.ptcp nv::nv nv::nv cm::abl nv::nv mark::comma
i min be ama ara fi amasi julesi yabu mbi seme hendu he bi he ,	pn::3sg pn::1sg cm::acc nv::nv verb::vv e::cve nv::nv nv::nv verb::vv e::fve.npst comp verb::vv e::pst.ptcp verb::vv e::pst.ptcp mark::comma
suje i jibehun ,	nv::nv cm::gen nv::nv mark::comma
hai_si mokon_ho_wei i du_jy_hūi_ciyanši nadanju i jui kangsahūi ,	nn::prpn nn::prpn cm::gen nv::nv nv::nv cm::gen nv::nv nn::prpn.person mark::comma
dulin niyalma julesi bošo me gabta me ,	nv::adj nv::nv nv::nv verb::vv e::cve verb::vv e::cve mark::comma
sin i harangga hecen pu ,	pn::2sg cm::gen nv::nv nv::nv nv::nv mark::comma
banji ha ama be waliya fi ,	verb::vv e::pst.ptcp nv::nv cm::acc verb::vv e::cve mark::comma
cooha i morin de alban i turi isi rakū ci ,	nv::nv cm::gen nv::nv cm::dat nv::nv cm::gen nv::nv verb::vv e::npst.ptcp.neg e::cve mark::comma
emu morin ,	nv::nv nv::nv mark::comma
○ ilaci mukūn i jai tatan ,	mark::circle nv::nv nv::nv cm::gen nv::nv nv::nv mark::comma
giya_jing ni dehi ilaci aniya juwan biya i orin uyun de baha ha ,	nn::prpn cm::gen nv::nv nv::nv nv::nv nv::nv nv::nv cm::gen nv::nv nv::nv cm::dat verb::vv e::pst.ptcp mark::comma
weile ara rakū olhoba niyalma be sonjo fi ,	nv::nv verb::vv e::npst.ptcp.neg nv::adj nv::nv cm::acc verb::vv e::cve mark::comma
tere ci funce he cooha hecen de dosi me jabdu rahū seme ,	nv::nv cm::abl verb::vv e::pst.ptcp nv::nv nv::nv cm::dat verb::vv e::cve verb::vv e::fve.prv comp mark::comma
hai_si mulan_ho_wei i du_jy_hūi_ši taji i jui baiji ,	nn::prpn nn::prpn cm::gen nv::nv nv::adj cm::gen nv::nv nn::prpn.person mark::comma
fusi_efu ,	nn::prpn mark::comma
solho i ilan niyalma nene me alanji me ji he .	nv::nv cm::gen nv::nv nv::nv verb::vv e::cve verb::vv e::cve verb::vv e::pst.ptcp mark::period
morin ukanju gama ra ,	nv::nv nv::nv verb::vv e::npst.ptcp mark::comma
emu jergi buce re weile be guwebu mbi .	nv::nv nv::nv verb::vv e::npst.ptcp nv::nv cm::acc verb::vv e::fve.npst mark::period
yaya weile be jakūn wang ci fusihūn ,	nv::nv nv::nv cm::acc nv::nv nv::nv cm::abl nv::adj mark::comma
gahari ,	nv::nv mark::comma
gulu suwayan i duin niru be kubu he suwayan i bula gai fi te mbi ,	nv::adj nv::adj cm::gen nv::nv nv::nv cm::acc verb::vv e::pst.ptcp nv::adj cm::gen nn::prpn.person verb::vv e::cve verb::vv e::fve.npst mark::comma
anja gaji me guwangning de guri me ji fi te ,	nv::nv verb::vv e::cve nn::prpn.plc cm::dat verb::vv e::cve verb::vv e::cve nv::nv mark::comma
jai šoto_age i baru ,	nv::nv nn::prpn cm::gen nv::nv mark::comma
tsoo_dusy i emgi ji he niyalma be jafa fi benji he seme ,	nn::prpn cm::gen nv::nv verb::vv e::pst.ptcp nv::nv cm::acc verb::vv e::cve verb::vv e::pst.ptcp comp mark::comma
fujiyang ,	nv::nv mark::comma
jori ha jurgan be jurce rakū seme ,	verb::vv e::pst.ptcp nv::nv cm::acc verb::vv e::npst.ptcp.neg comp mark::comma
yooni šangna me bu he .	nv::nv verb::vv e::cve verb::vv e::pst.ptcp mark::period
nikan gurun i wan_lii_han ,	nv::nv nv::nv cm::gen nn::prpn mark::comma
han de wesimbu re jaka de ,	nv::nv cm::dat verb::vv e::npst.ptcp nv::nv cm::dat mark::comma
han i pai be gai fi ,	nv::nv cm::gen nv::nv cm::acc verb::vv e::cve mark::comma
tari ha usin bu me suila ha ,	verb::vv e::pst.ptcp nv::nv verb::vv e::cve verb::vv e::pst.ptcp mark::comma
mederi be jaha i ji fi ,	nv::nv cm::acc nv::nv cm::gen verb::vv e::cve mark::comma
ula de emu feye gabtabu ha ,	nv::nv cm::dat nv::nv nv::nv verb::vv e::pst.ptcp mark::comma
niyalma mujilen daha rakū ,	nv::nv nv::nv verb::vv e::npst.ptcp.neg mark::comma
gašan i juse hehe golo fi samsi mbi kai ,	nv::nv cm::gen nv::nv nv::nv verb::vv e::cve verb::vv e::fve.npst ptcl mark::comma
juwan de ,	nv::nv cm::dat mark::comma
nadan sara folo ho jebele de beri niru sisi hai ,	nv::nv nv::nv verb::vv e::pst.ptcp nv::nv cm::dat nv::nv nv::nv verb::vv e::cve mark::comma
amba genggiyen_han ,	nv::adj nn::prpn mark::comma
uji ci ,	verb::vv e::cve mark::comma
niohe_mafa ,	nn::prpn mark::comma
fujiyang de emte minggan nadata tanggū haha bu he ,	nv::nv cm::dat nv::nv nv::nv nv::nv nv::nv nv::nv verb::vv e::pst.ptcp mark::comma
ibede janggin ,	nn::prpn.person nv::nv mark::comma
tere sunja niyalma juleri tuwa kini ,	nv::nv nv::nv nv::nv nv::nv verb::vv e::fve.opt mark::comma
ubadai ,	nn::prpn.person mark::comma
boso juwan ,	nv::nv nv::nv mark::comma
du_mu_kiyoo_wei i du_jy_hūi_ši hulengge i omolo cangbolot ,	nn::prpn cm::gen nv::nv nn::prpn.person cm::gen nv::nv nn::prpn.person mark::comma
tere dobori beile se amban sa ,	nv::nv nv::nv nv::nv nv::nv nv::nv nv::nv mark::comma
sure_kundulen_han i beye de bu mbi seme jafan gai ha yehe i buyanggū_beile i non be ,	nn::prpn cm::gen nv::nv cm::dat verb::vv e::fve.npst comp nv::nv verb::vv e::pst.ptcp nv::nv cm::gen nn::prpn cm::gen nv::nv cm::acc mark::comma
jai niyakūra fi ilan hūntahan arki hisala fi tuci fi ,	nv::nv verb::vv e::cve nv::nv nv::nv nv::nv verb::vv e::cve verb::vv e::cve mark::comma
julergi cahar de ji fi gisure me ,	nv::nv nn::prpn.plc cm::dat verb::vv e::cve verb::vv e::cve mark::comma
bileri ,	nv::nv mark::comma
mocin i etuku orin ilan ,	nv::nv cm::gen nv::nv nv::nv nv::nv mark::comma
silhi ,	nn::prpn.plc mark::comma
ilaci jergi de ,	nv::nv nv::nv cm::dat mark::comma
be_tu_cang ,	nn::prpn mark::comma
○ darhan_baturu_beile i kicenggu ubasi ninggun niyalma ,	mark::circle nn::prpn cm::gen nn::prpn.person nn::prpn.person nv::nv nv::nv mark::comma
ula de emgeri langtula bu ha ,	nv::nv cm::dat nv::nv verb::vv sfx e::pst.ptcp mark::comma
juwe jergi buce re weile be guwebu mbi ,	nv::nv nv::nv verb::vv e::npst.ptcp nv::nv cm::acc verb::vv e::fve.npst mark::comma
uttu min i ukanju be min de amasi bu rakū ci ,	nv::nv pn::1sg cm::gen nv::nv cm::acc pn::1sg cm::dat nv::nv verb::vv e::npst.ptcp.neg e::cve mark::comma
beile se amban sa geren gemu tafula me hendu me ,	nv::nv nv::nv nv::nv nv::nv nv::adj nv::nv verb::vv e::cve verb::vv e::cve mark::comma
hūlha holo koimali jalingga ehe kiyangdu be deribu rakū ,	nv::nv nv::nv nv::adj nv::adj nv::adj nv::adj cm::acc verb::vv e::npst.ptcp.neg mark::comma
boigon be ilan ubu sinda fi ,	nv::nv cm::acc nv::nv nv::nv verb::vv e::cve mark::comma
han i beye weihu de te fi ,	nv::nv cm::gen nv::nv nv::nv cm::dat verb::vv e::cve mark::comma
min i jabu ha gisun ,	pn::1sg cm::gen verb::vv e::pst.ptcp nv::nv mark::comma
suje i etuku uheri jakūta bu he ,	nv::nv cm::gen nv::nv nv::nv nv::nv verb::vv e::pst.ptcp mark::comma
○ ineku tere inenggi ,	mark::circle nv::nv nv::nv nv::nv mark::comma
dergi ci fejergi de isi tala yaya niyalma ,	nv::nv cm::abl nv::nv cm::dat verb::vv e::cve nv::nv nv::nv mark::comma
burantai ,	nn::prpn.person mark::comma
ilan temen ,	nv::nv nv::nv mark::comma
duici ,	nv::nv mark::comma
tere i sira me geren i baksala fi faksikan i jalan hanci sinda fi yabu ∅ ,	nv::nv cm::gen verb::vv e::cve nv::adj cm::gen verb::vv e::cve nv::adj cm::gen nv::nv nv::adj verb::vv e::cve verb::vv e::fve.imperative mark::comma
geren i baru tacibu me hendu he .	nv::adj cm::gen nv::nv verb::vv e::cve verb::vv e::pst.ptcp mark::period
geli hūlha holo o ci ,	nv::nv nv::nv nv::nv verb::vv e::cve mark::comma
ubašakū ,	nv::nv mark::comma
abatai_taiji ,	nn::prpn mark::comma
sargan be ,	nv::nv cm::acc mark::comma
tongki fuka sinda ha hergen i dangse .	nv::nv nv::nv verb::vv e::pst.ptcp nv::nv cm::gen nv::nv mark::period
men i suwen de gene re ba goro kai ,	pn::1pl.excl cm::gen pn::2pl cm::dat verb::vv e::npst.ptcp nv::nv nv::nv ptcl mark::comma
taifin doro de tondo dele ,	nv::adj nv::nv cm::dat nv::adj nv::nv mark::comma
gurun i ejen han olho me gele me ,	nv::nv cm::gen nv::nv nv::nv verb::vv e::cve verb::vv e::cve mark::comma
bi tuwa ci ehe ,	pn::1sg verb::vv e::cve nv::adj mark::comma
gašan ci burula me tuci fi ,	nv::nv cm::abl verb::vv e::cve verb::vv e::cve mark::comma
jakūn gūsa i emte iogi gene fi baha hakū ,	nv::nv nv::nv cm::gen nv::nv nv::nv verb::vv e::cve verb::vv e::pst.ptcp.neg mark::comma
hai_si hūrha_wei i du_jy_hūi_ciyanši kesitu i jui ahai ,	nn::prpn nn::prpn cm::gen nv::nv nv::nv cm::gen nv::nv nn::prpn.person mark::comma
tuttu unggi ci ,	nv::nv verb::vv e::cve mark::comma
joriktu_ecike ,	nn::prpn mark::comma
sain be sain ,	nv::adj cm::acc nv::adj mark::comma
kiyoo de hūdašabu re cifun ,	nv::nv cm::dat verb::vv e::npst.ptcp nv::nv mark::comma
jakūn honin ,	nv::nv nv::nv mark::comma
ere ilan niyalma i beiguwan i hergen be wesibu fi ilaci jergi iogi obu ha ,	nv::nv nv::nv nv::nv cm::gen nv::nv cm::gen nv::nv cm::acc verb::vv e::cve nv::nv nv::nv nv::nv verb::vv e::pst.ptcp mark::comma
mocin kubun sinda me dahū ara ∅ ,	nv::nv nv::nv verb::vv e::cve nv::nv verb::vv e::fve.imperative mark::comma
nikan de wabu re anggala ,	nv::nv cm::dat verb::vv e::npst.ptcp nv::nv mark::comma
geren cooha i niyalma de sile je kini seme sala me bu fi ,	nv::adj nv::nv cm::gen nv::nv cm::dat nv::nv verb::vv e::fve.opt comp verb::vv e::cve verb::vv e::cve mark::comma
suwe nene me erdeni_baksi tana nicuhe i weile be ,	pn::2pl verb::vv e::cve nn::prpn nv::nv nv::nv cm::gen nv::nv cm::acc mark::comma
in be bai cibe baha rakū seme oktolo ro ngge gemu tere kai ,	pn::3sg cm::acc verb::vv e::cve verb::vv e::npst.ptcp.neg comp verb::vv e::npst.ptcp nmlz::nmlz nv::nv nv::nv ptcl mark::comma
si ainu habšanji rakū ,	pn::2sg nv::nv verb::vv e::npst.ptcp.neg mark::comma
tere olji gama ra de ,	nv::nv nv::nv verb::vv e::npst.ptcp cm::dat mark::comma
jai hafan be okdo me gana ki seme bithe ara fi bene he .	nv::nv nv::nv cm::acc verb::vv e::cve verb::vv e::fve.opt comp nv::nv verb::vv e::cve verb::vv e::pst.ptcp mark::period
ehe sain niyalma gemu necin neigen taifin jirga me banji ha ,	nv::adj nv::adj nv::nv nv::nv nv::adj nv::adj nv::adj verb::vv e::cve verb::vv e::pst.ptcp mark::comma
juwan duin de baduri dzung_bing_guwan de wasimbu ha ,	nv::nv nv::nv cm::dat nn::prpn.person nv::nv cm::dat verb::vv e::pst.ptcp mark::comma
ho_dung ,	nn::prpn mark::comma
jai buye he seme ai de baha mbi ,	nv::nv verb::vv e::pst.ptcp comp nv::nv cm::dat verb::vv e::fve.npst mark::comma
beile se ,	nv::nv nv::nv mark::comma
šoto_taiji ,	nn::prpn mark::comma
erdemungge sain niyalma o ci ,	nv::adj nv::adj nv::nv verb::vv e::cve mark::comma
dobori ji fi xušu i dolo ili fi gerembu me bi fi ,	nv::nv verb::vv e::cve nv::nv cm::gen nv::nv verb::vv e::cve verb::vv e::cve verb::vv e::cve mark::comma
pu hecen goro o ci ,	nv::nv nv::nv nv::nv verb::vv e::cve mark::comma
tuttu o fi ,	nv::nv verb::vv e::cve mark::comma
tere fon de ainu ala hakū ,	nv::nv nv::nv cm::dat nv::nv verb::vv e::pst.ptcp.neg mark::comma
isele rakū niyalma be ume wa ra seme ,	verb::vv e::npst.ptcp.neg nv::nv cm::acc nv::nv verb::vv e::npst.ptcp comp mark::comma
○ ice duin de ,	mark::circle nv::adj nv::nv cm::dat mark::comma
jakūta de emu feye baha ha seme ,	nv::nv cm::dat nv::nv nv::nv verb::vv e::pst.ptcp comp mark::comma
ilan bedzung de ilata niyalma ,	nv::nv nv::nv cm::dat nv::nv nv::nv mark::comma
atanggi bi cibe ehe de tuša rakū doro bi o ,	nv::nv verb::vv e::cve nv::adj cm::dat verb::vv e::npst.ptcp.neg nv::nv verb::vv.npst ptcl mark::comma
sunja niru i ejen i doro i šangna me bu re gebu i jaka be bu hekū ,	nv::nv nv::nv cm::gen nv::nv cm::gen nv::nv cm::gen verb::vv e::cve verb::vv e::npst.ptcp nv::nv cm::gen nv::nv cm::acc verb::vv e::pst.ptcp.neg mark::comma
juwe minggan niyalma be baha ha ,	nv::nv nv::nv nv::nv cm::acc verb::vv e::pst.ptcp mark::comma
wei_ning_ing de guri ∅ ,	nn::prpn cm::dat verb::vv e::fve.imperative mark::comma
tere amban i buce he de ,	nv::nv nv::nv cm::gen verb::vv e::pst.ptcp cm::dat mark::comma
orin yan menggun šangna ha .	nv::nv nv::nv nv::nv verb::vv e::pst.ptcp mark::period
g'ai_jeo de unggi he bithe ,	nn::prpn cm::dat verb::vv e::pst.ptcp nv::nv mark::comma
uji he ujima ,	verb::vv e::pst.ptcp nv::nv mark::comma
baibi banji ha sargan jui waka ,	nv::nv verb::vv e::pst.ptcp nv::nv nv::nv nv::adj mark::comma
enduringge kungfudzy ,	nv::nv nn::prpn.person mark::comma
weihu ,	nv::nv mark::comma
in i gašan de bisi rakū gūwa gašan de jurce me uka me yabu mbi se re ,	pn::3sg cm::gen nv::nv cm::dat verb::vv e::npst.ptcp.neg nv::nv nv::nv cm::dat verb::vv e::cve verb::vv e::cve verb::vv e::fve.npst verb::vv e::npst.ptcp mark::comma
han i nene me te mbi seme dasa ha ba de te rakū ,	nv::nv cm::gen verb::vv e::cve verb::vv e::fve.npst comp verb::vv e::pst.ptcp nv::nv cm::dat verb::vv e::npst.ptcp.neg mark::comma
tutala boo de bi he juse hehesi ,	nv::nv nv::nv cm::dat verb::vv e::pst.ptcp nv::nv nv::nv mark::comma
gio benji he ,	nv::nv verb::vv e::pst.ptcp mark::comma
baibi jase i tulergi niyalma de da fi ,	nv::nv nv::nv cm::gen nv::nv nv::nv cm::dat verb::vv e::cve mark::comma
nikan i hafan sa i eiten hacin i gaija ra alban be gemu nakabu ha ,	nv::nv cm::gen nv::nv nv::nv cm::gen nv::adj nv::nv cm::gen verb::vv e::npst.ptcp nv::nv cm::acc nv::nv verb::vv e::pst.ptcp mark::comma
○ yoto_age i cing_šeobei i kadala ra nadan gašan i juwan nadan boigon be yoo_jeo de tebu he ,	mark::circle nn::prpn cm::gen nn::prpn cm::gen verb::vv e::npst.ptcp nv::nv nv::nv cm::gen nv::nv nv::nv nv::nv cm::acc nn::prpn cm::dat verb::vv e::pst.ptcp mark::comma
cangguna i gese afa hakū niyalma be afa ha seme ume holto ro ,	nn::prpn.person cm::gen nv::nv verb::vv e::pst.ptcp.neg nv::nv cm::acc verb::vv e::pst.ptcp comp nv::nv verb::vv e::npst.ptcp mark::comma
○ liyoodung ni hecen be afa ra de ,	mark::circle nn::prpn.plc cm::gen nv::nv cm::acc verb::vv e::npst.ptcp cm::dat mark::comma
jai orin niyalma de ,	nv::nv nv::nv nv::nv cm::dat mark::comma
amba doro be acabu me banji ci ,	nv::adj nv::nv cm::acc verb::vv e::cve verb::vv e::cve mark::comma
uhereme jakūnju nadan ,	nv::nv nv::nv nv::nv mark::comma
afabu ha weile be mute mbi ,	verb::vv e::pst.ptcp nv::nv cm::acc verb::vv e::fve.npst mark::comma
fusihūn emu darhūwan funce me bi he ,	nv::adj nv::nv nv::nv verb::vv e::cve verb::vv e::pst.ptcp mark::comma
men de medege alanji ∅ ,	pn::1pl.excl cm::dat nv::nv verb::vv e::fve.imperative mark::comma
kiyoo be baha ci ,	nv::nv cm::acc verb::vv e::cve mark::comma
moobari_hiya ,	nn::prpn mark::comma
julergi_mederi ergi de anafu tene he burgi fujiyang isinji ha .	nn::prpn nv::nv cm::dat nv::nv verb::vv e::pst.ptcp nn::prpn.person nv::nv verb::vv e::pst.ptcp mark::period
orin aniya asara ha gūsin ilan se baha ha sargan jui be monggo de bu ci ,	nv::nv nv::nv verb::vv e::pst.ptcp nv::nv nv::nv nv::nv verb::vv e::pst.ptcp nv::nv nv::nv cm::acc nv::nv cm::dat verb::vv e::cve mark::comma
emu jergi buce re weile be guwebu mbi .	nv::nv nv::nv verb::vv e::npst.ptcp nv::nv cm::acc verb::vv e::fve.npst mark::period
urgūdai ,	nn::prpn.person mark::comma
han be sarila ha ,	nv::nv cm::acc verb::vv e::pst.ptcp mark::comma
cergei ,	nn::prpn.person mark::comma
sin i cisu i sula banji ∅ seme beide fi han de ala ha ,	pn::2sg cm::gen nv::nv cm::gen nv::adj verb::vv e::fve.imperative comp verb::vv e::cve nv::nv cm::dat verb::vv e::pst.ptcp mark::comma
ilaci inenggi cimarila me ,	nv::nv nv::nv verb::vv e::cve mark::comma
han de ,	nv::nv cm::dat mark::comma
oolan ,	nn::prpn.person mark::comma
si emhun ainu takūra ha seme niyalma tooda me gai ha ,	pn::2sg nv::nv nv::nv verb::vv e::pst.ptcp comp nv::nv verb::vv e::cve verb::vv e::pst.ptcp mark::comma
men i gurun i šajin elemangga akdun cira kai ,	pn::1pl.excl cm::gen nv::nv cm::gen nv::nv nv::nv nv::adj nv::nv ptcl mark::comma
ilan taiji ,	nv::nv nv::nv mark::comma
esen ,	nn::prpn.person mark::comma
ilan šeo_pu de juwete niyalma ,	nv::nv nv::nv cm::dat nv::nv nv::nv mark::comma
nikan i dorgi ulan de ili ha cooha ,	nv::nv cm::gen nv::nv nv::nv cm::dat verb::vv e::pst.ptcp nv::nv mark::comma
nadan yan i weile waliya mbi ,	nv::nv nv::nv cm::gen nv::nv verb::vv e::fve.npst mark::comma
beile se be gaji me ji ∅ seme hendu fi unggi he .	nv::nv nv::nv cm::acc verb::vv e::cve verb::vv e::fve.imperative comp verb::vv e::cve verb::vv e::pst.ptcp mark::period
amba etuku be han šangna me bu mbi ,	nv::adj nv::nv cm::acc nv::nv verb::vv e::cve verb::vv e::fve.npst mark::comma
arhai ,	nn::prpn.person mark::comma
senioke amca fi wa habi ,	nn::prpn.person verb::vv e::cve verb::vv e::fve.prs.prf mark::comma
delger be duici_beile gana fi gaji me ji fi han de hengkile me acabu ha manggi ,	nn::prpn.person cm::acc nn::prpn verb::vv e::cve verb::vv e::cve verb::vv e::cve nv::nv cm::dat verb::vv e::cve verb::vv e::pst.ptcp nv::nv mark::comma
fan_ho ,	nn::prpn mark::comma
eihen dehi baha ha ,	nv::nv nv::nv verb::vv e::pst.ptcp mark::comma
amba gecuheri ninju juwe ,	nv::adj nv::nv nv::nv nv::nv mark::comma
in i gung de ara fi holto hobi ,	pn::3sg cm::gen nv::nv cm::dat verb::vv e::cve verb::vv e::fve.prs.prf mark::comma
ho_ši_ling ni ba i wan_loo_tun gašan i lii_ciowan i guile he emu kuwangse ,	nn::prpn cm::gen nv::nv cm::gen nn::prpn nv::nv cm::gen nn::prpn cm::gen verb::vv e::pst.ptcp nv::nv nv::nv mark::comma
si ere tai de te fi aina ki se mbi ,	pn::2sg nv::nv nv::nv cm::dat verb::vv e::cve verb::vv e::fve.opt verb::vv e::fve.npst mark::comma
han i bithe ,	nv::nv cm::gen nv::nv mark::comma
si_mu_ceng ni beiguwan be_ši_jung be jafa fi juse sargan boigon be benji ∅ ,	nn::prpn cm::gen nv::nv nn::prpn cm::acc verb::vv e::cve nv::nv nv::nv nv::nv cm::acc verb::vv e::fve.imperative mark::comma
jai suwen i dolo aikabade nikan be enteheme ,	nv::nv pn::2pl cm::gen nv::nv nv::nv nv::nv cm::acc nv::nv mark::comma
dehi tumen seme julge i fe gisun i coktolo me ,	nv::nv nv::nv comp nv::nv cm::gen nv::adj nv::nv cm::gen verb::vv e::cve mark::comma
juwan ilan de wasimbu ha ,	nv::nv nv::nv cm::dat verb::vv e::pst.ptcp mark::comma
tehere re amba gurun be emu mudan de wacihiya ki se ci waji mbi o ,	verb::vv e::npst.ptcp nv::adj nv::nv cm::acc nv::nv nv::nv cm::dat verb::vv e::fve.opt verb::vv e::cve verb::vv e::fve.npst ptcl mark::comma
jakūta_golo i niyalma bi he ,	nn::prpn cm::gen nv::nv verb::vv e::pst.ptcp mark::comma
juwan ilaci jergi ,	nv::nv nv::nv nv::nv mark::comma
hooge_ama_beile i mampingga janggin ,	nn::prpn cm::gen nn::prpn.person nv::nv mark::comma
ineku tere aniya sunja biya de ,	nv::nv nv::nv nv::nv nv::nv nv::nv cm::dat mark::comma
ilan hacin i seke ,	nv::nv nv::nv cm::gen nv::nv mark::comma
han hendu me ,	nv::nv verb::vv e::cve mark::comma
hairan ci tai_dzy_ho_bira be jase obu fi ,	nv::adj cm::abl nn::prpn cm::acc nv::nv verb::vv e::cve mark::comma
suijan ,	nn::prpn.person mark::comma
keri ,	nn::prpn.person mark::comma
yehe i sargan jui be bu mbi se fi yehe gūwaliya fi bu rakū ,	nv::nv cm::gen nv::nv nv::nv cm::acc verb::vv e::fve.npst verb::vv e::cve nv::nv verb::vv e::cve verb::vv e::npst.ptcp.neg mark::comma
○ ooba be ,	mark::circle nn::prpn.person cm::acc mark::comma
suwen i ilan de goi ha alban weile re niyalma ,	pn::2pl cm::gen nv::nv cm::dat verb::vv e::pst.ptcp nv::nv verb::vv e::npst.ptcp nv::nv mark::comma
tumen i amasi ,	nv::nv cm::gen nv::nv mark::comma
arki nure duin tanggū malu gama fi ,	nv::nv nv::nv nv::nv nv::nv nv::nv verb::vv e::cve mark::comma
juwan juwe ci jergi ,	nv::nv verb::vv e::cve nv::nv mark::comma
han i bithe ,	nv::nv cm::gen nv::nv mark::comma
in i sargan jui be amba genggiyen_han de benji he ,	pn::3sg cm::gen nv::nv nv::nv cm::acc nv::adj nn::prpn cm::dat verb::vv e::pst.ptcp mark::comma
tabcin sinda ha niyalma be aliya ci goida mbi seme nene me medege unggi he .	nv::nv verb::vv e::pst.ptcp nv::nv cm::acc verb::vv e::cve verb::vv e::fve.npst comp verb::vv e::cve nv::nv verb::vv e::pst.ptcp mark::period
maltu beiguwan ,	nn::prpn.person nv::nv mark::comma
sin i gurun i dolo tebu fi min i gurun be nungne ci ,	pn::2sg cm::gen nv::nv cm::gen nv::nv verb::vv e::cve pn::1sg cm::gen nv::nv cm::acc verb::vv e::cve mark::comma
juwan duin de wasimbu ha .	nv::nv nv::nv cm::dat verb::vv e::pst.ptcp mark::period
sintai i beiguwan i hergen be wesibu fi iogi obu ha .	nn::prpn.person cm::gen nv::nv cm::gen nv::nv cm::acc verb::vv e::cve nv::nv verb::vv e::pst.ptcp mark::period
emu jergi buce re weile be guwebu mbi ,	nv::nv nv::nv verb::vv e::npst.ptcp nv::nv cm::acc verb::vv e::fve.npst mark::comma
han de hengkile me acabu ha ,	nv::nv cm::dat verb::vv e::cve verb::vv e::pst.ptcp mark::comma
jarut ba i gūsin beile ,	nn::prpn.plc nv::nv cm::gen nv::nv nv::nv mark::comma
ingtori juwe fan benji he ,	nv::nv nv::nv nv::nv verb::vv e::pst.ptcp mark::comma
beye i banji re baha ra jalin de gūni me banji ci ,	nv::nv cm::gen verb::vv e::npst.ptcp verb::vv e::npst.ptcp nv::nv cm::dat verb::vv e::cve verb::vv e::cve mark::comma
jori ha jurgan be jurce rakū seme beiguwan obu ha .	verb::vv e::pst.ptcp nv::nv cm::acc verb::vv e::npst.ptcp.neg comp nv::nv verb::vv e::pst.ptcp mark::period
daha rakū isele he niyalma be wa fi ,	verb::vv e::npst.ptcp.neg verb::vv e::pst.ptcp nv::nv cm::acc verb::vv e::cve mark::comma
orin nadan de wasimbu ha ,	nv::nv nv::nv cm::dat verb::vv e::pst.ptcp mark::comma
han i pai be gai fi ,	nv::nv cm::gen nv::nv cm::acc verb::vv e::cve mark::comma
sin i tere weile amban ,	pn::2sg cm::gen nv::nv nv::nv nv::nv mark::comma
ememu niyalma boo de isinji fi bošo hobi ,	nv::nv nv::nv nv::nv cm::dat verb::vv e::cve verb::vv e::fve.prs.prf mark::comma
biyanggina ,	nn::prpn.person mark::comma
etuku ,	nv::nv mark::comma
ilan tanggū suje be baha fi gaji ha ,	nv::nv nv::nv nv::nv cm::acc verb::vv e::cve verb::vv e::pst.ptcp mark::comma
suwen de gele rakū bi me ,	pn::2pl cm::dat verb::vv e::npst.ptcp.neg verb::vv e::cve mark::comma
tenteke facuhūn yabu re niyalma be sa ha sa hai jafa fi benji ∅ ,	nv::nv nv::adj verb::vv e::npst.ptcp nv::nv cm::acc verb::vv e::pst.ptcp verb::vv e::cve verb::vv e::cve verb::vv e::fve.imperative mark::comma
min be ume ehe se re ,	pn::1sg cm::acc nv::nv nv::adj verb::vv e::npst.ptcp mark::comma
hai_jeo i tsanjiyang ,	nn::prpn cm::gen nv::nv mark::comma
kanggūri i eje he be susai yan ,	nn::prpn.person cm::gen verb::vv e::pst.ptcp cm::acc nv::nv nv::nv mark::comma
tere hecen i dekden i kadala ha ba i niyalma ,	nv::nv nv::nv cm::gen nv::nv cm::gen verb::vv e::pst.ptcp nv::nv cm::gen nv::nv mark::comma
gemu suwen de habšana rakū we de habšana mbi ,	nv::nv pn::2pl cm::dat verb::vv e::npst.ptcp.neg nv::nv cm::dat verb::vv e::fve.npst mark::comma
yehe be daila rakū o ho de ,	nv::nv cm::acc verb::vv e::npst.ptcp.neg verb::vv e::pst.ptcp cm::dat mark::comma
○ nadan biya i ice jakūn de wasimbu ha ,	mark::circle nv::nv nv::nv cm::gen nv::adj nv::nv cm::dat verb::vv e::pst.ptcp mark::comma
juwari o ci ulan fete fi ,	nv::nv verb::vv e::cve nv::nv verb::vv e::cve mark::comma
tu ,	nv::nv mark::comma
hūlha akū de ,	nv::nv nv::adj cm::dat mark::comma
keyen i hecen i ninggureme cooha i ing hada fi ili ha ,	nn::prpn.plc cm::gen nv::nv cm::gen nv::nv nv::nv cm::gen nv::nv verb::vv e::cve verb::vv e::pst.ptcp mark::comma
bolori jeku be gemu mujakū ba de somi me umbu mbi ,	nv::nv nv::nv cm::acc nv::nv nv::nv nv::nv cm::dat verb::vv e::cve verb::vv e::fve.npst mark::comma
hanci ba emu ba juwe ba bi ,	nv::adj nv::nv nv::nv nv::nv nv::nv nv::nv verb::vv.npst mark::comma
○ sunja biya i ice ilan de ,	mark::circle nv::nv nv::nv cm::gen nv::adj nv::nv cm::dat mark::comma
namtai iogi be daise fujiyang sinda ha ,	nn::prpn.person nv::nv cm::acc nv::nv nv::nv verb::vv e::pst.ptcp mark::comma
ocirsang ,	nn::prpn.person mark::comma
ilhi niyalma dosi kakū o fi ,	nv::nv nv::nv verb::vv e::pst.ptcp.neg verb::vv e::cve mark::comma
jušen gai fi gana kini .	nv::nv verb::vv e::cve verb::vv e::fve.opt mark::period
baniha se re emu sain gisun akū ,	nv::nv verb::vv e::npst.ptcp nv::nv nv::adj nv::nv nv::adj mark::comma
ku i jeku be hūlha ha seme aha be nadanju ilan šusihala fi oforo šan toko ho ,	nv::nv cm::gen nv::nv cm::acc verb::vv e::pst.ptcp comp nv::nv cm::acc nv::nv nv::nv verb::vv e::cve nv::nv nv::nv verb::vv e::pst.ptcp mark::comma
○ ice jakūn de ,	mark::circle nv::adj nv::nv cm::dat mark::comma
bultana ,	nn::prpn.person mark::comma
usu i hoton i ilan tanggū boo i niyalma be mama tuci mbi seme gama hakū bi he ,	nn::prpn.plc cm::gen nv::nv cm::gen nv::nv nv::nv nv::nv cm::gen nv::nv cm::acc nv::nv verb::vv e::fve.npst comp verb::vv e::pst.ptcp.neg verb::vv e::pst.ptcp mark::comma
jase i ninggu de wehe i bithe ilibu me ,	nv::nv cm::gen nv::nv cm::dat nv::nv cm::gen nv::nv verb::vv e::cve mark::comma
yaya kooli de ,	nv::nv nv::nv cm::dat mark::comma
jaisai be suwe gisure fi tucibu he o ,	nn::prpn.person cm::acc pn::2pl verb::vv e::cve verb::vv e::pst.ptcp ptcl mark::comma
desingge fata me gana ha tubihe ,	nn::prpn.person verb::vv e::cve verb::vv e::pst.ptcp nv::nv mark::comma
○ langgida be ,	mark::circle nn::prpn.person cm::acc mark::comma
fakca rakū ci ,	verb::vv e::npst.ptcp.neg e::cve mark::comma
hasa baica ∅ seme du_tang de afabu fi baica ci ,	nv::nv verb::vv e::fve.imperative comp nv::nv cm::dat verb::vv e::cve verb::vv e::cve mark::comma
be waka mujangga ,	pn::1pl.excl nv::adj nv::adj mark::comma
duka funtuhule he turgun de ,	nv::nv verb::vv e::pst.ptcp nv::nv cm::dat mark::comma
enteke kooli be sin i sarkū aibi ,	nv::nv nv::nv cm::acc pn::2sg cm::gen nv::nv nv::nv mark::comma
fakca rakū ci ,	verb::vv e::npst.ptcp.neg e::cve mark::comma
han ,	nv::nv mark::comma
han boo de dosi ka manggi ,	nv::nv nv::nv cm::dat verb::vv e::pst.ptcp nv::nv mark::comma
ineke uju jergi ,	nn::prpn.person nv::nv nv::nv mark::comma
tere ilan hecen i niyalma ,	nv::nv nv::nv nv::nv cm::gen nv::nv mark::comma
orho waji habi ,	nv::nv verb::vv e::fve.prs.prf mark::comma
baduri ,	nn::prpn.person mark::comma
sonjo ho mangga cooha be juleri unggi fi hecen de dosi fi duka be jafa fi ,	verb::vv e::pst.ptcp nv::adj nv::nv cm::acc nv::nv verb::vv e::cve nv::nv cm::dat verb::vv e::cve nv::nv cm::acc verb::vv e::cve mark::comma
weihun irgen boihon o ho ,	nv::adj nv::nv nv::nv verb::vv e::pst.ptcp mark::comma
han i mujilen de acabu me jui be bu ci ,	nv::nv cm::gen nv::nv cm::dat verb::vv e::cve nv::nv cm::acc verb::vv e::cve mark::comma
dehi susai niyalma ebu he bi ci ,	nv::nv nv::nv nv::nv verb::vv e::pst.ptcp verb::vv e::cve mark::comma
ere ilan amban de juwe minggan cooha be afabu fi unggi fi ,	nv::nv nv::nv nv::nv cm::dat nv::nv nv::nv nv::nv cm::acc verb::vv e::cve verb::vv e::cve mark::comma
ama jui juwe han be ,	nv::nv nv::nv nv::nv nv::nv cm::acc mark::comma
dain ji fi muse i hecen de dosi ci ,	nv::nv verb::vv e::cve nv::nv cm::gen nv::nv cm::dat verb::vv e::cve mark::comma
wa ra be naka fi ,	verb::vv e::npst.ptcp cm::acc verb::vv e::cve mark::comma
han be okdo me ji he manggi ,	nv::nv cm::acc verb::vv e::cve verb::vv e::pst.ptcp nv::nv mark::comma
cambu janggin ,	nn::prpn.person nv::nv mark::comma
nikan gurun i efuje re erin kai ,	nv::nv nv::nv cm::gen verb::vv e::npst.ptcp nv::nv ptcl mark::comma
kina ho i ilacin ,	nn::prpn.person nv::nv cm::gen nn::prpn.person mark::comma
jersi ,	nn::prpn.person mark::comma
guri me jide re niyalma suwe ama ahūta nene me hūdun ji fi ,	verb::vv e::cve verb::vv e::npst.ptcp nv::nv pn::2pl nv::nv nv::nv verb::vv e::cve nv::adj verb::vv e::cve mark::comma
morin hūdun niyalma dali fi gama ci ,	nv::nv nv::adj nv::nv verb::vv e::cve verb::vv e::cve mark::comma
jai afabu ha weile be bute mbi ,	nv::nv verb::vv e::pst.ptcp nv::nv cm::acc verb::vv e::fve.npst mark::comma
saci ha loho be ,	verb::vv e::pst.ptcp nv::nv cm::acc mark::comma
wan_lii_han i jui tai_cang han ,	nn::prpn cm::gen nv::nv nn::prpn nv::nv mark::comma
aisin jakūnju nadan yan ,	nv::nv nv::nv nv::nv nv::nv mark::comma
uju jergi tsanjiyang gusantai de sunja ihan ,	nv::nv nv::nv nv::nv nn::prpn.person cm::dat nv::nv nv::nv mark::comma
jaha gemu tun de bi ,	nv::nv nv::nv nv::nv cm::dat verb::vv.npst mark::comma
in be daha ∅ seme bene he boso be ali me gai ha manggi ,	pn::3sg cm::acc verb::vv e::fve.imperative comp verb::vv e::pst.ptcp nv::nv cm::acc verb::vv e::cve verb::vv e::pst.ptcp nv::nv mark::comma
niyaman hūncihin seme harša rakū ,	nv::nv nv::nv comp verb::vv e::npst.ptcp.neg mark::comma
tobohoi_ecike ,	nn::prpn mark::comma
○ yasun ,	mark::circle nn::prpn.person mark::comma
hūsimu gebungge juwe amban juleri ji fi ,	nn::prpn.person nv::adj nv::nv nv::nv nv::nv verb::vv e::cve mark::comma
munggu be ai ai ba de takūra ci o mbi seme tukiye fi ,	nn::prpn.person cm::acc nv::nv nv::nv nv::nv cm::dat verb::vv e::cve verb::vv e::fve.npst comp verb::vv e::cve mark::comma
sin i utala aniya beye jobo me gurun suila me akdula me ara ha tulergi hoton ,	pn::2sg cm::gen nv::nv nv::nv nv::nv verb::vv e::cve nv::nv verb::vv e::cve verb::vv e::cve verb::vv e::pst.ptcp nv::nv nv::nv mark::comma
bai ulhi rakū i han i amala daha me mute rakū be hendu mbi dere ,	nv::nv verb::vv e::npst.ptcp.neg cm::gen nv::nv cm::gen nv::nv verb::vv e::cve verb::vv e::npst.ptcp.neg cm::acc verb::vv e::fve.npst ptcl mark::comma
kice me kadala ki ,	verb::vv e::cve verb::vv e::fve.opt mark::comma
ahūn fiongdon i gung be fete me gisure fi ,	nv::nv nn::prpn.person cm::gen nv::nv cm::acc verb::vv e::cve verb::vv e::cve mark::comma
dergi niyalma de bu rakū be gūni me ,	nv::nv nv::nv cm::dat verb::vv e::npst.ptcp.neg cm::acc verb::vv e::cve mark::comma
umiyesun ,	nv::nv mark::comma
jumbulu ,	nn::prpn.person mark::comma
menggun faksi juwe niyalma aca fi menggun gida ha seme weile ara fi ,	nv::nv nv::nv nv::nv nv::nv verb::vv e::cve nv::nv verb::vv e::pst.ptcp comp nv::nv verb::vv e::cve mark::comma
ice juwe de wasimbu ha ,	nv::adj nv::nv cm::dat verb::vv e::pst.ptcp mark::comma
kemuni akūmbu me banji ci ,	nv::nv verb::vv e::cve verb::vv e::cve mark::comma
ere be tungginai ,	nv::nv cm::acc nn::prpn.person mark::comma
○ hūsibu be ,	mark::circle nn::prpn.person cm::acc mark::comma
duin hošo ara me ili ha ,	nv::nv nv::nv verb::vv e::cve verb::vv e::pst.ptcp mark::comma
huthu re niyalma be sinda fi ,	verb::vv e::npst.ptcp nv::nv cm::acc verb::vv e::cve mark::comma
hergen akū bayara i giyajan sa ,	nv::nv nv::adj nv::nv cm::gen nv::nv nv::nv mark::comma
wan_lii i juwan emuci aniya omšon biya i juwan nadan de baha ha ,	nn::prpn cm::gen nv::nv nv::nv nv::nv nv::nv nv::nv cm::gen nv::nv nv::nv cm::dat verb::vv e::pst.ptcp mark::comma
inu ice_hecen i cala solho i jide re jugūn be tuwakiyabu ∅ ,	nv::nv nn::prpn cm::gen nv::nv nv::nv cm::gen verb::vv e::npst.ptcp nv::nv cm::acc verb::vv e::fve.imperative mark::comma
solho i hafan ,	nv::nv cm::gen nv::nv mark::comma
dobori dari nadan usiha i baru guri fi ,	nv::nv nv::nv nv::nv nv::nv cm::gen nv::nv verb::vv e::cve mark::comma
jušen be sinda fi tuwakiya ra jaka de ,	nv::nv cm::acc verb::vv e::cve verb::vv e::npst.ptcp nv::nv cm::dat mark::comma
min i dolo gūni me waji ha ,	pn::1sg cm::gen nv::nv verb::vv e::cve verb::vv e::pst.ptcp mark::comma
in i da eigen sunggari de ala me ,	pn::3sg cm::gen nv::nv nv::nv nn::prpn.person cm::dat verb::vv e::cve mark::comma
arbuni ,	nn::prpn.person mark::comma
tuba be sa fi da ci tacibu ha gisun ,	nv::nv cm::acc verb::vv e::cve nv::nv cm::abl verb::vv e::pst.ptcp nv::nv mark::comma
daha ha gucu se de ninggun jibca ,	verb::vv e::pst.ptcp nv::nv nv::nv cm::dat nv::nv nv::nv mark::comma
tere i arga be han i genggiyen de sa ∅ .	nv::nv cm::gen nv::nv cm::acc nv::nv cm::gen nv::adj cm::dat verb::vv e::fve.imperative mark::period
emu alha morin ,	nv::nv nv::adj nv::nv mark::comma
hūrha_golo i amban sa bi he ,	nn::prpn cm::gen nv::nv nv::nv verb::vv e::pst.ptcp mark::comma
enteke be mutebu ci ,	nv::nv cm::acc verb::vv e::cve mark::comma
ebsi guribu me gaji ∅ ,	nv::nv verb::vv e::cve verb::vv e::fve.imperative mark::comma
bak ,	nn::prpn.person mark::comma
wajingga ,	nn::prpn.person mark::comma
nikan i cooha emu tanggū isi me juwe tu jafa fi amcanji fi ,	nv::nv cm::gen nv::nv nv::nv nv::nv verb::vv e::cve nv::nv nv::nv verb::vv e::cve verb::vv e::cve mark::comma
giyansi ji he be sa fi jafa fi benji he de ,	nv::nv verb::vv e::pst.ptcp cm::acc verb::vv e::cve verb::vv e::cve verb::vv e::pst.ptcp cm::dat mark::comma
ulha adula ra niyalma de ,	nv::nv verb::vv e::npst.ptcp nv::nv cm::dat mark::comma
cooha i agūra be meni meni harangga niyalma benji me waji ha seme ,	nv::nv cm::gen nv::nv cm::acc nv::nv nv::nv nv::nv nv::nv verb::vv e::cve verb::vv e::pst.ptcp comp mark::comma
anggala i ton be ,	nv::nv cm::gen nv::nv cm::acc mark::comma
min i tebu he urgūdai hada i gašan be sucu ha ,	pn::1sg cm::gen verb::vv e::pst.ptcp nn::prpn.person nn::prpn.plc cm::gen nv::nv cm::acc verb::vv e::pst.ptcp mark::comma
jao_wei_jung ni gese sin i solho i jaka ci ubaša me ji he de ,	nn::prpn cm::gen nv::nv pn::2sg cm::gen nv::nv cm::gen nv::nv cm::abl verb::vv e::cve verb::vv e::pst.ptcp cm::dat mark::comma
ilan haha de gaija ra juwe hule jeku be ,	nv::nv nv::nv cm::dat verb::vv e::npst.ptcp nv::nv nv::nv nv::nv cm::acc mark::comma
daican ,	nn::prpn.person mark::comma
menggei ,	nn::prpn.person mark::comma
○ darhan_baturu_beile i garai ,	mark::circle nn::prpn cm::gen nn::prpn.person mark::comma
fu be daba me jide re be ,	nv::nv cm::acc verb::vv e::cve verb::vv e::npst.ptcp cm::acc mark::comma
sunja inenggi baica me wacihiya fi ,	nv::nv nv::nv verb::vv e::cve verb::vv e::cve mark::comma
han gosi me ,	nv::nv verb::vv e::cve mark::comma
liyoodung ni hecen ba i dorgi juwe hūcin de senggi tuci ke kai ,	nn::prpn.plc cm::gen nv::nv nv::nv cm::gen nv::nv nv::nv nv::nv cm::dat nv::nv verb::vv e::pst.ptcp ptcl mark::comma
orin eihen ,	nv::nv nv::nv mark::comma
sunja tanggū cooha unggi fi ,	nv::nv nv::nv nv::nv verb::vv e::cve mark::comma
wa ra weile makta ha bi he ,	verb::vv e::npst.ptcp nv::nv verb::vv e::pst.ptcp verb::vv e::pst.ptcp mark::comma
min i sargan inu buda bujubu mbi ,	pn::1sg cm::gen nv::nv nv::nv nv::nv verb::vv e::fve.npst mark::comma
emu niru i jušen ,	nv::nv nv::nv cm::gen nv::nv mark::comma
ilata baksi ,	nv::nv nv::nv mark::comma
buda_wei i du_jy_hūi_ši tabuta i jui bakcina ,	nn::prpn cm::gen nv::nv nn::prpn.person cm::gen nv::nv nn::prpn.person mark::comma
in i beye de aika unggi ∅ seme ilan sejen unggi he bi he ,	pn::3sg cm::gen nv::nv cm::dat nv::nv verb::vv e::fve.imperative comp nv::nv nv::nv verb::vv e::pst.ptcp verb::vv e::pst.ptcp mark::comma
turusi_baksi monggo de gene he .	nn::prpn nv::nv cm::dat verb::vv e::pst.ptcp mark::period
hengkile me waji ha manggi ,	verb::vv e::cve verb::vv e::pst.ptcp nv::nv mark::comma
gemu emu ba de aca fi juwan dedu me hebde me gisure fi ,	nv::nv nv::nv nv::nv cm::dat verb::vv e::cve nv::nv verb::vv e::cve verb::vv e::cve verb::vv e::cve mark::comma
gashū fi aina mbi ,	verb::vv e::cve verb::vv e::fve.npst mark::comma
ba ba de bisi re cooha de takūra fi isinji fi ,	nv::nv nv::nv cm::dat verb::vv e::npst.ptcp nv::nv cm::dat verb::vv e::cve verb::vv e::cve mark::comma
wan_lii i orin nadaci aniya juwe biya i ice uyun de baha ha ,	nn::prpn cm::gen nv::nv nv::nv nv::nv nv::nv nv::nv cm::gen nv::adj nv::nv cm::dat verb::vv e::pst.ptcp mark::comma
nene me ihan sejen bošo me gama ha lahū ,	verb::vv e::cve nv::nv nv::nv verb::vv e::cve verb::vv e::pst.ptcp nv::nv mark::comma
duka tuwakiya ra niyalma inu ume dosimbu re ,	nv::nv verb::vv e::npst.ptcp nv::nv nv::nv nv::nv verb::vv e::npst.ptcp mark::comma
hūlha holo mujilen jafa rakū ,	nv::nv nv::nv nv::nv verb::vv e::npst.ptcp.neg mark::comma
giya_jing ni juwan emuci aniya ninggun biya i orin uyun de baha ha ,	nn::prpn cm::gen nv::nv nv::nv nv::nv nv::nv nv::nv cm::gen nv::nv nv::nv cm::dat verb::vv e::pst.ptcp mark::comma
nikan i cooha be bošo me gene hei ,	nv::nv cm::gen nv::nv cm::acc verb::vv e::cve verb::vv e::cve mark::comma
gurun i baita icihiya ra ,	nv::nv cm::gen nv::nv verb::vv e::npst.ptcp mark::comma
abka i sinda ha han ,	nv::nv cm::gen verb::vv e::pst.ptcp nv::nv mark::comma
jaha de baha ha jakūnju ilan niyalma be ,	nv::nv cm::dat verb::vv e::pst.ptcp nv::nv nv::nv nv::nv cm::acc mark::comma
kemuni tsanjiyang ni hergen de bibu fi ,	nv::nv nv::nv cm::gen nv::nv cm::dat verb::vv e::cve mark::comma
akdun hebe be efule re ,	nv::adj nv::nv cm::acc verb::vv e::npst.ptcp mark::comma
tuttu tondo i fafula rakū ehe miosihon jurgan i banji ci ,	nv::nv nv::adj cm::gen verb::vv e::npst.ptcp.neg nv::adj nv::adj nv::nv cm::gen verb::vv e::cve mark::comma
ahūn i jui se i emgi acan gai kini seme hendu me bu he ,	nv::nv cm::gen nv::nv nv::nv cm::gen nv::nv nv::nv verb::vv e::fve.opt comp verb::vv e::cve verb::vv e::pst.ptcp mark::comma
hai_jeo de acabu me unggi he ,	nn::prpn cm::dat verb::vv e::cve verb::vv e::pst.ptcp mark::comma
tari ∅ seme juwanta ihan ,	verb::vv e::fve.imperative comp nv::nv nv::nv mark::comma
tang_šan ,	nn::prpn mark::comma
tulergi niyalma be gemu bargiya fi te he ,	nv::nv nv::nv cm::acc nv::nv verb::vv e::cve verb::vv e::pst.ptcp mark::comma
tuba ci daha me ji he niyalma be ,	nv::nv cm::abl verb::vv e::cve verb::vv e::pst.ptcp nv::nv cm::acc mark::comma
boo i ulha ujima i dabala ,	nv::nv cm::gen nv::nv nv::nv cm::gen ptcl mark::comma
mancin ,	nn::prpn.person mark::comma
eigen be eitere re okto uda ha seme bele mbi ,	nv::nv cm::acc verb::vv e::npst.ptcp nv::nv verb::vv e::pst.ptcp comp verb::vv e::fve.npst mark::comma
muse aca ki se ci ,	pn::1pl.incl verb::vv e::fve.opt verb::vv e::cve mark::comma
ehe weile ara ha niyalma be muse i gala i ume wa ra ,	nv::adj nv::nv verb::vv e::pst.ptcp nv::nv cm::acc nv::nv cm::gen nv::nv cm::gen nv::nv verb::vv e::npst.ptcp mark::comma
yabu re dehi uksin i niyalma ,	verb::vv e::npst.ptcp nv::nv nv::nv cm::gen nv::nv mark::comma
○ juwe biya i ice de ,	mark::circle nv::nv nv::nv cm::gen nv::adj cm::dat mark::comma
bi yehe be daila mbi kai ,	pn::1sg nv::nv cm::acc verb::vv e::fve.npst ptcl mark::comma
hoton tuwakiya ra cooha be weri fi ,	nv::nv verb::vv e::npst.ptcp nv::nv cm::acc verb::vv e::cve mark::comma
wan_lii i duici aniya duin biya i tofohon de baha ha ,	nn::prpn cm::gen nv::nv nv::nv nv::nv nv::nv cm::gen nv::nv cm::dat verb::vv e::pst.ptcp mark::comma
jakūn boo de dosi re jaka be ,	nv::nv nv::nv cm::dat verb::vv e::npst.ptcp nv::nv cm::acc mark::comma
ing_šusai ,	nn::prpn mark::comma
emu biya o hakū ,	nv::nv nv::nv verb::vv e::pst.ptcp.neg mark::comma
šajin i niyalma geren duile ci ,	nv::nv cm::gen nv::nv nv::adj verb::vv e::cve mark::comma
aikabade aca ci ,	nv::nv verb::vv e::cve mark::comma
isung ni boo i guile he juwe kuwangse ,	nn::prpn.person cm::gen nv::nv cm::gen verb::vv e::pst.ptcp nv::nv nv::nv mark::comma
akiran de emu feye baha ha ,	nn::prpn.plc cm::dat nv::nv nv::nv verb::vv e::pst.ptcp mark::comma
julergi de anafu te me gene he ba de uka me gene re nikan be wa fi ,	nv::nv cm::dat nv::nv verb::vv e::cve verb::vv e::pst.ptcp nv::nv cm::dat verb::vv e::cve verb::vv e::npst.ptcp nv::nv cm::acc verb::vv e::cve mark::comma
ere juwe niyalma de suje i ergume ,	nv::nv nv::nv nv::nv cm::dat nv::nv cm::gen nv::nv mark::comma
min i emgi gashū re jalin de geren hebde fi ,	pn::1sg cm::gen nv::nv verb::vv e::npst.ptcp nv::nv cm::dat nv::adj verb::vv e::cve mark::comma
gemu guwangning de ulebu me gama ∅ ,	nv::nv nn::prpn.plc cm::dat verb::vv e::cve verb::vv e::fve.imperative mark::comma
ere ilga ra de ,	nv::nv verb::vv e::npst.ptcp cm::dat mark::comma
hai_si du_jy_hūi_ši kis i jui hadai ,	nn::prpn nv::nv nv::nv cm::gen nv::nv nn::prpn.person mark::comma
duin biya i ice duin de ,	nv::nv nv::nv cm::gen nv::adj nv::nv cm::dat mark::comma
tere cooha dosi ka de ,	nv::nv nv::nv verb::vv e::pst.ptcp cm::dat mark::comma
aisin ninju ninggun yan jakūn jiha ,	nv::nv nv::nv nv::nv nv::nv nv::nv nv::nv mark::comma
uju jergi iogi i caliyan ,	nv::nv nv::nv nv::nv cm::gen nv::nv mark::comma
tere ci in i ejen i jaka de gene fi jai dasa me geli hendu me ,	nv::nv cm::abl pn::3sg cm::gen nv::nv cm::gen nv::nv cm::dat verb::vv e::cve nv::nv verb::vv e::cve nv::nv verb::vv e::cve mark::comma
ehe be ehe seme han de ala mbi ,	nv::adj cm::acc nv::adj comp nv::nv cm::dat verb::vv e::fve.npst mark::comma
ba ba de te he yafahan cooha ,	nv::nv nv::nv cm::dat verb::vv e::pst.ptcp nv::adj nv::nv mark::comma
genggiyen_han hendu me ,	nn::prpn verb::vv e::cve mark::comma
ciyandzung ni hergen be wesibu fi beiguwan obu ha .	nv::nv cm::gen nv::nv cm::acc verb::vv e::cve nv::nv verb::vv e::pst.ptcp mark::period
juwe sejen baha ha ,	nv::nv nv::nv verb::vv e::pst.ptcp mark::comma
ooba_hūwang_taiji be wa ki seme cooha ji he ,	nn::prpn cm::acc verb::vv e::fve.opt comp nv::nv verb::vv e::pst.ptcp mark::comma
○ ineku tere inenggi ,	mark::circle nv::nv nv::nv nv::nv mark::comma
cooha gemu gene ci ,	nv::nv nv::nv verb::vv e::cve mark::comma
minggan niyalma be wa ha ,	nv::nv nv::nv cm::acc verb::vv e::pst.ptcp mark::comma
baisin niyalma jeku akū ci juwe me je ∅ ,	nv::nv nv::nv nv::nv verb::vv e::cve verb::vv e::cve verb::vv e::fve.imperative mark::comma
○ enggeder_efu i babai bithe benji me ji fi ,	mark::circle nn::prpn cm::gen nn::prpn.person nv::nv verb::vv e::cve verb::vv e::cve mark::comma
dain cooha jide re be tuwa kini ,	nv::nv nv::nv verb::vv e::npst.ptcp cm::acc verb::vv e::fve.opt mark::comma
monggo ilan niyalma tuci fi ,	nv::nv nv::nv nv::nv verb::vv e::cve mark::comma
ba ba de dain dekdebu me efule hebi ,	nv::nv nv::nv cm::dat nv::nv verb::vv e::cve verb::vv e::fve.prs.prf mark::comma
han hendu me ,	nv::nv verb::vv e::cve mark::comma
tai niyalma juse hehesi be ,	nv::nv nv::nv nv::nv nv::nv cm::acc mark::comma
muse i banji ci ojo rakū jobo ro be han de ala fi buce ki seme ,	nv::nv cm::gen verb::vv e::cve verb::vv e::npst.ptcp.neg verb::vv e::npst.ptcp cm::acc nv::nv cm::dat verb::vv e::cve verb::vv e::fve.opt comp mark::comma
ši_fang_sy de anafu te me gene he ,	nn::prpn cm::dat nv::nv verb::vv e::cve verb::vv e::pst.ptcp mark::comma
ere gisun be jurce me ehe weile ara ci ,	nv::nv nv::nv cm::acc verb::vv e::cve nv::adj nv::nv verb::vv e::cve mark::comma
nikan gurun de dain o fi ,	nv::nv nv::nv cm::dat nv::nv verb::vv e::cve mark::comma
juwan niru be acabu fi emu niru bu fi yabu me deribu he ,	nv::nv nv::nv cm::acc verb::vv e::cve nv::nv nv::nv verb::vv e::cve verb::vv e::cve verb::vv e::pst.ptcp mark::comma
cen i facuhūn ehe be tucibu me hendu he gisun ,	pn::3pl cm::gen nv::adj nv::adj cm::acc verb::vv e::cve verb::vv e::pst.ptcp nv::nv mark::comma
urut i nadan beile i akūngge lung_beile i emu sargan i jui minggan ,	nn::prpn.plc cm::gen nv::nv nv::nv cm::gen nv::nv nn::prpn cm::gen nv::nv nv::nv cm::gen nv::nv nv::nv mark::comma
tumen funce me cooha o ci ,	nv::nv verb::vv e::cve nv::nv verb::vv e::cve mark::comma
○ uju mukūn i uyuci tatan ,	mark::circle nv::nv nv::nv cm::gen nv::nv nv::nv mark::comma
○ monggo bagadarhan_beile i gurun ,	mark::circle nv::nv nn::prpn cm::gen nv::nv mark::comma
han ,	nv::nv mark::comma
ere ninggun beile i tana ,	nv::nv nv::nv nv::nv cm::gen nv::nv mark::comma
emu uksin ,	nv::nv nv::nv mark::comma
○ šojan be afabu ha weile be mute mbi ,	mark::circle nn::prpn.person cm::acc verb::vv e::pst.ptcp nv::nv cm::acc verb::vv e::fve.npst mark::comma
giya_jing ni dehi sunjaci aniya nadan biya i orin emu de baha ha ,	nn::prpn cm::gen nv::nv nv::nv nv::nv nv::nv nv::nv cm::gen nv::nv nv::nv cm::dat verb::vv e::pst.ptcp mark::comma
juwe gurun ,	nv::nv nv::nv mark::comma
han ,	nv::nv mark::comma
weile he jeku i dabala ,	verb::vv e::pst.ptcp nv::nv cm::gen ptcl mark::comma
tsang ni jeku be bu re de ,	nv::nv cm::gen nv::nv cm::acc verb::vv e::npst.ptcp cm::dat mark::comma
tuttu ala ha de ,	nv::nv verb::vv e::pst.ptcp cm::dat mark::comma
nikari ,	nn::prpn.person mark::comma
asan bi ,	nn::prpn.person verb::vv.npst mark::comma
○ juwan de ,	mark::circle nv::nv cm::dat mark::comma
○ orin sunja de ,	mark::circle nv::nv nv::nv cm::dat mark::comma
horio ,	nn::prpn.person mark::comma
mentu ,	nv::nv mark::comma
ilata jergi etuku bu he ,	nv::nv nv::nv nv::nv verb::vv e::pst.ptcp mark::comma
aikabade daila ha de ,	nv::nv verb::vv e::pst.ptcp cm::dat mark::comma
wei_ning_ing ,	nn::prpn mark::comma
jui de ,	nv::nv cm::dat mark::comma
si han te ki se mbi o ,	pn::2sg nv::nv verb::vv e::fve.opt verb::vv e::fve.npst ptcl mark::comma
nikan de ete rakū ,	nv::nv cm::dat verb::vv e::npst.ptcp.neg mark::comma
guwangning ni yang_du_tang ni emu wang_cing_sai be neme fi takūra fi isinji ha ,	nn::prpn.plc cm::gen nn::prpn cm::gen nv::nv nn::prpn cm::acc verb::vv e::cve verb::vv e::cve verb::vv e::pst.ptcp mark::comma
abka be sarkū ,	nv::nv cm::acc nv::nv mark::comma
ningguci jergi ,	nv::nv nv::nv mark::comma
encu kūwaran de hori me gaji ∅ ,	nv::nv nv::nv cm::dat verb::vv e::cve verb::vv e::fve.imperative mark::comma
ši_fujiyang ,	nn::prpn mark::comma
hife ,	nv::nv mark::comma
cergei dzung_bing_guwan ,	nn::prpn.person nv::nv mark::comma
jori ha jurgan be jurce rakū seme ilaci jergi iogi obu ha ,	verb::vv e::pst.ptcp nv::nv cm::acc verb::vv e::npst.ptcp.neg comp nv::nv nv::nv nv::nv verb::vv e::pst.ptcp mark::comma
sejen de tebu ∅ ,	nv::nv cm::dat verb::vv e::fve.imperative mark::comma
urgūdai weile beide re be nakabu ∅ ,	nn::prpn.person nv::nv verb::vv e::npst.ptcp cm::acc verb::vv e::fve.imperative mark::comma
buya niyalma i jeku orho udu bi ,	nv::adj nv::nv cm::gen nv::nv nv::nv nv::nv verb::vv.npst mark::comma
bi etu re jete re ngge akū ,	pn::1sg verb::vv e::npst.ptcp verb::vv e::npst.ptcp nmlz::nmlz nv::adj mark::comma
yamun i juwe dalba de jakūn cacari ca fi ,	nv::nv cm::gen nv::nv nv::nv cm::dat nv::nv nv::nv verb::vv e::cve mark::comma
baisi ,	nn::prpn.person mark::comma
morin erin de baha ha ,	nv::nv nv::nv cm::dat verb::vv e::pst.ptcp mark::comma
ere cooha i niyalma balai facuhūra me ukanda rahū ,	nv::nv nv::nv cm::gen nv::nv nv::nv verb::vv e::cve verb::vv e::fve.prv mark::comma
ere duin deo ,	nv::nv nv::nv nv::nv mark::comma
julergi duin wei niyalma de bisi re alban i ihan be ,	nv::nv nv::nv nv::nv nv::nv cm::dat verb::vv e::npst.ptcp nv::nv cm::gen nv::nv cm::acc mark::comma
gašan i giyai de tebu he hija be gemu nakabu fi ,	nv::nv cm::gen nv::nv cm::dat verb::vv e::pst.ptcp nv::nv cm::acc nv::nv verb::vv e::cve mark::comma
huthu he nikan i etuku su me gai me ,	verb::vv e::pst.ptcp nv::nv cm::gen nv::nv verb::vv e::cve verb::vv e::cve mark::comma
in i be inu nakabu ha ,	pn::3sg cm::gen cm::acc nv::nv verb::vv e::pst.ptcp mark::comma
sahaliyan ,	nv::adj mark::comma
juwan jakūn de ,	nv::nv nv::nv cm::dat mark::comma
enggeder be min de jui o fi banji kini seme ,	nn::prpn.person cm::acc pn::1sg cm::dat nv::nv verb::vv e::cve verb::vv e::fve.opt comp mark::comma
gurgu gene mbi seme ,	nv::nv verb::vv e::fve.npst comp mark::comma
niyaman hūncihin seme harša rakū ,	nv::nv nv::nv comp verb::vv e::npst.ptcp.neg mark::comma
duici jergi de kecu ,	nv::nv nv::nv cm::dat nv::adj mark::comma
busan si ulan ulan i gemu isibu ∅ .	nn::prpn.person pn::2sg nv::nv nv::nv cm::gen nv::nv verb::vv e::fve.imperative mark::period
gisun komso ,	nv::nv nv::adj mark::comma
mederi hanci te he pu hecen i irgen be gemu bargiya fi ,	nv::nv nv::adj verb::vv e::pst.ptcp nv::nv nv::nv cm::gen nv::nv cm::acc nv::nv verb::vv e::cve mark::comma
afa ha niyalma encu bi kai seme hendu me wakala fi ,	verb::vv e::pst.ptcp nv::nv nv::nv verb::vv.npst ptcl comp verb::vv e::cve verb::vv e::cve mark::comma
tere i uku de tuhene rakū ,	nv::nv cm::gen nv::nv cm::dat verb::vv e::npst.ptcp.neg mark::comma
ehe etu he be sa ha de ,	nv::adj verb::vv e::pst.ptcp cm::acc verb::vv e::pst.ptcp cm::dat mark::comma
tere ci cooha uthai bedere me yung_ping de gene he .	nv::nv cm::abl nv::nv nv::nv verb::vv e::cve nn::prpn cm::dat verb::vv e::pst.ptcp mark::period
han hendu me ,	nv::nv verb::vv e::cve mark::comma
○ du_tang ni bithe wasimbu ha ,	mark::circle nv::nv cm::gen nv::nv verb::vv e::pst.ptcp mark::comma
ineku tere ulgiyan aniya jorgon biya de ,	nv::nv nv::nv nv::nv nv::nv nv::nv nv::nv cm::dat mark::comma
dahū i ton ,	nv::nv cm::gen nv::nv mark::comma
waka be waka seme tondo i beide mbi ,	nv::adj cm::acc nv::adj comp nv::adj cm::gen verb::vv e::fve.npst mark::comma
jai boo be dasa me suwele fi ,	nv::nv nv::nv cm::acc verb::vv e::cve verb::vv e::cve mark::comma
○ ice inenggi beile se hendu me ,	mark::circle nv::adj nv::nv nv::nv nv::nv verb::vv e::cve mark::comma
namu ,	nv::nv mark::comma
amca ha sejen be untuhun amasi bedere me gaji me ji ∅ ,	verb::vv e::pst.ptcp nv::nv cm::acc nv::adj nv::nv verb::vv e::cve verb::vv e::cve verb::vv e::fve.imperative mark::comma
jai jergi unggadai ,	nv::nv nv::nv nn::prpn.person mark::comma
funce he haha be monggo i ji he beile se de bu ∅ .	verb::vv e::pst.ptcp nv::nv cm::acc nv::nv cm::gen verb::vv e::pst.ptcp nv::nv nv::nv cm::dat verb::vv e::fve.imperative mark::period
suwen i hasaha jafa ha hehe niyalma ,	pn::2pl cm::gen nv::nv verb::vv e::pst.ptcp nv::nv nv::nv mark::comma
beye be wa mbi ,	nv::nv cm::acc verb::vv e::fve.npst mark::comma
ping_ding_šan i jaka i niyalma ,	nn::prpn cm::gen nv::nv cm::gen nv::nv mark::comma
gemu amasi gaji me ji ∅ ,	nv::nv nv::nv verb::vv e::cve verb::vv e::fve.imperative mark::comma
tere halbu ha niyalma i boigon be hontoholo me gai fi sin de bu re ,	nv::nv verb::vv e::pst.ptcp nv::nv cm::gen nv::nv cm::acc verb::vv e::cve verb::vv e::cve pn::2sg cm::dat verb::vv e::npst.ptcp mark::comma
afabu ha weile be mute mbi ,	verb::vv e::pst.ptcp nv::nv cm::acc verb::vv e::fve.npst mark::comma
jori ha jurgan be jurce rakū seme beiguwan obu ha .	verb::vv e::pst.ptcp nv::nv cm::acc verb::vv e::npst.ptcp.neg comp nv::nv verb::vv e::pst.ptcp mark::period
jebele i yasa de sisi ha luhu i gese min de takūrabu kini seme banjibu ha niyalma kai ,	nv::nv cm::gen nv::nv cm::dat verb::vv e::pst.ptcp nv::nv cm::gen nv::nv pn::1sg cm::dat verb::vv e::fve.opt comp verb::vv e::pst.ptcp nv::nv ptcl mark::comma
ula i ilden i beiguwan i hergen be efule he ,	nv::nv cm::gen nn::prpn.person cm::gen nv::nv cm::gen nv::nv cm::acc verb::vv e::pst.ptcp mark::comma
tere anggala ,	nv::nv nv::nv mark::comma
uka me gene re medege be donji fi ,	verb::vv e::cve verb::vv e::npst.ptcp nv::nv cm::acc verb::vv e::cve mark::comma
dergi gisun akū ,	nv::nv nv::nv nv::adj mark::comma
wase de ilata niyalma ,	nv::nv cm::dat nv::nv nv::nv mark::comma
pijan juwe ,	nv::nv nv::nv mark::comma
juwan jakūn de wasimbu ha ,	nv::nv nv::nv cm::dat verb::vv e::pst.ptcp mark::comma
morin ihan jakūnju ninggun baha fi gaji ha manggi ,	nv::nv nv::nv nv::nv nv::nv verb::vv e::cve verb::vv e::pst.ptcp nv::nv mark::comma
min i juse omosi jalan hala me han de gosibu me wesihun banji kini .	pn::1sg cm::gen nv::nv nv::nv nv::nv verb::vv e::cve nv::nv cm::dat verb::vv e::cve nv::nv verb::vv e::fve.opt mark::period
xi_san_šan i hada be tafa fi gai ha gung de beiguwan obu ha .	nn::prpn cm::gen nv::nv cm::acc verb::vv e::cve verb::vv e::pst.ptcp nv::nv cm::dat nv::nv verb::vv e::pst.ptcp mark::period
han ile me tuwa fi ,	nv::nv verb::vv e::cve verb::vv e::cve mark::comma
loho jalukiya fi ,	nv::nv verb::vv e::cve mark::comma
sohin gūlha ,	nv::nv nv::nv mark::comma
bagadarhan i baru lehe me gisure fi ,	nn::prpn.person cm::gen nv::nv verb::vv e::cve verb::vv e::cve mark::comma
han i pai be gai fi ,	nv::nv cm::gen nv::nv cm::acc verb::vv e::cve mark::comma
hala hala i efen lala dagila fi je cina ,	nv::nv nv::nv cm::gen nv::nv nv::nv verb::vv e::cve verb::vv e::fve.opt mark::comma
kesi ulebu me etuku etubu me uji fi ,	nv::nv verb::vv e::cve nv::nv verb::vv e::cve verb::vv e::cve mark::comma
afabu ha weile be mute mbi ,	verb::vv e::pst.ptcp nv::nv cm::acc verb::vv e::fve.npst mark::comma
anggara fujiyang ,	nn::prpn.person nv::nv mark::comma
ai ai unca ra uda ra hūda be ,	nv::nv nv::nv verb::vv e::npst.ptcp verb::vv e::npst.ptcp nv::nv cm::acc mark::comma
○ juwan uyun de ,	mark::circle nv::nv nv::nv cm::dat mark::comma
tuttu o ci suwen i beye buce mbi ,	nv::nv verb::vv e::cve pn::2pl cm::gen nv::nv verb::vv e::fve.npst mark::comma
han de acanji ha ,	nv::nv cm::dat verb::vv e::pst.ptcp mark::comma
gemu ahūn i jui se i emgi acan gai kini ,	nv::nv nv::nv cm::gen nv::nv nv::nv cm::gen nv::nv nv::nv verb::vv e::fve.opt mark::comma
abka ,	nv::nv mark::comma
kundu janggin ,	nv::nv nv::nv mark::comma
dule ke aniya sunja biya de ,	verb::vv e::pst.ptcp nv::nv nv::nv nv::nv cm::dat mark::comma
dalai_taiji eigen sargan ,	nn::prpn nv::nv nv::nv mark::comma
liyang_tun i lio_sio_cing ,	nn::prpn cm::gen nn::prpn mark::comma
ice jakūn de šajin de duile fi beide he ngge ,	nv::adj nv::nv cm::dat nv::nv cm::dat verb::vv e::cve verb::vv e::pst.ptcp nmlz::nmlz mark::comma
tuttu gashū ha gisun be aifu fi ,	nv::nv verb::vv e::pst.ptcp nv::nv cm::acc verb::vv e::cve mark::comma
afabu ha weile be mute mbi ,	verb::vv e::pst.ptcp nv::nv cm::acc verb::vv e::fve.npst mark::comma
○ gurbusi_taiji i sargan ,	mark::circle nn::prpn cm::gen nv::nv mark::comma
beile se amban sa ,	nv::nv nv::nv nv::nv nv::nv mark::comma
niyaman hūncihin seme harša rakū ,	nv::nv nv::nv comp verb::vv e::npst.ptcp.neg mark::comma
dorgi ci ji he hūda i niyalma ambula ,	nv::nv cm::abl verb::vv e::pst.ptcp nv::nv cm::gen nv::nv nv::nv mark::comma
emu jergi buce re weile be guwebu mbi .	nv::nv nv::nv verb::vv e::npst.ptcp nv::nv cm::acc verb::vv e::fve.npst mark::period
boigon i niyalma de ,	nv::nv cm::gen nv::nv cm::dat mark::comma
ji he ukanju de sarin sarila ha .	verb::vv e::pst.ptcp nv::nv cm::dat nv::nv verb::vv e::pst.ptcp mark::period
šanaha ci ebsi ,	nn::prpn.plc cm::abl nv::nv mark::comma
beile se amban sa geli hendu me ,	nv::nv nv::nv nv::nv nv::nv nv::nv verb::vv e::cve mark::comma
umai jobobu hakū in i ciha i ji he ,	nv::nv verb::vv e::pst.ptcp.neg pn::3sg cm::gen nv::nv cm::gen verb::vv e::pst.ptcp mark::comma
geren de sabubu rakū somi me gida me gai habi ayoo ,	nv::adj cm::dat verb::vv e::npst.ptcp.neg verb::vv e::cve verb::vv e::cve verb::vv e::fve.prs.prf nv::nv mark::comma
hūsita ,	nn::prpn.person mark::comma
han hendu me ,	nv::nv verb::vv e::cve mark::comma
amba_beile ,	nn::prpn mark::comma
šolingho_wei i du_jy_hūi_ciyanši gejihe i jui dekdeli ,	nn::prpn cm::gen nv::nv nn::prpn.person cm::gen nv::nv nn::prpn.person mark::comma
daha rakū ci be afa mbi seme hendu he manggi ,	verb::vv e::npst.ptcp.neg e::cve nv::nv verb::vv e::fve.npst comp verb::vv e::pst.ptcp nv::nv mark::comma
emken urhu rakū doro bi o ,	nv::nv verb::vv e::npst.ptcp.neg nv::nv verb::vv.npst ptcl mark::comma
donji ci ,	verb::vv e::cve mark::comma
amba_beile i cooha sabu fi ,	nn::prpn cm::gen nv::nv verb::vv e::cve mark::comma
dehi funce me hecen be gai fi ubaša ci ,	nv::nv verb::vv e::cve nv::nv cm::acc verb::vv e::cve verb::vv e::cve mark::comma
gūwa beile se olji obu me gama me waji rahū ,	nv::nv nv::nv nv::nv nv::nv verb::vv e::cve verb::vv e::cve verb::vv e::fve.prv mark::comma
enggeder_efu ,	nn::prpn mark::comma
amba_efu i gūsa de jakūnju bu he .	nn::prpn cm::gen nv::nv cm::dat nv::nv verb::vv e::pst.ptcp mark::period
tere gemu abka aisila ha weile kai ,	nv::nv nv::nv nv::nv verb::vv e::pst.ptcp nv::nv ptcl mark::comma
emte iogi be ,	nv::nv nv::nv cm::acc mark::comma
eihen juwe tanggū dehi baha ha ,	nv::nv nv::nv nv::nv nv::nv verb::vv e::pst.ptcp mark::comma
ilan fujin sargan ,	nv::nv nv::nv nv::nv mark::comma
hiyoošula ra deocile re doro be ume jurce re ,	verb::vv e::npst.ptcp verb::vv e::npst.ptcp nv::nv cm::acc nv::nv verb::vv e::npst.ptcp mark::comma
gemu gai ∅ ,	nv::nv verb::vv e::fve.imperative mark::comma
tuttu tondo i fafula rakū ehe miosihon jurgan i yabu ci ,	nv::nv nv::adj cm::gen verb::vv e::npst.ptcp.neg nv::adj nv::adj nv::nv cm::gen verb::vv e::cve mark::comma
doronggo mujilen be jafa fi banji rakū ,	nv::adj nv::nv cm::acc verb::vv e::cve verb::vv e::npst.ptcp.neg mark::comma
yasun de orin sunja yan ,	nn::prpn.person cm::dat nv::nv nv::nv nv::nv mark::comma
bi korso me min i gūni ha gisun be tucibu me hendu re ngge ere inu .	pn::1sg verb::vv e::cve pn::1sg cm::gen verb::vv e::pst.ptcp nv::nv cm::acc verb::vv e::cve verb::vv e::npst.ptcp nmlz::nmlz nv::nv nv::nv mark::period
nikan han i lo_taigiyan i hūda i juwe niyalma ,	nv::nv nv::nv cm::gen nn::prpn cm::gen nv::nv cm::gen nv::nv nv::nv mark::comma
fu_jeo i alban i ihan sejen ,	nn::prpn cm::gen nv::nv cm::gen nv::nv nv::nv mark::comma
juwan duici jergi ,	nv::nv nv::nv nv::nv mark::comma
hehe ninju ninggun ,	nv::nv nv::nv nv::nv mark::comma
suwen i mujilen gūwaliya fi gisure mbi kai ,	pn::2pl cm::gen nv::nv verb::vv e::cve verb::vv e::fve.npst ptcl mark::comma
jori ha jurgan be jurce rakū seme beiguwan obu ha .	verb::vv e::pst.ptcp nv::nv cm::acc verb::vv e::npst.ptcp.neg comp nv::nv verb::vv e::pst.ptcp mark::period
bi waka o ci ,	pn::1sg nv::adj verb::vv e::cve mark::comma
juwan duin de takūra me ,	nv::nv nv::nv cm::dat verb::vv e::cve mark::comma
○ yan_geng ,	mark::circle nn::prpn mark::comma
suwen i nikan i tsanjiyang ,	pn::2pl cm::gen nv::nv cm::gen nv::nv mark::comma
jorgon biya i juwan de dube lakca ha ,	nv::nv nv::nv cm::gen nv::nv cm::dat nv::nv verb::vv e::pst.ptcp mark::comma
fiongdon de bu he jaka be amasi gai fi ,	nn::prpn.person cm::dat verb::vv e::pst.ptcp nv::nv cm::acc nv::nv verb::vv e::cve mark::comma
han tuci fi ,	nv::nv verb::vv e::cve mark::comma
gisun encu gojime ,	nv::nv nv::nv nv::nv mark::comma
weihun šanggiyan ihan i da ra be lasha saci fi ,	nv::adj nv::nv nv::nv cm::gen verb::vv e::npst.ptcp cm::acc nv::nv verb::vv e::cve mark::comma
honin dehi .	nv::nv nv::nv mark::period
emu temen ,	nv::nv nv::nv mark::comma
hūsungge etuhun niyalma gurun de ejen o ho de ,	nv::adj nv::adj nv::nv nv::nv cm::dat nv::nv verb::vv e::pst.ptcp cm::dat mark::comma
jakūn beile se de bithe wesimbu he ,	nv::nv nv::nv nv::nv cm::dat nv::nv verb::vv e::pst.ptcp mark::comma
anatai .	nn::prpn.person mark::period
in i ama unege_baksi i eje he i juwan yan be efule he .	pn::3sg cm::gen nv::nv nn::prpn cm::gen verb::vv e::pst.ptcp cm::gen nv::nv nv::nv cm::acc verb::vv e::pst.ptcp mark::period
hecen duka i sele be hūwakiya me gai fi tuwa sinda ∅ ,	nv::nv nv::nv cm::gen nv::nv cm::acc verb::vv e::cve verb::vv e::cve nv::nv verb::vv e::fve.imperative mark::comma
afabu ha weile be mute mbi ,	verb::vv e::pst.ptcp nv::nv cm::acc verb::vv e::fve.npst mark::comma
aisin i sifikū emte bu he .	nv::nv cm::gen nv::nv nv::nv verb::vv e::pst.ptcp mark::period
nikan han i boo i juwan niyalma be ,	nv::nv nv::nv cm::gen nv::nv cm::gen nv::nv nv::nv cm::acc mark::comma
gerci de tuhebu rakū bi he ,	nv::nv cm::dat verb::vv e::npst.ptcp.neg verb::vv e::pst.ptcp mark::comma
juwan ninggun de amasi jase bitu me ba tuwa me ji hei ,	nv::nv nv::nv cm::dat nv::nv nv::nv verb::vv e::cve nv::nv verb::vv e::cve verb::vv e::cve mark::comma
ginjeo i tsanjiyang aita be ,	nn::prpn.plc cm::gen nv::nv nn::prpn.person cm::acc mark::comma
jeng_i_pu ,	nn::prpn mark::comma
boo i uji he ujima ,	nv::nv cm::gen verb::vv e::pst.ptcp nv::nv mark::comma
min i dere onco o ,	pn::1sg cm::gen nv::nv nv::adj ptcl mark::comma
amin_beile ,	nn::prpn mark::comma
cooha gene he duici_beile de juwe jušen emu nikan be takūra fi unggi he bithe i gisun ,	nv::nv verb::vv e::pst.ptcp nn::prpn cm::dat nv::nv nv::nv nv::nv nv::nv cm::acc verb::vv e::cve verb::vv e::pst.ptcp nv::nv cm::gen nv::nv mark::comma
niru i ejen ,	nv::nv cm::gen nv::nv mark::comma
jang_i_jan ci wasihūn ,	nn::prpn cm::abl nv::nv mark::comma
juwan yan i weile waliya mbi ,	nv::nv nv::nv cm::gen nv::nv verb::vv e::fve.npst mark::comma
tuttu akū ,	nv::nv nv::adj mark::comma
ula be gai ha de emgeri gidalabu ha seme ,	nv::nv cm::acc verb::vv e::pst.ptcp cm::dat nv::nv verb::vv e::pst.ptcp comp mark::comma
meni meni juwe he niyalma unca mbi o je mbi o ,	nv::nv nv::nv verb::vv e::pst.ptcp nv::nv verb::vv e::fve.npst ptcl verb::vv e::fve.npst ptcl mark::comma
boo de isinji ha manggi ,	nv::nv cm::dat verb::vv e::pst.ptcp nv::nv mark::comma
giyoocan de ebu fi ,	nv::nv cm::dat verb::vv e::cve mark::comma
monggo i beile se fujisa be isabu fi ,	nv::nv cm::gen nv::nv nv::nv nv::nv cm::acc verb::vv e::cve mark::comma
suwen i geren i gūni ha ngge inu uru bi dere ,	pn::2pl cm::gen nv::adj cm::gen verb::vv e::pst.ptcp nmlz::nmlz nv::nv nv::nv verb::vv.npst ptcl mark::comma
han i soorin be baha ki ,	nv::nv cm::gen nv::nv cm::acc verb::vv e::fve.opt mark::comma
yangšu duka de aliya me te hebi .	nn::prpn.person nv::nv cm::dat verb::vv e::cve verb::vv e::fve.prs.prf mark::period
monggo i cinggis_han de gaibu ha ,	nv::nv cm::gen nn::prpn cm::dat verb::vv e::pst.ptcp mark::comma
tuttu jergi jergi han de hengkile me waji ha manggi ,	nv::nv nv::nv nv::nv nv::nv cm::dat verb::vv e::cve verb::vv e::pst.ptcp nv::nv mark::comma
weile tuci re be tuwa ki seme hendu he ,	nv::nv verb::vv e::npst.ptcp cm::acc verb::vv e::fve.opt comp verb::vv e::pst.ptcp mark::comma
ehe be ehe seme wasibu ∅ ,	nv::adj cm::acc nv::adj comp verb::vv e::fve.imperative mark::comma
jafa ha giran be so ∅ ,	verb::vv e::pst.ptcp nv::nv cm::acc verb::vv e::fve.imperative mark::comma
ji he be daha me ,	verb::vv e::pst.ptcp cm::acc verb::vv e::cve mark::comma
wan_lii orin sunjaci aniya sunja biya i ice de baha ha .	nn::prpn nv::nv nv::nv nv::nv nv::nv nv::nv cm::gen nv::adj cm::dat verb::vv e::pst.ptcp mark::period
doro šajin genggiyen akū ,	nv::nv nv::nv nv::adj nv::adj mark::comma
ere duin boigon be hai_jeo i likosa_tun de tebu he .	nv::nv nv::nv nv::nv cm::acc nn::prpn cm::gen nn::prpn cm::dat verb::vv e::pst.ptcp mark::period
karfun_wei i du_jy_hūi_ciyanši sahaliyan i jui jantai ,	nn::prpn cm::gen nv::nv nv::adj cm::gen nv::nv nn::prpn.person mark::comma
sunja ihan ,	nv::nv nv::nv mark::comma
suwen i waka be wakala me dasa me doro jafa ki se ci ,	pn::2pl cm::gen nv::adj cm::acc verb::vv e::cve verb::vv e::cve nv::nv verb::vv e::fve.opt verb::vv e::cve mark::comma
degelei_age ,	nn::prpn mark::comma
dalai ,	nn::prpn.person mark::comma
uttu weile be waji fi ,	nv::nv nv::nv cm::acc verb::vv e::cve mark::comma
○ orin duin de ,	mark::circle nv::nv nv::nv cm::dat mark::comma
dergi amban sa i juleri gala joola fi ume ili re ,	nv::nv nv::nv nv::nv cm::gen nv::nv nv::nv verb::vv e::cve nv::nv verb::vv e::npst.ptcp mark::comma
emu haha be alban weilebu ∅ ,	nv::nv nv::nv cm::acc nv::nv verb::vv e::fve.imperative mark::comma
jirgalang_age ,	nn::prpn mark::comma
afabu ha niru i ehe sain geren niyalma be kimci me baica rakū o ci ,	verb::vv e::pst.ptcp nv::nv cm::gen nv::adj nv::adj nv::adj nv::nv cm::acc verb::vv e::cve verb::vv e::npst.ptcp.neg verb::vv e::cve mark::comma
enggeder_efu i gucuse de guise bu he ngge ,	nn::prpn cm::gen nv::nv cm::dat nv::nv verb::vv e::pst.ptcp nmlz::nmlz mark::comma
sain be sain ,	nv::adj cm::acc nv::adj mark::comma
minggan cooha unggi ∅ seme wesimbu re jaka de ,	nv::nv nv::nv verb::vv e::fve.imperative comp verb::vv e::npst.ptcp nv::nv cm::dat mark::comma
geren cooha i niyalma gemu amala tuta ha be ,	nv::adj nv::nv cm::gen nv::nv nv::nv nv::nv verb::vv e::pst.ptcp cm::acc mark::comma
ere emu weile ,	nv::nv nv::nv nv::nv mark::comma
afabu ha weile be mute mbi ,	verb::vv e::pst.ptcp nv::nv cm::acc verb::vv e::fve.npst mark::comma
jai emu tanggū cooha be sin i ciha i sula takūra ∅ ,	nv::nv nv::nv nv::nv nv::nv cm::acc pn::2sg cm::gen nv::nv cm::gen nv::adj verb::vv e::fve.imperative mark::comma
yamun i tule ilan jergi hengkile fi bedere he ,	nv::nv cm::gen nv::nv nv::nv nv::nv verb::vv e::cve verb::vv e::pst.ptcp mark::comma
fujiyang de ilan minggan haha kadalabu mbi ,	nv::nv cm::dat nv::nv nv::nv nv::nv verb::vv e::fve.npst mark::comma
han de ,	nv::nv cm::dat mark::comma
○ burgi min be fujiyang sinda habi ,	mark::circle nn::prpn.person pn::1sg cm::acc nv::nv verb::vv e::fve.prs.prf mark::comma
○ haksaha be ,	mark::circle nn::prpn.person cm::acc mark::comma
amasi hecen i baru bedere me ji ci ,	nv::nv nv::nv cm::gen nv::nv verb::vv e::cve verb::vv e::cve mark::comma
○ orin de ,	mark::circle nv::nv cm::dat mark::comma
temen sunja ,	nv::nv nv::nv mark::comma
juwan ulgiyan benji he .	nv::nv nv::nv verb::vv e::pst.ptcp mark::period
hūdun bošo me niru i niyalma be uhe aca fi hadubu ∅ ,	nv::adj verb::vv e::cve nv::nv cm::gen nv::nv cm::acc nv::nv verb::vv e::cve verb::vv e::fve.imperative mark::comma
beiguwan ci wesihun ,	nv::nv cm::abl nv::nv mark::comma
nacibu i jergi amban sa ,	nn::prpn.person cm::gen nv::nv nv::nv nv::nv mark::comma
muina ,	nn::prpn.person mark::comma
○ ice sunja de ,	mark::circle nv::adj nv::nv cm::dat mark::comma
jadabu ,	nn::prpn.person mark::comma
gūwa amban sa de šangna me bu he jaka be gemu gai fi ,	nv::nv nv::nv nv::nv cm::dat verb::vv e::cve verb::vv e::pst.ptcp nv::nv cm::acc nv::nv verb::vv e::cve mark::comma
ahūta deote hebe akū o fi facuhūra fi doro efuje ci ,	nv::nv nv::nv nv::nv nv::adj verb::vv e::cve verb::vv e::cve nv::nv verb::vv e::cve mark::comma
lii_dai_ceng ,	nn::prpn mark::comma
jolbi ,	nn::prpn.person mark::comma
ginjeo i juwe wei i niyalma be ,	nn::prpn.plc cm::gen nv::nv nv::nv cm::gen nv::nv cm::acc mark::comma
ehe sain be dere bani rakū ,	nv::adj nv::adj cm::acc nv::nv verb::vv e::npst.ptcp.neg mark::comma
isi_wei i du_jy_hūi_tungjy hetemu i jui namdari ,	nn::prpn cm::gen nv::nv nn::prpn.person cm::gen nv::nv nn::prpn.person mark::comma
jang_io_lung ,	nn::prpn mark::comma
han i tacibu ha tondo fafun be jurce rakū banji ci ,	nv::nv cm::gen verb::vv e::pst.ptcp nv::adj nv::nv cm::acc verb::vv e::npst.ptcp.neg verb::vv e::cve mark::comma
guwangning ci ,	nn::prpn.plc cm::abl mark::comma
jaisanggū_taiji ,	nn::prpn mark::comma
emu minggan sunja tanggū nikan jalukiya me bu he ,	nv::nv nv::nv nv::nv nv::nv nv::nv verb::vv e::cve verb::vv e::pst.ptcp mark::comma
gemu meni meni teisu hoton de bargiya ∅ ,	nv::nv nv::nv nv::nv nv::nv nv::nv cm::dat verb::vv e::fve.imperative mark::comma
uksin fisa de bithe hada ∅ ,	nv::nv nv::nv cm::dat nv::nv verb::vv e::fve.imperative mark::comma
wasi kini .	verb::vv e::fve.opt mark::period
juwe ba de afa ha seme jakūn yan i weile waliya mbi ,	nv::nv nv::nv cm::dat verb::vv e::pst.ptcp comp nv::nv nv::nv cm::gen nv::nv verb::vv e::fve.npst mark::comma
sure_kundulen_han hendu me ,	nn::prpn verb::vv e::cve mark::comma
badabulu ,	nn::prpn.person mark::comma
uthai baha me yabu ha ,	nv::nv verb::vv e::cve verb::vv e::pst.ptcp mark::comma
hengkile fi amasi bedere fi soorin de te he manggi ,	verb::vv e::cve nv::nv verb::vv e::cve nv::nv cm::dat verb::vv e::pst.ptcp nv::nv mark::comma
mao_wen_lung ni bithe be ali me gai habi ,	nn::prpn cm::gen nv::nv cm::acc verb::vv e::cve verb::vv e::fve.prs.prf mark::comma
○ orin sunja de ,	mark::circle nv::nv nv::nv cm::dat mark::comma
dooli hafasa ji fi bithe wesimbu me ,	nv::nv nv::nv verb::vv e::cve nv::nv verb::vv e::cve mark::comma
juwe niyalma be tooda me gai ha .	nv::nv nv::nv cm::acc verb::vv e::cve verb::vv e::pst.ptcp mark::period
juwan emu yan i weile waliya mbi ,	nv::nv nv::nv nv::nv cm::gen nv::nv verb::vv e::fve.npst mark::comma
jai xi_san_šan de gene fi ,	nv::nv nn::prpn cm::dat verb::vv e::cve mark::comma
can fori ∅ ,	nv::nv verb::vv e::fve.imperative mark::comma
singgiyai iogi be wasibu fi beiguwan obu ha ,	nn::prpn.person nv::nv cm::acc verb::vv e::cve nv::nv verb::vv e::pst.ptcp mark::comma
efute meyete emde boigon gana ha ngge tere inu ,	nv::nv nv::nv nv::nv nv::nv verb::vv e::pst.ptcp nmlz::nmlz nv::nv nv::nv mark::comma
suwe nikan de kemuni cooha da mbi se ci ,	pn::2pl nv::nv cm::dat nv::nv nv::nv verb::vv e::fve.npst verb::vv e::cve mark::comma
geren be gai fi amala niyakūra ha ,	nv::adj cm::acc verb::vv e::cve nv::nv verb::vv e::pst.ptcp mark::comma
jakūn boo de gese dende me bu ∅ ,	nv::nv nv::nv cm::dat nv::nv verb::vv e::cve verb::vv e::fve.imperative mark::comma
ice ilan i dobori ,	nv::adj nv::nv cm::gen nv::nv mark::comma
○ warka de ,	mark::circle nn::prpn.plc cm::dat mark::comma
gemu juse omosi jalan hala me alban de ume dabu re ,	nv::nv nv::nv nv::nv nv::nv verb::vv e::cve nv::nv cm::dat nv::nv verb::vv e::npst.ptcp mark::comma
monggo i bahūn_beile i ukanju obogo_tabunang ,	nv::nv cm::gen nn::prpn cm::gen nv::nv nn::prpn mark::comma
morin ,	nv::nv mark::comma
siberi de sunja niru .	nv::nv cm::dat nv::nv nv::nv mark::period
○ liyoodung be baha ha manggi ,	mark::circle nn::prpn.plc cm::acc verb::vv e::pst.ptcp nv::nv mark::comma
solho han i mujilen i tondo be gūni fi ,	nv::nv nv::nv cm::gen nv::nv cm::gen nv::adj cm::acc verb::vv e::cve mark::comma
muse tukiye rakū uji rakū ci ,	pn::1pl.incl verb::vv e::npst.ptcp.neg verb::vv e::npst.ptcp.neg e::cve mark::comma
tere i sira me tanggūt gurun i juwe lama ,	nv::nv cm::gen verb::vv e::cve nv::nv nv::nv cm::gen nv::nv nv::nv mark::comma
hecen i dorgi cooha i niyalma afa me ,	nv::nv cm::gen nv::nv nv::nv cm::gen nv::nv verb::vv e::cve mark::comma
hūlha holo koimali jalingga akū tondo i banji ki .	nv::nv nv::nv nv::adj nv::adj nv::adj nv::adj cm::gen verb::vv e::fve.opt mark::period
iogi tsanjiyang fakca hakū seme wesihun han de ala ∅ ,	nv::nv nv::nv verb::vv e::pst.ptcp.neg comp nv::nv nv::nv cm::dat verb::vv e::fve.imperative mark::comma
tere anggala ,	nv::nv nv::nv mark::comma
sin i emu beye i jalin de waka kai ,	pn::2sg cm::gen nv::nv nv::nv cm::gen nv::nv cm::dat nv::adj ptcl mark::comma
tere ci guwangning de ice du_tang ji he seme aca me unggi he gangguri ,	nv::nv cm::abl nn::prpn.plc cm::dat nv::adj nv::nv verb::vv e::pst.ptcp comp verb::vv e::cve verb::vv e::pst.ptcp nn::prpn.person mark::comma
songgotu i gisun uru o fi sinda ha ,	nv::adj cm::gen nv::nv nv::nv verb::vv e::cve verb::vv e::pst.ptcp mark::comma
in i gurun be ele rakū komso seme ,	pn::3sg cm::gen nv::nv cm::acc verb::vv e::npst.ptcp.neg nv::adj comp mark::comma
fu_jeo ,	nn::prpn mark::comma
tasha ,	nv::nv mark::comma
muse i juwe gurun ,	nv::nv cm::gen nv::nv nv::nv mark::comma
fujiyang fakca hakū seme wesihun han de ala ∅ ,	nv::nv verb::vv e::pst.ptcp.neg comp nv::nv nv::nv cm::dat verb::vv e::fve.imperative mark::comma
ba ba i niyalma geren gemu sasa dosi ∅ ,	nv::nv nv::nv cm::gen nv::nv nv::adj nv::nv nv::nv verb::vv e::fve.imperative mark::comma
yalu ha morin be geli ainu gai mbi seme ,	verb::vv e::pst.ptcp nv::nv cm::acc nv::nv nv::nv verb::vv e::fve.npst comp mark::comma
han i fafun i tondo i kadala mbi ,	nv::nv cm::gen nv::nv cm::gen nv::adj cm::gen verb::vv e::fve.npst mark::comma
eniye ,	nv::nv mark::comma
beye be wa hakū ,	nv::nv cm::acc verb::vv e::pst.ptcp.neg mark::comma
weile he jeku i dabala ,	verb::vv e::pst.ptcp nv::nv cm::gen ptcl mark::comma
tala de afa ki se re niyalma ,	nv::nv cm::dat verb::vv e::fve.opt verb::vv e::npst.ptcp nv::nv mark::comma
tondo sijirhūn ulin akū yada ra niyalma be jobobu me ,	nv::adj nv::adj nv::nv nv::adj verb::vv e::npst.ptcp nv::nv cm::acc verb::vv e::cve mark::comma
han i sinda ha ukanju be si ainu bu rakū seme ,	nv::nv cm::gen verb::vv e::pst.ptcp nv::nv cm::acc pn::2sg nv::nv verb::vv e::npst.ptcp.neg comp mark::comma
tuci fi ,	verb::vv e::cve mark::comma
ulin menggun ,	nv::nv nv::nv mark::comma
tuba ci daha me ji he niyalma be ,	nv::nv cm::abl verb::vv e::cve verb::vv e::pst.ptcp nv::nv cm::acc mark::comma
wan ,	nv::nv mark::comma
○ nio_juwang ni hafan ,	mark::circle nn::prpn cm::gen nv::nv mark::comma
han i fafun i tondo i kadala mbi ,	nv::nv cm::gen nv::nv cm::gen nv::adj cm::gen verb::vv e::fve.npst mark::comma
uyun yan i weile gai ha ,	nv::nv nv::nv cm::gen nv::nv verb::vv e::pst.ptcp mark::comma
abtai_age i gūsa ,	nn::prpn cm::gen nv::nv mark::comma
logiya_tun i wang_ke_bing ,	nn::prpn cm::gen nn::prpn mark::comma
weile he jeku i dabala ,	verb::vv e::pst.ptcp nv::nv cm::gen ptcl mark::comma
tongki fuka sinda ha hergen i dangse .	nv::nv nv::nv verb::vv e::pst.ptcp nv::nv cm::gen nv::nv mark::period
guile he juwe šoro benji he ,	verb::vv e::pst.ptcp nv::nv nv::nv verb::vv e::pst.ptcp mark::comma
ajige_age i boo de juwe guise de ilan tanggū suje somi habi ,	nn::prpn cm::gen nv::nv cm::dat nv::nv nv::nv cm::dat nv::nv nv::nv nv::nv verb::vv e::fve.prs.prf mark::comma
udahū ,	nn::prpn.person mark::comma
juwe ihan ,	nv::nv nv::nv mark::comma
○ julge jušen nikan ,	mark::circle nv::nv nv::nv nv::nv mark::comma
suwen i jobo ho ba i niyalma be ,	pn::2pl cm::gen verb::vv e::pst.ptcp nv::nv cm::gen nv::nv cm::acc mark::comma
tere dobori gūni ci ,	nv::nv nv::nv verb::vv e::cve mark::comma
jakūnju poo ,	nv::nv nv::nv mark::comma
beye be šolo ume tucibu re ,	nv::nv cm::acc nv::adj nv::nv verb::vv e::npst.ptcp mark::comma
ere gisun beile se i teile gisure he ngge waka ,	nv::nv nv::nv nv::nv nv::nv cm::gen nv::nv verb::vv e::pst.ptcp nmlz::nmlz nv::adj mark::comma
emu yan sunja jiha faita ha ,	nv::nv nv::nv nv::nv nv::nv verb::vv e::pst.ptcp mark::comma
gercile he hehe be tukiye fi uji mbi ,	verb::vv e::pst.ptcp nv::nv cm::acc verb::vv e::cve verb::vv e::fve.npst mark::comma
juwe biya i orin nadan de wasimbu ha ,	nv::nv nv::nv cm::gen nv::nv nv::nv cm::dat verb::vv e::pst.ptcp mark::comma
○ munggatu min be sunja jurgan i weile de afabu habi ,	mark::circle nn::prpn.person pn::1sg cm::acc nv::nv nv::nv cm::gen nv::nv cm::dat verb::vv e::fve.prs.prf mark::comma
sain be sain ,	nv::adj cm::acc nv::adj mark::comma
geren irgen be gemu tondo sain banji kini seme ,	nv::adj nv::nv cm::acc nv::nv nv::adj nv::adj verb::vv e::fve.opt comp mark::comma
abka i siren de hengkile he ,	nv::nv cm::gen nv::nv cm::dat verb::vv e::pst.ptcp mark::comma
wan_lii i orin nadaci aniya juwe biya i ice uyun de baha ha .	nn::prpn cm::gen nv::nv nv::nv nv::nv nv::nv nv::nv cm::gen nv::adj nv::nv cm::dat verb::vv e::pst.ptcp mark::period
beri sirdan ,	nv::nv nv::nv mark::comma
beye buce kini ,	nv::nv verb::vv e::fve.opt mark::comma
šangna ra ba de juwe beiguwan i šang baha kini ,	verb::vv e::npst.ptcp nv::nv cm::dat nv::nv nv::nv cm::gen nv::nv verb::vv e::fve.opt mark::comma
ji he amala gurun ulha be gama rahū seme ji hekū mujangga ,	verb::vv e::pst.ptcp nv::nv nv::nv nv::nv cm::acc verb::vv e::fve.prv comp verb::vv e::pst.ptcp.neg nv::adj mark::comma
juwan duin mocin bu he ,	nv::nv nv::nv nv::nv verb::vv e::pst.ptcp mark::comma
juwe dedu he manggi ,	nv::nv verb::vv e::pst.ptcp nv::nv mark::comma
emu jergi buce re weile be guwebu mbi .	nv::nv nv::nv verb::vv e::npst.ptcp nv::nv cm::acc verb::vv e::fve.npst mark::period
juwan de wasimbu ha ,	nv::nv cm::dat verb::vv e::pst.ptcp mark::comma
iosan_tun i sy_io_fa ,	nn::prpn cm::gen nn::prpn mark::comma
muduri erin ci amba nimanggi nimara ha .	nv::nv nv::nv cm::abl nv::adj nv::nv verb::vv e::pst.ptcp mark::period
tere ci cooha gene he beile se amban sa ,	nv::nv cm::abl nv::nv verb::vv e::pst.ptcp nv::nv nv::nv nv::nv nv::nv mark::comma
munggatu ,	nn::prpn.person mark::comma
○ kalka i sunja tatan i beile se i emgi juwe gurun doro jafa fi ,	mark::circle nv::nv cm::gen nv::nv nv::nv cm::gen nv::nv nv::nv cm::gen nv::nv nv::nv nv::nv nv::nv verb::vv e::cve mark::comma
meni meni gūsa i goi ha ba de ,	nv::nv nv::nv nv::nv cm::gen verb::vv e::pst.ptcp nv::nv cm::dat mark::comma
urut i beile se ,	nn::prpn.plc cm::gen nv::nv nv::nv mark::comma
juwari o ci ,	nv::nv verb::vv e::cve mark::comma
geren gemu sain se re niyalma sain kai ,	nv::adj nv::nv nv::adj verb::vv e::npst.ptcp nv::nv nv::adj ptcl mark::comma
kūbai ,	nn::prpn.person mark::comma
nomin ,	nv::nv mark::comma
geli bi ali me gai ha doro bi o seme hendu he manggi ,	nv::nv pn::1sg verb::vv e::cve verb::vv e::pst.ptcp nv::nv verb::vv.npst ptcl comp verb::vv e::pst.ptcp nv::nv mark::comma
aha i gese min i mujilen tondo de ,	nv::nv cm::gen nv::nv pn::1sg cm::gen nv::nv nv::adj cm::dat mark::comma
ama i boo i niyalma be ,	nv::nv cm::gen nv::nv cm::gen nv::nv cm::acc mark::comma
warka de gene he cooha i niyalma be okdo me ,	nn::prpn.plc cm::dat verb::vv e::pst.ptcp nv::nv cm::gen nv::nv cm::acc verb::vv e::cve mark::comma
yoto_age ,	nn::prpn mark::comma
gubci ba i pu pu de ,	nv::adj nv::nv cm::gen nv::nv nv::nv cm::dat mark::comma
ula de emu feye baha ha seme nadata yan i weile waliya mbi ,	nv::nv cm::dat nv::nv nv::nv verb::vv e::pst.ptcp comp nv::nv nv::nv cm::gen nv::nv verb::vv e::fve.npst mark::comma
emu ba be yabu ci ,	nv::nv nv::nv cm::acc verb::vv e::cve mark::comma
fu_kung ,	nn::prpn mark::comma
cing_tai_ioi de te he hoto jaisa ,	nn::prpn cm::dat verb::vv e::pst.ptcp nn::prpn.person nn::prpn.person mark::comma
abka nimara fi teni gala ka bi he ,	nv::nv verb::vv e::cve nv::nv verb::vv e::pst.ptcp verb::vv e::pst.ptcp mark::comma
○ juwan juwe de ,	mark::circle nv::nv nv::nv cm::dat mark::comma
ememu niyalma andala jugūn de sula bošo hobi ,	nv::nv nv::nv nv::nv nv::nv cm::dat nv::adj verb::vv e::fve.prs.prf mark::comma
dasa me baha ki se ci ,	verb::vv e::cve verb::vv e::fve.opt verb::vv e::cve mark::comma
meni meni da te he ba de bedere fi ,	nv::nv nv::nv nv::nv verb::vv e::pst.ptcp nv::nv cm::dat verb::vv e::cve mark::comma
ice jakūn de ala ha ,	nv::adj nv::nv cm::dat verb::vv e::pst.ptcp mark::comma
fujiyang ,	nv::nv mark::comma
gūwa be hendu ci ete mbi o seme weile ara fi ,	nv::nv cm::acc verb::vv e::cve verb::vv e::fve.npst ptcl comp nv::nv verb::vv e::cve mark::comma
tere toron be nikan cooha geli sabu fi amasi burula me gene he ,	nv::nv nv::nv cm::acc nv::nv nv::nv nv::nv verb::vv e::cve nv::nv verb::vv e::cve verb::vv e::pst.ptcp mark::comma
uthai bi kini ,	nv::nv verb::vv e::fve.opt mark::comma
ilan ba i dube de isi tala fude fi unggi he ,	nv::nv nv::nv cm::gen nv::nv cm::dat verb::vv e::cve verb::vv e::cve verb::vv e::pst.ptcp mark::comma
sui isi rakū seme ume gūni re ,	nv::nv verb::vv e::npst.ptcp.neg comp nv::nv verb::vv e::npst.ptcp mark::comma
nikan i ulgiyan be duri me wa fi je ke seme ,	nv::nv cm::gen nv::nv cm::acc verb::vv e::cve verb::vv e::cve verb::vv e::pst.ptcp comp mark::comma
dobihi emke ,	nv::nv nv::nv mark::comma
morin turga o ho de unggi rakū ,	nv::nv nv::adj verb::vv e::pst.ptcp cm::dat verb::vv e::npst.ptcp.neg mark::comma
jakūn ihan wa fi ,	nv::nv nv::nv verb::vv e::cve mark::comma
○ ice sunja de ,	mark::circle nv::adj nv::nv cm::dat mark::comma
han de beiguwan i hergen i jalin fonji ci o mbi o seme fonji re jaka de ,	nv::nv cm::dat nv::nv cm::gen nv::nv cm::gen nv::nv verb::vv e::cve verb::vv e::fve.npst ptcl comp verb::vv e::npst.ptcp nv::nv cm::dat mark::comma
hūcin fete fi muke je mbi ,	nv::nv verb::vv e::cve nv::nv verb::vv e::fve.npst mark::comma
min i beye ,	pn::1sg cm::gen nv::nv mark::comma
han i ici ergi de ili ha adun_hiya ,	nv::nv cm::gen nv::nv nv::nv cm::dat verb::vv e::pst.ptcp nn::prpn mark::comma
morin de acibu rakū ,	nv::nv cm::dat verb::vv e::npst.ptcp.neg mark::comma
tere be xušalan ,	nv::nv cm::acc nn::prpn.person mark::comma
gemu suwe ulin gai fi guwebu hekū o ci ,	nv::nv pn::2pl nv::nv verb::vv e::cve verb::vv e::pst.ptcp.neg verb::vv e::cve mark::comma
○ ineku tere inenggi ,	mark::circle nv::nv nv::nv nv::nv mark::comma
lung_king ni te he aniya jakūn biya i orin ilan de baha ha ,	nn::prpn cm::gen verb::vv e::pst.ptcp nv::nv nv::nv nv::nv cm::gen nv::nv nv::nv cm::dat verb::vv e::pst.ptcp mark::comma
yengge i emu tanggū cooha be ,	nv::nv cm::gen nv::nv nv::nv nv::nv cm::acc mark::comma
nikan i baru cooha i niyalma jugūn toso me gene kini seme gisure he manggi ,	nv::nv cm::gen nv::nv nv::nv cm::gen nv::nv nv::nv verb::vv e::cve verb::vv e::fve.opt comp verb::vv e::pst.ptcp nv::nv mark::comma
ilan bedzung de ilata niyalma ,	nv::nv nv::nv cm::dat nv::nv nv::nv mark::comma
folo ho umiyesun emte ,	verb::vv e::pst.ptcp nv::nv nv::nv mark::comma
emte ihan ,	nv::nv nv::nv mark::comma
niyalma morin be ume hairanda ra ,	nv::nv nv::nv cm::acc nv::nv verb::vv e::npst.ptcp mark::comma
oforo šan toko ho .	nv::nv nv::nv verb::vv e::pst.ptcp mark::period
jai ilan niyalma feye baha habi seme alanji ha .	nv::nv nv::nv nv::nv nv::nv verb::vv e::fve.prs.prf comp verb::vv e::pst.ptcp mark::period
cahar ,	nn::prpn.plc mark::comma
min i kadala ra emu jalan i sunja niru i cooha be fujiyang ci fakca rakū ,	pn::1sg cm::gen verb::vv e::npst.ptcp nv::nv nv::nv cm::gen nv::nv nv::nv cm::gen nv::nv cm::acc nv::nv cm::abl verb::vv e::npst.ptcp.neg mark::comma
geren ka fi wa ki ,	nv::adj verb::vv e::cve verb::vv e::fve.opt mark::comma
jase tuci me tari ∅ ,	nv::nv verb::vv e::cve verb::vv e::fve.imperative mark::comma
morin yafahan cooha uheri nadan tumen bi ,	nv::nv nv::adj nv::nv nv::nv nv::nv nv::nv verb::vv.npst mark::comma
gurun i weile be ali me gai fi genggiyen i icihiya ha de ,	nv::nv cm::gen nv::nv cm::acc verb::vv e::cve verb::vv e::cve nv::adj cm::gen verb::vv e::pst.ptcp cm::dat mark::comma
goida fi dedu re erde ili re fon kai ,	verb::vv e::cve verb::vv e::npst.ptcp nv::nv verb::vv e::npst.ptcp nv::nv ptcl mark::comma
meni meni ahūn deo de hendu fi unggi he ,	nv::nv nv::nv nv::nv nv::nv cm::dat verb::vv e::cve verb::vv e::pst.ptcp mark::comma
gisure he gisun be jurce me ,	verb::vv e::pst.ptcp nv::nv cm::acc verb::vv e::cve mark::comma
ehe sain be dere bani rakū ,	nv::adj nv::adj cm::acc nv::nv verb::vv e::npst.ptcp.neg mark::comma
meni meni te he boo ,	nv::nv nv::nv verb::vv e::pst.ptcp nv::nv mark::comma
giya_jing ni dehi duici aniya nadan biya i orin sunja de baha ha ,	nn::prpn cm::gen nv::nv nv::nv nv::nv nv::nv nv::nv cm::gen nv::nv nv::nv cm::dat verb::vv e::pst.ptcp mark::comma
gūsin yan menggun ,	nv::nv nv::nv nv::nv mark::comma
holdon dulebu rakū o ho de ,	nv::nv verb::vv e::npst.ptcp.neg verb::vv e::pst.ptcp cm::dat mark::comma
nikan cooha be tanggū isi me wa ha ,	nv::nv nv::nv cm::acc nv::nv verb::vv e::cve verb::vv e::pst.ptcp mark::comma
aibari ,	nn::prpn.person mark::comma
niyamara me yabu re niyalma be ilibu mbi ,	verb::vv e::cve verb::vv e::npst.ptcp nv::nv cm::acc verb::vv e::fve.npst mark::comma
ehe sain be dere bani rakū ,	nv::adj nv::adj cm::acc nv::nv verb::vv e::npst.ptcp.neg mark::comma
men i daila fi gaji ha gurun i eden funce he tuta ha gurun ,	pn::1pl.excl cm::gen verb::vv e::cve verb::vv e::pst.ptcp nv::nv cm::gen nv::adj verb::vv e::pst.ptcp verb::vv e::pst.ptcp nv::nv mark::comma
emu minggan ihan ,	nv::nv nv::nv nv::nv mark::comma
uhereme moo i ton ,	nv::nv nv::nv cm::gen nv::nv mark::comma
○ juwan jakūn de ,	mark::circle nv::nv nv::nv cm::dat mark::comma
han ,	nv::nv mark::comma
han de buda ulebu re yakamu hendu me ,	nv::nv cm::dat nv::nv verb::vv e::npst.ptcp nn::prpn.person verb::vv e::cve mark::comma
○ ping_lu_pu i šeo_pu de ,	mark::circle nn::prpn cm::gen nv::nv cm::dat mark::comma
○ juwan jakūn de ,	mark::circle nv::nv nv::nv cm::dat mark::comma
manggūs ,	nn::prpn.person mark::comma
juwe biya i orin uyun i inenggi ,	nv::nv nv::nv cm::gen nv::nv nv::nv cm::gen nv::nv mark::comma
solho gurun i ping_an_doo_golo i guwan_ca_ši hergen i piyoo_hūwa ,	nv::nv nv::nv cm::gen nn::prpn cm::gen nv::nv nv::nv cm::gen nn::prpn mark::comma
gišan ,	nn::prpn.person mark::comma
duici_beile de bi he donggo_efu i duin niru be amba_beile de bu he ,	nn::prpn cm::dat verb::vv e::pst.ptcp nn::prpn cm::gen nv::nv nv::nv cm::acc nn::prpn cm::dat verb::vv e::pst.ptcp mark::comma
te aisin gurun i han ,	nv::nv nv::nv nv::nv cm::gen nv::nv mark::comma
amala dasa ha ba de min i beye te ki seme hendu he manggi ,	nv::nv verb::vv e::pst.ptcp nv::nv cm::dat pn::1sg cm::gen nv::nv verb::vv e::fve.opt comp verb::vv e::pst.ptcp nv::nv mark::comma
adarame o ci ufara mbi seme saikan bodo ∅ ,	nv::nv verb::vv e::cve verb::vv e::fve.npst comp nv::adj verb::vv e::fve.imperative mark::comma
waka be uru ,	nv::adj cm::acc nv::nv mark::comma
○ ginjeo ,	mark::circle nn::prpn.plc mark::comma
ilaci jergi fujiyang obu ha ,	nv::nv nv::nv nv::nv verb::vv e::pst.ptcp mark::comma
hošo i amin_beile jeng_giyang de sunja minggan cooha be gai fi gene he ,	nv::nv cm::gen nn::prpn nn::prpn cm::dat nv::nv nv::nv nv::nv cm::acc verb::vv e::cve verb::vv e::pst.ptcp mark::comma
jeku sunja tanggū sunja hule ,	nv::nv nv::nv nv::nv nv::nv nv::nv mark::comma
bonio erin de giran bene he manggi ,	nv::nv nv::nv cm::dat nv::nv verb::vv e::pst.ptcp nv::nv mark::comma
mao_wen_lung be bu rakū ci ,	nn::prpn cm::acc verb::vv e::npst.ptcp.neg e::cve mark::comma
uyun biya i ice ninggun de cooha jura mbi seme ,	nv::nv nv::nv cm::gen nv::adj nv::nv cm::dat nv::nv verb::vv e::fve.npst comp mark::comma
emu gūsa i emte iogi ,	nv::nv nv::nv cm::gen nv::nv nv::nv mark::comma
tuba de guri me gene ∅ seme wasimbu ha .	nv::nv cm::dat verb::vv e::cve verb::vv e::fve.imperative comp verb::vv e::pst.ptcp mark::period
hecen i geren irgen de wasimbu ha ,	nv::nv cm::gen nv::adj nv::nv cm::dat verb::vv e::pst.ptcp mark::comma
labsihi eniye sargan ,	nn::prpn.person nv::nv nv::nv mark::comma
○ gulu šanggiyan i g'ai_jeo de te he jang_iogi be siren yabu re niyalma ,	mark::circle nv::adj nv::nv cm::gen nn::prpn cm::dat verb::vv e::pst.ptcp nn::prpn cm::acc nv::nv verb::vv e::npst.ptcp nv::nv mark::comma
daise beiguwan ,	nv::nv nv::nv mark::comma
hai_si gumu_wei i du_jy_hūi jakūn biya i orin sunja de baha ha .	nn::prpn nn::prpn cm::gen nv::nv nv::nv nv::nv cm::gen nv::nv nv::nv cm::dat verb::vv e::pst.ptcp mark::period
seoken bi banda rakū šada rakū kice me akūmbu ki ,	nn::prpn.person pn::1sg verb::vv e::npst.ptcp.neg verb::vv e::npst.ptcp.neg verb::vv e::cve verb::vv e::fve.opt mark::comma
dobori duli me gene hebi ,	nv::nv verb::vv e::cve verb::vv e::fve.prs.prf mark::comma
juwan juwe ci jergi ,	nv::nv verb::vv e::cve nv::nv mark::comma
subahai_gufu de unggi he ,	nn::prpn cm::dat verb::vv e::pst.ptcp mark::comma
ihan_alin de afa ha seme ,	nn::prpn cm::dat verb::vv e::pst.ptcp comp mark::comma
nikan i wan_lii_han ,	nv::nv cm::gen nn::prpn mark::comma
○ namida be ,	mark::circle nn::prpn.person cm::acc mark::comma
min i juse omosi jalan hala me han de gosibu me wesihun banji kini .	pn::1sg cm::gen nv::nv nv::nv nv::nv verb::vv e::cve nv::nv cm::dat verb::vv e::cve nv::nv verb::vv e::fve.opt mark::period
temen ,	nv::nv mark::comma
hoton i dolo emu jergi sacira me afa fi burula me boo boo i hūwa de ,	nv::nv cm::gen nv::nv nv::nv nv::nv verb::vv e::cve verb::vv e::cve verb::vv e::cve nv::nv nv::nv cm::gen nv::nv cm::dat mark::comma
emu niru i sunjata uksin be gai fi ,	nv::nv nv::nv cm::gen nv::nv nv::nv cm::acc verb::vv e::cve mark::comma
sunja yan i weile waliya mbi ,	nv::nv nv::nv cm::gen nv::nv verb::vv e::fve.npst mark::comma
gabta me waji ha manggi ,	verb::vv e::cve verb::vv e::pst.ptcp nv::nv mark::comma
jai an_šan ,	nv::nv nn::prpn mark::comma
jori ha jurgan be jurce rakū seme ,	verb::vv e::pst.ptcp nv::nv cm::acc verb::vv e::npst.ptcp.neg comp mark::comma
daha mbi se ci ebu ∅ ,	verb::vv e::fve.npst verb::vv e::cve verb::vv e::fve.imperative mark::comma
lio_tsanjiyang ,	nn::prpn mark::comma
fakca ha de ,	verb::vv e::pst.ptcp cm::dat mark::comma
šajin i amban sa beide he bi he ,	nv::nv cm::gen nv::nv nv::nv verb::vv e::pst.ptcp verb::vv e::pst.ptcp mark::comma
ula de emu feye baha ha ,	nv::nv cm::dat nv::nv nv::nv verb::vv e::pst.ptcp mark::comma
meni meni gūsa i niyalma de bu ∅ ,	nv::nv nv::nv nv::nv cm::gen nv::nv cm::dat verb::vv e::fve.imperative mark::comma
juwan emuci jergi de jakūn gūsa i geren monggoso be ,	nv::nv nv::nv nv::nv cm::dat nv::nv nv::nv cm::gen nv::adj nv::nv cm::acc mark::comma
nime me buce re jaka de ,	verb::vv e::cve verb::vv e::npst.ptcp nv::nv cm::dat mark::comma
beye buce kini ,	nv::nv verb::vv e::fve.opt mark::comma
ilan yan i aisin i hūntahan taili ,	nv::nv nv::nv cm::gen nv::nv cm::gen nv::nv nv::nv mark::comma
julge monggo gurun i han ,	nv::nv nv::nv nv::nv cm::gen nv::nv mark::comma
juse suwen be eje kini seme hendu re ngge ere inu .	nv::nv pn::2pl cm::acc verb::vv e::fve.opt comp verb::vv e::npst.ptcp nmlz::nmlz nv::nv nv::nv mark::period
jai liyoodung ni hecen de ,	nv::nv nn::prpn.plc cm::gen nv::nv cm::dat mark::comma
beiguwan ,	nv::nv mark::comma
abka i acabu ha be gūni rakū ,	nv::nv cm::gen verb::vv e::pst.ptcp cm::acc verb::vv e::npst.ptcp.neg mark::comma
gūwalca be suwen i juwe nofi hasa ebu ∅ seme ebubu fi ,	nn::prpn.plc cm::acc pn::2pl cm::gen nv::nv nv::nv nv::nv verb::vv e::fve.imperative comp verb::vv e::cve mark::comma
cen_iogi gene fi hendu me ,	nn::prpn verb::vv e::cve verb::vv e::cve mark::comma
○ juwan uyun de ,	mark::circle nv::nv nv::nv cm::dat mark::comma
hakūn baksi seme duin niyalma i caliyan ,	nn::prpn.person nv::nv comp nv::nv nv::nv cm::gen nv::nv mark::comma
muse i cooha i niyalma be sabu fi amasi gene re de ,	nv::nv cm::gen nv::nv cm::gen nv::nv cm::acc verb::vv e::cve nv::nv verb::vv e::npst.ptcp cm::dat mark::comma
sui ambula o ci ,	nv::nv nv::nv verb::vv e::cve mark::comma
emu niru i niyalma emu niru bu fi yabu mbihe ,	nv::nv nv::nv cm::gen nv::nv nv::nv nv::nv verb::vv e::cve verb::vv e::fve.pst.ipfv mark::comma
○ hai_jeo de anafu te me gene he bayara niyalma be ,	mark::circle nn::prpn cm::dat nv::nv verb::vv e::cve verb::vv e::pst.ptcp nv::nv nv::nv cm::acc mark::comma
baha ra šang ni dabala ,	verb::vv e::npst.ptcp nv::nv cm::gen ptcl mark::comma
nikan i morin turga o ci ,	nv::nv cm::gen nv::nv nv::adj verb::vv e::cve mark::comma
gemu emu ba de tehere me te fi ,	nv::nv nv::nv nv::nv cm::dat verb::vv e::cve verb::vv e::cve mark::comma
suwen be golo mbi o ,	pn::2pl cm::acc verb::vv e::fve.npst ptcl mark::comma
jai ji he elcin de ,	nv::nv verb::vv e::pst.ptcp nv::nv cm::dat mark::comma
umiyesun etubu fi ,	nv::nv verb::vv e::cve mark::comma
ula de emu feye baha ha seme nadan yan i weile waliya mbi ,	nv::nv cm::dat nv::nv nv::nv verb::vv e::pst.ptcp comp nv::nv nv::nv cm::gen nv::nv verb::vv e::fve.npst mark::comma
monggo be dain daila me deribu fi ,	nv::nv cm::acc nv::nv verb::vv e::cve verb::vv e::cve mark::comma
hai_si jibingna_wei i du_jy_hūi_ciyanši salutun i omolo badamu ,	nn::prpn nn::prpn cm::gen nv::nv nn::prpn.person cm::gen nv::nv nn::prpn.person mark::comma
encule me bahana rakū o ci ,	verb::vv e::cve verb::vv e::npst.ptcp.neg verb::vv e::cve mark::comma
juwe tumen adun i dolo sonjo fi yalu ha sain morin i bethe be abka huthu fi feksibu hekū ,	nv::nv nv::nv nv::nv cm::gen nv::nv verb::vv e::cve verb::vv e::pst.ptcp nv::adj nv::nv cm::gen nv::nv cm::acc nv::nv verb::vv e::cve verb::vv e::pst.ptcp.neg mark::comma
sain mujilen i geren be uji ∅ ,	nv::adj nv::nv cm::gen nv::adj cm::acc verb::vv e::fve.imperative mark::comma
min i beye gene fi gisure fi ,	pn::1sg cm::gen nv::nv verb::vv e::cve verb::vv e::cve mark::comma
han de waka sabu fi weile baha fi boo yada kini ,	nv::nv cm::dat nv::adj verb::vv e::cve nv::nv verb::vv e::cve nv::nv verb::vv e::fve.opt mark::comma
uheri susai tumen ilan minggan ninggun tanggū jakūnju emu hule nadan to nadan sin .	nv::nv nv::nv nv::nv nv::nv nv::nv nv::nv nv::nv nv::nv nv::nv nv::nv nv::nv nv::nv nv::nv nv::nv mark::period
horon sinda me yabu ∅ ,	nv::nv verb::vv e::cve verb::vv e::fve.imperative mark::comma
ilan beiguwan ,	nv::nv nv::nv mark::comma
tede ai ba i jeku be gana fi ulebu mbi ,	nv::nv nv::nv nv::nv cm::gen nv::nv cm::acc verb::vv e::cve verb::vv e::fve.npst mark::comma
te he boo weile he jeku yooni bi ,	verb::vv e::pst.ptcp nv::nv verb::vv e::pst.ptcp nv::nv nv::nv verb::vv.npst mark::comma
han i fafun i tondo i kadala mbi ,	nv::nv cm::gen nv::nv cm::gen nv::adj cm::gen verb::vv e::fve.npst mark::comma
○ ice juwe de ,	mark::circle nv::adj nv::nv cm::dat mark::comma
han sin i enteke korso ho gisun bi ci ,	nv::nv pn::2sg cm::gen nv::nv verb::vv e::pst.ptcp nv::nv verb::vv e::cve mark::comma
min i ere gisun be suwen be inu saiša mbi dere seme hendu he ,	pn::1sg cm::gen nv::nv nv::nv cm::acc pn::2pl cm::acc nv::nv verb::vv e::fve.npst ptcl comp verb::vv e::pst.ptcp mark::comma
○ aisingga ,	mark::circle nv::adj mark::comma
darhan_efu ,	nn::prpn mark::comma
usin weile me baha rakū o fi ,	nv::nv verb::vv e::cve verb::vv e::npst.ptcp.neg verb::vv e::cve mark::comma
beile ama se ,	nv::nv nv::nv nv::nv mark::comma
hondai ,	nn::prpn.person mark::comma
han i afabu ha jurgan be ,	nv::nv cm::gen verb::vv e::pst.ptcp nv::nv cm::acc mark::comma
tungken tū me ,	nv::nv verb::vv e::cve mark::comma
bisi re i teile lioha i dogon de hūdun benji ∅ .	verb::vv e::npst.ptcp cm::gen nv::nv nn::prpn.plc cm::gen nv::nv cm::dat nv::adj verb::vv e::fve.imperative mark::period
busan emhun tuci fi kadala me jurce me cooha unggi hebi ,	nn::prpn.person nv::nv verb::vv e::cve verb::vv e::cve verb::vv e::cve nv::nv verb::vv e::fve.prs.prf mark::comma
juwete honin bu he ,	nv::nv nv::nv verb::vv e::pst.ptcp mark::comma
tondo i gisure rakū ,	nv::adj cm::gen verb::vv e::npst.ptcp.neg mark::comma
badanai ,	nn::prpn.person mark::comma
muse i uji he be daha me ,	nv::nv cm::gen verb::vv e::pst.ptcp cm::acc verb::vv e::cve mark::comma
muke de feku fi buce rahū ,	nv::nv cm::dat verb::vv e::cve verb::vv e::fve.prv mark::comma
beile se ,	nv::nv nv::nv mark::comma
tere tondo amban sa be daha ha buya niyalma be aca fi ,	nv::nv nv::adj nv::nv nv::nv cm::acc verb::vv e::pst.ptcp nv::adj nv::nv cm::acc verb::vv e::cve mark::comma
arki nure omi re ngge ai sain ,	nv::nv nv::nv verb::vv e::npst.ptcp nmlz::nmlz nv::nv nv::adj mark::comma
monggo gurun i korcin i minggan_beile aca me ji mbi seme donji fi ,	nv::nv nv::nv cm::gen nn::prpn.plc cm::gen nn::prpn verb::vv e::cve verb::vv e::fve.npst comp verb::vv e::cve mark::comma
tsanjiyang juwete morin ,	nv::nv nv::nv nv::nv mark::comma
tere minggan_beile nene me sahaliyan meihe aniya ,	nv::nv nn::prpn verb::vv e::cve nv::adj nv::nv nv::nv mark::comma
iogi tsanjiyang fakca hakū seme wesihun han de ala ∅ ,	nv::nv nv::nv verb::vv e::pst.ptcp.neg comp nv::nv nv::nv cm::dat verb::vv e::fve.imperative mark::comma
suje gūsin sunja ,	nv::nv nv::nv nv::nv mark::comma
ula de ishun emu feye baha ha seme ,	nv::nv cm::dat nv::nv nv::nv nv::nv verb::vv e::pst.ptcp comp mark::comma
beye buce kini ,	nv::nv verb::vv e::fve.opt mark::comma
efu ,	nv::nv mark::comma
ice niyalma o fi meyen be daha me gene hebi dere seme ,	nv::adj nv::nv verb::vv e::cve nv::nv cm::acc verb::vv e::cve verb::vv e::fve.prs.prf ptcl comp mark::comma
be_tu_cang ,	nn::prpn mark::comma
beiguwan i hergen bu he .	nv::nv cm::gen nv::nv verb::vv e::pst.ptcp mark::period
buya niyalma nikan i aika duri me weile ara rahū ,	nv::adj nv::nv nv::nv cm::gen nv::nv verb::vv e::cve nv::nv verb::vv e::fve.prv mark::comma
julesi lioi_šūn_keo de isi tala ,	nv::nv nn::prpn cm::dat verb::vv e::cve mark::comma
weheden ,	nn::prpn.person mark::comma
jocit_keoken ,	nn::prpn mark::comma
morin yalu ci ,	nv::nv verb::vv e::cve mark::comma
in i burula ha orin sunjaci fulahūn meihe aniya ,	pn::3sg cm::gen verb::vv e::pst.ptcp nv::nv nv::nv nv::nv nv::nv nv::nv mark::comma
tanggūta šusiha šusihala fi oforo šan toko ho .	nv::nv nv::nv verb::vv e::cve nv::nv nv::nv verb::vv e::pst.ptcp mark::period
emu jergi buce re weile be guwebu mbi .	nv::nv nv::nv verb::vv e::npst.ptcp nv::nv cm::acc verb::vv e::fve.npst mark::period
boo i uji he ujima ,	nv::nv cm::gen verb::vv e::pst.ptcp nv::nv mark::comma
tere simiyan hecen i šun dekde re ergi ibiyan_tun se re gašan i yuwan_fung_ming gebungge niyalma ,	nv::nv nn::prpn.plc nv::nv cm::gen nv::nv verb::vv e::npst.ptcp nv::nv nn::prpn verb::vv e::npst.ptcp nv::nv cm::gen nn::prpn nv::adj nv::nv mark::comma
○ erdeni_baksi ,	mark::circle nn::prpn mark::comma
banji ha ba ,	verb::vv e::pst.ptcp nv::nv mark::comma
hošo i beile ,	nv::nv cm::gen nv::nv mark::comma
jai afabu ha weile be mute mbi ,	nv::nv verb::vv e::pst.ptcp nv::nv cm::acc verb::vv e::fve.npst mark::comma
jai jergi iogi obu ha ,	nv::nv nv::nv nv::nv verb::vv e::pst.ptcp mark::comma
buta fi baha ha tasha silun seke dobihi hailun elbihe ulhu ,	verb::vv e::cve verb::vv e::pst.ptcp nv::nv nv::nv nv::nv nv::nv nv::nv nv::nv nv::nv mark::comma
han de ala hakū ,	nv::nv cm::dat verb::vv e::pst.ptcp.neg mark::comma
amba nikan gurun i wan_lii_han de bithe wesimbu me habša ha manggi ,	nv::adj nv::nv nv::nv cm::gen nn::prpn cm::dat nv::nv verb::vv e::cve verb::vv e::pst.ptcp nv::nv mark::comma
tere ci jilakan ai bi ,	nv::nv cm::abl nv::nv nv::nv verb::vv.npst mark::comma
ji he gisun ,	verb::vv e::pst.ptcp nv::nv mark::comma
lii_šeo_pu be dobori jugūn jori me gama me amca ha ,	nn::prpn cm::acc nv::nv nv::nv verb::vv e::cve verb::vv e::cve verb::vv e::pst.ptcp mark::comma
tere ci tambai ,	nv::nv cm::abl nn::prpn.person mark::comma
gurun i facuhūn i fon ajige han kai ,	nv::nv cm::gen nv::adj cm::gen nv::nv nv::adj nv::nv ptcl mark::comma
jakūn amban i jafa fi niyakūra ha bithe be ali me gai fi ,	nv::nv nv::nv cm::gen verb::vv e::cve verb::vv e::pst.ptcp nv::nv cm::acc verb::vv e::cve verb::vv e::cve mark::comma
muse ere dorgi ba de te fi cooha yabu ci ,	pn::1pl.incl nv::nv nv::nv nv::nv cm::dat verb::vv e::cve nv::nv verb::vv e::cve mark::comma
fe_ala de unggi he bithe i gisun ,	nn::prpn cm::dat verb::vv e::pst.ptcp nv::nv cm::gen nv::nv mark::comma
orin juwe i cimari tasha erin de loo gebungge ba be dule fi ,	nv::nv nv::nv cm::gen nv::nv nv::nv nv::nv cm::dat nv::nv nv::adj nv::nv cm::acc verb::vv e::cve mark::comma
acan tanggū ulhūma ,	nv::nv nv::nv nv::nv mark::comma
huthu fi asara ha niyalma be nacin i jaka de gaji me ainu ji he seme susai šusiha šusihala ha ,	verb::vv e::cve verb::vv e::pst.ptcp nv::nv cm::acc nv::nv cm::gen nv::nv cm::dat verb::vv e::cve nv::nv verb::vv e::pst.ptcp comp nv::nv nv::nv verb::vv e::pst.ptcp mark::comma
ma_ciyan_jai i niyalma ,	nn::prpn cm::gen nv::nv mark::comma
han ,	nv::nv mark::comma
jeng_giyang de tabcila fi olji ambula jafa ha seme ,	nn::prpn cm::dat verb::vv e::cve nv::nv nv::nv verb::vv e::pst.ptcp comp mark::comma
fujiyang ni hergen i joriktu_ecike de tofohon yan ,	nv::nv cm::gen nv::nv cm::gen nn::prpn cm::dat nv::nv nv::nv mark::comma
uheri dehi weihu be ,	nv::nv nv::nv nv::nv cm::acc mark::comma
eihen juwan ninggun gaji ha .	nv::nv nv::nv nv::nv verb::vv e::pst.ptcp mark::period
bu he niyalma be gemu gai ha ,	verb::vv e::pst.ptcp nv::nv cm::acc nv::nv verb::vv e::pst.ptcp mark::comma
sunja minggan hule bi ,	nv::nv nv::nv nv::nv verb::vv.npst mark::comma
sain sabu ha niyalma be bata kimun seme gūni rakū gung ara fi wesibu mbihe ,	nv::adj verb::vv e::pst.ptcp nv::nv cm::acc nv::nv nv::nv comp verb::vv e::npst.ptcp.neg nv::nv verb::vv e::cve verb::vv e::fve.pst.ipfv mark::comma
gurun be gemu bi baha ha ,	nv::nv cm::acc nv::nv pn::1sg verb::vv e::pst.ptcp mark::comma
giya_jing ni gūsin ilaci aniya jakūn biya i orin uyun de baha ha ,	nn::prpn cm::gen nv::nv nv::nv nv::nv nv::nv nv::nv cm::gen nv::nv nv::nv cm::dat verb::vv e::pst.ptcp mark::comma
alban i dabsun emu tumen gin benji he .	nv::nv cm::gen nv::nv nv::nv nv::nv nv::nv verb::vv e::pst.ptcp mark::period
tere ci šajila fi mao_wen_lung ni nikan de jeku uncabu rakū ,	nv::nv cm::abl verb::vv e::cve nn::prpn cm::gen nv::nv cm::dat nv::nv verb::vv e::npst.ptcp.neg mark::comma
ere emu jurgan i weile ,	nv::nv nv::nv nv::nv cm::gen nv::nv mark::comma
nikan suwen i beye be suwe wakala me ,	nv::nv pn::2pl cm::gen nv::nv cm::acc pn::2pl verb::vv e::cve mark::comma
cūhur_beile de ,	nn::prpn cm::dat mark::comma
jai weile waji me hendu me ,	nv::nv nv::nv verb::vv e::cve verb::vv e::cve mark::comma
hai_si jatala_wei i du_jy_hūi_tungjy dorohon i omolo jajuhū ,	nn::prpn nn::prpn cm::gen nv::nv nv::adj cm::gen nv::nv nn::prpn.person mark::comma
fu_jeo ba i niyalma ,	nn::prpn nv::nv cm::gen nv::nv mark::comma
han be tondo seme abka saiša fi gosi mbi ,	nv::nv cm::acc nv::adj comp nv::nv verb::vv e::cve verb::vv e::fve.npst mark::comma
ooba_taiji unggi he bithe i gisun ,	nn::prpn verb::vv e::pst.ptcp nv::nv cm::gen nv::nv mark::comma
hai_si mo_ta_wei i du_jy_hūi_ciyanši jakūci i omolo tuta ,	nn::prpn nn::prpn cm::gen nv::nv nv::nv cm::gen nv::nv nn::prpn.person mark::comma
uju jergi iogi obu ha ,	nv::nv nv::nv nv::nv verb::vv e::pst.ptcp mark::comma
ere weile be ,	nv::nv nv::nv cm::acc mark::comma
siye_man_dzy ,	nn::prpn mark::comma
amba gecuheri juwe ,	nv::adj nv::nv nv::nv mark::comma
sunja tatan i kalka i beile se ,	nv::nv nv::nv cm::gen nv::nv cm::gen nv::nv nv::nv mark::comma
ba be waliya fi bai me ji he gung ,	nv::nv cm::acc verb::vv e::cve verb::vv e::cve verb::vv e::pst.ptcp nv::nv mark::comma
juse omosi jalan hala me ere hergen be lashala rakū ,	nv::nv nv::nv nv::nv verb::vv e::cve nv::nv nv::nv cm::acc verb::vv e::npst.ptcp.neg mark::comma
eiten doro yoso be gemu bi donji habi kai ,	nv::adj nv::nv nv::nv cm::acc nv::nv pn::1sg verb::vv e::fve.prs.prf ptcl mark::comma
juwe ilan ba i cooha aca fi jai suwele ∅ ,	nv::nv nv::nv nv::nv cm::gen nv::nv verb::vv e::cve nv::nv verb::vv e::fve.imperative mark::comma
jakūta de emu feye baha ha seme nadan yan i weile waliya mbi ,	nv::nv cm::dat nv::nv nv::nv verb::vv e::pst.ptcp comp nv::nv nv::nv cm::gen nv::nv verb::vv e::fve.npst mark::comma
hanciki gurun i sain banji re doro geli akū doro bi o ,	nv::adj nv::nv cm::gen nv::adj verb::vv e::npst.ptcp nv::nv nv::nv nv::adj nv::nv verb::vv.npst ptcl mark::comma
orin gida ,	nv::nv nv::nv mark::comma
amba_beile ,	nn::prpn mark::comma
juwan juwe de tuci fi ,	nv::nv nv::nv cm::dat verb::vv e::cve mark::comma
amala keyen i ergi de abka aga hakūbi ,	nv::nv nn::prpn.plc cm::gen nv::nv cm::dat nv::nv verb::vv e::fve.prs.prf.neg mark::comma
tere ci koro aibi ,	nv::nv cm::abl nv::nv nv::nv mark::comma
○ orin uyun de ,	mark::circle nv::nv nv::nv cm::dat mark::comma
manggūltai_beile ,	nn::prpn mark::comma
guwang_tse_sin bedzung ,	nn::prpn nv::nv mark::comma
iogi munggu ,	nv::nv nn::prpn.person mark::comma
abka de gashū ha be gele rakū ūn ,	nv::nv cm::dat verb::vv e::pst.ptcp cm::acc verb::vv e::npst.ptcp.neg ptcl mark::comma
tere ci tuci ke cooha be bošo me gama fi ,	nv::nv cm::abl verb::vv e::pst.ptcp nv::nv cm::acc verb::vv e::cve verb::vv e::cve mark::comma
fakca ha de ,	verb::vv e::pst.ptcp cm::dat mark::comma
tere tu wece re ba de ,	nv::nv nv::nv verb::vv e::npst.ptcp nv::nv cm::dat mark::comma
donggo i jase be nikan i cooha dosinji ha seme ,	nn::prpn.plc cm::gen nv::nv cm::acc nv::nv cm::gen nv::nv verb::vv e::pst.ptcp comp mark::comma
bi suwen i tere jurgan be yabu rakū ,	pn::1sg pn::2pl cm::gen nv::nv nv::nv cm::acc verb::vv e::npst.ptcp.neg mark::comma
gūni ha gisun be bithe ara fi ,	verb::vv e::pst.ptcp nv::nv cm::acc nv::nv verb::vv e::cve mark::comma
tsanjiyang ni hergen i yehe i subahai ,	nv::nv cm::gen nv::nv cm::gen nv::nv cm::gen nn::prpn.person mark::comma
jirga ra inenggi bi dere ,	verb::vv e::npst.ptcp nv::nv verb::vv.npst ptcl mark::comma
hai_jeo i lio_tsanjiyang ,	nn::prpn cm::gen nn::prpn mark::comma
min i kadala ra emu gūsa i cooha be han i fafun i tondo i kadala mbi ,	pn::1sg cm::gen verb::vv e::npst.ptcp nv::nv nv::nv cm::gen nv::nv cm::acc nv::nv cm::gen nv::nv cm::gen nv::adj cm::gen verb::vv e::fve.npst mark::comma
nikan gisun sa ra ,	nv::nv nv::nv verb::vv e::npst.ptcp mark::comma
emu niyalma be jafa fi benji he ,	nv::nv nv::nv cm::acc verb::vv e::cve verb::vv e::pst.ptcp mark::comma
mahala ,	nv::nv mark::comma
geren beile se hebde fi han de donjibu ha ,	nv::adj nv::nv nv::nv verb::vv e::cve nv::nv cm::dat verb::vv e::pst.ptcp mark::comma
faksi ahatu be wesibu fi beiguwan obu ha .	nv::nv nn::prpn.person cm::acc verb::vv e::cve nv::nv verb::vv e::pst.ptcp mark::period
jai uka me ubaša me gene re weile be gercile fi tašan o ho bi ci ,	nv::nv verb::vv e::cve verb::vv e::cve verb::vv e::npst.ptcp nv::nv cm::acc verb::vv e::cve nv::nv verb::vv e::pst.ptcp verb::vv e::cve mark::comma
abka i hūturingga han i tukiye fi uji he be gūni rakū ,	nv::nv cm::gen nv::adj nv::nv cm::gen verb::vv e::cve verb::vv e::pst.ptcp cm::acc verb::vv e::npst.ptcp.neg mark::comma
ice sunja de fung_hūwang_ceng ni lii_iogi de wasimbu ha ,	nv::adj nv::nv cm::dat nn::prpn cm::gen nn::prpn cm::dat verb::vv e::pst.ptcp mark::comma
juwe minggan nadan tanggū kadala ra niyalma ,	nv::nv nv::nv nv::nv nv::nv verb::vv e::npst.ptcp nv::nv mark::comma
min i sui be gūwa de bu he ,	pn::1sg cm::gen nv::nv cm::acc nv::nv cm::dat verb::vv e::pst.ptcp mark::comma
kakduri juwe tanggū cooha be gai fi ,	nn::prpn.person nv::nv nv::nv nv::nv cm::acc verb::vv e::cve mark::comma
tere be naka fi ,	nv::nv cm::acc verb::vv e::cve mark::comma
tuba ci daha me ji he niyalma be ,	nv::nv cm::abl verb::vv e::cve verb::vv e::pst.ptcp nv::nv cm::acc mark::comma
min i ama be gemu wa ha ,	pn::1sg cm::gen nv::nv cm::acc nv::nv verb::vv e::pst.ptcp mark::comma
cahar i han si hendu me ,	nn::prpn.plc cm::gen nv::nv pn::2sg verb::vv e::cve mark::comma
akū de baha ha sele ,	nv::adj cm::dat verb::vv e::pst.ptcp nv::nv mark::comma
gūwa gašan de burula me jaila habi se re ,	nv::nv nv::nv cm::dat verb::vv e::cve verb::vv e::fve.prs.prf verb::vv e::npst.ptcp mark::comma
afabu ha weile be mute mbi ,	verb::vv e::pst.ptcp nv::nv cm::acc verb::vv e::fve.npst mark::comma
muse gemu han be alhūda me tondo banji ki ,	pn::1pl.incl nv::nv nv::nv cm::acc verb::vv e::cve nv::adj verb::vv e::fve.opt mark::comma
tungken yooni bu he ,	nv::nv nv::nv verb::vv e::pst.ptcp mark::comma
ere nadan niyalma ula de emte feye baha ha ,	nv::nv nv::nv nv::nv nv::nv cm::dat nv::nv nv::nv verb::vv e::pst.ptcp mark::comma
ere weile uttu waji ∅ ,	nv::nv nv::nv nv::nv verb::vv e::fve.imperative mark::comma
uli moo duin ,	nv::nv nv::nv nv::nv mark::comma
tsemdehe ere ilan niyalma be baha fi ,	nn::prpn.person nv::nv nv::nv nv::nv cm::acc verb::vv e::cve mark::comma
usingga ,	nv::adj mark::comma
untuhun beye i teile tuci ke ,	nv::adj nv::nv cm::gen nv::nv verb::vv e::pst.ptcp mark::comma
han i beye jase ci orin ba i dube de isinji fi ,	nv::nv cm::gen nv::nv nv::nv cm::abl nv::nv nv::nv cm::gen nv::nv cm::dat verb::vv e::cve mark::comma
ambula tacibu me hendu ci ,	nv::nv verb::vv e::cve verb::vv e::cve mark::comma
○ orin ilan de ,	mark::circle nv::nv nv::nv cm::dat mark::comma
jakūn gūsa i beile ,	nv::nv nv::nv cm::gen nv::nv mark::comma
kiowan_ceng_liyang beiguwan be fe_ala de daisela me unggi he ,	nn::prpn nv::nv cm::acc nn::prpn cm::dat verb::vv e::cve verb::vv e::pst.ptcp mark::comma
jao_kindzung ,	nn::prpn mark::comma
baibi bu fi unggi he ngge ,	nv::nv verb::vv e::cve verb::vv e::pst.ptcp nmlz::nmlz mark::comma
jušen i emgi kamci me te he nikan i emu angga de sunja sin jeku bisi re niyalma be ,	nv::nv cm::gen nv::nv verb::vv e::cve verb::vv e::pst.ptcp nv::nv cm::gen nv::nv nv::nv cm::dat nv::nv nv::nv nv::nv verb::vv e::npst.ptcp nv::nv cm::acc mark::comma
han i tacibu ha tondo fafun be jurce rakū banji ci ,	nv::nv cm::gen verb::vv e::pst.ptcp nv::adj nv::nv cm::acc verb::vv e::npst.ptcp.neg verb::vv e::cve mark::comma
ajige_age de benji he emu morin de ,	nn::prpn cm::dat verb::vv e::pst.ptcp nv::nv nv::nv cm::dat mark::comma
šajin ,	nv::nv mark::comma
ilaci jergi beiguwan i caliyan ,	nv::nv nv::nv nv::nv cm::gen nv::nv mark::comma
orin ilan de isinji ha .	nv::nv nv::nv cm::dat verb::vv e::pst.ptcp mark::period
fusi_efu ,	nn::prpn mark::comma
g'ai_jeo de unggi he ,	nn::prpn cm::dat verb::vv e::pst.ptcp mark::comma
yasun ,	nn::prpn.person mark::comma
○ ice duin de ,	mark::circle nv::adj nv::nv cm::dat mark::comma
emu niru i niyalma juwe ilan jergi fere de baha fi dosi me yabu ha ,	nv::nv nv::nv cm::gen nv::nv nv::nv nv::nv nv::nv nv::nv cm::dat verb::vv e::cve verb::vv e::cve verb::vv e::pst.ptcp mark::comma
sogi ,	nv::nv mark::comma
abka gosi fi guwangning ni ba šanaha ci ebsi gemu min de bu he ,	nv::nv verb::vv e::cve nn::prpn.plc cm::gen nv::nv nn::prpn.plc cm::abl nv::nv nv::nv pn::1sg cm::dat verb::vv e::pst.ptcp mark::comma
han sinda ci amban sa kai ,	nv::nv verb::vv e::cve nv::nv nv::nv ptcl mark::comma
amba_beile ,	nn::prpn mark::comma
ba ba de yabu ci ,	nv::nv nv::nv cm::dat verb::vv e::cve mark::comma
○ ice jakūn de ,	mark::circle nv::adj nv::nv cm::dat mark::comma
solbina ,	nn::prpn.person mark::comma
manggūldai ,	nn::prpn.person mark::comma
sukū be etu me banji mbi kai ,	nv::nv cm::acc verb::vv e::cve verb::vv e::fve.npst ptcl mark::comma
tungken ,	nv::nv mark::comma
baha ha nikan de fonji re jaka de ,	verb::vv e::pst.ptcp nv::nv cm::dat verb::vv e::npst.ptcp nv::nv cm::dat mark::comma
fu_jeo ,	nn::prpn mark::comma
kuwakuwa emu juru ,	nv::nv nv::nv nv::nv mark::comma
keyen i minggan eje he be ,	nn::prpn.plc cm::gen nv::nv verb::vv e::pst.ptcp cm::acc mark::comma
cargi ci jide re mejige be umai baha rakū ci ,	nv::nv cm::abl verb::vv e::npst.ptcp nv::nv cm::acc nv::nv verb::vv e::npst.ptcp.neg e::cve mark::comma
suwen de komso bu ci ,	pn::2pl cm::dat nv::adj verb::vv e::cve mark::comma
gūsin yan menggun šangna ha ,	nv::nv nv::nv nv::nv verb::vv e::pst.ptcp mark::comma
beri asha ci ojo rakū niyalma be ,	nv::nv verb::vv e::cve verb::vv e::npst.ptcp.neg nv::nv cm::acc mark::comma
tongki fuka sinda ha hergen i dangse .	nv::nv nv::nv verb::vv e::pst.ptcp nv::nv cm::gen nv::nv mark::period
gaha ,	nv::nv mark::comma
tere be wa ha seme aina ra ,	nv::nv cm::acc verb::vv e::pst.ptcp comp verb::vv e::npst.ptcp mark::comma
niyaman hūncihin seme harša rakū ,	nv::nv nv::nv comp verb::vv e::npst.ptcp.neg mark::comma
juwe tanggū beri niru ,	nv::nv nv::nv nv::nv nv::nv mark::comma
tsanjiyang ,	nv::nv mark::comma
singgiya iogi ,	nn::prpn.person nv::nv mark::comma
fusi ,	nn::prpn.plc mark::comma
hoton de ali me gai fi afa fi cahar baha rakū bedere mbi ,	nv::nv cm::dat verb::vv e::cve verb::vv e::cve verb::vv e::cve nn::prpn.plc verb::vv e::npst.ptcp.neg verb::vv e::fve.npst mark::comma
koci_hiya ,	nn::prpn mark::comma
ere gisun be bithe ara fi ,	nv::nv nv::nv cm::acc nv::nv verb::vv e::cve mark::comma
sain doro de ehe akū kai .	nv::adj nv::nv cm::dat nv::adj nv::adj ptcl mark::period
gurun be jobobu me yabu rahū ,	nv::nv cm::acc verb::vv e::cve verb::vv e::fve.prv mark::comma
han i tacibu ha tondo fafun be jurce rakū banji ci ,	nv::nv cm::gen verb::vv e::pst.ptcp nv::adj nv::nv cm::acc verb::vv e::npst.ptcp.neg verb::vv e::cve mark::comma
amasi julesi ainu uttu guribu mbi seme ume gūni re ,	nv::nv nv::nv nv::nv nv::nv verb::vv e::fve.npst comp nv::nv verb::vv e::npst.ptcp mark::comma
santan ,	nn::prpn.person mark::comma
gūsa doo me ume bu re ,	nv::nv verb::vv e::cve nv::nv verb::vv e::npst.ptcp mark::comma
anggala duin tanggū ninju ilan ,	nv::nv nv::nv nv::nv nv::nv nv::nv mark::comma
ama jui ahūn deo sargan adarame fakca ra seme beile se de ala ra jaka de ,	nv::nv nv::nv nv::nv nv::nv nv::nv nv::nv verb::vv e::npst.ptcp comp nv::nv nv::nv cm::dat verb::vv e::npst.ptcp nv::nv cm::dat mark::comma
ere aina ha seme hoko rakū nikai seme ,	nv::nv verb::vv e::pst.ptcp comp verb::vv e::npst.ptcp.neg ptcl comp mark::comma
gung fonji fi wa ra be naka fi ,	nv::nv verb::vv e::cve verb::vv e::npst.ptcp cm::acc verb::vv e::cve mark::comma
bi da rakū seme hendu he manggi ,	pn::1sg verb::vv e::npst.ptcp.neg comp verb::vv e::pst.ptcp nv::nv mark::comma
ulhu ,	nv::nv mark::comma
beile si ainu juleri afa mbi ,	nv::nv pn::2sg nv::nv nv::nv verb::vv e::fve.npst mark::comma
○ guwangning ni amargi hada de ,	mark::circle nn::prpn.plc cm::gen nv::nv nv::nv cm::dat mark::comma
seoken fonji fi ,	nn::prpn.person verb::vv e::cve mark::comma
julergi_mederi jakara me te he niyalma uka me ubaša me gene me ,	nn::prpn verb::vv e::cve verb::vv e::pst.ptcp nv::nv verb::vv e::cve verb::vv e::cve verb::vv e::cve mark::comma
hoo_sy_i ,	nn::prpn mark::comma
honin gūsin gaji me ji he .	nv::nv nv::nv verb::vv e::cve verb::vv e::pst.ptcp mark::period
samhana ,	nn::prpn.person mark::comma
○ juwan ilan de ,	mark::circle nv::nv nv::nv cm::dat mark::comma
simiyan i niyalma ,	nn::prpn.plc cm::gen nv::nv mark::comma
han gosi me uji re de ,	nv::nv verb::vv e::cve verb::vv e::npst.ptcp cm::dat mark::comma
gu_ho i niyalma ,	nn::prpn cm::gen nv::nv mark::comma
ikina ,	nn::prpn.person mark::comma
sin i usin weile re aha be bi minggan wa ha ,	pn::2sg cm::gen nv::nv verb::vv e::npst.ptcp nv::nv cm::acc pn::1sg nv::nv verb::vv e::pst.ptcp mark::comma
min be tafula ra anggala ,	pn::1sg cm::acc verb::vv e::npst.ptcp nv::nv mark::comma
benji ci ,	verb::vv e::cve mark::comma
○ tantaiju be ,	mark::circle nn::prpn.person cm::acc mark::comma
ulgiyan uji ki se re niyalma ,	nv::nv verb::vv e::fve.opt verb::vv e::npst.ptcp nv::nv mark::comma
si adarame wesihun o ho ,	pn::2sg nv::nv nv::nv verb::vv e::pst.ptcp mark::comma
ušan beiguwan ,	nn::prpn.person nv::nv mark::comma
farhūn nikai ,	nv::adj ptcl mark::comma
susai miyanceo ,	nv::nv nv::nv mark::comma
in be jabdubu rakū gida me gai ∅ ,	pn::3sg cm::acc verb::vv e::npst.ptcp.neg verb::vv e::cve verb::vv e::fve.imperative mark::comma
ukanda ra ubaša ra be donji fi ala rakū ,	verb::vv e::npst.ptcp verb::vv e::npst.ptcp cm::acc verb::vv e::cve verb::vv e::npst.ptcp.neg mark::comma
jai moo gaija ra ihan de ,	nv::nv nv::nv verb::vv e::npst.ptcp nv::nv cm::dat mark::comma
nikan i emgi ume tere ,	nv::nv cm::gen nv::nv nv::nv nv::nv mark::comma
tere ci geli baica ra jaka de ,	nv::nv cm::abl nv::nv verb::vv e::npst.ptcp nv::nv cm::dat mark::comma
aiha i niyalma be sarhū de guribu ∅ ,	nv::nv cm::gen nv::nv cm::acc nv::nv cm::dat verb::vv e::fve.imperative mark::comma
huthu he eidu_baturu ,	verb::vv e::pst.ptcp nn::prpn mark::comma
dasa me nikan doro i simne fi ,	verb::vv e::cve nv::nv nv::nv cm::gen verb::vv e::cve mark::comma
genggiyen_han de nike fi banji ki seme ji he ,	nn::prpn cm::dat verb::vv e::cve verb::vv e::fve.opt comp verb::vv e::pst.ptcp mark::comma
sihan ,	nv::nv mark::comma
monggo_fujin hendu me ,	nn::prpn verb::vv e::cve mark::comma
han donji fi bodo me gūni ci ,	nv::nv verb::vv e::cve verb::vv e::cve verb::vv e::cve mark::comma
orin ninggun ihan ,	nv::nv nv::nv nv::nv mark::comma
hai_si hali_šo_wei i du_jy_hūi_tungjy cohongge i omolo saosi ,	nn::prpn nn::prpn cm::gen nv::nv nn::prpn.person cm::gen nv::nv nn::prpn.person mark::comma
○ orin sunja de ,	mark::circle nv::nv nv::nv cm::dat mark::comma
alban i dabsun be ambula kice me fuifubu ∅ .	nv::nv cm::gen nv::nv cm::acc nv::nv verb::vv e::cve verb::vv e::fve.imperative mark::period
○ ineku tere inenggi ,	mark::circle nv::nv nv::nv nv::nv mark::comma
enggemu hadala ,	nv::nv nv::nv mark::comma
jaifiyan ci honin erin de jura fi ,	nv::nv cm::abl nv::nv nv::nv cm::dat verb::vv e::cve mark::comma
sunja ,	nv::nv mark::comma
lii_iogi sin i kadala ra ba i niyang_niyang_gung ni teisu sunja gašan i niyalma casi bira doo me ubaša me gene hebi ,	nn::prpn pn::2sg cm::gen verb::vv e::npst.ptcp nv::nv cm::gen nn::prpn cm::gen nv::nv nv::nv nv::nv cm::gen nv::nv nv::nv nv::nv verb::vv e::cve verb::vv e::cve verb::vv e::fve.prs.prf mark::comma
ningtanggi ,	nn::prpn.person mark::comma
in i beye be gabta ha guwan_jung be uji fi doro amban o hobi ,	pn::3sg cm::gen nv::nv cm::acc verb::vv e::pst.ptcp nn::prpn cm::acc verb::vv e::cve nv::nv nv::nv verb::vv e::fve.prs.prf mark::comma
kakduri ,	nn::prpn.person mark::comma
sunja minggan solho ,	nv::nv nv::nv nv::nv mark::comma
ula de gala emu feye sacibu ha seme ,	nv::nv cm::dat nv::nv nv::nv nv::nv verb::vv e::pst.ptcp comp mark::comma
fu_jeo de alban i jeku tū me gene fi ,	nn::prpn cm::dat nv::nv cm::gen nv::nv verb::vv e::cve verb::vv e::cve mark::comma
beye i baha ra olji ulin ,	nv::nv cm::gen verb::vv e::npst.ptcp nv::nv nv::nv mark::comma
ihan ,	nv::nv mark::comma
yahican be okdo me gene he .	nn::prpn.person cm::acc verb::vv e::cve verb::vv e::pst.ptcp mark::period
jase de amca fi jafa ra niyalma be ,	nv::nv cm::dat verb::vv e::cve verb::vv e::npst.ptcp nv::nv cm::acc mark::comma
manggūltai_beile ,	nn::prpn mark::comma
šun be yendahūn je fi majige funce he bi he .	nv::nv cm::acc nn::prpn.person verb::vv e::cve nv::adj verb::vv e::pst.ptcp verb::vv e::pst.ptcp mark::period
juhe de tuhe re be han tuwa me ambula inje he ,	nv::nv cm::dat verb::vv e::npst.ptcp cm::acc nv::nv verb::vv e::cve nv::nv verb::vv e::pst.ptcp mark::comma
guwangning ci ji he boigon i niyalma de ,	nn::prpn.plc cm::abl verb::vv e::pst.ptcp nv::nv cm::gen nv::nv cm::dat mark::comma
sirhūnak_dureng monggo i susai boigon uka me ji he .	nn::prpn nv::nv cm::gen nv::nv nv::nv verb::vv e::cve verb::vv e::pst.ptcp mark::period
umiyesun ,	nv::nv mark::comma
gai ha alban i menggun jeku bu re anggala ,	verb::vv e::pst.ptcp nv::nv cm::gen nv::nv nv::nv verb::vv e::npst.ptcp nv::nv mark::comma
yaya niyalma be dere ume bani re ,	nv::nv nv::nv cm::acc nv::nv nv::nv verb::vv e::npst.ptcp mark::comma
fiyefun i ninggu de ili ha ,	nn::prpn.plc cm::gen nv::nv cm::dat verb::vv e::pst.ptcp mark::comma
emu jibca ,	nv::nv nv::nv mark::comma
emu temen gai ha ,	nv::nv nv::nv verb::vv e::pst.ptcp mark::comma
si geren de hebe akū ,	pn::2sg nv::adj cm::dat nv::nv nv::adj mark::comma
da ci banji ha amban sa suwe deribu mbi kai ,	nv::nv cm::abl verb::vv e::pst.ptcp nv::nv nv::nv pn::2pl verb::vv e::fve.npst ptcl mark::comma
min be nadan amba koro koro bu ha manggi ,	pn::1sg cm::acc nv::nv nv::adj nv::nv verb::vv sfx e::pst.ptcp nv::nv mark::comma
morin yalu fi uka me ji he be okdo me jafa fi ,	nv::nv verb::vv e::cve verb::vv e::cve verb::vv e::pst.ptcp cm::acc verb::vv e::cve verb::vv e::cve mark::comma
men i gurun i cooha i niyalma i boigon guri he ,	pn::1pl.excl cm::gen nv::nv cm::gen nv::nv cm::gen nv::nv cm::gen nv::nv verb::vv e::pst.ptcp mark::comma
bujan_wei i du_jy_hūi_ciyanši tuluhu ilaci aniya jakūn biya i orin uyun de baha ha ,	nn::prpn cm::gen nv::nv nn::prpn.person nv::nv nv::nv nv::nv nv::nv cm::gen nv::nv nv::nv cm::dat verb::vv e::pst.ptcp mark::comma
sunja tatan i beile se ,	nv::nv nv::nv cm::gen nv::nv nv::nv mark::comma
uru bi cibe waka seme ,	nv::nv verb::vv e::cve nv::adj comp mark::comma
fulata be in i boo de dosi ka uksin etu hekū niyalma de morin gai ha ,	nv::adj cm::acc pn::3sg cm::gen nv::nv cm::dat verb::vv e::pst.ptcp nv::nv verb::vv e::pst.ptcp.neg nv::nv cm::dat nv::nv verb::vv e::pst.ptcp mark::comma
tere niyalma be taka asara ∅ seme hendu fi ,	nv::nv nv::nv cm::acc nv::nv verb::vv e::fve.imperative comp verb::vv e::cve mark::comma
gemu tulergi de te he šusai sa ,	nv::nv nv::nv cm::dat verb::vv e::pst.ptcp nv::nv nv::nv mark::comma
weile bu ci baha rakū niyalma o ci ,	nv::nv verb::vv e::cve verb::vv e::npst.ptcp.neg nv::nv verb::vv e::cve mark::comma
niyalma de ume donjibu re ,	nv::nv cm::dat nv::nv verb::vv e::npst.ptcp mark::comma
seke haya ha gecuheri buri ha jibca emte ,	nv::nv verb::vv e::pst.ptcp nv::nv verb::vv e::pst.ptcp nv::nv nv::nv mark::comma
nio_juwang ,	nn::prpn mark::comma
sunaha ,	nn::prpn.person mark::comma
yan_šusai be wesibu fi beiguwan obu ha ,	nn::prpn cm::acc verb::vv e::cve nv::nv verb::vv e::pst.ptcp mark::comma
manjusiri de aisin ilata yan ,	nv::nv cm::dat nv::nv nv::nv nv::nv mark::comma
hoošan weile re turgun de ,	nv::nv verb::vv e::npst.ptcp nv::nv cm::dat mark::comma
aisin i beye uthai bi ,	nv::nv cm::gen nv::nv nv::nv verb::vv.npst mark::comma
sarkū se re niyalma i juse sargan be boo i aika jaka be yooni gaji mbi ,	nv::nv verb::vv e::npst.ptcp nv::nv cm::gen nv::nv nv::nv cm::acc nv::nv cm::gen nv::nv nv::nv cm::acc nv::nv verb::vv e::fve.npst mark::comma
arki ,	nv::nv mark::comma
jai jergi iogi hafan ci wesihun ,	nv::nv nv::nv nv::nv nv::nv cm::abl nv::nv mark::comma
emu niyalma de orita mocin ,	nv::nv nv::nv cm::dat nv::nv nv::nv mark::comma
booi siraba ,	nv::nv nn::prpn.person mark::comma
lii_g'o be ,	nn::prpn cm::acc mark::comma
benji he niyalma de ,	verb::vv e::pst.ptcp nv::nv cm::dat mark::comma
sain be sain ,	nv::adj cm::acc nv::adj mark::comma
han i afabu re weile be ali me gai ∅ ,	nv::nv cm::gen verb::vv e::npst.ptcp nv::nv cm::acc verb::vv e::cve verb::vv e::fve.imperative mark::comma
tuwa hakū seme bi dulbada mbi o ,	verb::vv e::pst.ptcp.neg comp pn::1sg verb::vv e::fve.npst ptcl mark::comma
geren i isa ra ba de sarin de isa kini ,	nv::adj cm::gen verb::vv e::npst.ptcp nv::nv cm::dat nv::nv cm::dat verb::vv e::fve.opt mark::comma
seoken i deo ersungge ,	nn::prpn.person cm::gen nv::nv nn::prpn.person mark::comma
acan jukio_tu_ho_wei i du_jy_hūi_ciyanši nerengge i omolo kina ,	nv::nv nn::prpn cm::gen nv::nv nn::prpn.person cm::gen nv::nv nn::prpn.person mark::comma
○ samjan_bayan be ,	mark::circle nn::prpn cm::acc mark::comma
deo jaisanggū waka o ci ,	nv::nv nn::prpn.person nv::adj verb::vv e::cve mark::comma
muse i beye juleri gai fi afa mbi kai ,	nv::nv cm::gen nv::nv nv::nv verb::vv e::cve verb::vv e::fve.npst ptcl mark::comma
○ orin jakūn inenggi ,	mark::circle nv::nv nv::nv nv::nv mark::comma
sunja solho de juwe jušen be adabu fi takūra ha .	nv::nv nv::nv cm::dat nv::nv nv::nv cm::acc verb::vv e::cve verb::vv e::pst.ptcp mark::period
○ fujiyang yecen ,	mark::circle nv::nv nn::prpn.person mark::comma
jai liyoodung ni ba ,	nv::nv nn::prpn.plc cm::gen nv::nv mark::comma
han be te kini seme fonjibu ha manggi ,	nv::nv cm::acc verb::vv e::fve.opt comp verb::vv e::pst.ptcp nv::nv mark::comma
suwen i gala de tesu he manggi ,	pn::2pl cm::gen nv::nv cm::dat verb::vv e::pst.ptcp nv::nv mark::comma
meni meni harangga nikan i morin be ,	nv::nv nv::nv nv::nv nv::nv cm::gen nv::nv cm::acc mark::comma
dung_ging hecen de honin erin de dosi ka .	nn::prpn nv::nv cm::dat nv::nv nv::nv cm::dat verb::vv e::pst.ptcp mark::period
gai ci ja kai ,	verb::vv e::cve nv::adj ptcl mark::comma
jai nikan i ulgiyan coko be wa me je ke ,	nv::nv nv::nv cm::gen nv::nv nv::nv cm::acc verb::vv e::cve verb::vv e::pst.ptcp mark::comma
○ soohai be ,	mark::circle nn::prpn.person cm::acc mark::comma
te ere i dube be solho han si sa ∅ ,	nv::nv nv::nv cm::gen nv::nv cm::acc nv::nv nv::nv pn::2sg verb::vv e::fve.imperative mark::comma
suwen i amba gurun ai be sarkū ,	pn::2pl cm::gen nv::adj nv::nv nv::nv cm::acc nv::nv mark::comma
hecen i cooha hecen ci tuci fi ulan i dolo ili ha ,	nv::nv cm::gen nv::nv nv::nv cm::abl verb::vv e::cve nv::nv cm::gen nv::nv verb::vv e::pst.ptcp mark::comma
nikan i anafu te he u_iogi ,	nv::nv cm::gen nv::nv verb::vv e::pst.ptcp nn::prpn mark::comma
daha ha emu niyalma be wa hakū jafa fi benji he ,	verb::vv e::pst.ptcp nv::nv nv::nv cm::acc verb::vv e::pst.ptcp.neg verb::vv e::cve verb::vv e::pst.ptcp mark::comma
urgūdai jai amala gurun be adarame dasa mbi seme ,	nn::prpn.person nv::nv nv::nv nv::nv cm::acc nv::nv verb::vv e::fve.npst comp mark::comma
suwen i monggo min i emgi efule he bi he o ,	pn::2pl cm::gen nv::nv pn::1sg cm::gen nv::nv verb::vv e::pst.ptcp verb::vv e::pst.ptcp ptcl mark::comma
jai cindahū in be nahaculai karu fete me emu nikan hehe ,	nv::nv nn::prpn.person pn::3sg cm::acc nn::prpn.person nv::nv verb::vv e::cve nv::nv nv::nv nv::nv mark::comma
hada de emu feye han hendu me ,	nn::prpn.plc cm::dat nv::nv nv::nv nv::nv verb::vv e::cve mark::comma
beile se de ala ha ,	nv::nv nv::nv cm::dat verb::vv e::pst.ptcp mark::comma
men de ala ∅ ,	pn::1pl.excl cm::dat verb::vv e::fve.imperative mark::comma
daha me gene he cooha tu_ho i niyalma be aliya fi waji ha manggi ,	verb::vv e::cve verb::vv e::pst.ptcp nv::nv nn::prpn cm::gen nv::nv cm::acc verb::vv e::cve verb::vv e::pst.ptcp nv::nv mark::comma
weri kesi be etu me banji mbime ,	nv::nv nv::nv cm::acc verb::vv e::cve verb::vv e::cve mark::comma
tongki fuka sinda ha hergen i dangse .	nv::nv nv::nv verb::vv e::pst.ptcp nv::nv cm::gen nv::nv mark::period
meihe erin de warkasi weji be teni tuci fi gene ci ,	nv::nv nv::nv cm::dat nn::prpn.plc nv::nv cm::acc nv::nv verb::vv e::cve verb::vv e::cve mark::comma
○ ku de bi he duin minggan gecuheri suje be ,	mark::circle nv::nv cm::dat verb::vv e::pst.ptcp nv::nv nv::nv nv::nv nv::nv cm::acc mark::comma
hūlha holo koimali jalingga akū tondo i banji ki .	nv::nv nv::nv nv::adj nv::adj nv::adj nv::adj cm::gen verb::vv e::fve.opt mark::period
kamci ha boo i nikan i ihan sejen ,	verb::vv e::pst.ptcp nv::nv cm::gen nv::nv cm::gen nv::nv nv::nv mark::comma
mujilen tondo ,	nv::nv nv::adj mark::comma
hibsu emu malu benji he .	nv::nv nv::nv nv::nv verb::vv e::pst.ptcp mark::period
bahana ra erdemu be we tucibu mbi ,	verb::vv e::npst.ptcp nv::nv cm::acc nv::nv verb::vv e::fve.npst mark::comma
ere hendu he be ume jurce re .	nv::nv verb::vv e::pst.ptcp cm::acc nv::nv verb::vv e::npst.ptcp mark::period
tongki fuka sinda ha hergen i dangse .	nv::nv nv::nv verb::vv e::pst.ptcp nv::nv cm::gen nv::nv mark::period
ere ninggun niyalma i jalin de daise iogi sinda ci ,	nv::nv nv::nv nv::nv cm::gen nv::nv cm::dat nv::nv nv::nv verb::vv e::cve mark::comma
muse juwe gurun gisun encu gojime ,	pn::1pl.incl nv::nv nv::nv nv::nv nv::nv nv::nv mark::comma
isina fi yamun de ebu fi sarin sarila me waji re onggolo ,	verb::vv e::cve nv::nv cm::dat verb::vv e::cve nv::nv verb::vv e::cve verb::vv e::npst.ptcp nv::nv mark::comma
wargi_janggiya ,	nn::prpn mark::comma
jai afabu ha weile be mute mbi ,	nv::nv verb::vv e::pst.ptcp nv::nv cm::acc verb::vv e::fve.npst mark::comma
○ juwan jakūn de ,	mark::circle nv::nv nv::nv cm::dat mark::comma
emu ba narhūn akū ,	nv::nv nv::nv nv::adj nv::adj mark::comma
jori ha jurgan be jurce rakū seme beiguwan obu ha .	verb::vv e::pst.ptcp nv::nv cm::acc verb::vv e::npst.ptcp.neg comp nv::nv verb::vv e::pst.ptcp mark::period
min i dehi nadan tumen cooha ,	pn::1sg cm::gen nv::nv nv::nv nv::nv nv::nv mark::comma
sin i amba doro be umai acinggiya rakū ,	pn::2sg cm::gen nv::adj nv::nv cm::acc nv::nv verb::vv e::npst.ptcp.neg mark::comma
hūlha holo koimali jalingga akū tondo i banji ki .	nv::nv nv::nv nv::adj nv::adj nv::adj nv::adj cm::gen verb::vv e::fve.opt mark::period
delger hendu me ,	nn::prpn.person verb::vv e::cve mark::comma
yoo_jeo ,	nn::prpn mark::comma
mao_wen_lung be bu ci ,	nn::prpn cm::acc verb::vv e::cve mark::comma
amba_beile gene he mujangga o ,	nn::prpn verb::vv e::pst.ptcp nv::adj ptcl mark::comma
nalaki_ho_wei i du_jy_hūi_ciyanši duingge i jui weinahūn ,	nn::prpn cm::gen nv::nv nv::nv cm::gen nv::nv nn::prpn.person mark::comma
mara me cira alja ci ,	verb::vv e::cve nv::nv verb::vv e::cve mark::comma
ulin gai fi gama mbi seme hendu hebi ,	nv::nv verb::vv e::cve verb::vv e::fve.npst comp verb::vv e::fve.prs.prf mark::comma
ehe kiyangdu koimali jalingga mujilen jafa fi hūlha holo o ci ,	nv::adj nv::adj nv::adj nv::adj nv::nv verb::vv e::cve nv::nv nv::nv verb::vv e::cve mark::comma
in i efu seogen de geli kora kabi ,	pn::3sg cm::gen nv::nv nn::prpn.person cm::dat nv::nv verb::vv e::fve.prs.prf mark::comma
haliona ,	nn::prpn.person mark::comma
sung_gurun be waliya fi monggo i hūbilai_han de daha ha ngge ,	nn::prpn cm::acc verb::vv e::cve nv::nv cm::gen nn::prpn cm::dat verb::vv e::pst.ptcp nmlz::nmlz mark::comma
jase furdan jafa fi cooha i niyalma be emu ergi de ,	nv::nv nv::nv verb::vv e::cve nv::nv cm::gen nv::nv cm::acc nv::nv nv::nv cm::dat mark::comma
ai ai tetun yooni bu he ,	nv::nv nv::nv nv::nv nv::nv verb::vv e::pst.ptcp mark::comma
ing ni tehere me can alibu me tungken tū me bisi re de ,	nv::nv cm::gen verb::vv e::cve nv::nv verb::vv e::cve nv::nv verb::vv e::cve verb::vv e::npst.ptcp cm::dat mark::comma
juse sargan be gaji me ji he niyalma be akdun seme uji mbi ,	nv::nv nv::nv cm::acc verb::vv e::cve verb::vv e::pst.ptcp nv::nv cm::acc nv::adj comp verb::vv e::fve.npst mark::comma
damin be takūra ha bithe i gisun ,	nv::nv cm::acc verb::vv e::pst.ptcp nv::nv cm::gen nv::nv mark::comma
sain jirgacun taifin elhe i sebjele me banji kini .	nv::adj nv::nv nv::adj nv::nv cm::gen verb::vv e::cve verb::vv e::fve.opt mark::period
cen i beye inu buce he kai ,	pn::3pl cm::gen nv::nv nv::nv verb::vv e::pst.ptcp ptcl mark::comma
niru i ejen i doro i šangna ha aika jaka be gemu gai ha ,	nv::nv cm::gen nv::nv cm::gen nv::nv cm::gen verb::vv e::pst.ptcp nv::nv nv::nv cm::acc nv::nv verb::vv e::pst.ptcp mark::comma
niyang_niyang_gung ni teisu ,	nn::prpn cm::gen nv::nv mark::comma
ciyandzung ni hergen i ninggun hafan de ,	nv::nv cm::gen nv::nv cm::gen nv::nv nv::nv cm::dat mark::comma
juse sargan ,	nv::nv nv::nv mark::comma
je bele emu tumen sunja minggan orin hule nadan to emu sin ,	nv::nv nv::nv nv::nv nv::nv nv::nv nv::nv nv::nv nv::nv nv::nv nv::nv nv::nv nv::nv mark::comma
geren hafasa juwe efu i emgi hebeše fi ,	nv::adj nv::nv nv::nv nv::nv cm::gen nv::nv verb::vv e::cve mark::comma
min i ilan niyalma tese i emgi yabu habi ,	pn::1sg cm::gen nv::nv nv::nv nv::nv cm::gen nv::nv verb::vv e::fve.prs.prf mark::comma
○ juwe biya i ice inenggi ,	mark::circle nv::nv nv::nv cm::gen nv::adj nv::nv mark::comma
emu suje be sain seme mujakū hūda ambula ume bu re ,	nv::nv nv::nv cm::acc nv::adj comp nv::nv nv::nv nv::nv nv::nv verb::vv e::npst.ptcp mark::comma
ice juwe i yamji ,	nv::adj nv::nv cm::gen nv::nv mark::comma
susai yan menggun ,	nv::nv nv::nv nv::nv mark::comma
meni meni gūsa i niyalma be hafan sinda ∅ ,	nv::nv nv::nv nv::nv cm::gen nv::nv cm::acc nv::nv verb::vv e::fve.imperative mark::comma
han de waka sabu fi weile baha fi boo yada kini ,	nv::nv cm::dat nv::adj verb::vv e::cve nv::nv verb::vv e::cve nv::nv verb::vv e::fve.opt mark::comma
g'oloo ,	nv::nv mark::comma
gung akū niyalma be jakūnju šusiha šusihala ha .	nv::nv nv::adj nv::nv cm::acc nv::nv nv::nv verb::vv e::pst.ptcp mark::period
bi liyoodung de ji he ci tuwa ci ,	pn::1sg nn::prpn.plc cm::dat verb::vv e::pst.ptcp cm::abl verb::vv e::cve mark::comma
muse be gosi fi emu doro bu hebi kai ,	pn::1pl.incl cm::acc verb::vv e::cve nv::nv nv::nv verb::vv e::fve.prs.prf ptcl mark::comma
juwe takūrsi be takūra fi unggi he .	nv::nv nv::nv cm::acc verb::vv e::cve verb::vv e::pst.ptcp mark::period
kemne fi bu he kemun be ume jurce re .	verb::vv e::cve verb::vv e::pst.ptcp nv::nv cm::acc nv::nv verb::vv e::npst.ptcp mark::period
te liyoodung ba i nikasa be wa rakū gemu uji fi uju fusi fi ,	nv::nv nn::prpn.plc nv::nv cm::gen nv::nv cm::acc verb::vv e::npst.ptcp.neg nv::nv verb::vv e::cve nv::nv verb::vv e::cve mark::comma
tondo mujilen i unenggi kundule ∅ ,	nv::adj nv::nv cm::gen nv::adj verb::vv e::fve.imperative mark::comma
tere ilan tumen dain be gida fi tumen niyalma wa ha ,	nv::nv nv::nv nv::nv nv::nv cm::acc verb::vv e::cve nv::nv nv::nv verb::vv e::pst.ptcp mark::comma
jai juwe hehe sira me tafa fi saci me bošo ro de ,	nv::nv nv::nv nv::nv verb::vv e::cve verb::vv e::cve verb::vv e::cve verb::vv e::npst.ptcp cm::dat mark::comma
ulhu uyun tanggū gūsin ninggun ,	nv::nv nv::nv nv::nv nv::nv nv::nv mark::comma
emu juru sohin gūlha burhan de bu he bi he ,	nv::nv nv::nv nv::nv nv::nv nn::prpn.person cm::dat verb::vv e::pst.ptcp verb::vv e::pst.ptcp mark::comma
yalu re morin ,	verb::vv e::npst.ptcp nv::nv mark::comma
yehe i beile se de aca fi sain doro be jafa fi jui bu me urun gai me dabkūri niyaman hūncihin o fi dasa me akdula me gashū fi banji ki seme ,	nv::nv cm::gen nv::nv nv::nv cm::dat verb::vv e::cve nv::adj nv::nv cm::acc verb::vv e::cve nv::nv verb::vv e::cve nv::nv verb::vv e::cve nv::adj nv::nv nv::nv verb::vv e::cve verb::vv e::cve verb::vv e::cve verb::vv e::cve verb::vv e::fve.opt comp mark::comma
haha waka hehe o ,	nv::nv nv::adj nv::nv ptcl mark::comma
jakūn iogi de afabu fi wabu ∅ ,	nv::nv nv::nv cm::dat verb::vv e::cve verb::vv e::fve.imperative mark::comma
saikan olho me sere me akūmbu re be gūni ∅ ,	nv::adj verb::vv e::cve verb::vv e::cve verb::vv e::npst.ptcp cm::acc verb::vv e::fve.imperative mark::comma
hongko_golo i niyalma bi he ,	nn::prpn cm::gen nv::nv verb::vv e::pst.ptcp mark::comma
ilaci jergi iogi obu ha ,	nv::nv nv::nv nv::nv verb::vv e::pst.ptcp mark::comma
tere juwan niru i niyalma emu ba be yabu rakū ,	nv::nv nv::nv nv::nv cm::gen nv::nv nv::nv nv::nv cm::acc verb::vv e::npst.ptcp.neg mark::comma
juwe ihan ,	nv::nv nv::nv mark::comma
afabu ha jurgan be tondo i kadala mbi .	verb::vv e::pst.ptcp nv::nv cm::acc nv::adj cm::gen verb::vv e::fve.npst mark::period
muse i beye be muse saikan asara ∅ ,	nv::nv cm::gen nv::nv cm::acc pn::1pl.incl nv::adj verb::vv e::fve.imperative mark::comma
mao_wen_lung susai niyalma be tucibu fi ,	nn::prpn nv::nv nv::nv cm::acc verb::vv e::cve mark::comma
te si_mu_ceng ni ba ci niowanggiyan io noho moro ,	nv::nv nn::prpn cm::gen nv::nv cm::abl nv::adj nv::nv nv::nv nv::nv mark::comma
○ juwan juwe de ,	mark::circle nv::nv nv::nv cm::dat mark::comma
amin_beile ,	nn::prpn mark::comma
afabu ha weile be mutebu mbi seme ,	verb::vv e::pst.ptcp nv::nv cm::acc verb::vv e::fve.npst comp mark::comma
min i baha ha liyoodung ni niyalma ,	pn::1sg cm::gen verb::vv e::pst.ptcp nn::prpn.plc cm::gen nv::nv mark::comma
ice han ,	nv::adj nv::nv mark::comma
jelguwe ,	nn::prpn.person mark::comma
gurun i usin tari ha tari hakū be baica me bošo kini ,	nv::nv cm::gen nv::nv verb::vv e::pst.ptcp verb::vv e::pst.ptcp.neg cm::acc verb::vv e::cve verb::vv e::fve.opt mark::comma
ninggun inenggi dolo waji ha .	nv::nv nv::nv nv::nv verb::vv e::pst.ptcp mark::period
○ ice sunja de ,	mark::circle nv::adj nv::nv cm::dat mark::comma
○ baicuka i deo be ,	mark::circle nn::prpn.person cm::gen nv::nv cm::acc mark::comma
olho me hecen hoton jase furdan be akdula me dasa mbi ,	verb::vv e::cve nv::nv nv::nv nv::nv nv::nv cm::acc verb::vv e::cve verb::vv e::fve.npst mark::comma
ula i damtun bene re juse be jurambu mbi se ci ,	nv::nv cm::gen nv::nv verb::vv e::npst.ptcp nv::nv cm::acc verb::vv e::fve.npst verb::vv e::cve mark::comma
ilan taiji de emte dobihi dahū ,	nv::nv nv::nv cm::dat nv::nv nv::nv nv::nv mark::comma
men i cooha dosinda rakū ,	pn::1pl.excl cm::gen nv::nv verb::vv e::npst.ptcp.neg mark::comma
suwen i yasa i sa hakū ūn ,	pn::2pl cm::gen nv::nv cm::gen verb::vv e::pst.ptcp.neg ptcl mark::comma
ahūn niyalma ,	nv::nv nv::nv mark::comma
tere gisun mujangga ,	nv::nv nv::nv nv::adj mark::comma
tere ulan i dorgi gencehen de ,	nv::nv nv::nv cm::gen nv::nv nv::nv cm::dat mark::comma
ici ergi duin gūsa i cooha ,	nv::nv nv::nv nv::nv nv::nv cm::gen nv::nv mark::comma
tere be dele ara ci ,	nv::nv cm::acc nv::nv verb::vv e::cve mark::comma
u_lii_wei i du_jy_hūi_ciyanši cukungge i jui imahu ,	nn::prpn cm::gen nv::nv nn::prpn.person cm::gen nv::nv nn::prpn.person mark::comma
urut ci ji he monggo i beile se amban sa ,	nn::prpn.plc cm::abl verb::vv e::pst.ptcp nv::nv cm::gen nv::nv nv::nv nv::nv nv::nv mark::comma
meiren i ejen siraba_hiya ,	nv::nv cm::gen nv::nv nn::prpn mark::comma
kemu_wei i du_jy_hūi_ši oting ni jui asibu ,	nn::prpn cm::gen nv::nv nn::prpn.person cm::gen nv::nv nn::prpn.person mark::comma
sarhū i ajige hecen be saha me deribu he .	nv::nv cm::gen nv::adj nv::nv cm::acc verb::vv e::cve verb::vv e::pst.ptcp mark::period
ulin gaija ra weile baha ci waliya ∅ ,	nv::nv verb::vv e::npst.ptcp nv::nv verb::vv e::cve verb::vv e::fve.imperative mark::comma
emu inenggi sunjata fun je kini ,	nv::nv nv::nv nv::nv nv::nv verb::vv e::fve.opt mark::comma
emu ihan benji he bi he ,	nv::nv nv::nv verb::vv e::pst.ptcp verb::vv e::pst.ptcp mark::comma
gurun uji re sain seme monggo ci bai me ji he niyalma de takūra ra aha ,	nv::nv verb::vv e::npst.ptcp nv::adj comp nv::nv cm::abl verb::vv e::cve verb::vv e::pst.ptcp nv::nv cm::dat verb::vv e::npst.ptcp nv::nv mark::comma
beiguwan de orita yan menggun ,	nv::nv cm::dat nv::nv nv::nv nv::nv mark::comma
liyoodung be baha ha manggi ,	nn::prpn.plc cm::acc verb::vv e::pst.ptcp nv::nv mark::comma
fanaha ergi de jase jakara me ,	nn::prpn.plc nv::nv cm::dat nv::nv verb::vv e::cve mark::comma
ilangga i eigen sargan de tanggūta yan i weile ara ha ,	nn::prpn.person cm::gen nv::nv nv::nv cm::dat nv::nv nv::nv cm::gen nv::nv verb::vv e::pst.ptcp mark::comma
karkaji min be wa kini ,	nn::prpn.person pn::1sg cm::acc verb::vv e::fve.opt mark::comma
gerci hehe gercile me duka de ji he be amasi gama ha seme ,	nv::nv nv::nv verb::vv e::cve nv::nv cm::dat verb::vv e::pst.ptcp cm::acc nv::nv verb::vv e::pst.ptcp comp mark::comma
ere aniya uji he niyalma usin tari kini ,	nv::nv nv::nv verb::vv e::pst.ptcp nv::nv nv::nv verb::vv e::fve.opt mark::comma
kamcibu ha bi he kai ,	verb::vv e::pst.ptcp verb::vv e::pst.ptcp ptcl mark::comma
han i hūwa i wargi ajige duka tuwakiya ha turgei niru i deku_mergen ,	nv::nv cm::gen nv::nv cm::gen nv::nv nv::adj nv::nv verb::vv e::pst.ptcp nn::prpn.person nv::nv cm::gen nn::prpn mark::comma
ajige ajige tuci ci ,	nv::adj nv::adj verb::vv e::cve mark::comma
ere jakūn niyalma de ,	nv::nv nv::nv nv::nv cm::dat mark::comma
amba gurun i dain be uthai wacihiya ki se ci waji mbi o ,	nv::adj nv::nv cm::gen nv::nv cm::acc nv::nv verb::vv e::fve.opt verb::vv e::cve verb::vv e::fve.npst ptcl mark::comma
fujin i tetun be dasa me tucibu me tuwa fi ,	nv::nv cm::gen nv::nv cm::acc verb::vv e::cve verb::vv e::cve verb::vv e::cve mark::comma
sin i guwanggun de ai hūturi bi ,	pn::2sg cm::gen nv::nv cm::dat nv::nv nv::nv verb::vv.npst mark::comma
be jui kai ,	pn::1pl.excl nv::nv ptcl mark::comma
nime mbi seme buce he seme han de ume ala ra ,	verb::vv e::fve.npst comp verb::vv e::pst.ptcp comp nv::nv cm::dat nv::nv verb::vv e::npst.ptcp mark::comma
siyoo_sio_tun i sing_el ,	nn::prpn cm::gen nn::prpn mark::comma
ingtori benji he ,	nv::nv verb::vv e::pst.ptcp mark::comma
unggadai ,	nn::prpn.person mark::comma
boo waliya fi bigan de jaila fi guwe he ,	nv::nv verb::vv e::cve nv::nv cm::dat verb::vv e::cve verb::vv e::pst.ptcp mark::comma
gintaisi_beile i ama jui ,	nn::prpn cm::gen nv::nv nv::nv mark::comma
inu mampu deri unggi mbi seme alanji ha .	nv::nv nn::prpn.plc nv::nv verb::vv e::fve.npst comp verb::vv e::pst.ptcp mark::period
simiyan ,	nn::prpn.plc mark::comma
ineku gisun encu gojime ,	nv::nv nv::nv nv::nv nv::nv mark::comma
guwangning ni ice iogi de ,	nn::prpn.plc cm::gen nv::adj nv::nv cm::dat mark::comma
fakca rakū ci ,	verb::vv e::npst.ptcp.neg e::cve mark::comma
fu_jeo ci ebsi niyalma ,	nn::prpn cm::abl nv::nv nv::nv mark::comma
te bi cibe ,	nv::nv verb::vv e::cve mark::comma
jeng_dung_pu ,	nn::prpn mark::comma
jai aliya ha seme ai tusa ,	nv::nv verb::vv e::pst.ptcp comp nv::nv nv::nv mark::comma
morin be bošo me ulebu ∅ ,	nv::nv cm::acc verb::vv e::cve verb::vv e::fve.imperative mark::comma
fejergi jalan i niyalma jirga ra šolo akū ,	nv::nv nv::nv cm::gen nv::nv verb::vv e::npst.ptcp nv::adj nv::adj mark::comma
gašan bošo ro šeo_pu ,	nv::nv verb::vv e::npst.ptcp nv::nv mark::comma
jase niohu me jabdu fi jai šang nonggi mbi se he gisun be naka fi ,	nv::nv verb::vv e::cve verb::vv e::cve nv::nv nv::nv verb::vv e::fve.npst verb::vv e::pst.ptcp nv::nv cm::acc verb::vv e::cve mark::comma
liyoha i ebergi dalin de ili ha ,	nn::prpn.plc cm::gen nv::nv nv::nv cm::dat verb::vv e::pst.ptcp mark::comma
○ juwan emu de ,	mark::circle nv::nv nv::nv cm::dat mark::comma
jili de gasa me gisure hebi dere ,	nv::nv cm::dat verb::vv e::cve verb::vv e::fve.prs.prf ptcl mark::comma
min de ai dalji seme tuttu kai ,	pn::1sg cm::dat nv::nv nv::nv comp nv::nv ptcl mark::comma
bejang_guwan_tun_gašan i be_ši_jung ni ara fi latubu ha bithe i gisun ,	nn::prpn cm::gen nn::prpn cm::gen verb::vv e::cve verb::vv e::pst.ptcp nv::nv cm::gen nv::nv mark::comma
hecen be uthai wan sinda hakū daba me dosi ka ,	nv::nv cm::acc nv::nv nv::nv verb::vv e::pst.ptcp.neg verb::vv e::cve verb::vv e::pst.ptcp mark::comma
muse de elemangga koro gasacun o mbi kai seme hendu ci ,	pn::1pl.incl cm::dat nv::nv nv::nv nv::nv verb::vv e::fve.npst ptcl comp verb::vv e::cve mark::comma
yehe de bi he in i jui ji he manggi ,	nv::nv cm::dat verb::vv e::pst.ptcp pn::3sg cm::gen nv::nv verb::vv e::pst.ptcp nv::nv mark::comma
tsang ni jeku be ,	nv::nv cm::gen nv::nv cm::acc mark::comma
emu minggan uyun tanggū ,	nv::nv nv::nv nv::nv nv::nv mark::comma
gemu muse i nikan han i ehe i turgun de ,	nv::nv nv::nv cm::gen nv::nv nv::nv cm::gen nv::adj cm::gen nv::nv cm::dat mark::comma
geli julesi warkasi_golo de gene re de ,	nv::nv nv::nv nn::prpn cm::dat verb::vv e::npst.ptcp cm::dat mark::comma
menggun ,	nv::nv mark::comma
suwe okdo fi ali me gai fi ,	pn::2pl verb::vv e::cve verb::vv e::cve verb::vv e::cve mark::comma
mujai_taiji be ,	nn::prpn cm::acc mark::comma
iogi i hergen be nakabu fi beiguwan obu ha ,	nv::nv cm::gen nv::nv cm::acc verb::vv e::cve nv::nv verb::vv e::pst.ptcp mark::comma
abka de šanggiyan morin ,	nv::nv cm::dat nv::nv nv::nv mark::comma
○ yoto_age i cing_šeobei i kadala ra daguwan_tun i jao_jio_sing ,	mark::circle nn::prpn cm::gen nn::prpn cm::gen verb::vv e::npst.ptcp nn::prpn cm::gen nn::prpn mark::comma
geren de ejebu me wa ha .	nv::adj cm::dat verb::vv e::cve verb::vv e::pst.ptcp mark::period
yarbahi bi ,	nn::prpn.person verb::vv.npst mark::comma
han i pai be gai fi ,	nv::nv cm::gen nv::nv cm::acc verb::vv e::cve mark::comma
sere me yabu ci sain kai ,	verb::vv e::cve verb::vv e::cve nv::adj ptcl mark::comma
te min i akda ra niyalma akū o ho ,	nv::nv pn::1sg cm::gen verb::vv e::npst.ptcp nv::nv nv::adj verb::vv e::pst.ptcp mark::comma
○ tanggari i jui kakamu be ,	mark::circle nn::prpn.person cm::gen nv::nv nn::prpn.person cm::acc mark::comma
tungken ,	nv::nv mark::comma
tere dzung_bing_guwan amasi bedere fi ,	nv::nv nv::nv nv::nv verb::vv e::cve mark::comma
bata kimun seme gida rakū ,	nv::nv nv::nv comp verb::vv e::npst.ptcp.neg mark::comma
fusi_golo be cooha dosi fi ,	nn::prpn cm::acc nv::nv verb::vv e::cve mark::comma
wang_i_wei beiguwan be yengge de unggi he ,	nn::prpn nv::nv cm::acc nv::nv cm::dat verb::vv e::pst.ptcp mark::comma
duin ihan ,	nv::nv nv::nv mark::comma
tere niyalma i gebu tsoo_lio_ciowan ,	nv::nv nv::nv cm::gen nv::nv nn::prpn mark::comma
amba_fujin be wa ha seme aina ra ,	nn::prpn cm::acc verb::vv e::pst.ptcp comp verb::vv e::npst.ptcp mark::comma
emu tanggū juwan hule jeku be kemuni bu re ,	nv::nv nv::nv nv::nv nv::nv nv::nv cm::acc nv::nv verb::vv e::npst.ptcp mark::comma
bakiran ,	nn::prpn.person mark::comma
○ juwan juwe de ,	mark::circle nv::nv nv::nv cm::dat mark::comma
suwen i monggo cahar ,	pn::2pl cm::gen nv::nv nn::prpn.plc mark::comma
yengge de wasimbu ha bithe i gisun ,	nv::nv cm::dat verb::vv e::pst.ptcp nv::nv cm::gen nv::nv mark::comma
ilan hehe gai fi tuta habi ,	nv::nv nv::nv verb::vv e::cve verb::vv e::fve.prs.prf mark::comma
bu rakū ci ,	verb::vv e::npst.ptcp.neg e::cve mark::comma
bi abka de bai me habša fi ,	pn::1sg nv::nv cm::dat verb::vv e::cve verb::vv e::cve mark::comma
duin jugūn i tuci fi ,	nv::nv nv::nv cm::gen verb::vv e::cve mark::comma
beile se cifun gaija ra jalin de toktobu me hendu he gisun ,	nv::nv nv::nv nv::nv verb::vv e::npst.ptcp nv::nv cm::dat verb::vv e::cve verb::vv e::pst.ptcp nv::nv mark::comma
○ hai_jeo i ergi liyoha bira i tuwakiya ha niyalma ,	mark::circle nn::prpn cm::gen nv::nv nn::prpn.plc nv::nv cm::gen verb::vv e::pst.ptcp nv::nv mark::comma
suhe ,	nv::nv mark::comma
men i jakūn boo ,	pn::1pl.excl cm::gen nv::nv nv::nv mark::comma
jirgalang_age ,	nn::prpn mark::comma
age si ,	nv::nv pn::2sg mark::comma
han i aisin doro i gebu ehe be hendu mbi dere ,	nv::nv cm::gen nv::nv nv::nv cm::gen nv::nv nv::adj cm::acc verb::vv e::fve.npst ptcl mark::comma
tokjan_ho_wei i du_jy_hūi_tungjy daimbulu i jui tungde ,	nn::prpn cm::gen nv::nv nn::prpn.person cm::gen nv::nv nn::prpn.person mark::comma
giya_jing ni dehi juwe ci aniya ninggun biya i juwan duin de baha ha ,	nn::prpn cm::gen nv::nv verb::vv e::cve nv::nv nv::nv nv::nv cm::gen nv::nv nv::nv cm::dat verb::vv e::pst.ptcp mark::comma
jai weilengge niyalma be encule me šusihala ha seme ,	nv::nv nv::adj nv::nv cm::acc verb::vv e::cve verb::vv e::pst.ptcp comp mark::comma
boo acan te ,	nv::nv nv::nv nv::nv mark::comma
bata kimun seme gūni rakū ,	nv::nv nv::nv comp verb::vv e::npst.ptcp.neg mark::comma
sunja niru i ejen de emu morin ,	nv::nv nv::nv cm::gen nv::nv cm::dat nv::nv nv::nv mark::comma
gašan gašan i nikasa ,	nv::nv nv::nv cm::gen nv::nv mark::comma
durio ,	nn::prpn.person mark::comma
yamun de tuci fi ,	nv::nv cm::dat verb::vv e::cve mark::comma
uyun yan menggun gai ha .	nv::nv nv::nv nv::nv verb::vv e::pst.ptcp mark::period
juwan duin de boo de ji he .	nv::nv nv::nv cm::dat nv::nv cm::dat verb::vv e::pst.ptcp mark::period
○ cohono ,	mark::circle nn::prpn.person mark::comma
emte tanggū gin dabsun be sala me bu fi ,	nv::nv nv::nv nv::nv nv::nv cm::acc verb::vv e::cve verb::vv e::cve mark::comma
wa mbi kai .	verb::vv e::fve.npst ptcl mark::period
weile i jurgan be ulhi fi ,	nv::nv cm::gen nv::nv cm::acc verb::vv e::cve mark::comma
ilan hojihon ,	nv::nv nv::nv mark::comma
abka de elje re gese abka i wakala ha yehe de da fi ,	nv::nv cm::dat verb::vv e::npst.ptcp nv::nv nv::nv cm::gen verb::vv e::pst.ptcp nv::nv cm::dat verb::vv e::cve mark::comma
ere weile be suwen i beide he mujangga ,	nv::nv nv::nv cm::acc pn::2pl cm::gen verb::vv e::pst.ptcp nv::adj mark::comma
bata kimun seme gida rakū ,	nv::nv nv::nv comp verb::vv e::npst.ptcp.neg mark::comma
hūlha holo akū ,	nv::nv nv::nv nv::adj mark::comma
ulan i tehere me tulergi be morin i cooha emu jergi jiramin faida fi ili ha ,	nv::nv cm::gen verb::vv e::cve nv::nv cm::acc nv::nv cm::gen nv::nv nv::nv nv::nv nv::adj verb::vv e::cve verb::vv e::pst.ptcp mark::comma
buce he niyalma de sinda ha seme gercile fi ,	verb::vv e::pst.ptcp nv::nv cm::dat verb::vv e::pst.ptcp comp verb::vv e::cve mark::comma
fanggina de unggi he bithe ,	nn::prpn.person cm::dat verb::vv e::pst.ptcp nv::nv mark::comma
takūra fi bi geli niyeleku de amca fi ,	verb::vv e::cve pn::1sg nv::nv nv::nv cm::dat verb::vv e::cve mark::comma
lii_wei_lung uka ci ,	nn::prpn verb::vv e::cve mark::comma
fejergi geren irgen i ehe mujilen be waliyabu me ,	nv::nv nv::adj nv::nv cm::gen nv::adj nv::nv cm::acc verb::vv e::cve mark::comma
nikan ,	nv::nv mark::comma
karun gene he ba de ,	nv::nv verb::vv e::pst.ptcp nv::nv cm::dat mark::comma
han ,	nv::nv mark::comma
juwe morin ,	nv::nv nv::nv mark::comma
sui isi rakū seme ume gūni re ,	nv::nv verb::vv e::npst.ptcp.neg comp nv::nv verb::vv e::npst.ptcp mark::comma
abka gere nggele tasha erin de ,	nv::nv verb::vv e::cve nv::nv nv::nv cm::dat mark::comma
udabu ,	nn::prpn.person mark::comma
han i amba doro de aca ra sain niyalma be sa ci ,	nv::nv cm::gen nv::adj nv::nv cm::dat verb::vv e::npst.ptcp nv::adj nv::nv cm::acc verb::vv e::cve mark::comma
tere gemu alban guwebu me gai ha ngge waka ci ,	nv::nv nv::nv nv::nv verb::vv e::cve verb::vv e::pst.ptcp nmlz::nmlz nv::nv cm::abl mark::comma
ere juwan ninggun niyalma de kiru ninggute juru ,	nv::nv nv::nv nv::nv nv::nv cm::dat nv::nv nv::nv nv::nv mark::comma
mao_wen_lung ni bisi re ba de isina mbi ,	nn::prpn cm::gen verb::vv e::npst.ptcp nv::nv cm::dat verb::vv e::fve.npst mark::comma
guwangning ci gūsin temen de gecuheri ,	nn::prpn.plc cm::abl nv::nv nv::nv cm::dat nv::nv mark::comma
sain be sain ,	nv::adj cm::acc nv::adj mark::comma
kecu ,	nv::adj mark::comma
ere weile badara mbi seme jing šeri me gisure re de ,	nv::nv nv::nv verb::vv e::fve.npst comp nv::nv verb::vv e::cve verb::vv e::npst.ptcp cm::dat mark::comma
hecen tuci me okdo fi ,	nv::nv verb::vv e::cve verb::vv e::cve mark::comma
yasingga gebungge juwe niyalma de ,	nn::prpn.person nv::adj nv::nv nv::nv cm::dat mark::comma
abutu_baturu ,	nn::prpn mark::comma
keri i beiguwan i hergen be wesibu fi iogi obu ha ,	nn::prpn.person cm::gen nv::nv cm::gen nv::nv cm::acc verb::vv e::cve nv::nv verb::vv e::pst.ptcp mark::comma
juwan ninggun de uka me ji he .	nv::nv nv::nv cm::dat verb::vv e::cve verb::vv e::pst.ptcp mark::period
emu niyalma i weile be ala ra ,	nv::nv nv::nv cm::gen nv::nv cm::acc verb::vv e::npst.ptcp mark::comma
babutai_age ,	nn::prpn mark::comma
wargi hoton be efule fi cooha dosi ka be ,	nv::nv nv::nv cm::acc verb::vv e::cve nv::nv verb::vv e::pst.ptcp cm::acc mark::comma
taigiyan be takūra ∅ ,	nv::nv cm::acc verb::vv e::fve.imperative mark::comma
tašan be sinda ∅ ,	nv::nv cm::acc verb::vv e::fve.imperative mark::comma
ula de amba_efu be tukiye he seme ,	nv::nv cm::dat nn::prpn cm::acc verb::vv e::pst.ptcp comp mark::comma
han i gūsa i soohai ,	nv::nv cm::gen nv::nv cm::gen nn::prpn.person mark::comma
jai jakūn gūsa i ing be gai fi yabu re amban sa ,	nv::nv nv::nv nv::nv cm::gen nv::nv cm::acc verb::vv e::cve verb::vv e::npst.ptcp nv::nv nv::nv mark::comma
niyehe ,	nv::nv mark::comma
gecuheri ,	nv::nv mark::comma
emu inenggi tule uthai bayambu fi wesibu mbihe ,	nv::nv nv::nv nv::nv nv::nv verb::vv e::cve verb::vv e::fve.pst.ipfv mark::comma
abka de habša me ara ha bithe i gisun ,	nv::nv cm::dat verb::vv e::cve verb::vv e::pst.ptcp nv::nv cm::gen nv::nv mark::comma
wan_lii i uyuci aniya duin biya i orin jakūn de baha ha ,	nn::prpn cm::gen nv::nv nv::nv nv::nv nv::nv cm::gen nv::nv nv::nv cm::dat verb::vv e::pst.ptcp mark::comma
yandaguru ,	nn::prpn.person mark::comma
orin yan faita ha ,	nv::nv nv::nv verb::vv e::pst.ptcp mark::comma
emu dobihi dahū ,	nv::nv nv::nv nv::nv mark::comma
muke i uju de hoošan deiji hebi ,	nv::nv cm::gen nv::nv cm::dat nv::nv verb::vv e::fve.prs.prf mark::comma
unde seme wesimbu ∅ .	nv::nv comp verb::vv e::fve.imperative mark::period
da me gene he cooha de gidabu fi ,	verb::vv e::cve verb::vv e::pst.ptcp nv::nv cm::dat verb::vv e::cve mark::comma
mao_looye de bithe unggi he ,	nn::prpn cm::dat nv::nv verb::vv e::pst.ptcp mark::comma
sishe ,	nv::nv mark::comma
tulergi hecen de wasimbu ha ,	nv::nv nv::nv cm::dat verb::vv e::pst.ptcp mark::comma
suwen i juse sargan bi ci ji ∅ ,	pn::2pl cm::gen nv::nv nv::nv verb::vv e::cve verb::vv e::fve.imperative mark::comma
isina ha teile uthai dosi ka ,	verb::vv e::pst.ptcp nv::nv nv::nv verb::vv e::pst.ptcp mark::comma
tere ci jilakan ai bi ,	nv::nv cm::abl nv::nv nv::nv verb::vv.npst mark::comma
liyoodung ni šang be hontoholo me gai ha ,	nn::prpn.plc cm::gen nv::nv cm::acc verb::vv e::cve verb::vv e::pst.ptcp mark::comma
sin i mujilen be sulakan obu ∅ ,	pn::2sg cm::gen nv::nv cm::acc nv::adj verb::vv e::fve.imperative mark::comma
bi nene me buce ki seme bithe ara fi weri fi fasi me buce he ,	pn::1sg verb::vv e::cve verb::vv e::fve.opt comp nv::nv verb::vv e::cve verb::vv e::cve verb::vv e::cve verb::vv e::pst.ptcp mark::comma
tere be bithe monggoli ha emu beile i duite niyalma ,	nv::nv cm::acc nv::nv verb::vv e::pst.ptcp nv::nv nv::nv cm::gen nv::nv nv::nv mark::comma
monggo gurun ci julesi ,	nv::nv nv::nv cm::abl nv::nv mark::comma
wan_lii gūsin emuci aniya uyun biya i orin de baha ha ,	nn::prpn nv::nv nv::nv nv::nv nv::nv nv::nv cm::gen nv::nv cm::dat verb::vv e::pst.ptcp mark::comma
○ juwan ilan de ,	mark::circle nv::nv nv::nv cm::dat mark::comma
aiha i boigon be sarhū de dababu ∅ ,	nv::nv cm::gen nv::nv cm::acc nv::nv cm::dat verb::vv e::fve.imperative mark::comma
ba hafirahūn ,	nv::nv nv::adj mark::comma
emte jergi etuku etubu he ,	nv::nv nv::nv nv::nv verb::vv e::pst.ptcp mark::comma
aita be daha ha emu sain hafan be ,	nn::prpn.person cm::acc verb::vv e::pst.ptcp nv::nv nv::adj nv::nv cm::acc mark::comma
afabu ha weile be mute mbi ,	verb::vv e::pst.ptcp nv::nv cm::acc verb::vv e::fve.npst mark::comma
ilan tanggū haha be emu niru ara fi ,	nv::nv nv::nv nv::nv cm::acc nv::nv nv::nv verb::vv e::cve mark::comma
gemu usin weile rakū ,	nv::nv nv::nv verb::vv e::npst.ptcp.neg mark::comma
iduri ,	nn::prpn.person mark::comma
jori ha jurgan be jurce rakū seme beiguwan obu ha .	verb::vv e::pst.ptcp nv::nv cm::acc verb::vv e::npst.ptcp.neg comp nv::nv verb::vv e::pst.ptcp mark::period
han ,	nv::nv mark::comma
balai niyalma be takūra ra ,	nv::nv nv::nv cm::acc verb::vv e::npst.ptcp mark::comma
hecen i tulergi jušen i te he boo de bisi re tubihe moo de ,	nv::nv cm::gen nv::nv nv::nv cm::gen verb::vv e::pst.ptcp nv::nv cm::dat verb::vv e::npst.ptcp nv::nv nv::nv cm::dat mark::comma
dung_ging ,	nn::prpn mark::comma
han i šangna me bu he tanggū yan menggun gai ha ,	nv::nv cm::gen verb::vv e::cve verb::vv e::pst.ptcp nv::nv nv::nv nv::nv verb::vv e::pst.ptcp mark::comma
cilin i golo de gene re sunja niru de gene he ejen ,	nv::nv cm::gen nv::nv cm::dat verb::vv e::npst.ptcp nv::nv nv::nv cm::dat verb::vv e::pst.ptcp nv::nv mark::comma
ing be tehere me teisu teisu baksan baksan uksile hei te he ,	nv::nv cm::acc verb::vv e::cve nv::nv nv::nv nv::nv nv::nv verb::vv e::cve verb::vv e::pst.ptcp mark::comma
juwe niyalma be gemu wa me beide fi han de ala ra jaka de ,	nv::nv nv::nv cm::acc nv::nv verb::vv e::cve verb::vv e::cve nv::nv cm::dat verb::vv e::npst.ptcp nv::nv cm::dat mark::comma
tiyan_šui_jan de hafan akū ,	nn::prpn cm::dat nv::nv nv::adj mark::comma
susai uksin be mute hekū bedere fi ,	nv::nv nv::nv cm::acc verb::vv e::pst.ptcp.neg verb::vv e::cve mark::comma
○ lio_dusy i kadala ra funggiya_tun i fung_do_ioi ,	mark::circle nn::prpn cm::gen verb::vv e::npst.ptcp nn::prpn cm::gen nn::prpn mark::comma
juwe honin ,	nv::nv nv::nv mark::comma
narimbulu ,	nn::prpn.person mark::comma
susaita boso ,	nv::nv nv::nv mark::comma
jūn ,	nn::prpn.person mark::comma
sancara ere ilan golo i jušen i tari fi yangsa ha jeku be gaibu hakū ,	nn::prpn.plc nv::nv nv::nv nv::nv cm::gen nv::nv cm::gen verb::vv e::cve verb::vv e::pst.ptcp nv::nv cm::acc verb::vv e::pst.ptcp.neg mark::comma
han i beye de ume habša ra ,	nv::nv cm::gen nv::nv cm::dat nv::nv verb::vv e::npst.ptcp mark::comma
ilan šeo_pu de juwete niyalma ,	nv::nv nv::nv cm::dat nv::nv nv::nv mark::comma
suwen de ertu fi bu he ,	pn::2pl cm::dat verb::vv e::cve verb::vv e::pst.ptcp mark::comma
sunja ihan gaji me uka me ji he .	nv::nv nv::nv verb::vv e::cve verb::vv e::cve verb::vv e::pst.ptcp mark::period
cilin ,	nv::nv mark::comma
jakūta de emu feye ,	nv::nv cm::dat nv::nv nv::nv mark::comma
tuttu o ci ,	nv::nv verb::vv e::cve mark::comma
takūra ra niyalma ,	verb::vv e::npst.ptcp nv::nv mark::comma
geli gene rakū han takūra fi men i beye axša fi ji he ,	nv::nv verb::vv e::npst.ptcp.neg nv::nv verb::vv e::cve pn::1pl.excl cm::gen nv::nv verb::vv e::cve verb::vv e::pst.ptcp mark::comma
fe kemuni henohe hanci hadu ∅ ,	nv::adj nv::nv nv::nv nv::adj verb::vv e::fve.imperative mark::comma
hai_si bolo_wei i du_jy_hūi_tungjy bagūtu i jui taiha ,	nn::prpn nn::prpn cm::gen nv::nv nn::prpn.person cm::gen nv::nv nv::nv mark::comma
uhereme ninggun beile ,	nv::nv nv::nv nv::nv mark::comma
weile he jeku i dabala ,	verb::vv e::pst.ptcp nv::nv cm::gen ptcl mark::comma
ere bithe isina ha ci ,	nv::nv nv::nv verb::vv e::pst.ptcp cm::abl mark::comma
mendu_dagan i sargata be amba_fujin i ici ergi de tebu he ,	nn::prpn cm::gen nv::nv cm::acc nn::prpn cm::gen nv::nv nv::nv cm::dat verb::vv e::pst.ptcp mark::comma
unege ,	nn::prpn.person mark::comma
folo ho enggemu hadala emke ,	verb::vv e::pst.ptcp nv::nv nv::nv nv::nv mark::comma
han i fafun i tondo i kadala mbi ,	nv::nv cm::gen nv::nv cm::gen nv::adj cm::gen verb::vv e::fve.npst mark::comma
usin acan tari kini ,	nv::nv nv::nv verb::vv e::fve.opt mark::comma
juwan jakūn morin ,	nv::nv nv::nv nv::nv mark::comma
○ ineku tere inenggi ,	mark::circle nv::nv nv::nv nv::nv mark::comma
emu tanggū jancuhūn hengke benji he .	nv::nv nv::nv nv::adj nv::nv verb::vv e::pst.ptcp mark::period
boo i aika jaka be gemu gaji ha manggi ,	nv::nv cm::gen nv::nv nv::nv cm::acc nv::nv verb::vv e::pst.ptcp nv::nv mark::comma
soohai niru i naimangga ,	nn::prpn.person nv::nv cm::gen nn::prpn.person mark::comma
hejige de buce he seme juwan juwe ci jergi ,	nn::prpn.plc cm::dat verb::vv e::pst.ptcp comp nv::nv verb::vv e::cve nv::nv mark::comma
udu bi ,	nv::nv verb::vv.npst mark::comma
sin i ahūn be si ambula gosi me uji ∅ seme hendu fi bu he ,	pn::2sg cm::gen nv::nv cm::acc pn::2sg nv::nv verb::vv e::cve verb::vv e::fve.imperative comp verb::vv e::cve verb::vv e::pst.ptcp mark::comma
ahūta de ambula bu ki ,	nv::nv cm::dat nv::nv verb::vv e::fve.opt mark::comma
ergele me jafa fi gama kini ,	verb::vv e::cve verb::vv e::cve verb::vv e::fve.opt mark::comma
ginjeo ,	nn::prpn.plc mark::comma
genggiyen_han mara me jabu ci ojo rakū ,	nn::prpn verb::vv e::cve verb::vv e::cve verb::vv e::npst.ptcp.neg mark::comma
monggo kadala ra jakūn beiguwan ,	nv::nv verb::vv e::npst.ptcp nv::nv nv::nv mark::comma
han ,	nv::nv mark::comma
jase ci orin ba i dube ci ,	nv::nv cm::abl nv::nv nv::nv cm::gen nv::nv cm::abl mark::comma
ice_hecen be tuwanji fi amasi bedere me gene re be jafa fi benji mbi .	nn::prpn cm::acc verb::vv e::cve nv::nv verb::vv e::cve verb::vv e::npst.ptcp cm::acc verb::vv e::cve verb::vv e::fve.npst mark::period
hendu he gisun ,	verb::vv e::pst.ptcp nv::nv mark::comma
daya i beye fulgiyan olbo etu hebi ,	nn::prpn.person cm::gen nv::nv nv::nv nv::nv verb::vv e::fve.prs.prf mark::comma
fulata de bu ∅ ,	nv::adj cm::dat verb::vv e::fve.imperative mark::comma
yamsida ,	nn::prpn.person mark::comma
nikan ci hoko rakū se mbi o ,	nv::nv cm::abl verb::vv e::npst.ptcp.neg verb::vv e::fve.npst ptcl mark::comma
umai ehe akū banji re encu gisungge gurun i han niyalma be ,	nv::nv nv::adj nv::adj verb::vv e::npst.ptcp nv::nv nv::nv nv::nv cm::gen nv::nv nv::nv cm::acc mark::comma
menggun juwete tanggū yan ,	nv::nv nv::nv nv::nv nv::nv mark::comma
weile he jeku i dabala ,	verb::vv e::pst.ptcp nv::nv cm::gen ptcl mark::comma
han de buda ulebu re niyalma akū seme ,	nv::nv cm::dat nv::nv verb::vv e::npst.ptcp nv::nv nv::adj comp mark::comma
be akda rakū afa mbi seme hendu he manggi ,	pn::1pl.excl verb::vv e::npst.ptcp.neg verb::vv e::fve.npst comp verb::vv e::pst.ptcp nv::nv mark::comma
morin be jafa ∅ seme akdun ara fi afabu fi unggi he ,	nv::nv cm::acc verb::vv e::fve.imperative comp nv::adj verb::vv e::cve verb::vv e::cve verb::vv e::pst.ptcp mark::comma
○ juwan juwe de ,	mark::circle nv::nv nv::nv cm::dat mark::comma
cimari erde liyoha de hūrhan asu sinda fi ,	nv::nv nv::nv nn::prpn.plc cm::dat nv::nv nv::nv verb::vv e::cve mark::comma
ulin ulha be gaija rakū baibi unggi mbi ,	nv::nv nv::nv cm::acc verb::vv e::npst.ptcp.neg nv::nv verb::vv e::fve.npst mark::comma
○ ice duin de ,	mark::circle nv::adj nv::nv cm::dat mark::comma
ere ci amasi kice me hūsun bu ki ,	nv::nv cm::abl nv::nv verb::vv e::cve nv::nv verb::vv e::fve.opt mark::comma
ume guribu re ,	nv::nv verb::vv e::npst.ptcp mark::comma
boigon noho hehesi bi ci ,	nv::nv nv::nv nv::nv verb::vv e::cve mark::comma
jai jeng_giyang ni bira doo ha nikasa be ,	nv::nv nn::prpn cm::gen nv::nv verb::vv e::pst.ptcp nv::nv cm::acc mark::comma
kalka i monggo i beile se ,	nv::nv cm::gen nv::nv cm::gen nv::nv nv::nv mark::comma
ara ha beki šajin fafun be sula obu re niyalma ,	verb::vv e::pst.ptcp nv::adj nv::nv nv::nv cm::acc nv::adj verb::vv e::npst.ptcp nv::nv mark::comma
min i enen hūncihin gemu buce mbi kai ,	pn::1sg cm::gen nv::nv nv::nv nv::nv verb::vv e::fve.npst ptcl mark::comma
muse i etuhun o ho manggi ,	nv::nv cm::gen nv::adj verb::vv e::pst.ptcp nv::nv mark::comma
jori ha jurgan be jurce rakū seme beiguwan obu ha .	verb::vv e::pst.ptcp nv::nv cm::acc verb::vv e::npst.ptcp.neg comp nv::nv verb::vv e::pst.ptcp mark::period
monggoso i cooha ,	nv::nv cm::gen nv::nv mark::comma
dule ke aniya ninggun biya de ,	verb::vv e::pst.ptcp nv::nv nv::nv nv::nv cm::dat mark::comma
mušu_ho_wei i du_jy_hūi_ciyanši ungtai i jui jiltu ,	nn::prpn cm::gen nv::nv nn::prpn.person cm::gen nv::nv nn::prpn.person mark::comma
afabu ha weile be mute mbi ,	verb::vv e::pst.ptcp nv::nv cm::acc verb::vv e::fve.npst mark::comma
ere be mute rakū ci ,	nv::nv cm::acc verb::vv e::npst.ptcp.neg e::cve mark::comma
juwe aniya tuwa ci ,	nv::nv nv::nv verb::vv e::cve mark::comma
hecen i tule ebu fi aca ha ,	nv::nv cm::gen nv::nv verb::vv e::cve verb::vv e::pst.ptcp mark::comma
g'o_jao_gi gebungge emu šusai ,	nn::prpn nv::adj nv::nv nv::nv mark::comma
mao_wen_lung ni ilan tanggū cooha dobori ji fi afa ra de ,	nn::prpn cm::gen nv::nv nv::nv nv::nv nv::nv verb::vv e::cve verb::vv e::npst.ptcp cm::dat mark::comma
hoifa de emu feye ,	nn::prpn.plc cm::dat nv::nv nv::nv mark::comma
mangsaka ,	nn::prpn.person mark::comma
be faitara me wa ki se he manggi ,	pn::1pl.excl verb::vv e::cve verb::vv e::fve.opt verb::vv e::pst.ptcp nv::nv mark::comma
tede geren beidesi ala me ,	nv::nv nv::adj nv::nv verb::vv e::cve mark::comma
min i takūra ha niyalma be si ainu jafa ha ,	pn::1sg cm::gen verb::vv e::pst.ptcp nv::nv cm::acc pn::2sg nv::nv verb::vv e::pst.ptcp mark::comma
han ,	nv::nv mark::comma
wan_lii i gūsin nadaci aniya omšon biya i orin hai_si ša_ling_wei i du_jy_hūi_ši teyungge i jui daica aniya nadan biya i orin sunja de baha ha ,	nn::prpn cm::gen nv::nv nv::nv nv::nv nv::nv nv::nv cm::gen nv::nv nn::prpn nn::prpn cm::gen nv::nv nn::prpn.person cm::gen nv::nv nn::prpn.person nv::nv nv::nv nv::nv cm::gen nv::nv nv::nv cm::dat verb::vv e::pst.ptcp mark::comma
niyaman hūncihin seme harša rakū ,	nv::nv nv::nv comp verb::vv e::npst.ptcp.neg mark::comma
minggan cooha unggi re se he bi he ,	nv::nv nv::nv verb::vv e::npst.ptcp verb::vv e::pst.ptcp verb::vv e::pst.ptcp mark::comma
boso emu minggan jakūn tanggū jakūnju ,	nv::nv nv::nv nv::nv nv::nv nv::nv nv::nv mark::comma
lifangga_mafa de takūra ha ,	nn::prpn cm::dat verb::vv e::pst.ptcp mark::comma
geli donji ki se mbi kai ,	nv::nv verb::vv e::fve.opt verb::vv e::fve.npst ptcl mark::comma
wan_lii i orin sunjaci aniya sunja biya i ice de baha ha .	nn::prpn cm::gen nv::nv nv::nv nv::nv nv::nv nv::nv cm::gen nv::adj cm::dat verb::vv e::pst.ptcp mark::period
hai_si gu_ceng_wei i du_jy_hūi_tungjy aha i jui šulu ,	nn::prpn nn::prpn cm::gen nv::nv nv::nv cm::gen nv::nv nn::prpn.person mark::comma
gida ha amban sa de hergen i bodo me baha ha morin be šangna fi ,	verb::vv e::pst.ptcp nv::nv nv::nv cm::dat nv::nv cm::gen verb::vv e::cve verb::vv e::pst.ptcp nv::nv cm::acc verb::vv e::cve mark::comma
tasha_muhaliyan i baru emu ubu .	nn::prpn cm::gen nv::nv nv::nv nv::nv mark::period
han i non i eigen jecen i golo i amban bi he ,	nv::nv cm::gen nv::nv cm::gen nv::nv nv::nv cm::gen nv::nv cm::gen nv::nv verb::vv e::pst.ptcp mark::comma
adahai ,	nn::prpn.person mark::comma
ajige boo de ajige boigon kamci fi ,	nv::adj nv::nv cm::dat nv::adj nv::nv verb::vv e::cve mark::comma
hūrhan_hiya de ,	nn::prpn cm::dat mark::comma
sio_yan i ba i facabu ha gašan i maise be ,	nn::prpn cm::gen nv::nv cm::gen verb::vv e::pst.ptcp nv::nv cm::gen nv::nv cm::acc mark::comma
tere cooha adarame gene mbihe ,	nv::nv nv::nv nv::nv verb::vv e::fve.pst.ipfv mark::comma
in i ubahai_baturu be weihu de ilibu fi ,	pn::3sg cm::gen nn::prpn cm::acc nv::nv cm::dat verb::vv e::cve mark::comma
hecen i dorgi tsang ni lomi bele ninggun tanggū susai hule juwe to ,	nv::nv cm::gen nv::nv nv::nv cm::gen nv::nv nv::nv nv::nv nv::nv nv::nv nv::nv nv::nv nv::nv mark::comma
nene me sinda fi unggi he juwe niyalma de ,	verb::vv e::cve verb::vv e::cve verb::vv e::pst.ptcp nv::nv nv::nv cm::dat mark::comma
wang_beiguwan sa mbi ,	nn::prpn verb::vv e::fve.npst mark::comma
ehe o ci ,	nv::adj verb::vv e::cve mark::comma
han i fujisa ,	nv::nv cm::gen nv::nv mark::comma
wan_lii i uyuci aniya duin biya i orin jakūn de baha ha ,	nn::prpn cm::gen nv::nv nv::nv nv::nv nv::nv cm::gen nv::nv nv::nv cm::dat verb::vv e::pst.ptcp mark::comma
jori ha jurgan be jurce rakū seme beiguwan obu ha .	verb::vv e::pst.ptcp nv::nv cm::acc verb::vv e::npst.ptcp.neg comp nv::nv verb::vv e::pst.ptcp mark::period
tenteke niyalma de han ,	nv::nv nv::nv cm::dat nv::nv mark::comma
emhun de sabu ha jaka seme inu gida rakū ,	nv::nv cm::dat verb::vv e::pst.ptcp nv::nv comp nv::nv verb::vv e::npst.ptcp.neg mark::comma
sin be karun bi seme ,	pn::2sg cm::acc nv::nv verb::vv.npst comp mark::comma
korcin muse ilan gurun ,	nn::prpn.plc pn::1pl.incl nv::nv nv::nv mark::comma
yung_diyan i juwe minggan emu tanggū gūsin ,	nn::prpn cm::gen nv::nv nv::nv nv::nv nv::nv nv::nv mark::comma
giya_jing ni orin duici aniya nadan biya i ice ninggun de baha ha ,	nn::prpn cm::gen nv::nv nv::nv nv::nv nv::nv nv::nv cm::gen nv::adj nv::nv cm::dat verb::vv e::pst.ptcp mark::comma
guwangning de takūra fi ,	nn::prpn.plc cm::dat verb::vv e::cve mark::comma
ice ji he anggala tolo ro ,	nv::adj verb::vv e::pst.ptcp nv::nv verb::vv e::npst.ptcp mark::comma
toboi hendu me ,	nn::prpn.person verb::vv e::cve mark::comma
jai min i uji he bujantai min de ehe o fi ,	nv::nv pn::1sg cm::gen verb::vv e::pst.ptcp nn::prpn.person pn::1sg cm::dat nv::adj verb::vv e::cve mark::comma
ulin gaija ra weile baha ci waliya ∅ ,	nv::nv verb::vv e::npst.ptcp nv::nv verb::vv e::cve verb::vv e::fve.imperative mark::comma
buce he beye be gung ara fi beiguwan obu ha .	verb::vv e::pst.ptcp nv::nv cm::acc nv::nv verb::vv e::cve nv::nv verb::vv e::pst.ptcp mark::period
nikan de da fi min de farhūn dain o hobi ,	nv::nv cm::dat verb::vv e::cve pn::1sg cm::dat nv::adj nv::nv verb::vv e::fve.prs.prf mark::comma
ere juwan hoton be bargiya mbi .	nv::nv nv::nv nv::nv cm::acc verb::vv e::fve.npst mark::period
haksaha ,	nn::prpn.person mark::comma
yoo_jeo i niyalma muse i cooha gene he amala ,	nn::prpn cm::gen nv::nv nv::nv cm::gen nv::nv verb::vv e::pst.ptcp nv::nv mark::comma
menggun ,	nv::nv mark::comma
tere dobori ,	nv::nv nv::nv mark::comma
fanaha_pu ,	nn::prpn mark::comma
fusheku emken ,	nv::nv nv::nv mark::comma
jai buya niyalma bi kini ,	nv::nv nv::adj nv::nv verb::vv e::fve.opt mark::comma
in i omolo be acabu ha ,	pn::3sg cm::gen nv::nv cm::acc verb::vv e::pst.ptcp mark::comma
jai emu tanggū susai niyalma medege gai me ji he be ,	nv::nv nv::nv nv::nv nv::nv nv::nv nv::nv verb::vv e::cve verb::vv e::pst.ptcp cm::acc mark::comma
jori ha jurgan be jurce rakū seme ilaci jergi iogi obu ha ,	verb::vv e::pst.ptcp nv::nv cm::acc verb::vv e::npst.ptcp.neg comp nv::nv nv::nv nv::nv verb::vv e::pst.ptcp mark::comma
dorji ,	nn::prpn.person mark::comma
○ orin nadan de ,	mark::circle nv::nv nv::nv cm::dat mark::comma
manju i han inu gosi me aisila ha ,	nv::nv cm::gen nv::nv nv::nv verb::vv e::cve verb::vv e::pst.ptcp mark::comma
akdula ra gisun be ,	verb::vv e::npst.ptcp nv::nv cm::acc mark::comma
dergi abka bulekuše kini ,	nv::nv nv::nv verb::vv e::fve.opt mark::comma
hoifa i baindari ci ubaša me gene he niyalma be amasi bu mbi se he ngge ,	nn::prpn.plc cm::gen nn::prpn.person cm::abl verb::vv e::cve verb::vv e::pst.ptcp nv::nv cm::acc nv::nv verb::vv e::fve.npst verb::vv e::pst.ptcp nmlz::nmlz mark::comma
jang yen ,	nv::nv nv::nv mark::comma
sala me bu re ,	verb::vv e::cve verb::vv e::npst.ptcp mark::comma
ginjeo ,	nn::prpn.plc mark::comma
buya niyalma i juse sargan be sinda fi meni meni boo de unggi ∅ .	nv::adj nv::nv cm::gen nv::nv nv::nv cm::acc verb::vv e::cve nv::nv nv::nv nv::nv cm::dat verb::vv e::fve.imperative mark::period
( nikan be mamgiya me waji re unde i fon ,	mark::lparen nv::nv cm::acc verb::vv e::cve verb::vv e::npst.ptcp nv::nv cm::gen nv::nv mark::comma
weile beide re yamun de na be hergen ara fi ,	nv::nv verb::vv e::npst.ptcp nv::nv cm::dat nv::nv cm::acc nv::nv verb::vv e::cve mark::comma
boihoci_ecike ,	nn::prpn mark::comma
bata kimun seme gida rakū ,	nv::nv nv::nv comp verb::vv e::npst.ptcp.neg mark::comma
jeku hūlhabu rahū ,	nv::nv verb::vv e::fve.prv mark::comma
tongki fuka sinda ha hergen i dangse .	nv::nv nv::nv verb::vv e::pst.ptcp nv::nv cm::gen nv::nv mark::period
sakda asihan uheri juwe minggan isi rakū bi ,	nv::adj nv::adj nv::nv nv::nv nv::nv verb::vv e::npst.ptcp.neg verb::vv.npst mark::comma
sure_kundulen_han i deo darhan_baturu_beile ,	nn::prpn cm::gen nv::nv nn::prpn mark::comma
ere gisun de isibu ci ,	nv::nv nv::nv cm::dat verb::vv e::cve mark::comma
unggadai ,	nn::prpn.person mark::comma
niyaman hūncihin seme harša rakū ,	nv::nv nv::nv comp verb::vv e::npst.ptcp.neg mark::comma
mutu ha jui be baibi asara fi ,	verb::vv e::pst.ptcp nv::nv cm::acc nv::nv verb::vv e::cve mark::comma
juwan ba i dube ci sara kiru tukiye fi ,	nv::nv nv::nv cm::gen nv::nv cm::abl nv::nv nv::nv verb::vv e::cve mark::comma
sunjaci jergi ,	nv::nv nv::nv mark::comma
tundai ,	nn::prpn.person mark::comma
ahūn amin_taiji de gele re ,	nv::nv nn::prpn cm::dat verb::vv e::npst.ptcp mark::comma
nikan suwen i beye be suwe wakala me ,	nv::nv pn::2pl cm::gen nv::nv cm::acc pn::2pl verb::vv e::cve mark::comma
tere be encu ilga fi dayabu ∅ ,	nv::nv cm::acc nv::nv verb::vv e::cve verb::vv e::fve.imperative mark::comma
fulata de tofohon yan i weile ara ha ,	nv::adj cm::dat nv::nv nv::nv cm::gen nv::nv verb::vv e::pst.ptcp mark::comma
biya i kūwaran i julergi de isina fi naka ha .	nv::nv cm::gen nv::nv cm::gen nv::nv cm::dat verb::vv e::cve verb::vv e::pst.ptcp mark::period
ilan bedzung de ilata niyalma ,	nv::nv nv::nv cm::dat nv::nv nv::nv mark::comma
jakūn beile se ci fusihūn ,	nv::nv nv::nv nv::nv cm::abl nv::adj mark::comma
wa ci ,	verb::vv e::cve mark::comma
juwan mocin ,	nv::nv nv::nv mark::comma
nikan gurun i jao_hoidzung han be dahabu fi ,	nv::nv nv::nv cm::gen nn::prpn nv::nv cm::acc verb::vv e::cve mark::comma
boigon hai_jeo de bi ci ,	nv::nv nn::prpn cm::dat verb::vv e::cve mark::comma
keyen i niyalma min be hacin hacin i ehe gisun i bele ci ,	nn::prpn.plc cm::gen nv::nv pn::1sg cm::acc nv::nv nv::nv cm::gen nv::adj nv::nv cm::gen verb::vv e::cve mark::comma
oolan janggin ,	nn::prpn.person nv::nv mark::comma
sunjata yan i weile waliya mbi ,	nv::nv nv::nv cm::gen nv::nv verb::vv e::fve.npst mark::comma
jase jaka de te he min i dube jecen be ,	nv::nv nv::nv cm::dat verb::vv e::pst.ptcp pn::1sg cm::gen nv::nv nv::nv cm::acc mark::comma
amban sa orin funce me ,	nv::nv nv::nv nv::nv verb::vv e::cve mark::comma
nikan be abka wakala fi ,	nv::nv cm::acc nv::nv verb::vv e::cve mark::comma
boo ainu te he seme ,	nv::nv nv::nv verb::vv e::pst.ptcp comp mark::comma
tun tun de bithe unggi fi ,	nv::nv nv::nv cm::dat nv::nv verb::vv e::cve mark::comma
emu tanggū ninju ihan ,	nv::nv nv::nv nv::nv nv::nv mark::comma
○ jarut weijeng_beile i jui sangtu_taiji ,	mark::circle nn::prpn.plc nn::prpn cm::gen nv::nv nn::prpn mark::comma
laba ,	nv::nv mark::comma
ya ba de nikan be wa rakū ,	nv::nv nv::nv cm::dat nv::nv cm::acc verb::vv e::npst.ptcp.neg mark::comma
han hendu me ,	nv::nv verb::vv e::cve mark::comma
bi gene ki seme hendu fi ,	pn::1sg verb::vv e::fve.opt comp verb::vv e::cve mark::comma
ulgiyan coko aika jaka be ume wa ra ,	nv::nv nv::nv nv::nv nv::nv cm::acc nv::nv verb::vv e::npst.ptcp mark::comma
gene he cooha i niyalma de bu he ,	verb::vv e::pst.ptcp nv::nv cm::gen nv::nv cm::dat verb::vv e::pst.ptcp mark::comma
in i buyara me jalida ra jali de ,	pn::3sg cm::gen verb::vv e::cve verb::vv e::npst.ptcp nv::nv cm::dat mark::comma
hūwakšagan de tebu ∅ ,	nn::prpn.plc cm::dat verb::vv e::fve.imperative mark::comma
jori ha jurgan be jurce rakū seme beiguwan obu ha .	verb::vv e::pst.ptcp nv::nv cm::acc verb::vv e::npst.ptcp.neg comp nv::nv verb::vv e::pst.ptcp mark::period
niyaman hūncihin ehe o mbi kai ,	nv::nv nv::nv nv::adj verb::vv e::fve.npst ptcl mark::comma
jai gung baha ci jalukiya me bu re .	nv::nv nv::nv verb::vv e::cve verb::vv e::cve verb::vv e::npst.ptcp mark::period
emke juwe efuje me deribu he de ,	nv::nv nv::nv verb::vv e::cve verb::vv e::pst.ptcp cm::dat mark::comma
sain doro adarame ehe ,	nv::adj nv::nv nv::nv nv::adj mark::comma
si šeo_pu se be gai fi bargiya fi guri re ba de gama me gene ∅ ,	pn::2sg nv::nv nv::nv cm::acc verb::vv e::cve verb::vv e::cve verb::vv e::npst.ptcp nv::nv cm::dat verb::vv e::cve verb::vv e::fve.imperative mark::comma
seogen gene fi ka ha šancin i niyalma wasi fi ,	nn::prpn.person verb::vv e::cve verb::vv e::pst.ptcp nv::nv cm::gen nv::nv verb::vv e::cve mark::comma
fulan be wesibu fi iogi obu ha .	nv::adj cm::acc verb::vv e::cve nv::nv verb::vv e::pst.ptcp mark::period
ilan minggan cooha be gai fi ,	nv::nv nv::nv nv::nv cm::acc verb::vv e::cve mark::comma
iogi hafasa be takūra fi jaila ha niyalma be baica mbi ,	nv::nv nv::nv cm::acc verb::vv e::cve verb::vv e::pst.ptcp nv::nv cm::acc verb::vv e::fve.npst mark::comma
sohon honin aniya jorgon biya de ,	nv::adj nv::nv nv::nv nv::nv nv::nv cm::dat mark::comma
suwen i daha ha niyalma be ainu wa mbi ,	pn::2pl cm::gen verb::vv e::pst.ptcp nv::nv cm::acc nv::nv verb::vv e::fve.npst mark::comma
suwe uttu hūlha me gai ci tetendere ,	pn::2pl nv::nv verb::vv e::cve verb::vv e::cve nv::nv mark::comma
geren duile fi ,	nv::adj verb::vv e::cve mark::comma
tucibu he jeku be isina hai miyali ci ja kai ,	verb::vv e::pst.ptcp nv::nv cm::acc verb::vv e::cve verb::vv e::cve nv::adj ptcl mark::comma
gaji me ji ∅ ,	verb::vv e::cve verb::vv e::fve.imperative mark::comma
in i ahūn suna de ala habi ,	pn::3sg cm::gen nv::nv nv::nv cm::dat verb::vv e::fve.prs.prf mark::comma
orin sunja yan menggun gai ha ,	nv::nv nv::nv nv::nv nv::nv verb::vv e::pst.ptcp mark::comma
wan_lii i juwan uyuci aniya ninggun biya i orin duin de baha ha ,	nn::prpn cm::gen nv::nv nv::nv nv::nv nv::nv nv::nv cm::gen nv::nv nv::nv cm::dat verb::vv e::pst.ptcp mark::comma
narin i gese hebe banji fi ishun de holto me ume tukiye re ,	nn::prpn.person cm::gen nv::nv nv::nv verb::vv e::cve nv::nv cm::dat verb::vv e::cve nv::nv verb::vv e::npst.ptcp mark::comma
han ,	nv::nv mark::comma
wamadi ,	nn::prpn.person mark::comma
beiguwan ci wesihun ,	nv::nv cm::abl nv::nv mark::comma
emu jergi buce re weile be guwebu mbi .	nv::nv nv::nv verb::vv e::npst.ptcp nv::nv cm::acc verb::vv e::fve.npst mark::period
simiyan de bene re jeku be ,	nn::prpn.plc cm::dat verb::vv e::npst.ptcp nv::nv cm::acc mark::comma
uru be waka ,	nv::nv cm::acc nv::adj mark::comma
ere duin beile be suwe embici dergi ahūta i sargan angga si me bu he ,	nv::nv nv::nv nv::nv cm::acc pn::2pl nv::nv nv::nv nv::nv cm::gen nv::nv nv::nv verb::vv e::cve verb::vv e::pst.ptcp mark::comma
○ tofohon de ,	mark::circle nv::nv cm::dat mark::comma
hondai ,	nn::prpn.person mark::comma
nambu ci min i yali dere seme uttu gūni me hūlha mbi waka o ,	verb::vv e::cve pn::1sg cm::gen nv::nv ptcl comp nv::nv verb::vv e::cve verb::vv e::fve.npst nv::nv ptcl mark::comma
keyen ci ebsi gai ha aika jaka be amasi bederebu me bu he ,	nn::prpn.plc cm::abl nv::nv verb::vv e::pst.ptcp nv::nv nv::nv cm::acc nv::nv verb::vv e::cve verb::vv e::pst.ptcp mark::comma
giyang ni dalirame cooha te hebi seme ala ha .	nv::nv cm::gen nv::nv nv::nv verb::vv e::fve.prs.prf comp verb::vv e::pst.ptcp mark::period
xeo_šan ,	nn::prpn mark::comma
mao_wen_lung ni cooha ,	nn::prpn cm::gen nv::nv mark::comma
wang_su_ming ,	nn::prpn mark::comma
si donji fi ainu jafa hakū sula gaji ha seme weile ara fi ,	pn::2sg verb::vv e::cve nv::nv verb::vv e::pst.ptcp.neg nv::adj verb::vv e::pst.ptcp comp nv::nv verb::vv e::cve mark::comma
tere inenggi wasimbu ha ,	nv::nv nv::nv verb::vv e::pst.ptcp mark::comma
te ume gisure re ,	nv::nv nv::nv verb::vv e::npst.ptcp mark::comma
juse sargan ci fakca fi jobo ro anggala ,	nv::nv nv::nv cm::abl verb::vv e::cve verb::vv e::npst.ptcp nv::nv mark::comma
orin jakūn angga ,	nv::nv nv::nv nv::nv mark::comma
kalka i gurbusi_taiji i juwe haha emu hehe uka me ji he .	nv::nv cm::gen nn::prpn cm::gen nv::nv nv::nv nv::nv nv::nv verb::vv e::cve verb::vv e::pst.ptcp mark::period
juwan juwe ci jergi ,	nv::nv verb::vv e::cve nv::nv mark::comma
yalu ha morin i enggemu be gemu gai fi sula sinda ha be ,	verb::vv e::pst.ptcp nv::nv cm::gen nv::nv cm::acc nv::nv verb::vv e::cve nv::adj verb::vv e::pst.ptcp cm::acc mark::comma
ai ai weilengge niyalma ,	nv::nv nv::nv nv::adj nv::nv mark::comma
suwen be bi geli gosi mbi ,	pn::2pl cm::acc pn::1sg nv::nv verb::vv e::fve.npst mark::comma
tere gene he niyalma be bi inu weile ara mbihe ,	nv::nv verb::vv e::pst.ptcp nv::nv cm::acc pn::1sg nv::nv nv::nv verb::vv e::fve.pst.ipfv mark::comma
waka be uru seme fudara me beide he be abka wakala ha ,	nv::adj cm::acc nv::nv comp verb::vv e::cve verb::vv e::pst.ptcp cm::acc nv::nv verb::vv e::pst.ptcp mark::comma
darhan_taiji ,	nn::prpn mark::comma
min i te hei bisi re de ,	pn::1sg cm::gen verb::vv e::cve verb::vv e::npst.ptcp cm::dat mark::comma
dobi_ecike ,	nn::prpn mark::comma
weile he jeku i dabala ,	verb::vv e::pst.ptcp nv::nv cm::gen ptcl mark::comma
tuba i giran be hono uba de gaji mbi kai ,	nv::nv cm::gen nv::nv cm::acc nv::nv nv::nv cm::dat verb::vv e::fve.npst ptcl mark::comma
tuša ,	nn::prpn.person mark::comma
wan_lii i uyuci aniya duin biya i orin jakūn de baha ha ,	nn::prpn cm::gen nv::nv nv::nv nv::nv nv::nv cm::gen nv::nv nv::nv cm::dat verb::vv e::pst.ptcp mark::comma
juwe gūsa de acan emu iogi ,	nv::nv nv::nv cm::dat nv::nv nv::nv nv::nv mark::comma
banji me doso rakū se ci ,	verb::vv e::cve verb::vv e::npst.ptcp.neg verb::vv e::cve mark::comma
miyoo_beiguwan be efule fi ,	nn::prpn cm::acc verb::vv e::cve mark::comma
abutu_baturu ,	nn::prpn mark::comma
ihan ulha gemu tarhūn seme alanji ha ,	nv::nv nv::nv nv::nv nv::adj comp verb::vv e::pst.ptcp mark::comma
muse i adali saca i iberi ,	nv::nv cm::gen nv::adj nv::nv cm::gen nv::nv mark::comma
nikan ,	nv::nv mark::comma
looye sin i gūni ha ba be tacibu me bithe ara fi gene he niyalma de hūdun unggi ∅ ,	nv::nv pn::2sg cm::gen verb::vv e::pst.ptcp nv::nv cm::acc verb::vv e::cve nv::nv verb::vv e::cve verb::vv e::pst.ptcp nv::nv cm::dat nv::adj verb::vv e::fve.imperative mark::comma
niyaman hūncihin seme harša rakū ,	nv::nv nv::nv comp verb::vv e::npst.ptcp.neg mark::comma
giya_jing ni dehi duici aniya uyun biya i juwan ilan de baha ha ,	nn::prpn cm::gen nv::nv nv::nv nv::nv nv::nv nv::nv cm::gen nv::nv nv::nv cm::dat verb::vv e::pst.ptcp mark::comma
han ajigen ,	nv::nv nv::adj mark::comma
guwangning de te he beile se fujisa isinji ha .	nn::prpn.plc cm::dat verb::vv e::pst.ptcp nv::nv nv::nv nv::nv verb::vv e::pst.ptcp mark::period
si ainu niyakūra rakū ,	pn::2sg nv::nv verb::vv e::npst.ptcp.neg mark::comma
tere be han baha fi sa habi o ,	nv::nv cm::acc nv::nv verb::vv e::cve verb::vv e::fve.prs.prf ptcl mark::comma
gemu juse omosi jalan hala me alban de ume dabu re ,	nv::nv nv::nv nv::nv nv::nv verb::vv e::cve nv::nv cm::dat nv::nv verb::vv e::npst.ptcp mark::comma
orin sunja dere ,	nv::nv nv::nv ptcl mark::comma
delken de juwan ilan yan i weile waliya mbi ,	nn::prpn.person cm::dat nv::nv nv::nv nv::nv cm::gen nv::nv verb::vv e::fve.npst mark::comma
○ ice duin de ,	mark::circle nv::adj nv::nv cm::dat mark::comma
jakūta de emu feye baha ha seme duin yan i weile waliya mbi ,	nv::nv cm::dat nv::nv nv::nv verb::vv e::pst.ptcp comp nv::nv nv::nv cm::gen nv::nv verb::vv e::fve.npst mark::comma
doro be wesibu me han obu mbi ,	nv::nv cm::acc verb::vv e::cve nv::nv verb::vv e::fve.npst mark::comma
baihū ,	nn::prpn.person mark::comma
monggo i jase de anafula me gene he .	nv::nv cm::gen nv::nv cm::dat verb::vv e::cve verb::vv e::pst.ptcp mark::period
malu ara fi benji hebi ,	nv::nv verb::vv e::cve verb::vv e::fve.prs.prf mark::comma
fu_jeo ,	nn::prpn mark::comma
minggan niyalma be kadala ra niyalma o ci ,	nv::nv nv::nv cm::acc verb::vv e::npst.ptcp nv::nv verb::vv e::cve mark::comma
teleri etubu he ,	nv::nv verb::vv e::pst.ptcp mark::comma
○ baicuka be ,	mark::circle nn::prpn.person cm::acc mark::comma
asari jafa ha ,	nv::nv verb::vv e::pst.ptcp mark::comma
weile beide ∅ seme sinda habi ,	nv::nv verb::vv e::fve.imperative comp verb::vv e::fve.prs.prf mark::comma
in i ilan tumen cooha be gai fi ,	pn::3sg cm::gen nv::nv nv::nv nv::nv cm::acc verb::vv e::cve mark::comma
poo miyoocan ,	nv::nv nv::nv mark::comma
hūwang_gu_doo ,	nn::prpn mark::comma
tongki fuka sinda ha hergen i dangse .	nv::nv nv::nv verb::vv e::pst.ptcp nv::nv cm::gen nv::nv mark::period
han i fafun i tondo i kadala mbi ,	nv::nv cm::gen nv::nv cm::gen nv::adj cm::gen verb::vv e::fve.npst mark::comma
toika ,	nn::prpn.person mark::comma
ejen ,	nv::nv mark::comma
juwan ba i dube de ihan wa fi tu wece he ,	nv::nv nv::nv cm::gen nv::nv cm::dat nv::nv verb::vv e::cve nv::nv verb::vv e::pst.ptcp mark::comma
han ,	nv::nv mark::comma
ilan šeo_pu de juwete niyalma ,	nv::nv nv::nv cm::dat nv::nv nv::nv mark::comma
han de alanji re jaka de ,	nv::nv cm::dat verb::vv e::npst.ptcp nv::nv cm::dat mark::comma
○ juwan jakūn de ,	mark::circle nv::nv nv::nv cm::dat mark::comma
guwangning ni ba be baha ha manggi ,	nn::prpn.plc cm::gen nv::nv cm::acc verb::vv e::pst.ptcp nv::nv mark::comma
han i bithe ,	nv::nv cm::gen nv::nv mark::comma
i_mu_wei i du_jy_hūi_ciyanši loro i jui yangbulu ,	nn::prpn cm::gen nv::nv nn::prpn.person cm::gen nv::nv nn::prpn.person mark::comma
hergen efule ci ,	nv::nv verb::vv e::cve mark::comma
erdeni_baksi hendu me ,	nn::prpn verb::vv e::cve mark::comma
hiya_age ,	nn::prpn mark::comma
jeku hadu re be tuwakiya ra cooha be amasi bederebu he .	nv::nv verb::vv e::npst.ptcp cm::acc verb::vv e::npst.ptcp nv::nv cm::acc nv::nv verb::vv e::pst.ptcp mark::period
jori ha jurgan be jurce rakū seme ilaci jergi fujiyang obu ha ,	verb::vv e::pst.ptcp nv::nv cm::acc verb::vv e::npst.ptcp.neg comp nv::nv nv::nv nv::nv verb::vv e::pst.ptcp mark::comma
bi ooba_hūwang_taiji de tusiyetu_han i gebu bu he ,	pn::1sg nn::prpn cm::dat nn::prpn cm::gen nv::nv verb::vv e::pst.ptcp mark::comma
akda rakū bi he bi ci ,	verb::vv e::npst.ptcp.neg verb::vv e::pst.ptcp verb::vv e::cve mark::comma
damu juwe beile i elcin ji he ,	nv::nv nv::nv nv::nv cm::gen nv::nv verb::vv e::pst.ptcp mark::comma
tere i amala šanggiyan morin be wa fi senggi be so me ,	nv::nv cm::gen nv::nv nv::nv nv::nv cm::acc verb::vv e::cve nv::nv cm::acc verb::vv e::cve mark::comma
jirgacun sebjen de dosi ci ,	nv::nv nv::nv cm::dat verb::vv e::cve mark::comma
afabu ha weile be mute mbi ,	verb::vv e::pst.ptcp nv::nv cm::acc verb::vv e::fve.npst mark::comma
○ iogi yarna ,	mark::circle nv::nv nn::prpn.person mark::comma
bolori hadu ha orho de ilibu ∅ ,	nv::nv verb::vv e::pst.ptcp nv::nv cm::dat verb::vv e::fve.imperative mark::comma
šoto_taiji ,	nn::prpn mark::comma
budang ,	nn::prpn.person mark::comma
duin janggin de gūsin yan ,	nv::nv nv::nv cm::dat nv::nv nv::nv mark::comma
jai gegen i karun i burai niru i emu nure ,	nv::nv nn::prpn.person cm::gen nv::nv cm::gen nn::prpn.person nv::nv cm::gen nv::nv nv::nv mark::comma
amin_beile be takūra fi unggi he bithe i gisun ,	nn::prpn cm::acc verb::vv e::cve verb::vv e::pst.ptcp nv::nv cm::gen nv::nv mark::comma
sin be bi sin i da banji ha ci geli wesibu fi ,	pn::2sg cm::acc pn::1sg pn::2sg cm::gen nv::nv verb::vv e::pst.ptcp cm::abl nv::nv verb::vv e::cve mark::comma
○ jaode be ,	mark::circle nn::prpn.person cm::acc mark::comma
jase i tulergi dorgi be aktala me dukai_ala de ili ha ,	nv::nv cm::gen nv::nv nv::nv cm::acc verb::vv e::cve nn::prpn cm::dat verb::vv e::pst.ptcp mark::comma
juwe biya i orin emu de aita fujiyang de wasimbu ha ,	nv::nv nv::nv cm::gen nv::nv nv::nv cm::dat nn::prpn.person nv::nv cm::dat verb::vv e::pst.ptcp mark::comma
tuttu tondo i fafula rakū ehe miosihon jurgan i banji ci ,	nv::nv nv::adj cm::gen verb::vv e::npst.ptcp.neg nv::adj nv::adj nv::nv cm::gen verb::vv e::cve mark::comma
juwete ilata niyalma be sala fi afabu ∅ ,	nv::nv nv::nv nv::nv cm::acc verb::vv e::cve verb::vv e::fve.imperative mark::comma
jai juwan yan aisin be sarkū ,	nv::nv nv::nv nv::nv nv::nv cm::acc nv::nv mark::comma
aku ,	nn::prpn.person mark::comma
niowanggiyaha i cooha aca fi sunja niyalma wa ha seme tere aki be wa fi ,	nn::prpn.plc cm::gen nv::nv verb::vv e::cve nv::nv nv::nv verb::vv e::pst.ptcp comp nv::nv nn::prpn.person cm::acc verb::vv e::cve mark::comma
hūdun hafira me bošo fi ulebu ∅ .	nv::adj verb::vv e::cve verb::vv e::cve verb::vv e::fve.imperative mark::period
fung_hūwang de bisi re emu tanggū hule xušu ,	nn::prpn cm::dat verb::vv e::npst.ptcp nv::nv nv::nv nv::nv nv::nv mark::comma
aba abala ra de ,	nv::nv verb::vv e::npst.ptcp cm::dat mark::comma
○ orin juwe de ,	mark::circle nv::nv nv::nv cm::dat mark::comma
karun i ejen wajima gebungge niyalma be wa ha ,	nv::nv cm::gen nv::nv nv::nv nv::adj nv::nv cm::acc verb::vv e::pst.ptcp mark::comma
juwan ulhūma ,	nv::nv nv::nv mark::comma
○ ginjeo i cargi ,	mark::circle nn::prpn.plc cm::gen nv::nv mark::comma
sargan ,	nv::nv mark::comma
tere juwe jangturi jurce me idu banji fi gene fi bošo kini ,	nv::nv nv::nv nv::nv verb::vv e::cve nv::nv verb::vv e::cve verb::vv e::cve verb::vv e::fve.opt mark::comma
duici_beile sin be ama min i haji sargan de banji ha damu enen seme alimbaha rakū gosi mbi kai ,	nn::prpn pn::2sg cm::acc nv::nv pn::1sg cm::gen nv::adj nv::nv cm::dat verb::vv e::pst.ptcp nv::nv nv::nv comp verb::vv e::npst.ptcp.neg verb::vv e::fve.npst ptcl mark::comma
muse juwe gurun emu hebe i nikan gurun be daila me ,	pn::1pl.incl nv::nv nv::nv nv::nv nv::nv cm::gen nv::nv nv::nv cm::acc verb::vv e::cve mark::comma
gecuheri ,	nv::nv mark::comma
baha ra de dosi fi niyalma wa ra ,	verb::vv e::npst.ptcp cm::dat verb::vv e::cve nv::nv verb::vv e::npst.ptcp mark::comma
emu pu de juwete tanggū ilata tanggū aca ra teisu be tuwa me ,	nv::nv nv::nv cm::dat nv::nv nv::nv nv::nv nv::nv verb::vv e::npst.ptcp nv::nv cm::acc verb::vv e::cve mark::comma
gūwa geren cooha i niyalma dosi ci ,	nv::nv nv::adj nv::nv cm::gen nv::nv verb::vv e::cve mark::comma
ehe gisun hendu fi unggi he ejen ehe dere ,	nv::adj nv::nv verb::vv e::cve verb::vv e::pst.ptcp nv::nv nv::adj ptcl mark::comma
sibe ,	nv::nv mark::comma
isinji fi han de ala me ,	verb::vv e::cve nv::nv cm::dat verb::vv e::cve mark::comma
amba_fujin asara ∅ seme bu fi gene he seme ala ha ,	nn::prpn verb::vv e::fve.imperative comp verb::vv e::cve verb::vv e::pst.ptcp comp verb::vv e::pst.ptcp mark::comma
šongkoro_baturu ,	nn::prpn mark::comma
amasi bedere me ji fi ,	nv::nv verb::vv e::cve verb::vv e::cve mark::comma
donoi aga_holo i hali de bi ,	nn::prpn.person nn::prpn cm::gen nv::nv cm::dat verb::vv.npst mark::comma
engke_tabunang ,	nn::prpn mark::comma
ninggun tanggū tofohon sejen ,	nv::nv nv::nv nv::nv nv::nv mark::comma
sa ha sa hai tanta ∅ ,	verb::vv e::pst.ptcp verb::vv e::cve verb::vv e::fve.imperative mark::comma
ama i gung ,	nv::nv cm::gen nv::nv mark::comma
orin yan i gung faita ha ,	nv::nv nv::nv cm::gen nv::nv verb::vv e::pst.ptcp mark::comma
mumuhu juwe jergi efi he ,	nv::nv nv::nv nv::nv verb::vv e::pst.ptcp mark::comma
juwan morin ,	nv::nv nv::nv mark::comma
○ cang_diyan i emu minggan jakūn tanggū susai ,	mark::circle nn::prpn cm::gen nv::nv nv::nv nv::nv nv::nv nv::nv mark::comma
han i beye sa fi hendu me ,	nv::nv cm::gen nv::nv verb::vv e::cve verb::vv e::cve mark::comma
hendu me ,	verb::vv e::cve mark::comma
kanggūri be fujiyang be nakabu fi tsanjiyang ni hergen obu ha ,	nn::prpn.person cm::acc nv::nv cm::acc verb::vv e::cve nv::nv cm::gen nv::nv verb::vv e::pst.ptcp mark::comma
deo be doro jafabu ci ,	nv::nv cm::acc nv::nv verb::vv e::cve mark::comma
juwan emte yan i weile waliya mbi ,	nv::nv nv::nv nv::nv cm::gen nv::nv verb::vv e::fve.npst mark::comma
yahū ,	nn::prpn.person mark::comma
aohan ci juwe haha ,	nn::prpn.plc cm::abl nv::nv nv::nv mark::comma
han hendu me ,	nv::nv verb::vv e::cve mark::comma
du_tang ni bithe ,	nv::nv cm::gen nv::nv mark::comma
irgen beye emu o fi yabu ha ,	nv::nv nv::nv nv::nv verb::vv e::cve verb::vv e::pst.ptcp mark::comma
anafu te re ,	nv::nv verb::vv e::npst.ptcp mark::comma
tere wa ha nikan be baica fi ,	nv::nv verb::vv e::pst.ptcp nv::nv cm::acc verb::vv e::cve mark::comma
weihu bisi re akū be saikan yargiyala me tuwa fi ,	nv::nv verb::vv e::npst.ptcp nv::adj cm::acc nv::adj verb::vv e::cve verb::vv e::cve mark::comma
hai_jeo i harangga alban i ihan be ,	nn::prpn cm::gen nv::nv nv::nv cm::gen nv::nv cm::acc mark::comma
abala fi baha ha yali be ,	verb::vv e::cve verb::vv e::pst.ptcp nv::nv cm::acc mark::comma
dosi re de ,	verb::vv e::npst.ptcp cm::dat mark::comma
jalan hala me juse omosi be abka uji kini .	nv::nv verb::vv e::cve nv::nv nv::nv cm::acc nv::nv verb::vv e::fve.opt mark::period
cing_tai_ioi ,	nn::prpn mark::comma
na de sahaliyan ihan be wa fi ,	nv::nv cm::dat nv::adj nv::nv cm::acc verb::vv e::cve mark::comma
ba be waliya fi bai me ji he gung ,	nv::nv cm::acc verb::vv e::cve verb::vv e::cve verb::vv e::pst.ptcp nv::nv mark::comma
gida ,	nv::nv mark::comma
afabu ha weile be mute mbi ,	verb::vv e::pst.ptcp nv::nv cm::acc verb::vv e::fve.npst mark::comma
jise jafa ra nikasa be bu me ,	nv::nv verb::vv e::npst.ptcp nv::nv cm::acc verb::vv e::cve mark::comma
dulin niyalma burula mbime amasi gabta me ,	nv::adj nv::nv verb::vv e::cve nv::nv verb::vv e::cve mark::comma
hacin hacin i ganio sabi jori me ,	nv::nv nv::nv cm::gen nv::adj nv::nv verb::vv e::cve mark::comma
unggi he bithe i gisun ,	verb::vv e::pst.ptcp nv::nv cm::gen nv::nv mark::comma
ula i hashū_beile de ,	nv::nv cm::gen nn::prpn cm::dat mark::comma
bedzung ,	nv::nv mark::comma
hebe akdun ,	nv::nv nv::adj mark::comma
hūsitun bi ,	nv::nv verb::vv.npst mark::comma
sijika ,	nn::prpn.person mark::comma
min i elcin ajai donji habi ,	pn::1sg cm::gen nv::nv nn::prpn.person verb::vv e::fve.prs.prf mark::comma
jergene iogi ,	nn::prpn.person nv::nv mark::comma
sin de nikan_age i ulin ai ai jaka be uhe acabu ha ngge ,	pn::2sg cm::dat nn::prpn cm::gen nv::nv nv::nv nv::nv nv::nv cm::acc nv::nv verb::vv e::pst.ptcp nmlz::nmlz mark::comma
hūsita niru i niyalma be in i niru i niyalma de afabu fi ganabu ha .	nn::prpn.person nv::nv cm::gen nv::nv cm::acc pn::3sg cm::gen nv::nv cm::gen nv::nv cm::dat verb::vv e::cve verb::vv e::pst.ptcp mark::period
han i bayara i hiya sa be gai fi ,	nv::nv cm::gen nv::nv cm::gen nv::nv nv::nv cm::acc verb::vv e::cve mark::comma
tere gašan de bi ,	nv::nv nv::nv cm::dat verb::vv.npst mark::comma
dain daila ci ,	nv::nv verb::vv e::cve mark::comma
han i bithe ,	nv::nv cm::gen nv::nv mark::comma
uheri susai jakūn anggala ,	nv::nv nv::nv nv::nv nv::nv mark::comma
sunja tanggū yan menggun ,	nv::nv nv::nv nv::nv nv::nv mark::comma
hūturi juse omosi de tuta mbi ,	nv::nv nv::nv nv::nv cm::dat verb::vv e::fve.npst mark::comma
hai_si tomoho_wei i du_jy_hūi_ciyanši nitangga i jui utasi ,	nn::prpn nn::prpn cm::gen nv::nv nn::prpn.person cm::gen nv::nv nn::prpn.person mark::comma
han hendu me ,	nv::nv verb::vv e::cve mark::comma
ula de emu feye gidalabu ha ,	nv::nv cm::dat nv::nv nv::nv verb::vv e::pst.ptcp mark::comma
gemu jakūn gūsa i amban sa de afabu fi ningguta de weri ∅ ,	nv::nv nv::nv nv::nv cm::gen nv::nv nv::nv cm::dat verb::vv e::cve nn::prpn.plc cm::dat verb::vv e::fve.imperative mark::comma
yargiyan ba de ,	nv::adj nv::nv cm::dat mark::comma
sahalca_ecike ,	nn::prpn mark::comma
kice me bošo me akūmbu ki ,	verb::vv e::cve verb::vv e::cve verb::vv e::fve.opt mark::comma
aca ha doro i amba sarin sarila ha ,	verb::vv e::pst.ptcp nv::nv cm::gen nv::adj nv::nv verb::vv e::pst.ptcp mark::comma
○ uju mukūn i nadaci tatan ,	mark::circle nv::nv nv::nv cm::gen nv::nv nv::nv mark::comma
gege de emu fulgiyan gecuheri ,	nv::nv cm::dat nv::nv nv::nv nv::nv mark::comma
ihan juwanta ,	nv::nv nv::nv mark::comma
beile se amban sa i boo de ,	nv::nv nv::nv nv::nv nv::nv cm::gen nv::nv cm::dat mark::comma
hūlha holo koimali jalingga ehe mujilen i banji ci ,	nv::nv nv::nv nv::adj nv::adj nv::adj nv::nv cm::gen verb::vv e::cve mark::comma
aga ra de ,	verb::vv e::npst.ptcp cm::dat mark::comma
sunja biya i ice ilan de ,	nv::nv nv::nv cm::gen nv::adj nv::nv cm::dat mark::comma
juwan emu de wasimbu ha ,	nv::nv nv::nv cm::dat verb::vv e::pst.ptcp mark::comma
tai niyalma de angga si me jakūnju yan menggun bu fi gene he be baica fi ,	nv::nv nv::nv cm::dat nv::nv verb::vv e::cve nv::nv nv::nv nv::nv verb::vv e::cve verb::vv e::pst.ptcp cm::acc verb::vv e::cve mark::comma
donoi ,	nn::prpn.person mark::comma
bahana rakū ba be aina ra seme tondo i beide cina ,	verb::vv e::npst.ptcp.neg nv::nv cm::acc verb::vv e::npst.ptcp comp nv::adj cm::gen verb::vv e::fve.opt mark::comma
tontai ,	nn::prpn.person mark::comma
gūsin uksin i niyalma be gai fi te ,	nv::nv nv::nv cm::gen nv::nv cm::acc verb::vv e::cve nv::nv mark::comma
ice ninggun de cimari erde aca ki .	nv::adj nv::nv cm::dat nv::nv nv::nv verb::vv e::fve.opt mark::period
giya_jing ni gūsin duici aniya nadan biya i orin nadan de baha ha ,	nn::prpn cm::gen nv::nv nv::nv nv::nv nv::nv nv::nv cm::gen nv::nv nv::nv cm::dat verb::vv e::pst.ptcp mark::comma
yarna min be wa kini ,	nn::prpn.person pn::1sg cm::acc verb::vv e::fve.opt mark::comma
saikan kimci me bithe tacibu fi ,	nv::adj verb::vv e::cve nv::nv verb::vv e::cve mark::comma
undurakū emte ,	nv::nv nv::nv mark::comma
ho_si ,	nn::prpn mark::comma
fiyefun i ninggu ,	nn::prpn.plc cm::gen nv::nv mark::comma
hai_jeo i boigon i nikasa be amargi guwali de tebu ∅ ,	nn::prpn cm::gen nv::nv cm::gen nv::nv cm::acc nv::nv nv::nv cm::dat verb::vv e::fve.imperative mark::comma
si mene dahai_baksi de latu fi ,	pn::2sg nv::nv nn::prpn cm::dat verb::vv e::cve mark::comma
susai ninju jaha ,	nv::nv nv::nv nv::nv mark::comma
cimari dari han i yamun de beile se i yamun de yamula ha manggi ,	nv::nv nv::nv nv::nv cm::gen nv::nv cm::dat nv::nv nv::nv cm::gen nv::nv cm::dat verb::vv e::pst.ptcp nv::nv mark::comma
hūsita be amca me gene fi ,	nn::prpn.person cm::acc verb::vv e::cve verb::vv e::cve mark::comma
jakūta de emu feye baha ha seme ,	nv::nv cm::dat nv::nv nv::nv verb::vv e::pst.ptcp comp mark::comma
casi gene ci ojo ro ,	nv::nv verb::vv e::cve verb::vv e::npst.ptcp mark::comma
jaling tebu mbi ,	nn::prpn verb::vv e::fve.npst mark::comma
morin de muke mele fi ,	nv::nv cm::dat nv::nv verb::vv e::cve mark::comma
han hendu me ,	nv::nv verb::vv e::cve mark::comma
unggi he ici ergi gala i cooha isina hakū ,	verb::vv e::pst.ptcp nv::nv nv::nv nv::nv cm::gen nv::nv verb::vv e::pst.ptcp.neg mark::comma
tuba i ama eme ,	nv::nv cm::gen nv::nv nv::nv mark::comma
suwen i emu gisun be adarame mara ci o mbi seme bithe ara fi unggi he .	pn::2pl cm::gen nv::nv nv::nv cm::acc nv::nv verb::vv e::cve verb::vv e::fve.npst comp nv::nv verb::vv e::cve verb::vv e::pst.ptcp mark::period
○ cohono julergi golo de te he nikan de jeku gai me gene fi ,	mark::circle nn::prpn.person nv::nv nv::nv cm::dat verb::vv e::pst.ptcp nv::nv cm::dat nv::nv verb::vv e::cve verb::vv e::cve mark::comma
sain be sain ,	nv::adj cm::acc nv::adj mark::comma
juwe deo be weri he ,	nv::nv nv::nv cm::acc verb::vv e::pst.ptcp mark::comma
du_tang ,	nv::nv mark::comma
tere gisun be sunja tatan i kalka de ala rakū ci ,	nv::nv nv::nv cm::acc nv::nv nv::nv cm::gen nv::nv cm::dat verb::vv e::npst.ptcp.neg e::cve mark::comma
jakūn biya i orin uyun de gemu gai ha ,	nv::nv nv::nv cm::gen nv::nv nv::nv cm::dat nv::nv verb::vv e::pst.ptcp mark::comma
orin niyalma emu ihan be ulebu ∅ ,	nv::nv nv::nv nv::nv nv::nv cm::acc verb::vv e::fve.imperative mark::comma
beile se i emgi ji ∅ .	nv::nv nv::nv cm::gen nv::nv verb::vv e::fve.imperative mark::period
tere jugūn be fonji fi unggi ∅ ,	nv::nv nv::nv cm::acc verb::vv e::cve verb::vv e::fve.imperative mark::comma
tari re ihan ,	verb::vv e::npst.ptcp nv::nv mark::comma
sin i yordo ho ngge be tašan se mbi o ,	pn::2sg cm::gen verb::vv e::pst.ptcp nmlz::nmlz cm::acc nv::nv verb::vv e::fve.npst ptcl mark::comma
○ g'ai_jeo ci wasihūn ,	mark::circle nn::prpn cm::abl nv::nv mark::comma
geli cilin de ji fi ,	nv::nv nv::nv cm::dat verb::vv e::cve mark::comma
jakūta de emte feye ,	nv::nv cm::dat nv::nv nv::nv mark::comma
beiguwan i hergen be efule fi susai šusihala fi ,	nv::nv cm::gen nv::nv cm::acc verb::vv e::cve nv::nv verb::vv e::cve mark::comma
tere sunja solho ala me ,	nv::nv nv::nv nv::nv verb::vv e::cve mark::comma
hai_si šeri_wei i du_jy_hūi_ši kukelu i jui hūsitu ,	nn::prpn nn::prpn cm::gen nv::nv nn::prpn.person cm::gen nv::nv nn::prpn.person mark::comma
gene fi ambula songgo ho ,	verb::vv e::cve nv::nv verb::vv e::pst.ptcp mark::comma
lii_g'o dzung_bing_guwan i jung giyūn cooha ji mbi seme urkila fi burgibu fi ,	nn::prpn nv::nv cm::gen nv::nv nv::nv nv::nv verb::vv e::fve.npst comp verb::vv e::cve verb::vv e::cve mark::comma
uju jergi dzung_bing_guwan be nakabu fi ,	nv::nv nv::nv nv::nv cm::acc verb::vv e::cve mark::comma
jergi jergi bodo me jafabu ha ,	nv::nv nv::nv verb::vv e::cve verb::vv e::pst.ptcp mark::comma
iogi susan ,	nv::nv nn::prpn.person mark::comma
monggocun ,	nv::nv mark::comma
yoo_jeo i hecen be ehe seme dasa me saha me ,	nn::prpn cm::gen nv::nv cm::acc nv::adj comp verb::vv e::cve verb::vv e::cve mark::comma
giya_jing ni gūsin jakūci aniya nadan biya i juwan uyun de baha ha ,	nn::prpn cm::gen nv::nv nv::nv nv::nv nv::nv nv::nv cm::gen nv::nv nv::nv cm::dat verb::vv e::pst.ptcp mark::comma
yehe i niyalma be wa ha seme ,	nv::nv cm::gen nv::nv cm::acc verb::vv e::pst.ptcp comp mark::comma
ahūn be biya giyala rakū aniya inde rakū gasabu ha manggi ,	nv::nv cm::acc nv::nv verb::vv e::npst.ptcp.neg nv::nv verb::vv e::npst.ptcp.neg verb::vv e::pst.ptcp nv::nv mark::comma
juwe ulgiyan ,	nv::nv nv::nv mark::comma
juwan ilan i inenggi ,	nv::nv nv::nv cm::gen nv::nv mark::comma
men i juwe gurun emu hebe i daila mbi ,	pn::1pl.excl cm::gen nv::nv nv::nv nv::nv nv::nv cm::gen verb::vv e::fve.npst mark::comma
geren i ejen ,	nv::adj cm::gen nv::nv mark::comma
hoošan ,	nv::nv mark::comma
tere dobori ,	nv::nv nv::nv mark::comma
silun i dahū emte ,	nv::nv cm::gen nv::nv nv::nv mark::comma
juwe biya i orin ninggun de ,	nv::nv nv::nv cm::gen nv::nv nv::nv cm::dat mark::comma
ilan šeo_pu de juwete niyalma ,	nv::nv nv::nv cm::dat nv::nv nv::nv mark::comma
cooha i niyalma be cooha i agūra be dasabu cina ,	nv::nv cm::gen nv::nv cm::acc nv::nv cm::gen nv::nv cm::acc verb::vv e::fve.opt mark::comma
deli_wehe ,	nn::prpn mark::comma
duici inenggi ,	nv::nv nv::nv mark::comma
tere cooha gene re de ,	nv::nv nv::nv verb::vv e::npst.ptcp cm::dat mark::comma
men i tuba de tuta ha ahūta deote be bojiri in de daha rakū o ho de wa mbi kai ,	pn::1pl.excl cm::gen nv::nv cm::dat verb::vv e::pst.ptcp nv::nv nv::nv cm::acc nn::prpn.person pn::3sg cm::dat verb::vv e::npst.ptcp.neg verb::vv e::pst.ptcp cm::dat verb::vv e::fve.npst ptcl mark::comma
ere emu jurgan i weile .	nv::nv nv::nv nv::nv cm::gen nv::nv mark::period
orin juwe de wasimbu ha ,	nv::nv nv::nv cm::dat verb::vv e::pst.ptcp mark::comma
han ,	nv::nv mark::comma
han i šangna me bu he šang ,	nv::nv cm::gen verb::vv e::cve verb::vv e::pst.ptcp nv::nv mark::comma
ebsi min de ji he seme ,	nv::nv pn::1sg cm::dat verb::vv e::pst.ptcp comp mark::comma
weile he jeku i dabala ,	verb::vv e::pst.ptcp nv::nv cm::gen ptcl mark::comma
saikan bekile ∅ ,	nv::adj verb::vv e::fve.imperative mark::comma
harahūi tuwana ha bi he ,	nn::prpn.person verb::vv e::pst.ptcp verb::vv e::pst.ptcp mark::comma
acan hai_si yar_wei i du_jy_hūi_ciyanši albatai i jui bartai ,	nv::nv nn::prpn nn::prpn cm::gen nv::nv nn::prpn.person cm::gen nv::nv nn::prpn.person mark::comma
juwan temen ,	nv::nv nv::nv mark::comma
jušen de bu he jeku i jalin de ,	nv::nv cm::dat verb::vv e::pst.ptcp nv::nv cm::gen nv::nv cm::dat mark::comma
gūwa ba de te ki seme ,	nv::nv nv::nv cm::dat verb::vv e::fve.opt comp mark::comma
jai jakūn pu i nikasa i fuifu ha dabsun be cen de bu fi haha tolo me dende he .	nv::nv nv::nv nv::nv cm::gen nv::nv cm::gen verb::vv e::pst.ptcp nv::nv cm::acc pn::3pl cm::dat verb::vv e::cve nv::nv verb::vv e::cve verb::vv e::pst.ptcp mark::period
min i dolo kalka ci ji he beile se emu gūsa banji ∅ ,	pn::1sg cm::gen nv::nv nv::nv cm::abl verb::vv e::pst.ptcp nv::nv nv::nv nv::nv nv::nv verb::vv e::fve.imperative mark::comma
ilata suje ,	nv::nv nv::nv mark::comma
cing_baturu ,	nn::prpn mark::comma
suwen de akda fi banji mbi o ,	pn::2pl cm::dat verb::vv e::cve verb::vv e::fve.npst ptcl mark::comma
bošo fi ,	verb::vv e::cve mark::comma
afabu ha weile be mute mbi ,	verb::vv e::pst.ptcp nv::nv cm::acc verb::vv e::fve.npst mark::comma
jori ha jurgan be jurce rakū seme beiguwan obu ha .	verb::vv e::pst.ptcp nv::nv cm::acc verb::vv e::npst.ptcp.neg comp nv::nv verb::vv e::pst.ptcp mark::period
gungcin i elcin ,	nn::prpn.person cm::gen nv::nv mark::comma
si umai hūsun tuci rakū bi me ,	pn::2sg nv::nv nv::nv verb::vv e::npst.ptcp.neg verb::vv e::cve mark::comma
dergi_mederi ci ebsi ,	nn::prpn cm::abl nv::nv mark::comma
toitono ,	nn::prpn.person mark::comma
ajigen gurun be wa ki se fi ,	nv::adj nv::nv cm::acc verb::vv e::fve.opt verb::vv e::cve mark::comma
juse omosi jalan hala me gosi re doro be ume lashala ra .	nv::nv nv::nv nv::nv verb::vv e::cve verb::vv e::npst.ptcp nv::nv cm::acc nv::nv verb::vv e::npst.ptcp mark::period
nikan i aika jaka be ume duri re ,	nv::nv cm::gen nv::nv nv::nv cm::acc nv::nv verb::vv e::npst.ptcp mark::comma
○ juwan ilan de ,	mark::circle nv::nv nv::nv cm::dat mark::comma
hūlha holo mujilen jafa fi sula heolen o ci ,	nv::nv nv::nv nv::nv verb::vv e::cve nv::adj nv::adj verb::vv e::cve mark::comma
ula de emgeri gidalabu ha ,	nv::nv cm::dat nv::nv verb::vv e::pst.ptcp mark::comma
geren seme komso be wa ci ,	nv::adj comp nv::adj cm::acc verb::vv e::cve mark::comma
hoošan uyunju sunja kiyan ,	nv::nv nv::nv nv::nv nv::nv mark::comma
hošo i amin_beile juwe minggan cooha be gai fi gene he ,	nv::nv cm::gen nn::prpn nv::nv nv::nv nv::nv cm::acc verb::vv e::cve verb::vv e::pst.ptcp mark::comma
pan emgeri emgeri fori ∅ ,	nv::nv nv::nv nv::nv verb::vv e::fve.imperative mark::comma
ere bithe be jirhai si dashūwan ergi gala i duin gūsa de isibu ∅ ,	nv::nv nv::nv cm::acc nn::prpn.person pn::2sg nv::nv nv::nv nv::nv cm::gen nv::nv nv::nv cm::dat verb::vv e::fve.imperative mark::comma
miosihon i juwan ninggun yan i gung faita ha .	nv::adj cm::gen nv::nv nv::nv nv::nv cm::gen nv::nv verb::vv e::pst.ptcp mark::period
min be umai wesibu he šangna hakū ,	pn::1sg cm::acc nv::nv verb::vv e::pst.ptcp verb::vv e::pst.ptcp.neg mark::comma
nikan hafan sa i sargata be sujubu me gaibu ha ,	nv::nv nv::nv nv::nv cm::gen nv::nv cm::acc verb::vv e::cve verb::vv e::pst.ptcp mark::comma
han i hecen de ulgiyan erin de pan i mejige isinji ha ,	nv::nv cm::gen nv::nv cm::dat nv::nv nv::nv cm::dat nv::nv cm::gen nv::nv verb::vv e::pst.ptcp mark::comma
in i boo i sula hehe gercile me ,	pn::3sg cm::gen nv::nv cm::gen nv::adj nv::nv verb::vv e::cve mark::comma
sunja solho be gemu jafa ha .	nv::nv nv::nv cm::acc nv::nv verb::vv e::pst.ptcp mark::period
han ,	nv::nv mark::comma
gulhun yooni gaji ha ,	nv::adj nv::nv verb::vv e::pst.ptcp mark::comma
baihū_mafa ,	nn::prpn mark::comma
suwen i han jafa fi bu rakū se he seme ,	pn::2pl cm::gen nv::nv verb::vv e::cve verb::vv e::npst.ptcp.neg verb::vv e::pst.ptcp comp mark::comma
juwe ulgiyan ,	nv::nv nv::nv mark::comma
erdeni_baksi be ,	nn::prpn cm::acc mark::comma
monggo i gurbusi_taiji ci uka me jide re boigon be okdo me ,	nv::nv cm::gen nn::prpn cm::abl verb::vv e::cve verb::vv e::npst.ptcp nv::nv cm::acc verb::vv e::cve mark::comma
uksun i deo .	nv::nv cm::gen nv::nv mark::period
suwen i dere giru rahū seme hendu fi ,	pn::2pl cm::gen nv::nv verb::vv e::fve.prv comp verb::vv e::cve mark::comma
emu minggan morin be usin i jeku de sinda fi tarhūbu ∅ seme hūla ha ,	nv::nv nv::nv nv::nv cm::acc nv::nv cm::gen nv::nv cm::dat verb::vv e::cve verb::vv e::fve.imperative comp verb::vv e::pst.ptcp mark::comma
juwe biya i ice ninggun de wasimbu ha ,	nv::nv nv::nv cm::gen nv::adj nv::nv cm::dat verb::vv e::pst.ptcp mark::comma
ulgiyan ,	nv::nv mark::comma
min i gese suje jodo ro nikan be baha ha bi ci ,	pn::1sg cm::gen nv::nv nv::nv verb::vv e::npst.ptcp nv::nv cm::acc verb::vv e::pst.ptcp verb::vv e::cve mark::comma
jeku bu hekū bi ci ,	nv::nv verb::vv e::pst.ptcp.neg verb::vv e::cve mark::comma
simiyan de bu he emu niyalma ,	nn::prpn.plc cm::dat verb::vv e::pst.ptcp nv::nv nv::nv mark::comma
ilan šeo_pu de juwete niyalma ,	nv::nv nv::nv cm::dat nv::nv nv::nv mark::comma
te dabsun baha fi je mbi ,	nv::nv nv::nv verb::vv e::cve verb::vv e::fve.npst mark::comma
bi daila mbi ,	pn::1sg verb::vv e::fve.npst mark::comma
gu_ceng_pu ,	nn::prpn mark::comma
fusi be gai ha fon de ,	nn::prpn.plc cm::acc verb::vv e::pst.ptcp nv::nv cm::dat mark::comma
amba gurun i han i cooha ji mbi se ci ,	nv::adj nv::nv cm::gen nv::nv cm::gen nv::nv verb::vv e::fve.npst verb::vv e::cve mark::comma
eye angga be nei ci ,	nv::nv nv::nv cm::acc verb::vv e::cve mark::comma
gemu emu han i irgen o ho kai ,	nv::nv nv::nv nv::nv cm::gen nv::nv verb::vv e::pst.ptcp ptcl mark::comma
bi ehe gūni hakū ,	pn::1sg nv::adj verb::vv e::pst.ptcp.neg mark::comma
waka be sa ha de wakala me hendu ∅ ,	nv::adj cm::acc verb::vv e::pst.ptcp cm::dat verb::vv e::cve verb::vv e::fve.imperative mark::comma
susai šusiha šusihala fi sinda ha ,	nv::nv nv::nv verb::vv e::cve verb::vv e::pst.ptcp mark::comma
muhada ,	nn::prpn.person mark::comma
coromo ,	nn::prpn.person mark::comma
dzung_bing_guwan duite morin ,	nv::nv nv::nv nv::nv mark::comma
han i bithe ,	nv::nv cm::gen nv::nv mark::comma
hasi ,	nv::nv mark::comma
ehe waka be wakala me hendu he manggi ,	nv::adj nv::adj cm::acc verb::vv e::cve verb::vv e::pst.ptcp nv::nv mark::comma
nikan i cooha emu minggan ,	nv::nv cm::gen nv::nv nv::nv nv::nv mark::comma
muse i cooha be jobobu me suilabu me ,	nv::nv cm::gen nv::nv cm::acc verb::vv e::cve verb::vv e::cve mark::comma
○ orin nadan de ,	mark::circle nv::nv nv::nv cm::dat mark::comma
elkio ,	nn::prpn.person mark::comma
suwen i ere ilan pu i niyalma ,	pn::2pl cm::gen nv::nv nv::nv nv::nv cm::gen nv::nv mark::comma
an_jeo ,	nn::prpn mark::comma
emu sargan jui isinji ha ,	nv::nv nv::nv nv::nv verb::vv e::pst.ptcp mark::comma
ajige_age emu dedun i ebsihe fude me bene he .	nn::prpn nv::nv nv::nv cm::gen nv::nv verb::vv e::cve verb::vv e::pst.ptcp mark::period
anafu te me gene he amban sa de ,	nv::nv verb::vv e::cve verb::vv e::pst.ptcp nv::nv nv::nv cm::dat mark::comma
gūwalca_golo i amban bi he ,	nn::prpn cm::gen nv::nv verb::vv e::pst.ptcp mark::comma
bagadarhan monggo i juwe niyalma uka me ji he ,	nn::prpn.person nv::nv cm::gen nv::nv nv::nv verb::vv e::cve verb::vv e::pst.ptcp mark::comma
muwa hetu emu da sabu ha .	nv::adj nv::adj nv::nv nv::nv verb::vv e::pst.ptcp mark::period
anafu te me gene he niyalma ,	nv::nv verb::vv e::cve verb::vv e::pst.ptcp nv::nv mark::comma
jarut i uijeng beile de elcin gene he niyalma i yalu ha nadan morin ,	nn::prpn.plc cm::gen nn::prpn.person nv::nv cm::dat nv::nv verb::vv e::pst.ptcp nv::nv cm::gen verb::vv e::pst.ptcp nv::nv nv::nv mark::comma
šajin ,	nv::nv mark::comma
gecuheri suje ,	nv::nv nv::nv mark::comma
igen godohon mangga ehe kai ,	nv::nv nv::adj nv::adj nv::adj ptcl mark::comma
uji he ujima ,	verb::vv e::pst.ptcp nv::nv mark::comma
ajige_age emu niru i tofohoto uksin i cooha be gai fi gene he ,	nn::prpn nv::nv nv::nv cm::gen nv::nv nv::nv cm::gen nv::nv cm::acc verb::vv e::cve verb::vv e::pst.ptcp mark::comma
nunggan_subargan ci ebsi ,	nn::prpn cm::abl nv::nv mark::comma
○ neodei ,	mark::circle nn::prpn.person mark::comma
moobari tsanjiyang emu minggan cooha be gai fi ,	nn::prpn.person nv::nv nv::nv nv::nv nv::nv cm::acc verb::vv e::cve mark::comma
tere abka ambula wakala fi tuttu wabu habi dere ,	nv::nv nv::nv nv::nv verb::vv e::cve nv::nv verb::vv e::fve.prs.prf ptcl mark::comma
haha i ton ,	nv::nv cm::gen nv::nv mark::comma
ša_ling hecen de dosimbu ha ,	nn::prpn nv::nv cm::dat verb::vv e::pst.ptcp mark::comma
○ abutu_baturu be ,	mark::circle nn::prpn cm::acc mark::comma
gūwa be min i gai ha ba be ,	nv::nv cm::acc pn::1sg cm::gen verb::vv e::pst.ptcp nv::nv cm::acc mark::comma
baduhū ,	nn::prpn.person mark::comma
○ da_he_šan ,	mark::circle nn::prpn mark::comma
ulha akū niyalma de ,	nv::nv nv::adj nv::nv cm::dat mark::comma
tuttu o ci ,	nv::nv verb::vv e::cve mark::comma
○ sabitu i weile be bošo me goida ha seme ,	mark::circle nn::prpn.person cm::gen nv::nv cm::acc verb::vv e::cve verb::vv e::pst.ptcp comp mark::comma
honin juwe ,	nv::nv nv::nv mark::comma
fejergi niyalma de ulin gaija rakū ,	nv::nv nv::nv cm::dat nv::nv verb::vv e::npst.ptcp.neg mark::comma
tari ha usin ,	verb::vv e::pst.ptcp nv::nv mark::comma
guwangning de tebu ∅ ,	nn::prpn.plc cm::dat verb::vv e::fve.imperative mark::comma
tere ba i ama eme ,	nv::nv nv::nv cm::gen nv::nv nv::nv mark::comma
sunjata jergi etuku bu he ,	nv::nv nv::nv nv::nv verb::vv e::pst.ptcp mark::comma
baisanggū ,	nn::prpn.person mark::comma
gemu emu hecen de te fi ,	nv::nv nv::nv nv::nv cm::dat verb::vv e::cve mark::comma
jeku kargibu rahū ,	nv::nv verb::vv e::fve.prv mark::comma
doro be beye de ali rakū ,	nv::nv cm::acc nv::nv cm::dat verb::vv e::npst.ptcp.neg mark::comma
gašan bošokū šeo_pu de duite ,	nv::nv nv::nv nv::nv cm::dat nv::nv mark::comma
boo jeku usin bu me jobo mbi se ci ,	nv::nv nv::nv nv::nv verb::vv e::cve verb::vv e::fve.npst verb::vv e::cve mark::comma
han'_yūn be iogi obu ha ,	nn::prpn cm::acc nv::nv verb::vv e::pst.ptcp mark::comma
tuttu tondo i fafula rakū ehe miosihon jurgan i banji ci ,	nv::nv nv::adj cm::gen verb::vv e::npst.ptcp.neg nv::adj nv::adj nv::nv cm::gen verb::vv e::cve mark::comma
jeng_an_pu i anggala i ton ,	nn::prpn cm::gen nv::nv cm::gen nv::nv mark::comma
○ orin nadan de ,	mark::circle nv::nv nv::nv cm::dat mark::comma
nikan i hūng_u_han duri fi te he se re ,	nv::nv cm::gen nn::prpn verb::vv e::cve verb::vv e::pst.ptcp verb::vv e::npst.ptcp mark::comma
ehe o ci ehe seme ala ∅ .	nv::adj verb::vv e::cve nv::adj comp verb::vv e::fve.imperative mark::period
jai boo de banji re de ,	nv::nv nv::nv cm::dat verb::vv e::npst.ptcp cm::dat mark::comma
duin duka de men i niyalma tuwakiyabu mbi ,	nv::nv nv::nv cm::dat pn::1pl.excl cm::gen nv::nv verb::vv e::fve.npst mark::comma
jeku ilan tanggū juwan emu hule ,	nv::nv nv::nv nv::nv nv::nv nv::nv nv::nv mark::comma
cooha bargiyabu fi jai aika baita tuci re ngge ,	nv::nv verb::vv e::cve nv::nv nv::nv nv::nv verb::vv e::npst.ptcp nmlz::nmlz mark::comma
encu hala i gurun waka ,	nv::nv nv::nv cm::gen nv::nv nv::adj mark::comma
eigen de waka sabu mbi ,	nv::nv cm::dat nv::adj verb::vv e::fve.npst mark::comma
julge sahaliyan_ula ,	nv::nv nn::prpn mark::comma
ere ci amasi ,	nv::nv cm::abl nv::nv mark::comma
jorgon biya i tofohon de ,	nv::nv nv::nv cm::gen nv::nv cm::dat mark::comma
hing_šan ,	nn::prpn mark::comma
yungji ,	nn::prpn.person mark::comma
men i ama ,	pn::1pl.excl cm::gen nv::nv mark::comma
ilan tanggū gūsin niyalma gemu tuci ke ,	nv::nv nv::nv nv::nv nv::nv nv::nv verb::vv e::pst.ptcp mark::comma
han i beye kiyoo de te fi ,	nv::nv cm::gen nv::nv nv::nv cm::dat verb::vv e::cve mark::comma
io_tun_wei i niyalma be ,	nn::prpn cm::gen nv::nv cm::acc mark::comma
juwan duici jergi ,	nv::nv nv::nv nv::nv mark::comma
juse omosi jalan hala me eje he sira ra gung bu he ,	nv::nv nv::nv nv::nv verb::vv e::cve verb::vv e::pst.ptcp verb::vv e::npst.ptcp nv::nv verb::vv e::pst.ptcp mark::comma
gūsin jakūn temen ,	nv::nv nv::nv nv::nv mark::comma
i ališa me beile se be hendu ∅ seme hendubu he ngge ,	pn::3sg verb::vv e::cve nv::nv nv::nv cm::acc verb::vv e::fve.imperative comp verb::vv e::pst.ptcp nmlz::nmlz mark::comma
sargan jui ama eme de fonji fi ,	nv::nv nv::nv nv::nv nv::nv cm::dat verb::vv e::cve mark::comma
giyai de bisi re ulha be hūlha fi unca mbi ,	nv::nv cm::dat verb::vv e::npst.ptcp nv::nv cm::acc verb::vv e::cve verb::vv e::fve.npst mark::comma
morin ihan susaita ,	nv::nv nv::nv nv::nv mark::comma
ilan tanggū nadanju ilan ihan ,	nv::nv nv::nv nv::nv nv::nv nv::nv mark::comma
ba ba de takūra ha cooha i niyalma isinji fi ,	nv::nv nv::nv cm::dat verb::vv e::pst.ptcp nv::nv cm::gen nv::nv verb::vv e::cve mark::comma
sui isi fi han de hūdun waka sabu kini ,	nv::nv verb::vv e::cve nv::nv cm::dat nv::adj nv::adj verb::vv e::fve.opt mark::comma
min i gurun be komso seme ,	pn::1sg cm::gen nv::nv cm::acc nv::adj comp mark::comma
geren hūwašan be dasabu me waji ha manggi sinda ha .	nv::adj nv::nv cm::acc verb::vv e::cve verb::vv e::pst.ptcp nv::nv verb::vv e::pst.ptcp mark::period
han i šangna me bu he šang ,	nv::nv cm::gen verb::vv e::cve verb::vv e::pst.ptcp nv::nv mark::comma
emu niyalma be benji he ,	nv::nv nv::nv cm::acc verb::vv e::pst.ptcp mark::comma
lii_dai_ceng de juwe yan aisin ,	nn::prpn cm::dat nv::nv nv::nv nv::nv mark::comma
weile waliya ha ,	nv::nv verb::vv e::pst.ptcp mark::comma
korcin i konggor_mafa de ,	nn::prpn.plc cm::gen nn::prpn cm::dat mark::comma
morin emu tanggū nadanju ,	nv::nv nv::nv nv::nv nv::nv mark::comma
angga ,	nv::nv mark::comma
songko de julergi juwan niyalma be sinda ∅ ,	nv::nv cm::dat nv::nv nv::nv nv::nv cm::acc verb::vv e::fve.imperative mark::comma
si tuwa me dogon tuwakiyabu me sinda ha ejen hafan de ,	pn::2sg verb::vv e::cve nv::nv verb::vv e::cve verb::vv e::pst.ptcp nv::nv nv::nv cm::dat mark::comma
guwangning ni minggan yafahan be ,	nn::prpn.plc cm::gen nv::nv nv::adj cm::acc mark::comma
beiguwan ,	nv::nv mark::comma
salun ,	nn::prpn.plc mark::comma
abultai ,	nn::prpn.person mark::comma
solho jao_wei_jung gebungge amban ,	nv::nv nn::prpn nv::adj nv::nv mark::comma
fujiyang ci fakca ha de ,	nv::nv cm::abl verb::vv e::pst.ptcp cm::dat mark::comma
tuttu niyalma wa ra ulin duri me gaija ra ngge ,	nv::nv nv::nv verb::vv e::npst.ptcp nv::nv verb::vv e::cve verb::vv e::npst.ptcp nmlz::nmlz mark::comma
emu ici gene ci ,	nv::nv nv::nv verb::vv e::cve mark::comma
i_du_ciyang de gama ∅ ,	nn::prpn cm::dat verb::vv e::fve.imperative mark::comma
suwe ciyan_tun_wei ,	pn::2pl nn::prpn mark::comma
jorgon biya i orin sunja i inenggi ,	nv::nv nv::nv cm::gen nv::nv nv::nv cm::gen nv::nv mark::comma
joriktu_beile i juwe niyalma yafahan uka me ji he .	nn::prpn cm::gen nv::nv nv::nv nv::adj verb::vv e::cve verb::vv e::pst.ptcp mark::period
juse omosi jalan hala me sain banji kini seme bithe ara fi ,	nv::nv nv::nv nv::nv verb::vv e::cve nv::adj verb::vv e::fve.opt comp nv::nv verb::vv e::cve mark::comma
ula i bujantai_han i deo karkama_beile hendu me ,	nv::nv cm::gen nn::prpn cm::gen nv::nv nn::prpn verb::vv e::cve mark::comma
beile se i beye fude fi unggi re ,	nv::nv nv::nv cm::gen nv::nv verb::vv e::cve verb::vv e::npst.ptcp mark::comma
tere ci fujisa be ji he doro seme amba sarin sarila ha .	nv::nv cm::abl nv::nv cm::acc verb::vv e::pst.ptcp nv::nv comp nv::adj nv::nv verb::vv e::pst.ptcp mark::period
ailu ,	nn::prpn.person mark::comma
g'ai_jeo de lio_fujiyang de habšana fi ,	nn::prpn cm::dat nn::prpn cm::dat verb::vv e::cve mark::comma
hūyana ,	nn::prpn.person mark::comma
yengge ci wasihūn ,	nv::nv cm::abl nv::nv mark::comma
efu be uru seme efu de da ra dabala ,	nv::nv cm::acc nv::nv comp nv::nv cm::dat verb::vv e::npst.ptcp ptcl mark::comma
kūrcan de beiguwan i hergen bu he ,	nv::nv cm::dat nv::nv cm::gen nv::nv verb::vv e::pst.ptcp mark::comma
geli in be ehe de gama mbi o seme hendu fi bi he ,	nv::nv pn::3sg cm::acc nv::adj cm::dat verb::vv e::fve.npst ptcl comp verb::vv e::cve verb::vv e::pst.ptcp mark::comma
lung_king ni sunjaci aniya jakūn biya i orin sunja de baha ha .	nn::prpn cm::gen nv::nv nv::nv nv::nv nv::nv cm::gen nv::nv nv::nv cm::dat verb::vv e::pst.ptcp mark::period
nikan i cooha axša rakū ili hai ali me gai ha manggi ,	nv::nv cm::gen nv::nv verb::vv e::npst.ptcp.neg verb::vv e::cve verb::vv e::cve verb::vv e::pst.ptcp nv::nv mark::comma
fu_jeo de nukte re monggo ,	nn::prpn cm::dat verb::vv e::npst.ptcp nv::nv mark::comma
in be amba hafan ci faksala fi ,	pn::3sg cm::acc nv::adj nv::nv cm::abl verb::vv e::cve mark::comma
○ derhi hunio ara ra cin_šeobei i kadala ra cin_šang_guwan_tun i ceng_io_sing ,	mark::circle nv::nv nv::nv verb::vv e::npst.ptcp nn::prpn cm::gen verb::vv e::npst.ptcp nn::prpn cm::gen nn::prpn mark::comma
uthai gida kini ,	nv::nv verb::vv e::fve.opt mark::comma
tere i šurde me hūrha_golo be dahabu fi ,	nv::nv cm::gen verb::vv e::cve nn::prpn cm::acc verb::vv e::cve mark::comma
ilan ji ∅ .	nv::nv verb::vv e::fve.imperative mark::period
jakūta de emu feye ,	nv::nv cm::dat nv::nv nv::nv mark::comma
yadahūn beye bayan ci tetendere seme ,	nv::adj nv::nv nv::adj cm::abl nv::nv comp mark::comma
ukanju amca me gene fi jase be songko faitabu hakū boo de dedu he seme weile ara fi ,	nv::nv verb::vv e::cve verb::vv e::cve nv::nv cm::acc nv::nv verb::vv e::pst.ptcp.neg nv::nv cm::dat verb::vv e::pst.ptcp comp nv::nv verb::vv e::cve mark::comma
fung_ji_pu de unggi he ,	nn::prpn cm::dat verb::vv e::pst.ptcp mark::comma
gene re amban sa de unggi he bithe i gisun ,	verb::vv e::npst.ptcp nv::nv nv::nv cm::dat verb::vv e::pst.ptcp nv::nv cm::gen nv::nv mark::comma
bithe be amba horho de geren dangse bithe i suwaliya me bi he ,	nv::nv cm::acc nv::adj nv::nv cm::dat nv::adj nv::nv nv::nv cm::gen verb::vv e::cve verb::vv e::pst.ptcp mark::comma
gurun be gemu baha ha ,	nv::nv cm::acc nv::nv verb::vv e::pst.ptcp mark::comma
suna_efu i karun sinda ha ilan niyalma tuwa dulembu fi amga fi ,	nn::prpn cm::gen nv::nv verb::vv e::pst.ptcp nv::nv nv::nv nv::nv verb::vv e::cve verb::vv e::cve mark::comma
liyoodung de geren beile se de ulin bai me gai ha ,	nn::prpn.plc cm::dat nv::adj nv::nv nv::nv cm::dat nv::nv verb::vv e::cve verb::vv e::pst.ptcp mark::comma
gemu teksile me isinji habi ,	nv::nv verb::vv e::cve verb::vv e::fve.prs.prf mark::comma
hoifa de emu feye baha ha seme sunja yan i weile waliya mbi .	nn::prpn.plc cm::dat nv::nv nv::nv verb::vv e::pst.ptcp comp nv::nv nv::nv cm::gen nv::nv verb::vv e::fve.npst mark::period
g'ao_el_ing de lii_ing_jiye iogi te hebi ,	nn::prpn cm::dat nn::prpn nv::nv verb::vv e::fve.prs.prf mark::comma
gosi re doro be ume lashala ra ,	verb::vv e::npst.ptcp nv::nv cm::acc nv::nv verb::vv e::npst.ptcp mark::comma
gai ha jaka be bederebu me hebe aca ha ngge ,	verb::vv e::pst.ptcp nv::nv cm::acc verb::vv e::cve nv::nv verb::vv e::pst.ptcp nmlz::nmlz mark::comma
yaya ba de elcin takūra ra ,	nv::nv nv::nv cm::dat nv::nv verb::vv e::npst.ptcp mark::comma
suwe ete mbi o ,	pn::2pl verb::vv e::fve.npst ptcl mark::comma
emu jergi buce re weile be guwebu mbi .	nv::nv nv::nv verb::vv e::npst.ptcp nv::nv cm::acc verb::vv e::fve.npst mark::period
geren šajin i amban sa ,	nv::adj nv::nv cm::gen nv::nv nv::nv mark::comma
tungsan be juwanta šusiha šusihala ha .	nn::prpn.person cm::acc nv::nv nv::nv verb::vv e::pst.ptcp mark::period
medege fonji ki ,	nv::nv verb::vv e::fve.opt mark::comma
hai_jeo de juwe minggan cooha be gai fi hala me gene he .	nn::prpn cm::dat nv::nv nv::nv nv::nv cm::acc verb::vv e::cve verb::vv e::cve verb::vv e::pst.ptcp mark::period
uksin saca aci hai emte morin bu he .	nv::nv nv::nv verb::vv e::cve nv::nv nv::nv verb::vv e::pst.ptcp mark::period
serguwen de hule i ton ,	nv::adj cm::dat nv::nv cm::gen nv::nv mark::comma
emu mudan de emu minggan niyalma idu ara me ,	nv::nv nv::nv cm::dat nv::nv nv::nv nv::nv nv::nv verb::vv e::cve mark::comma
funce he jeku be ,	verb::vv e::pst.ptcp nv::nv cm::acc mark::comma
tuttu tondo i fafula rakū ehe miosihon jurgan i banji ci ,	nv::nv nv::adj cm::gen verb::vv e::npst.ptcp.neg nv::adj nv::adj nv::nv cm::gen verb::vv e::cve mark::comma
onco mujilengge han ,	nv::adj nv::adj nv::nv mark::comma
yamji cimari saikan ulhi tele hendu rakū o fi ,	nv::nv nv::nv nv::adj verb::vv e::cve verb::vv e::npst.ptcp.neg verb::vv e::cve mark::comma
cimari erde bi gene mbi seme amasi hendu fi unggi he ,	nv::nv nv::nv pn::1sg verb::vv e::fve.npst comp nv::nv verb::vv e::cve verb::vv e::pst.ptcp mark::comma
○ ice jakūn de ,	mark::circle nv::adj nv::nv cm::dat mark::comma
koolingga ba be adarame nakabu re se mbi kai ,	nv::adj nv::nv cm::acc nv::nv verb::vv e::npst.ptcp verb::vv e::fve.npst ptcl mark::comma
deo beile i beye akū o ho .	nv::nv nv::nv cm::gen nv::nv nv::adj verb::vv e::pst.ptcp mark::period
juwan samsu bu he ,	nv::nv nv::nv verb::vv e::pst.ptcp mark::comma
sain niyalma be wesibu rakū šangna rakū o ci ,	nv::adj nv::nv cm::acc verb::vv e::npst.ptcp.neg verb::vv e::npst.ptcp.neg verb::vv e::cve mark::comma
jeku be fe kooli angga bodo me bu ∅ .	nv::nv cm::acc nv::adj nv::nv nv::nv verb::vv e::cve verb::vv e::fve.imperative mark::period
keisun ,	nn::prpn.person mark::comma
gung gemu emu adali kai seme hendu fi ,	nv::nv nv::nv nv::nv nv::adj ptcl comp verb::vv e::cve mark::comma
min i juse omosi jalan hala me han de gosibu me wesihun banji kini .	pn::1sg cm::gen nv::nv nv::nv nv::nv verb::vv e::cve nv::nv cm::dat verb::vv e::cve nv::nv verb::vv e::fve.opt mark::period
solho i ilan hecen ubaša ha bi he ,	nv::nv cm::gen nv::nv nv::nv verb::vv e::pst.ptcp verb::vv e::pst.ptcp mark::comma
jai duin hošo i gurun i niyalma ,	nv::nv nv::nv nv::nv cm::gen nv::nv cm::gen nv::nv mark::comma
in i ili ha alin i fejile yafahan cooha be majige andan de wa ha be tuwa fi ,	pn::3sg cm::gen verb::vv e::pst.ptcp nv::nv cm::gen nv::nv nv::adj nv::nv cm::acc nv::adj nv::nv cm::dat verb::vv e::pst.ptcp cm::acc verb::vv e::cve mark::comma
monggo ci uka me ji he urut gurun i beile se guwangning ci isinji ha ,	nv::nv cm::abl verb::vv e::cve verb::vv e::pst.ptcp nn::prpn.plc nv::nv cm::gen nv::nv nv::nv nn::prpn.plc cm::abl verb::vv e::pst.ptcp mark::comma
ede bu re jeku orho i ejen akū jeku orho ,	nv::nv verb::vv e::npst.ptcp nv::nv nv::nv cm::gen nv::nv nv::adj nv::nv nv::nv mark::comma
meiren i ejen ,	nv::nv cm::gen nv::nv mark::comma
beile adarame banji mbi seme hendu me o hakū ,	nv::nv nv::nv verb::vv e::fve.npst comp verb::vv e::cve verb::vv e::pst.ptcp.neg mark::comma
bi cooha da ra ,	pn::1sg nv::nv verb::vv e::npst.ptcp mark::comma
korcin gumbu i elcin ,	nn::prpn.plc nn::prpn.person cm::gen nv::nv mark::comma
niru i ejen be geli wesibu mbi seme ,	nv::nv cm::gen nv::nv cm::acc nv::nv verb::vv e::fve.npst comp mark::comma
du_tang ni bodo fi wesimbu he bithe ,	nv::nv cm::gen verb::vv e::cve verb::vv e::pst.ptcp nv::nv mark::comma
fulgiyan bayara be gai fi yabu re niru i ejen ,	nv::nv nv::nv cm::acc verb::vv e::cve verb::vv e::npst.ptcp nv::nv cm::gen nv::nv mark::comma
iogi hergen be efule he ,	nv::nv nv::nv cm::acc verb::vv e::pst.ptcp mark::comma
jase i dolo juwan ilan dedu he ,	nv::nv cm::gen nv::nv nv::nv nv::nv verb::vv e::pst.ptcp mark::comma
tere tofohon niyalma be gai fi ,	nv::nv nv::nv nv::nv cm::acc verb::vv e::cve mark::comma
dain de baha fi aca hakū ahūn deo ,	nv::nv cm::dat verb::vv e::cve verb::vv e::pst.ptcp.neg nv::nv nv::nv mark::comma
jaisai_beile i gucu boroci gebungge amban de ,	nn::prpn cm::gen nv::nv nn::prpn.person nv::adj nv::nv cm::dat mark::comma
simiyan hecen i amargi duka dosi tala fihebu me saci fi ,	nn::prpn.plc nv::nv cm::gen nv::nv nv::nv verb::vv e::cve verb::vv e::cve verb::vv e::cve mark::comma
siran siran i hergen bodo me šangna me bu he .	nv::nv nv::nv cm::gen nv::nv verb::vv e::cve verb::vv e::cve verb::vv e::pst.ptcp mark::period
kalka i monggo i nangnuk ,	nv::nv cm::gen nv::nv cm::gen nn::prpn.person mark::comma
baduri suwen i gene he ba be ulan fete me hūdun wacihiya fi ,	nn::prpn.person pn::2pl cm::gen verb::vv e::pst.ptcp nv::nv cm::acc nv::nv verb::vv e::cve nv::adj verb::vv e::cve mark::comma
ta_šan_pu de isina ha inenggi ,	nn::prpn cm::dat verb::vv e::pst.ptcp nv::nv mark::comma
mujilen ehe in i waka be beye de ali me gaija rakū o fi ,	nv::nv nv::adj pn::3sg cm::gen nv::adj cm::acc nv::nv cm::dat verb::vv e::cve verb::vv e::npst.ptcp.neg verb::vv e::cve mark::comma
sunja tanggū nikan bu ∅ ,	nv::nv nv::nv nv::nv verb::vv e::fve.imperative mark::comma
haha niyalma o fi gele mbi dere ,	nv::nv nv::nv verb::vv e::cve verb::vv e::fve.npst ptcl mark::comma
○ juwan ninggun de ,	mark::circle nv::nv nv::nv cm::dat mark::comma
afabu ha weile be mute mbi ,	verb::vv e::pst.ptcp nv::nv cm::acc verb::vv e::fve.npst mark::comma
nikan ,	nv::nv mark::comma
ere nadan niyalma ilaci jergi .	nv::nv nv::nv nv::nv nv::nv nv::nv mark::period
duin morin be gabta ha seme alanji ha .	nv::nv nv::nv cm::acc verb::vv e::pst.ptcp comp verb::vv e::pst.ptcp mark::period
min i juse omosi jalan hala me han de gosibu me wesihun banji kini .	pn::1sg cm::gen nv::nv nv::nv nv::nv verb::vv e::cve nv::nv cm::dat verb::vv e::cve nv::nv verb::vv e::fve.opt mark::period
wehe i pailu mokco ho kai ,	nv::nv cm::gen nv::nv verb::vv e::pst.ptcp ptcl mark::comma
tung_yuwan_pu de jakūn tanggū cooha ,	nn::prpn cm::dat nv::nv nv::nv nv::nv mark::comma
ciyan dooli ,	nv::nv nv::nv mark::comma
nikan i ilan dzung_bing_guwan i ilan tumen cooha uthai afanji ha ,	nv::nv cm::gen nv::nv nv::nv cm::gen nv::nv nv::nv nv::nv nv::nv verb::vv e::pst.ptcp mark::comma
ula i bujantai de korcin i monggo i unggadai_beile da fi ,	nv::nv cm::gen nn::prpn.person cm::dat nn::prpn.plc cm::gen nv::nv cm::gen nn::prpn verb::vv e::cve mark::comma
bai me gene he bi he ,	verb::vv e::cve verb::vv e::pst.ptcp verb::vv e::pst.ptcp mark::comma
sin i gisun be bi donji re .	pn::2sg cm::gen nv::nv cm::acc pn::1sg verb::vv e::npst.ptcp mark::period
suna_efu gida fi gemu wa ha ,	nn::prpn verb::vv e::cve nv::nv verb::vv e::pst.ptcp mark::comma
ere geren de juwete niyalma bu he .	nv::nv nv::adj cm::dat nv::nv nv::nv verb::vv e::pst.ptcp mark::period
juwe biya i juwan duin de du_tang de wasimbu ha ,	nv::nv nv::nv cm::gen nv::nv nv::nv cm::dat nv::nv cm::dat verb::vv e::pst.ptcp mark::comma
nacin donji fi ,	nv::nv verb::vv e::cve mark::comma
○ liyoodung ni hecen be gai ha manggi ,	mark::circle nn::prpn.plc cm::gen nv::nv cm::acc verb::vv e::pst.ptcp nv::nv mark::comma
orin sunja se ci ,	nv::nv nv::nv nv::nv cm::abl mark::comma
halu ,	nv::nv mark::comma
han ,	nv::nv mark::comma
ula de emu feye gidalabu ha ,	nv::nv cm::dat nv::nv nv::nv verb::vv e::pst.ptcp mark::comma
šugi ,	nv::nv mark::comma
han i bithe ,	nv::nv cm::gen nv::nv mark::comma
tongki fuka sinda ha hergen i dangse .	nv::nv nv::nv verb::vv e::pst.ptcp nv::nv cm::gen nv::nv mark::period
afabu ha jurgan be tondo i banji ki ,	verb::vv e::pst.ptcp nv::nv cm::acc nv::adj cm::gen verb::vv e::fve.opt mark::comma
bayangsu ,	nn::prpn.person mark::comma
jori ha jurgan be jurce rakū seme ,	verb::vv e::pst.ptcp nv::nv cm::acc verb::vv e::npst.ptcp.neg comp mark::comma
○ juwan nadan de ,	mark::circle nv::nv nv::nv cm::dat mark::comma
sahaliyen_beile nene me ji he cooha be gai fi boo i baru jura ka ,	nn::prpn verb::vv e::cve verb::vv e::pst.ptcp nv::nv cm::acc verb::vv e::cve nv::nv cm::gen nv::nv verb::vv e::pst.ptcp mark::comma
ere weile be dele donji fi gida ci ojo rakū kai ,	nv::nv nv::nv cm::acc nv::nv verb::vv e::cve verb::vv e::cve verb::vv e::npst.ptcp.neg ptcl mark::comma
weile waji ki seme hendu fi ,	nv::nv verb::vv e::fve.opt comp verb::vv e::cve mark::comma
siltan moo de huwejen lakiya ha de ,	nv::nv nv::nv cm::dat nv::nv verb::vv e::pst.ptcp cm::dat mark::comma
abtai yehe de uka me gene he bi he ,	nn::prpn.person nv::nv cm::dat verb::vv e::cve verb::vv e::pst.ptcp verb::vv e::pst.ptcp mark::comma
sishe ,	nv::nv mark::comma
abka i salgabu fi banjibu ha meni meni gurun de ,	nv::nv cm::gen verb::vv e::cve verb::vv e::pst.ptcp nv::nv nv::nv nv::nv cm::dat mark::comma
han i aisin angga i jušen ,	nv::nv cm::gen nv::nv nv::nv cm::gen nv::nv mark::comma
šajin i niyalma de ala fi ,	nv::nv cm::gen nv::nv cm::dat verb::vv e::cve mark::comma
han i beye giyoocan de ebu he ,	nv::nv cm::gen nv::nv nv::nv cm::dat verb::vv e::pst.ptcp mark::comma
○ obohoi ,	mark::circle nn::prpn.person mark::comma
abka i wakala ha nikan de da fi cooha ji he solho be abka wakala fi ,	nv::nv cm::gen verb::vv e::pst.ptcp nv::nv cm::dat verb::vv e::cve nv::nv verb::vv e::pst.ptcp nv::nv cm::acc nv::nv verb::vv e::cve mark::comma
inu tere kooli o mbi kai ,	nv::nv nv::nv nv::nv verb::vv e::fve.npst ptcl mark::comma
šoto_beile i ulin jafa ha yamburu hoki duin niyalma ,	nn::prpn cm::gen nv::nv verb::vv e::pst.ptcp nn::prpn.person nv::nv nv::nv nv::nv mark::comma
emu jergi buce re weile be guwebu mbi .	nv::nv nv::nv verb::vv e::npst.ptcp nv::nv cm::acc verb::vv e::fve.npst mark::period
ihan morin hūlha fi wa ra ngge ,	nv::nv nv::nv verb::vv e::cve verb::vv e::npst.ptcp nmlz::nmlz mark::comma
derhi dele fulgiyan jafu sekte fi fehu me ,	nv::nv nv::nv nv::nv nv::nv verb::vv e::cve verb::vv e::cve mark::comma
simiyan i ba ,	nn::prpn.plc cm::gen nv::nv mark::comma
julge i jalan jalan i banji ha kooli be tuwa ci ,	nv::nv cm::gen nv::nv nv::nv cm::gen verb::vv e::pst.ptcp nv::nv cm::acc verb::vv e::cve mark::comma
○ ineku tere inenggi ,	mark::circle nv::nv nv::nv nv::nv mark::comma
emu tanggū orin uyun boigon .	nv::nv nv::nv nv::nv nv::nv nv::nv mark::period
min i hehe juse be genggiyen mujilen de sa fi bu re bi he o ,	pn::1sg cm::gen nv::nv nv::nv cm::acc nv::adj nv::nv cm::dat verb::vv e::cve verb::vv e::npst.ptcp verb::vv e::pst.ptcp ptcl mark::comma
cooha be kadala me ete mbi seme ,	nv::nv cm::acc verb::vv e::cve verb::vv e::fve.npst comp mark::comma
jai afabu ha weile be mute mbi ,	nv::nv verb::vv e::pst.ptcp nv::nv cm::acc verb::vv e::fve.npst mark::comma
maltu iogi i hergen be nakabu ha .	nn::prpn.person nv::nv cm::gen nv::nv cm::acc verb::vv e::pst.ptcp mark::period
jušen i jobo ho be beile sa ra o ci ,	nv::nv cm::gen verb::vv e::pst.ptcp cm::acc nv::nv verb::vv e::npst.ptcp verb::vv e::cve mark::comma
geli baindari be šusihiye me ,	nv::nv nn::prpn.person cm::acc verb::vv e::cve mark::comma
u_jing_ing ,	nn::prpn mark::comma
kubu he lamun i gūsa i juwan nadan da ,	verb::vv e::pst.ptcp nv::adj cm::gen nv::nv cm::gen nv::nv nv::nv nv::nv mark::comma
uthai afa ci ,	nv::nv verb::vv e::cve mark::comma
ma_teo_šan alin de mao_wen_lung de acana ha ,	nn::prpn nv::nv cm::dat nn::prpn cm::dat verb::vv e::pst.ptcp mark::comma
han ,	nv::nv mark::comma
yambulu min be wa kini ,	nn::prpn.person pn::1sg cm::acc verb::vv e::fve.opt mark::comma
danggalai emu morin ,	nn::prpn.person nv::nv nv::nv mark::comma
boihoci_ecike ,	nn::prpn mark::comma
○ orin ninggun de ,	mark::circle nv::nv nv::nv cm::dat mark::comma
jori ha jurgan be jurce rakū seme beiguwan obu ha ,	verb::vv e::pst.ptcp nv::nv cm::acc verb::vv e::npst.ptcp.neg comp nv::nv verb::vv e::pst.ptcp mark::comma
buya taiji sa i sargata fujisa ,	nv::adj nv::nv nv::nv cm::gen nv::nv nv::nv mark::comma
solho han sin de usha me te mbi ,	nv::nv nv::nv pn::2sg cm::dat verb::vv e::cve verb::vv e::fve.npst mark::comma
bu ∅ da o guwan be jang yen obu ha ,	verb::vv e::fve.imperative nv::nv ptcl nv::nv cm::acc nv::nv nv::nv verb::vv e::pst.ptcp mark::comma
monggo i beile se fujisa be ,	nv::nv cm::gen nv::nv nv::nv nv::nv cm::acc mark::comma
han i boo i eje he ,	nv::nv cm::gen nv::nv cm::gen verb::vv e::pst.ptcp mark::comma
bak_taiji de hendu he gisun ,	nn::prpn cm::dat verb::vv e::pst.ptcp nv::nv mark::comma
han hendu me ,	nv::nv verb::vv e::cve mark::comma
sain ba de ucara ci ,	nv::adj nv::nv cm::dat verb::vv e::cve mark::comma
tongki fuka sinda ha hergen i dangse .	nv::nv nv::nv verb::vv e::pst.ptcp nv::nv cm::gen nv::nv mark::period
fude re ba de fude ∅ .	verb::vv e::npst.ptcp nv::nv cm::dat verb::vv e::fve.imperative mark::period
ere emu jurgan i weile ,	nv::nv nv::nv nv::nv cm::gen nv::nv mark::comma
encule me ume beide re ,	verb::vv e::cve nv::nv verb::vv e::npst.ptcp mark::comma
darhan_baturu sadun si ume olho ro ,	nn::prpn nv::nv pn::2sg nv::nv verb::vv e::npst.ptcp mark::comma
bandi ,	nv::nv mark::comma
fujisa be tuwakiya ∅ se ci ,	nv::nv cm::acc verb::vv e::fve.imperative verb::vv e::cve mark::comma
niyaman hūncihin seme harša rakū ,	nv::nv nv::nv comp verb::vv e::npst.ptcp.neg mark::comma
dube ergi narhūkan ,	nv::nv nv::nv nv::adj mark::comma
orin niyalma be gai fi ginjeo i tsanjiyang aita be tuwanggi me gene fi ,	nv::nv nv::nv cm::acc verb::vv e::cve nn::prpn.plc cm::gen nv::nv nn::prpn.person cm::acc verb::vv e::cve verb::vv e::cve mark::comma
wan_lii i gūsin nadaci aniya omšon biya i orin sunja de baha ha ,	nn::prpn cm::gen nv::nv nv::nv nv::nv nv::nv nv::nv cm::gen nv::nv nv::nv cm::dat verb::vv e::pst.ptcp mark::comma
yangguri ,	nn::prpn.person mark::comma
duici_beile tere gisun be gemu han de ala ha ,	nn::prpn nv::nv nv::nv cm::acc nv::nv nv::nv cm::dat verb::vv e::pst.ptcp mark::comma
niowanggiyaha de cooha gene re de ,	nn::prpn.plc cm::dat nv::nv verb::vv e::npst.ptcp cm::dat mark::comma
amba_beile be sa fi hendu me ,	nn::prpn cm::acc verb::vv e::cve verb::vv e::cve mark::comma
han de alanji me elcin ji he manggi ,	nv::nv cm::dat verb::vv e::cve nv::nv verb::vv e::pst.ptcp nv::nv mark::comma
in i gung bai ha de ,	pn::3sg cm::gen nv::nv verb::vv e::pst.ptcp cm::dat mark::comma
emte gecuheri uda ∅ se he bi he kai ,	nv::nv nv::nv verb::vv e::fve.imperative verb::vv e::pst.ptcp verb::vv e::pst.ptcp ptcl mark::comma
si ici ergi gala i cooha be gama fi alin i ninggu be gai fi wasihūn gidabu ∅ ,	pn::2sg nv::nv nv::nv nv::nv cm::gen nv::nv cm::acc verb::vv e::cve nv::nv cm::gen nv::nv cm::acc verb::vv e::cve nv::nv verb::vv e::fve.imperative mark::comma
juwan ilaci jergi ,	nv::nv nv::nv nv::nv mark::comma
šun dekde re abka i julergi hošo i ergi de ,	nv::nv verb::vv e::npst.ptcp nv::nv cm::gen nv::nv nv::nv cm::gen nv::nv cm::dat mark::comma
šose ,	nn::prpn.person mark::comma
emu sain gisun be gisure rakū ,	nv::nv nv::adj nv::nv cm::acc verb::vv e::npst.ptcp.neg mark::comma
○ orin emu de ,	mark::circle nv::nv nv::nv cm::dat mark::comma
dzung_bing_guwan duile fi ,	nv::nv verb::vv e::cve mark::comma
ere niyalma wa ha weile be suwen i nikan baica hakū ,	nv::nv nv::nv verb::vv e::pst.ptcp nv::nv cm::acc pn::2pl cm::gen nv::nv verb::vv e::pst.ptcp.neg mark::comma
ginjeo i juwe wei ,	nn::prpn.plc cm::gen nv::nv nv::nv mark::comma
han i sain de gurun ,	nv::nv cm::gen nv::adj cm::dat nv::nv mark::comma
gida ha jaka akū seme jabu ki se re de ,	verb::vv e::pst.ptcp nv::nv nv::adj comp verb::vv e::fve.opt verb::vv e::npst.ptcp cm::dat mark::comma
wan_lii i orin sunjaci aniya sunja biya i ice de baha ha ,	nn::prpn cm::gen nv::nv nv::nv nv::nv nv::nv nv::nv cm::gen nv::adj cm::dat verb::vv e::pst.ptcp mark::comma
juwe boigon be gemu olji ara fi aha obu mbi ,	nv::nv nv::nv cm::acc nv::nv nv::nv verb::vv e::cve nv::nv verb::vv e::fve.npst mark::comma
erdeni_baksi jabu me ,	nn::prpn verb::vv e::cve mark::comma
ere ma_šeo_pu de ulin gai ha weile bi fi jafa habi ,	nv::nv nn::prpn cm::dat nv::nv verb::vv e::pst.ptcp nv::nv verb::vv e::cve verb::vv e::fve.prs.prf mark::comma
gemu boo i dalda de uka kabi ,	nv::nv nv::nv cm::gen nv::nv cm::dat verb::vv e::fve.prs.prf mark::comma
min de akda rakū gūni ci ,	pn::1sg cm::dat verb::vv e::npst.ptcp.neg verb::vv e::cve mark::comma
gemu uju fusi fi daha ha seme ,	nv::nv nv::nv verb::vv e::cve verb::vv e::pst.ptcp comp mark::comma
dural_darhan ,	nn::prpn mark::comma
niyehe ,	nv::nv mark::comma
adun_age ,	nn::prpn mark::comma
tuttu alanji ha manggi ,	nv::nv verb::vv e::pst.ptcp nv::nv mark::comma
uhereme juwan jergi bekile me dasa habi ,	nv::nv nv::nv nv::nv verb::vv e::cve verb::vv e::fve.prs.prf mark::comma
amba_beile arki de huwesi kvthū me sin be dahabu fi jai wa ci min de ehe dere ,	nn::prpn nv::nv cm::dat nv::nv verb::vv e::cve pn::2sg cm::acc verb::vv e::cve nv::nv verb::vv e::cve pn::1sg cm::dat nv::adj ptcl mark::comma
jai beye geli elhe akū o fi bu hekū bi he ,	nv::nv nv::nv nv::nv nv::nv nv::adj verb::vv e::cve verb::vv e::pst.ptcp.neg verb::vv e::pst.ptcp mark::comma
geren šajin i niyalma be isabu fi duile me gisure fi ,	nv::adj nv::nv cm::gen nv::nv cm::acc verb::vv e::cve verb::vv e::cve verb::vv e::cve mark::comma
arga ambula ,	nv::nv nv::nv mark::comma
hūturi ambula o ci ,	nv::nv nv::nv verb::vv e::cve mark::comma
seogen i eigen sargan ,	nn::prpn.person cm::gen nv::nv nv::nv mark::comma
sunjaci jergi de juwan ilata ,	nv::nv nv::nv cm::dat nv::nv nv::nv mark::comma
ilan šeo_pu de juwete niyalma ,	nv::nv nv::nv cm::dat nv::nv nv::nv mark::comma
yasun ,	nn::prpn.person mark::comma
tanggū ihan benji ∅ ,	nv::nv nv::nv verb::vv e::fve.imperative mark::comma
juwan uyun de wasimbu ha ,	nv::nv nv::nv cm::dat verb::vv e::pst.ptcp mark::comma
sain aibi ,	nv::adj nv::nv mark::comma
erdeni adarame tondo ,	nn::prpn.person nv::nv nv::adj mark::comma
tondo be beide mbi ,	nv::adj cm::acc verb::vv e::fve.npst mark::comma
niowanggiyaha ,	nn::prpn.plc mark::comma
hai_si ši_ho_wei i du_jy_hūi_ši eke i omolo sibege ,	nn::prpn nn::prpn cm::gen nv::nv nn::prpn.person cm::gen nv::nv nn::prpn.person mark::comma
muse i cooha be aliya rakū dere ,	nv::nv cm::gen nv::nv cm::acc verb::vv e::npst.ptcp.neg ptcl mark::comma
jekune ,	nn::prpn.person mark::comma
gai ha menggun de ,	verb::vv e::pst.ptcp nv::nv cm::dat mark::comma
ceng_tang han de gene fi gucu ara habi ,	nn::prpn nv::nv cm::dat verb::vv e::cve nv::nv verb::vv e::fve.prs.prf mark::comma
jai tsanjiyang ,	nv::nv nv::nv mark::comma
gūwa ci fulu ainu kice me kadala rakū ,	nv::nv cm::abl nv::nv nv::nv verb::vv e::cve verb::vv e::npst.ptcp.neg mark::comma
ilan_bolikū ,	nn::prpn mark::comma
tuttu o ci ,	nv::nv verb::vv e::cve mark::comma
amban sa de inu hūturi kai ,	nv::nv nv::nv cm::dat nv::nv nv::nv ptcl mark::comma
ninggun uksin ,	nv::nv nv::nv mark::comma
yahican be si donji fi ainu amca hakū ,	nn::prpn.person cm::acc pn::2sg verb::vv e::cve nv::nv verb::vv e::pst.ptcp.neg mark::comma
hūntahan ,	nv::nv mark::comma
ning_yuwan de uthai cooha sinda fi šanaha be afa mbi seme yarkiya ra ,	nn::prpn cm::dat nv::nv nv::nv verb::vv e::cve nn::prpn.plc cm::acc verb::vv e::fve.npst comp verb::vv e::npst.ptcp mark::comma
juwe niyalma be takūra fi unggi he .	nv::nv nv::nv cm::acc verb::vv e::cve verb::vv e::pst.ptcp mark::period
sin i ciha o ∅ seme amasi unggi re jaka de ,	pn::2sg cm::gen nv::nv verb::vv e::fve.imperative comp nv::nv verb::vv e::npst.ptcp nv::nv cm::dat mark::comma
tere i jalin de bi umai seme hendu hekū ,	nv::nv cm::gen nv::nv cm::dat pn::1sg nv::nv comp verb::vv e::pst.ptcp.neg mark::comma
ya sain gucu beye de teisule me baya kabi ,	nv::nv nv::adj nv::nv nv::nv cm::dat verb::vv e::cve verb::vv e::fve.prs.prf mark::comma
ihan_alin de emu feye baha ha seme sunjata yan i weile waliya mbi ,	nn::prpn cm::dat nv::nv nv::nv verb::vv e::pst.ptcp comp nv::nv nv::nv cm::gen nv::nv verb::vv e::fve.npst mark::comma
○ haningga be ,	mark::circle nn::prpn.person cm::acc mark::comma
korso fi daila ra jaka de ,	verb::vv e::cve verb::vv e::npst.ptcp nv::nv cm::dat mark::comma
ji he elcin be wa ki se mbi ,	verb::vv e::pst.ptcp nv::nv cm::acc verb::vv e::fve.opt verb::vv e::fve.npst mark::comma
ba i ejen darhan_hiya be ,	nv::nv cm::gen nv::nv nn::prpn cm::acc mark::comma
orin juwe se ,	nv::nv nv::nv nv::nv mark::comma
gala unu fi ume yabu re ,	nv::nv verb::vv e::cve nv::nv verb::vv e::npst.ptcp mark::comma
○ uka me ji he monggo de ,	mark::circle verb::vv e::cve verb::vv e::pst.ptcp nv::nv cm::dat mark::comma
umiyesun ,	nv::nv mark::comma
yaya beile se ,	nv::nv nv::nv nv::nv mark::comma
in i ahūta deote juse omosi de bu he ngge ,	pn::3sg cm::gen nv::nv nv::nv nv::nv nv::nv cm::dat verb::vv e::pst.ptcp nmlz::nmlz mark::comma
han i šangna me bu re an i baha ra jaka be iletu gai mbi ,	nv::nv cm::gen verb::vv e::cve verb::vv e::npst.ptcp nv::nv cm::gen verb::vv e::npst.ptcp nv::nv cm::acc nv::adj verb::vv e::fve.npst mark::comma
monggo i unggadai ,	nv::nv cm::gen nn::prpn.person mark::comma
bai ha niyalma de bu ci aca mbi kai ,	verb::vv e::pst.ptcp nv::nv cm::dat verb::vv e::cve verb::vv e::fve.npst ptcl mark::comma
santan ,	nn::prpn.person mark::comma
tere i karu seme ji he ,	nv::nv cm::gen nv::nv comp verb::vv e::pst.ptcp mark::comma
han i doro ai de efuje mbi ,	nv::nv cm::gen nv::nv nv::nv cm::dat verb::vv e::fve.npst mark::comma
kiyoo de te fi ,	nv::nv cm::dat verb::vv e::cve mark::comma
amin_beile gai fi ,	nn::prpn verb::vv e::cve mark::comma
nikan haha hehe ilan juru bu ∅ .	nv::nv nv::nv nv::nv nv::nv nv::nv verb::vv e::fve.imperative mark::period
bu he hūda be gemu gai mbi ,	verb::vv e::pst.ptcp nv::nv cm::acc nv::nv verb::vv e::fve.npst mark::comma
hūwang_taiji de yabu re elcin de bi bu rakū ,	nn::prpn cm::dat verb::vv e::npst.ptcp nv::nv cm::dat pn::1sg verb::vv e::npst.ptcp.neg mark::comma
jirgalang_taiji ,	nn::prpn mark::comma
jisai i elcin ,	nn::prpn.person cm::gen nv::nv mark::comma
dzung_bing_guwan ci fusihūn ,	nv::nv cm::abl nv::adj mark::comma
nikan i tumen sejen ihan i jeku juwe re be ,	nv::nv cm::gen nv::nv nv::nv nv::nv cm::gen nv::nv verb::vv e::npst.ptcp cm::acc mark::comma
niyengniyeri o tolo ,	nv::nv verb::vv e::cve mark::comma
tere weile i dabala ,	nv::nv nv::nv cm::gen ptcl mark::comma
jalan goro banji kini .	nv::nv nv::nv verb::vv e::fve.opt mark::period
○ toktoi be ,	mark::circle nn::prpn.person cm::acc mark::comma
weile he jeku i dabala ,	verb::vv e::pst.ptcp nv::nv cm::gen ptcl mark::comma
konsoiji_tun i hoo_giya_lu ,	nn::prpn cm::gen nn::prpn mark::comma
jakūta i hoton be ilan inenggi ka fi ,	nv::nv cm::gen nv::nv cm::acc nv::nv nv::nv verb::vv e::cve mark::comma
uyuci jergi ,	nv::nv nv::nv mark::comma
gege ,	nv::nv mark::comma
min i mujilen da ci amba gurun i han be ehe gūni ha bi ci ,	pn::1sg cm::gen nv::nv nv::nv cm::abl nv::adj nv::nv cm::gen nv::nv cm::acc nv::adj verb::vv e::pst.ptcp verb::vv e::cve mark::comma
aisin i monggolikū ,	nv::nv cm::gen nv::nv mark::comma
aika baita o ci tere be takūra mbi ,	nv::nv nv::nv verb::vv e::cve nv::nv cm::acc verb::vv e::fve.npst mark::comma
aiha ilan ba i niyalma be boigon guribu he ,	nv::nv nv::nv nv::nv cm::gen nv::nv cm::acc nv::nv verb::vv e::pst.ptcp mark::comma
maise ,	nv::nv mark::comma
go_giya_tun i giya_san_ki ,	nn::prpn cm::gen nn::prpn mark::comma
yehe i juwe hoton i cooha aca fi afa ki seme gūni ci ,	nv::nv cm::gen nv::nv nv::nv cm::gen nv::nv verb::vv e::cve verb::vv e::fve.opt comp verb::vv e::cve mark::comma
gecuheri ,	nv::nv mark::comma
encu gūni me hūlha holo be dele ara fi banji re be ,	nv::nv verb::vv e::cve nv::nv nv::nv cm::acc nv::nv verb::vv e::cve verb::vv e::npst.ptcp cm::acc mark::comma
urgūdai ,	nn::prpn.person mark::comma
cooha dosi ka erin tasha erin ,	nv::nv verb::vv e::pst.ptcp nv::nv nv::nv nv::nv mark::comma
yahū ,	nn::prpn.person mark::comma
darhan_hiya ,	nn::prpn mark::comma
amba gurun i niyalma i dolo ,	nv::adj nv::nv cm::gen nv::nv cm::gen nv::nv mark::comma
ere nikan i weile ,	nv::nv nv::nv cm::gen nv::nv mark::comma
neigen icihiya me te mbi ,	nv::adj verb::vv e::cve verb::vv e::fve.npst mark::comma
nio_juwang de jušen i emu dusy ,	nn::prpn cm::dat nv::nv cm::gen nv::nv nv::nv mark::comma
ehe sain be dere bani rakū ,	nv::adj nv::adj cm::acc nv::nv verb::vv e::npst.ptcp.neg mark::comma
juwan duici jergi .	nv::nv nv::nv nv::nv mark::period
emu jergi buce re weile be guwebu mbi .	nv::nv nv::nv verb::vv e::npst.ptcp nv::nv cm::acc verb::vv e::fve.npst mark::period
juwe ba i elcin de ,	nv::nv nv::nv cm::gen nv::nv cm::dat mark::comma
usu i hoton ,	nn::prpn.plc cm::gen nv::nv mark::comma
afabu ha weile be mute mbi ,	verb::vv e::pst.ptcp nv::nv cm::acc verb::vv e::fve.npst mark::comma
han hendu me ,	nv::nv verb::vv e::cve mark::comma
juse amban sa suwe hafula me hendu ∅ seme hendu he .	nv::nv nv::nv nv::nv pn::2pl verb::vv e::cve verb::vv e::fve.imperative comp verb::vv e::pst.ptcp mark::period
ooba i unggi he bithe i gisun ,	nn::prpn.person cm::gen verb::vv e::pst.ptcp nv::nv cm::gen nv::nv mark::comma
yaya gurun i wesi ke efuje he ngge ,	nv::nv nv::nv cm::gen verb::vv e::pst.ptcp verb::vv e::pst.ptcp nmlz::nmlz mark::comma
han i bu re šang ,	nv::nv cm::gen verb::vv e::npst.ptcp nv::nv mark::comma
alban de ume dabu re ,	nv::nv cm::dat nv::nv verb::vv e::npst.ptcp mark::comma
cooha dasa fi kalka faida fi ,	nv::nv verb::vv e::cve nv::nv verb::vv e::cve mark::comma
○ udahai be ,	mark::circle nn::prpn.person cm::acc mark::comma
emte hehe tucibu me bu he .	nv::nv nv::nv verb::vv e::cve verb::vv e::pst.ptcp mark::period
hesihe de takūra me ,	nn::prpn.plc cm::dat verb::vv e::cve mark::comma
gemu acuhiyan ehe dabala ,	nv::nv nv::adj nv::adj ptcl mark::comma
jori ha jurgan be jurce rakū seme beiguwan obu ha .	verb::vv e::pst.ptcp nv::nv cm::acc verb::vv e::npst.ptcp.neg comp nv::nv verb::vv e::pst.ptcp mark::period
ala ha boigon lata uksun geren sakdasa juse bisi re niyalma be emu ba ,	verb::vv e::pst.ptcp nv::nv nv::adj nv::nv nv::adj nv::nv nv::nv verb::vv e::npst.ptcp nv::nv cm::acc nv::nv nv::nv mark::comma
han ,	nv::nv mark::comma
mederi be jaha yabu ci ojo rakū ,	nv::nv cm::acc nv::nv verb::vv e::cve verb::vv e::npst.ptcp.neg mark::comma
si ba i niyalma i baru nikan gurun i jobo ro ngge ,	pn::2sg nv::nv cm::gen nv::nv cm::gen nv::nv nv::nv nv::nv cm::gen verb::vv e::npst.ptcp nmlz::nmlz mark::comma
anggara ,	nn::prpn.person mark::comma
ehe sain be dere bani rakū ,	nv::adj nv::adj cm::acc nv::nv verb::vv e::npst.ptcp.neg mark::comma
ula i gurun i mantai_han i jui ,	nv::nv cm::gen nv::nv cm::gen nn::prpn cm::gen nv::nv mark::comma
emu niru i emte ciyandzung usin fehu me gene mbi ,	nv::nv nv::nv cm::gen nv::nv nv::nv nv::nv verb::vv e::cve verb::vv e::fve.npst mark::comma
anafu te he cooha ,	nv::nv verb::vv e::pst.ptcp nv::nv mark::comma
šajin ,	nv::nv mark::comma
jang_tai_kuwai ,	nn::prpn mark::comma
nemerhen ,	nv::nv mark::comma
baha ha niyalma unca kini .	verb::vv e::pst.ptcp nv::nv verb::vv e::fve.opt mark::period
an_šan pu de isina ci ,	nn::prpn nv::nv cm::dat verb::vv e::cve mark::comma
ula be gai ha de emu feye gabtabu ha ,	nv::nv cm::acc verb::vv e::pst.ptcp cm::dat nv::nv nv::nv verb::vv e::pst.ptcp mark::comma
ula de emgeri langtula bu ha seme ,	nv::nv cm::dat nv::nv verb::vv sfx e::pst.ptcp comp mark::comma
○ beiguwan nantai ,	mark::circle nv::nv nn::prpn.person mark::comma
banji ha ba be gemu doigon de sa ha ,	verb::vv e::pst.ptcp nv::nv cm::acc nv::nv nv::nv cm::dat verb::vv e::pst.ptcp mark::comma
banji re doro i jalin de gisure mbi se ci ,	verb::vv e::npst.ptcp nv::nv cm::gen nv::nv cm::dat verb::vv e::fve.npst verb::vv e::cve mark::comma
nikan cooha jeku tū re nadanju niyalma be wa fi ,	nv::nv nv::nv nv::nv verb::vv e::npst.ptcp nv::nv nv::nv cm::acc verb::vv e::cve mark::comma
kolka ,	nn::prpn.person mark::comma
nikan i iogi hafan fasi me buce he ,	nv::nv cm::gen nv::nv nv::nv verb::vv e::cve verb::vv e::pst.ptcp mark::comma
monggo be ainu dosimbu mbi ,	nv::nv cm::acc nv::nv verb::vv e::fve.npst mark::comma
tere yamji han gisure me ,	nv::nv nv::nv nv::nv verb::vv e::cve mark::comma
tenteke argangga jalingga niyalma ,	nv::nv nv::adj nv::adj nv::nv mark::comma
gūwa gercile he de weile kai .	nv::nv verb::vv e::pst.ptcp cm::dat nv::nv ptcl mark::period
○ ice jakūn de ,	mark::circle nv::adj nv::nv cm::dat mark::comma
te aca ki seme nene me emu bithe unggi fi ,	nv::nv verb::vv e::fve.opt comp verb::vv e::cve nv::nv nv::nv verb::vv e::cve mark::comma
emu ihan gama me uka me gene he .	nv::nv nv::nv verb::vv e::cve verb::vv e::cve verb::vv e::pst.ptcp mark::period
hūsimu daise iogi be beiguwan i hergen obu ha ,	nn::prpn.person nv::nv nv::nv cm::acc nv::nv cm::gen nv::nv verb::vv e::pst.ptcp mark::comma
min i dolo da ci tondo be ele rakū banji ha ,	pn::1sg cm::gen nv::nv nv::nv cm::abl nv::adj cm::acc verb::vv e::npst.ptcp.neg verb::vv e::pst.ptcp mark::comma
donggo_efu i baru hendu me ,	nn::prpn cm::gen nv::nv verb::vv e::cve mark::comma
nikan gurun i šusihiye he gisun de dosi fi ,	nv::nv nv::nv cm::gen verb::vv e::pst.ptcp nv::nv cm::dat verb::vv e::cve mark::comma
jušen han ,	nv::nv nv::nv mark::comma
ukanda ra ubaša ra be gercile me alanji re ,	verb::vv e::npst.ptcp verb::vv e::npst.ptcp cm::acc verb::vv e::cve verb::vv e::npst.ptcp mark::comma
adun_age i gūsa nene me tafa ka seme munggatu niru i niyalma holto me hendu he seme ,	nn::prpn cm::gen nv::nv verb::vv e::cve verb::vv e::pst.ptcp comp nn::prpn.person nv::nv cm::gen nv::nv verb::vv e::cve verb::vv e::pst.ptcp comp mark::comma
ere nikan de min i dain deribu he turgun be ala ra ,	nv::nv nv::nv cm::dat pn::1sg cm::gen nv::nv verb::vv e::pst.ptcp nv::nv cm::acc verb::vv e::npst.ptcp mark::comma
erdeni_baksi be ,	nn::prpn cm::acc mark::comma
ukšan_taiji de non be benji he doro i kundule me ,	nn::prpn cm::dat nv::nv cm::acc verb::vv e::pst.ptcp nv::nv cm::gen verb::vv e::cve mark::comma
muhaliyan i beiguwan i hergen be wesibu fi ilaci jergi tsanjiyang obu ha ,	nv::nv cm::gen nv::nv cm::gen nv::nv cm::acc verb::vv e::cve nv::nv nv::nv nv::nv verb::vv e::pst.ptcp mark::comma
muse i juwe gurun de weile akū kai .	nv::nv cm::gen nv::nv nv::nv cm::dat nv::nv nv::adj ptcl mark::period
julge i kooli fete me hendu me ,	nv::nv cm::gen nv::nv verb::vv e::cve verb::vv e::cve mark::comma
tere šurde me pu i niyalma ,	nv::nv verb::vv e::cve nv::nv cm::gen nv::nv mark::comma
sahalca gurun i amban sahaliyan gebungge hojihon i baru ,	nv::nv nv::nv cm::gen nv::nv nv::adj nv::adj nv::nv cm::gen nv::nv mark::comma
ba_iogi juwe laha benji he .	nn::prpn nv::nv nv::nv verb::vv e::pst.ptcp mark::period
ere indahūn aniya ,	nv::nv nv::nv nv::nv mark::comma
daise iogi be beiguwan de baha kini se hebi ,	nv::nv nv::nv cm::acc nv::nv cm::dat verb::vv e::fve.opt verb::vv e::fve.prs.prf mark::comma
abka de elje re gese hoko rakū ci ,	nv::nv cm::dat verb::vv e::npst.ptcp nv::nv verb::vv e::npst.ptcp.neg e::cve mark::comma
han i bithe ,	nv::nv cm::gen nv::nv mark::comma
olho ci ,	verb::vv e::cve mark::comma
hūyamsu ,	nn::prpn.person mark::comma
○ ice jakūn de ,	mark::circle nv::adj nv::nv cm::dat mark::comma
tulergi ci jide rakū ,	nv::nv cm::abl verb::vv e::npst.ptcp.neg mark::comma
šoro be yaha nikcabu rahū ,	nv::nv cm::acc nv::nv verb::vv e::fve.prv mark::comma
ajige boo de ajige boigon be kamcibu fi ,	nv::adj nv::nv cm::dat nv::adj nv::nv cm::acc verb::vv e::cve mark::comma
io_tun_wei be ,	nn::prpn cm::acc mark::comma
goida mbi kai ,	verb::vv e::fve.npst ptcl mark::comma
eidu_baturu in i beye be i huthu fi ,	nn::prpn pn::3sg cm::gen nv::nv cm::acc cm::gen verb::vv e::cve mark::comma
alban cooha ai ai de dabu rakū ,	nv::nv nv::nv nv::nv nv::nv cm::dat verb::vv e::npst.ptcp.neg mark::comma
dehi niyalma be jonggodoi de adabu fi unggi he .	nv::nv nv::nv cm::acc nn::prpn.person cm::dat verb::vv e::cve verb::vv e::pst.ptcp mark::period
han i deo cing_baturu_beile akū o ho ,	nv::nv cm::gen nv::nv nn::prpn nv::adj verb::vv e::pst.ptcp mark::comma
nikan ,	nv::nv mark::comma
gemu hecen ci tuci fi ,	nv::nv nv::nv cm::abl verb::vv e::cve mark::comma
in i boo i jeku be miyali fi ,	pn::3sg cm::gen nv::nv cm::gen nv::nv cm::acc verb::vv e::cve mark::comma
erketu ,	nn::prpn.person mark::comma
ioi_dai_ceng ,	nn::prpn mark::comma
sure_kundulen_han i susai duin se de ,	nn::prpn cm::gen nv::nv nv::nv nv::nv cm::dat mark::comma
ehe facuhūn niyalma bi ci ,	nv::adj nv::adj nv::nv verb::vv e::cve mark::comma
juwe ihan ,	nv::nv nv::nv mark::comma
afuni de goi ha soosoi ,	nn::prpn.person cm::dat verb::vv e::pst.ptcp nn::prpn.plc mark::comma
hai_jeo de gene fi yargu i emgi coko wa fi je ke seme ,	nn::prpn cm::dat verb::vv e::cve nn::prpn.person cm::gen nv::nv nv::nv verb::vv e::cve verb::vv e::pst.ptcp comp mark::comma
argio ,	nn::prpn.person mark::comma
gemu dasa me encu dangse ara ha ,	nv::nv verb::vv e::cve nv::nv nv::nv verb::vv e::pst.ptcp mark::comma
du_tang ni bithe wasimbu ha ,	nv::nv cm::gen nv::nv verb::vv e::pst.ptcp mark::comma
julge i adali oihori ume bošo ro ,	nv::nv cm::gen nv::adj nv::adj nv::nv verb::vv e::npst.ptcp mark::comma
nikan i jao_hoidzung han ,	nv::nv cm::gen nn::prpn nv::nv mark::comma
sung_šan_pu ci ebsi ,	nn::prpn cm::abl nv::nv mark::comma
jai dasa me jafa fi ,	nv::nv verb::vv e::cve verb::vv e::cve mark::comma
beile se amban sa be gai fi ,	nv::nv nv::nv nv::nv nv::nv cm::acc verb::vv e::cve mark::comma
○ dajuhū be ,	mark::circle nn::prpn.person cm::acc mark::comma
hecen weile me jide re ihan sejen de gaji fi bu kini .	nv::nv verb::vv e::cve verb::vv e::npst.ptcp nv::nv nv::nv cm::dat verb::vv e::cve verb::vv e::fve.opt mark::period
cahar ,	nn::prpn.plc mark::comma
jarut beile se i takūra ha sunja niyalma be unggi hekū gai fi tebu he ,	nn::prpn.plc nv::nv nv::nv cm::gen verb::vv e::pst.ptcp nv::nv nv::nv cm::acc verb::vv e::pst.ptcp.neg verb::vv e::cve verb::vv e::pst.ptcp mark::comma
mendu_dagan de emte silun i dahū bu he ,	nn::prpn cm::dat nv::nv nv::nv cm::gen nv::nv verb::vv e::pst.ptcp mark::comma
anagan i duin biya i ice jakūn de fusi iogi de bu me ,	nv::nv cm::gen nv::nv nv::nv cm::gen nv::adj nv::nv cm::dat nn::prpn.plc nv::nv cm::dat verb::vv e::cve mark::comma
muse i anafu i cooha te he akdun be sa fi ,	nv::nv cm::gen nv::nv cm::gen nv::nv verb::vv e::pst.ptcp nv::adj cm::acc verb::vv e::cve mark::comma
yoto_age ,	nn::prpn mark::comma
ilaci jergi iogi obu ha ,	nv::nv nv::nv nv::nv verb::vv e::pst.ptcp mark::comma
ere uka ka niyalma morin be bu mbi seme ere me ,	nv::nv verb::vv e::pst.ptcp nv::nv nv::nv cm::acc verb::vv e::fve.npst comp verb::vv e::cve mark::comma
ša_ling ci casi ,	nn::prpn cm::abl nv::nv mark::comma
han i boo i ningšan i sargan jui be ,	nv::nv cm::gen nv::nv cm::gen nn::prpn.person cm::gen nv::nv nv::nv cm::acc mark::comma
jeku akū niyalma de bu mbi ,	nv::nv nv::adj nv::nv cm::dat verb::vv e::fve.npst mark::comma
nikan i hafasa takūra ha seme casi gene re be ,	nv::nv cm::gen nv::nv verb::vv e::pst.ptcp comp nv::nv verb::vv e::npst.ptcp cm::acc mark::comma
julergi hūng_ciling ni ba de te he lio_yen_cang gebungge niyalma ,	nv::nv nn::prpn cm::gen nv::nv cm::dat verb::vv e::pst.ptcp nn::prpn nv::adj nv::nv mark::comma
gele me gele me ji mbi seme donji fi ,	verb::vv e::cve verb::vv e::cve verb::vv e::fve.npst comp verb::vv e::cve mark::comma
fu_jeo de bisi re sejen kalka be ,	nn::prpn cm::dat verb::vv e::npst.ptcp nv::nv nv::nv cm::acc mark::comma
emu gecuheri goksi ,	nv::nv nv::nv nv::nv mark::comma
ice ilan de wasimbu ha ,	nv::adj nv::nv cm::dat verb::vv e::pst.ptcp mark::comma
wang_du_tang de bene he ,	nn::prpn cm::dat verb::vv e::pst.ptcp mark::comma
jori ha jurgan be jurce rakū seme beiguwan obu ha .	verb::vv e::pst.ptcp nv::nv cm::acc verb::vv e::npst.ptcp.neg comp nv::nv verb::vv e::pst.ptcp mark::period
wa ha niongniyaha duin ,	verb::vv e::pst.ptcp nv::nv nv::nv mark::comma
muke i ihan i beri ,	nv::nv cm::gen nv::nv cm::gen nv::nv mark::comma
juwe temen ,	nv::nv nv::nv mark::comma
juwan ilan de ice_hecen de isina ∅ .	nv::nv nv::nv cm::dat nn::prpn cm::dat verb::vv e::fve.imperative mark::period
jušen ,	nv::nv mark::comma
boo akū o ci tobo ,	nv::nv nv::adj verb::vv e::cve nv::nv mark::comma
tongki fuka sinda ha hergen i dangse .	nv::nv nv::nv verb::vv e::pst.ptcp nv::nv cm::gen nv::nv mark::period
emu aniya gai ha ninju ninggun yan menggun ,	nv::nv nv::nv verb::vv e::pst.ptcp nv::nv nv::nv nv::nv nv::nv mark::comma
si min be fusihūla me gūni ci ,	pn::2sg pn::1sg cm::acc verb::vv e::cve verb::vv e::cve mark::comma
uji he manggi amala donji ci ,	verb::vv e::pst.ptcp nv::nv nv::nv verb::vv e::cve mark::comma
mao_wen_lung susai niyalma be bithe jafabu fi takūra fi šusihiye me unggi hebi se re ,	nn::prpn nv::nv nv::nv cm::acc nv::nv verb::vv e::cve verb::vv e::cve verb::vv e::cve verb::vv e::fve.prs.prf verb::vv e::npst.ptcp mark::comma
han i afabu ha weile be tondo i akūmbu ki ,	nv::nv cm::gen verb::vv e::pst.ptcp nv::nv cm::acc nv::adj cm::gen verb::vv e::fve.opt mark::comma
hūlha me nikan de hūdaša me ,	verb::vv e::cve nv::nv cm::dat verb::vv e::cve mark::comma
amba gurun i nikan be ,	nv::adj nv::nv cm::gen nv::nv cm::acc mark::comma
geren cooha be amin_beile ,	nv::adj nv::nv cm::acc nn::prpn mark::comma
juwan aniya o ho manggi ,	nv::nv nv::nv verb::vv e::pst.ptcp nv::nv mark::comma
uji he han ama de umai lakca rakū baili tusa isibu me yabu ci ,	verb::vv e::pst.ptcp nv::nv nv::nv cm::dat nv::nv verb::vv e::npst.ptcp.neg nv::nv nv::nv verb::vv e::cve verb::vv e::cve mark::comma
jai gemu dain de baha fi uji he niyalma kai ,	nv::nv nv::nv nv::nv cm::dat verb::vv e::cve verb::vv e::pst.ptcp nv::nv ptcl mark::comma
beiguwan ci wesihun ,	nv::nv cm::abl nv::nv mark::comma
suwen be tere be jergile ci o mbi o ,	pn::2pl cm::acc nv::nv cm::acc verb::vv e::cve verb::vv e::fve.npst ptcl mark::comma
kalka i elcin gene he bi he ni ,	nv::nv cm::gen nv::nv verb::vv e::pst.ptcp verb::vv e::pst.ptcp ptcl mark::comma
meltege ,	nn::prpn.person mark::comma
ehe sain be dere bani rakū ,	nv::adj nv::adj cm::acc nv::nv verb::vv e::npst.ptcp.neg mark::comma
etu he etuku be gemu gai fi yafahan sinda fi unggi he ,	verb::vv e::pst.ptcp nv::nv cm::acc nv::nv verb::vv e::cve nv::adj verb::vv e::cve verb::vv e::pst.ptcp mark::comma
beiguwan gai fi tsanjiyang iogi de yamula ∅ ,	nv::nv verb::vv e::cve nv::nv nv::nv cm::dat verb::vv e::fve.imperative mark::comma
gashū re de julergi bira i dalin i ten de šanggiyan morin sahaliyan ihan wa fi ,	verb::vv e::npst.ptcp cm::dat nv::nv nv::nv cm::gen nv::nv cm::gen nv::nv cm::dat nv::nv nv::nv nv::adj nv::nv verb::vv e::cve mark::comma
han hendu me ,	nv::nv verb::vv e::cve mark::comma
suwen i beile se i mujilen be gemu facuhūn obu fi ,	pn::2pl cm::gen nv::nv nv::nv cm::gen nv::nv cm::acc nv::nv nv::adj verb::vv e::cve mark::comma
juwe suje ,	nv::nv nv::nv mark::comma
samsu i teleri ,	nv::nv cm::gen nv::nv mark::comma
maca fetene re niyalma tome agūra jafabu fi unggi ∅ seme hendu he gisun be jurce me hendu hekū o fi ,	nv::nv verb::vv e::npst.ptcp nv::nv nv::nv nv::nv verb::vv e::cve verb::vv e::fve.imperative comp verb::vv e::pst.ptcp nv::nv cm::acc verb::vv e::cve verb::vv e::pst.ptcp.neg verb::vv e::cve mark::comma
daise fujiyang ilaci jergi iogi i caliyan ,	nv::nv nv::nv nv::nv nv::nv nv::nv cm::gen nv::nv mark::comma
xuwang_šan i niyalma ,	nn::prpn cm::gen nv::nv mark::comma
wan_lii i gūsin nadaci aniya omšon biya i orin sunja de baha ha ,	nn::prpn cm::gen nv::nv nv::nv nv::nv nv::nv nv::nv cm::gen nv::nv nv::nv cm::dat verb::vv e::pst.ptcp mark::comma
niyalma i dele ejen abka bi kai ,	nv::nv cm::gen nv::nv nv::nv nv::nv verb::vv.npst ptcl mark::comma
jušen ejen ara fi gaji me ji ∅ ,	nv::nv nv::nv verb::vv e::cve verb::vv e::cve verb::vv e::fve.imperative mark::comma
tongki fuka sinda ha hergen i dangse .	nv::nv nv::nv verb::vv e::pst.ptcp nv::nv cm::gen nv::nv mark::period
amala tuta ha amtanakū niyalma be ainu alhūda mbi ,	nv::nv verb::vv e::pst.ptcp nv::nv nv::nv cm::acc nv::nv verb::vv e::fve.npst mark::comma
jobobu re da de jobobu kini ,	verb::vv e::npst.ptcp nv::nv cm::dat verb::vv e::fve.opt mark::comma
han da de liyoodung be baha ha manggi ,	nv::nv nv::nv cm::dat nn::prpn.plc cm::acc verb::vv e::pst.ptcp nv::nv mark::comma
tonggoi niru i emu niyalma ,	nn::prpn.person nv::nv cm::gen nv::nv nv::nv mark::comma
amban be ume nakabu re ,	nv::nv cm::acc nv::nv verb::vv e::npst.ptcp mark::comma
duin yan menggun de ,	nv::nv nv::nv nv::nv cm::dat mark::comma
tuttu o fi šusai be niru kadala ra be nakabu ha ,	nv::nv verb::vv e::cve nv::nv cm::acc nv::nv verb::vv e::npst.ptcp cm::acc verb::vv e::pst.ptcp mark::comma
doigon ci bedere fi muse i geren cooha be bai me acanji ∅ ,	nv::nv cm::abl verb::vv e::cve nv::nv cm::gen nv::adj nv::nv cm::acc verb::vv e::cve verb::vv e::fve.imperative mark::comma
jai jergi amban sa ,	nv::nv nv::nv nv::nv nv::nv mark::comma
juwe jergi buce re weile be guwebu mbi .	nv::nv nv::nv verb::vv e::npst.ptcp nv::nv cm::acc verb::vv e::fve.npst mark::period
beye i ehe de wasi kini .	nv::nv cm::gen nv::adj cm::dat verb::vv e::fve.opt mark::period
morin jai atanggi tarhū mbi ,	nv::nv nv::nv nv::nv verb::vv e::fve.npst mark::comma
afabu ha weile be mute mbi ,	verb::vv e::pst.ptcp nv::nv cm::acc verb::vv e::fve.npst mark::comma
in i urut i beile se ,	pn::3sg cm::gen nn::prpn.plc cm::gen nv::nv nv::nv mark::comma
afabu ha weile be mute mbi ,	verb::vv e::pst.ptcp nv::nv cm::acc verb::vv e::fve.npst mark::comma
hecen ara me deribu he .	nv::nv verb::vv e::cve verb::vv e::pst.ptcp mark::period
wan_lii i juwan uyuci aniya ninggun biya i orin duin de baha ha ,	nn::prpn cm::gen nv::nv nv::nv nv::nv nv::nv nv::nv cm::gen nv::nv nv::nv cm::dat verb::vv e::pst.ptcp mark::comma
ai ai afabu ha jurgan be enggici iletu seme banda rakū sita rakū ginggule me gūni mbi ,	nv::nv nv::nv verb::vv e::pst.ptcp nv::nv cm::acc nv::nv nv::adj comp verb::vv e::npst.ptcp.neg verb::vv e::npst.ptcp.neg verb::vv e::cve verb::vv e::fve.npst mark::comma
wengkei bi ji hebi seme ,	nn::prpn.person pn::1sg verb::vv e::fve.prs.prf comp mark::comma
gūwalca_golo i amban bi he ,	nn::prpn cm::gen nv::nv verb::vv e::pst.ptcp mark::comma
emu tanggū morin ,	nv::nv nv::nv nv::nv mark::comma
juwan emu de hendu me ,	nv::nv nv::nv cm::dat verb::vv e::cve mark::comma
orin de ,	nv::nv cm::dat mark::comma
hai_si šog'o_wei i du_jy_hūi_ši hūsita i omolo buyan ,	nn::prpn nn::prpn cm::gen nv::nv nn::prpn.person cm::gen nv::nv nn::prpn.person mark::comma
muse i jušen gurun i dain be daila me gurun be dahabu ha ama han boo de te hebi dere ,	nv::nv cm::gen nv::nv nv::nv cm::gen nv::nv cm::acc verb::vv e::cve nv::nv cm::acc verb::vv e::pst.ptcp nv::nv nv::nv nv::nv cm::dat verb::vv e::fve.prs.prf ptcl mark::comma
han i šangna me bu he jaka dabala ,	nv::nv cm::gen verb::vv e::cve verb::vv e::pst.ptcp nv::nv ptcl mark::comma
ginjeo i ergi wang_hai_to ci ,	nn::prpn.plc cm::gen nv::nv nn::prpn cm::abl mark::comma
tutahai ,	nn::prpn.person mark::comma
bi uttu gūni me buce ki se mbi seme hendu he manggi ,	pn::1sg nv::nv verb::vv e::cve verb::vv e::fve.opt verb::vv e::fve.npst comp verb::vv e::pst.ptcp nv::nv mark::comma
ya de gasa ci beye doso mbi ,	nv::nv cm::dat verb::vv e::cve nv::nv verb::vv e::fve.npst mark::comma
sure_kundulen_han i cooha ebergi dalin de ili ha manggi ,	nn::prpn cm::gen nv::nv nv::nv nv::nv cm::dat verb::vv e::pst.ptcp nv::nv mark::comma
darhan_baturu i gurun ,	nn::prpn cm::gen nv::nv mark::comma
○ aituwan be ,	mark::circle nn::prpn.person cm::acc mark::comma
tusiyetu_han de amca me unggi he bithe i gisun ,	nn::prpn cm::dat verb::vv e::cve verb::vv e::pst.ptcp nv::nv cm::gen nv::nv mark::comma
minggan i amba haha jui ,	nv::nv cm::gen nv::adj nv::nv nv::nv mark::comma
ama i gung de beiguwan obu ha .	nv::nv cm::gen nv::nv cm::dat nv::nv verb::vv e::pst.ptcp mark::period
suwen de morin akū se he seme gūwa jaka bu re gojime ,	pn::2pl cm::dat nv::nv nv::adj verb::vv e::pst.ptcp comp nv::nv nv::nv verb::vv e::npst.ptcp nv::nv mark::comma
yangguri dzung_bing_guwan ,	nn::prpn.person nv::nv mark::comma
dung_ging ni emu bedzung ,	nn::prpn cm::gen nv::nv nv::nv mark::comma
fujin de bu he ngge ,	nv::nv cm::dat verb::vv e::pst.ptcp nmlz::nmlz mark::comma
daha ki ,	verb::vv e::fve.opt mark::comma
ginjeo i niyalma ,	nn::prpn.plc cm::gen nv::nv mark::comma
amba mocin susai ,	nv::adj nv::nv nv::nv mark::comma
sain niyalma endebu fi weile baha ci ,	nv::adj nv::nv verb::vv e::cve nv::nv verb::vv e::cve mark::comma
šun tuhe re ergi duka be ebu fi yamun de dosi ka .	nv::nv verb::vv e::npst.ptcp nv::nv nv::nv cm::acc verb::vv e::cve nv::nv cm::dat verb::vv e::pst.ptcp mark::period
ere i kiru sara be jui hūnta de guribu ∅ se hebi kai ,	nv::nv cm::gen nv::nv nv::nv cm::acc nv::nv nv::nv cm::dat verb::vv e::fve.imperative verb::vv e::fve.prs.prf ptcl mark::comma
hacin hacin i tubihe bene he .	nv::nv nv::nv cm::gen nv::nv verb::vv e::pst.ptcp mark::period
jori ha jurgan be jurce rakū seme beiguwan obu ha .	verb::vv e::pst.ptcp nv::nv cm::acc verb::vv e::npst.ptcp.neg comp nv::nv verb::vv e::pst.ptcp mark::period
han i beye ,	nv::nv cm::gen nv::nv mark::comma
gaji ∅ se ci bu hekū ,	verb::vv e::fve.imperative verb::vv e::cve verb::vv e::pst.ptcp.neg mark::comma
nikan i cooha be wasihūn gida fi emu tanggū isi rakū wa ha ,	nv::nv cm::gen nv::nv cm::acc nv::nv verb::vv e::cve nv::nv nv::nv verb::vv e::npst.ptcp.neg verb::vv e::pst.ptcp mark::comma
jobolon se re ngge tere kai ,	nv::nv verb::vv e::npst.ptcp nmlz::nmlz nv::nv ptcl mark::comma
han i bithe ,	nv::nv cm::gen nv::nv mark::comma
abatai_age guwangning ci ji he ,	nn::prpn nn::prpn.plc cm::abl verb::vv e::pst.ptcp mark::comma
be gaija rakū ojo ro ,	pn::1pl.excl verb::vv e::npst.ptcp.neg verb::vv e::npst.ptcp mark::comma
kadala ∅ seme afabu ha jurgan be juleri enggici seme emu kemun i gūni me bani rakū ci ,	verb::vv e::fve.imperative comp verb::vv e::pst.ptcp nv::nv cm::acc nv::nv nv::nv comp nv::nv nv::nv cm::gen verb::vv e::cve verb::vv e::npst.ptcp.neg e::cve mark::comma
deo gercile me šundui de ala ra jaka de ,	nv::nv verb::vv e::cve nn::prpn.person cm::dat verb::vv e::npst.ptcp nv::nv cm::dat mark::comma
nadan yan i weile waliya mbi ,	nv::nv nv::nv cm::gen nv::nv verb::vv e::fve.npst mark::comma
teng seme emu mujilen i hūrha_golo i cooha be jalda fi ,	nv::nv comp nv::nv nv::nv cm::gen nn::prpn cm::gen nv::nv cm::acc verb::vv e::cve mark::comma
geren beile se de unggi he bithe i gisun ,	nv::adj nv::nv nv::nv cm::dat verb::vv e::pst.ptcp nv::nv cm::gen nv::nv mark::comma
ere ci julesi ,	nv::nv cm::abl nv::nv mark::comma
beye buce kini ,	nv::nv verb::vv e::fve.opt mark::comma
kesi hūturi baturu hūsun be min de bu he be suwe donji hakūbi o ,	nv::nv nv::nv nv::nv nv::nv cm::acc pn::1sg cm::dat verb::vv e::pst.ptcp cm::acc pn::2pl verb::vv e::fve.prs.prf.neg ptcl mark::comma
ninggun tumen ninggun minggan yan menggun gaji fi ,	nv::nv nv::nv nv::nv nv::nv nv::nv nv::nv verb::vv e::cve mark::comma
nio_juwang de dedu he ,	nn::prpn cm::dat verb::vv e::pst.ptcp mark::comma
han'_yūn ,	nn::prpn mark::comma
○ suwayan_ilacin be ,	mark::circle nn::prpn cm::acc mark::comma
sain banji ci ojo rakū ehe seme ,	nv::adj verb::vv e::cve verb::vv e::npst.ptcp.neg nv::adj comp mark::comma
io_tun_wei šurde me gašan i jeku be gemu juwebu ∅ ,	nn::prpn verb::vv e::cve nv::nv cm::gen nv::nv cm::acc nv::nv verb::vv e::fve.imperative mark::comma
cooha i morin be ulebu me gama ∅ seme hūla ra onggolo ,	nv::nv cm::gen nv::nv cm::acc verb::vv e::cve verb::vv e::fve.imperative comp verb::vv e::npst.ptcp nv::nv mark::comma
dajuhū i emgi gene he cooha de ,	nn::prpn.person cm::gen nv::nv verb::vv e::pst.ptcp nv::nv cm::dat mark::comma
eme wang_ši susai se ,	nv::nv nn::prpn nv::nv nv::nv mark::comma
tere ilan ba de ing hada fi ulan fete fi ,	nv::nv nv::nv nv::nv cm::dat nv::nv verb::vv e::cve nv::nv verb::vv e::cve mark::comma
fe ice nikan i morin be ,	nv::adj nv::adj nv::nv cm::gen nv::nv cm::acc mark::comma
dasa me icihiya ki seme nadan jurgan be nakabu fi ,	verb::vv e::cve verb::vv e::fve.opt comp nv::nv nv::nv cm::acc verb::vv e::cve mark::comma
mohori_wei i du_jy_hūi_tungjy alitu ,	nn::prpn cm::gen nv::nv nn::prpn.person mark::comma
bata kimun seme gida rakū ,	nv::nv nv::nv comp verb::vv e::npst.ptcp.neg mark::comma
jai ilan niyalma be susai šusiha šusihala fi ,	nv::nv nv::nv nv::nv cm::acc nv::nv nv::nv verb::vv e::cve mark::comma
gecuheri etuku šangna ha .	nv::nv nv::nv verb::vv e::pst.ptcp mark::period
yoto_age i sadun ,	nn::prpn cm::gen nv::nv mark::comma
saikan kedere hekū heolede he seme ,	nv::adj verb::vv e::pst.ptcp.neg verb::vv e::pst.ptcp comp mark::comma
niyaman hūncihin ehe o mbi kai ,	nv::nv nv::nv nv::adj verb::vv e::fve.npst ptcl mark::comma
tere i boo de yabu hai ,	nv::nv cm::gen nv::nv cm::dat verb::vv e::cve mark::comma
tere weile emgeri dule ke ,	nv::nv nv::nv nv::nv verb::vv e::pst.ptcp mark::comma
ubai ,	nn::prpn.person mark::comma
nikan be sain seme hoko rakū ci ,	nv::nv cm::acc nv::adj comp verb::vv e::npst.ptcp.neg e::cve mark::comma
amasi bedere fi duka_ala i fejile dedu he .	nv::nv verb::vv e::cve nn::prpn cm::gen nv::nv verb::vv e::pst.ptcp mark::period
ihan_alin de emu feye baha ha seme ,	nn::prpn cm::dat nv::nv nv::nv verb::vv e::pst.ptcp comp mark::comma
jeku ilan tanggū jakūnju hule ,	nv::nv nv::nv nv::nv nv::nv nv::nv mark::comma
šurgei ,	nn::prpn.person mark::comma
gene he niyalma amasi ji he manggi ,	verb::vv e::pst.ptcp nv::nv nv::nv verb::vv e::pst.ptcp nv::nv mark::comma
ice_hecen de tuta ha niyalma ,	nn::prpn cm::dat verb::vv e::pst.ptcp nv::nv mark::comma
jai doro be kice me dasa mbi ,	nv::nv nv::nv cm::acc verb::vv e::cve verb::vv e::fve.npst mark::comma
○ dzung_bing_guwan de juwete tanggū yan menggun ,	mark::circle nv::nv cm::dat nv::nv nv::nv nv::nv nv::nv mark::comma
dorgi_šan_wei i du_jy_hūi_ciyanši taramu i jui gulugu ,	nn::prpn cm::gen nv::nv nn::prpn.person cm::gen nv::nv nn::prpn.person mark::comma
anafu te me gene re cooha de ,	nv::nv verb::vv e::cve verb::vv e::npst.ptcp nv::nv cm::dat mark::comma
abka i erin be sa fi ,	nv::nv cm::gen nv::nv cm::acc verb::vv e::cve mark::comma
ciyandzung ni hergen be nakabu ha ,	nv::nv cm::gen nv::nv cm::acc verb::vv e::pst.ptcp mark::comma
emu tanggū isi rakū olji baha ha ,	nv::nv nv::nv verb::vv e::npst.ptcp.neg nv::nv verb::vv e::pst.ptcp mark::comma
emu temen gaji me uka me ji he .	nv::nv nv::nv verb::vv e::cve verb::vv e::cve verb::vv e::pst.ptcp mark::period
dain be ete he baha ha seme tere ai tusa ,	nv::nv cm::acc verb::vv e::pst.ptcp verb::vv e::pst.ptcp comp nv::nv nv::nv nv::nv mark::comma
tere lio_be_wen se re ngge ,	nv::nv nn::prpn verb::vv e::npst.ptcp nmlz::nmlz mark::comma
han i pai be gai fi ,	nv::nv cm::gen nv::nv cm::acc verb::vv e::cve mark::comma
lamun sunja ,	nv::adj nv::nv mark::comma
ama ci jui hoko ci tetendere ,	nv::nv cm::abl nv::nv verb::vv e::cve nv::nv mark::comma
emu jergi ,	nv::nv nv::nv mark::comma
hai_si karfun_wei i du_jy_hūi_ši sanggu i jui harha ,	nn::prpn nn::prpn cm::gen nv::nv nn::prpn.person cm::gen nv::nv nv::nv mark::comma
tusihiya be ,	nv::nv cm::acc mark::comma
korcin i minggan_beile i jui sanggarjai ,	nn::prpn.plc cm::gen nn::prpn cm::gen nv::nv nn::prpn.person mark::comma
nikan de dehi ulgiyan ,	nv::nv cm::dat nv::nv nv::nv mark::comma
asan ,	nn::prpn.person mark::comma
afabu ha weile be mute mbi ,	verb::vv e::pst.ptcp nv::nv cm::acc verb::vv e::fve.npst mark::comma
min i cooha i niyalma inu kejine buce he kai ,	pn::1sg cm::gen nv::nv cm::gen nv::nv nv::nv nv::nv verb::vv e::pst.ptcp ptcl mark::comma
duin beiguwan te .	nv::nv nv::nv nv::nv mark::period
inu emu juwe niyalma uthai ume ala ra ,	nv::nv nv::nv nv::nv nv::nv nv::nv nv::nv verb::vv e::npst.ptcp mark::comma
○ juwan ilan de ,	mark::circle nv::nv nv::nv cm::dat mark::comma
suwen i beye i waka be tucibu me wakala me girubu me ,	pn::2pl cm::gen nv::nv cm::gen nv::adj cm::acc verb::vv e::cve verb::vv e::cve verb::vv e::cve mark::comma
morin tarhūbu ∅ seme hūla ha .	nv::nv verb::vv e::fve.imperative comp verb::vv e::pst.ptcp mark::period
ere ci julesi kice me hūsun bu ki ,	nv::nv cm::abl nv::nv verb::vv e::cve nv::nv verb::vv e::fve.opt mark::comma
fungkū moo de hada fi asara ha .	nv::nv nv::nv cm::dat verb::vv e::cve verb::vv e::pst.ptcp mark::period
han genggiyen de fonji mbi ,	nv::nv nv::adj cm::dat verb::vv e::fve.npst mark::comma
○ bada ,	mark::circle nv::adj mark::comma
g'ao_fujiyang ,	nn::prpn mark::comma
bira i dalin de han okdo fi ,	nv::nv cm::gen nv::nv cm::dat nv::nv verb::vv e::cve mark::comma
tere nikan de in i yalu fi gaji ha morin be in de bu he ,	nv::nv nv::nv cm::dat pn::3sg cm::gen verb::vv e::cve verb::vv e::pst.ptcp nv::nv cm::acc pn::3sg cm::dat verb::vv e::pst.ptcp mark::comma
○ gulu suwayan i gūsa i bargiya ra ba ,	mark::circle nv::adj nv::adj cm::gen nv::nv cm::gen verb::vv e::npst.ptcp nv::nv mark::comma
puho i ba de nikan i jeku gai me dosi fi gene he cooha i niyalma ,	nn::prpn.plc cm::gen nv::nv cm::dat nv::nv cm::gen nv::nv verb::vv e::cve verb::vv e::cve verb::vv e::pst.ptcp nv::nv cm::gen nv::nv mark::comma
sin i kadala ha cooha ,	pn::2sg cm::gen verb::vv e::pst.ptcp nv::nv mark::comma
min be urule me min i nadan koro be su me ,	pn::1sg cm::acc verb::vv e::cve pn::1sg cm::gen nv::nv nv::nv cm::acc verb::vv e::cve mark::comma
sin i ahūn deo i beye ji ci ,	pn::2sg cm::gen nv::nv nv::nv cm::gen nv::nv verb::vv e::cve mark::comma
han i beye ,	nv::nv cm::gen nv::nv mark::comma
baha ha olji ambula o ho de neigen dende mbihe ,	verb::vv e::pst.ptcp nv::nv nv::nv verb::vv e::pst.ptcp cm::dat nv::adj verb::vv e::fve.pst.ipfv mark::comma
ama han wa kini ,	nv::nv nv::nv verb::vv e::fve.opt mark::comma
ciyandzung de fonji me ,	nv::nv cm::dat verb::vv e::cve mark::comma
etu he etuku banji re doro emu adali kai ,	verb::vv e::pst.ptcp nv::nv verb::vv e::npst.ptcp nv::nv nv::nv nv::adj ptcl mark::comma
ku_ling_ho_wei i du_jy_hūi_ciyanši daiju i jui anabu ,	nn::prpn cm::gen nv::nv nn::prpn.person cm::gen nv::nv nn::prpn.person mark::comma
suju me amala tuta ha juwan jakūn hehe be menggun baha hakū seme ilata yan menggun bu he ,	verb::vv e::cve nv::nv verb::vv e::pst.ptcp nv::nv nv::nv nv::nv cm::acc nv::nv verb::vv e::pst.ptcp.neg comp nv::nv nv::nv nv::nv verb::vv e::pst.ptcp mark::comma
monggo gurun i kalka i enggeder_taiji de amba genggiyen_han i deo i jui be sargan bu he ,	nv::nv nv::nv cm::gen nv::nv cm::gen nn::prpn cm::dat nv::adj nn::prpn cm::gen nv::nv cm::gen nv::nv cm::acc nv::nv verb::vv e::pst.ptcp mark::comma
suwe sa mbime latunji ci ,	pn::2pl verb::vv e::cve verb::vv e::cve mark::comma
han i yasa o fi geren be tuwa ∅ ,	nv::nv cm::gen nv::nv verb::vv e::cve nv::adj cm::acc verb::vv e::fve.imperative mark::comma
simiyan i hecen ci ,	nn::prpn.plc cm::gen nv::nv cm::abl mark::comma
abka na sarkū bi o ,	nv::nv nv::nv nv::nv verb::vv.npst ptcl mark::comma
hai_si kekur_wei i du_jy_hūi_tungjy unggi i jui tabu ,	nn::prpn nn::prpn cm::gen nv::nv nn::prpn.person cm::gen nv::nv nn::prpn.person mark::comma
amasi gida fi emu niyalma be wa habi ,	nv::nv verb::vv e::cve nv::nv nv::nv cm::acc verb::vv e::fve.prs.prf mark::comma
juwan ilan golo i cooha gemu wasi fi afa ci ,	nv::nv nv::nv nv::nv cm::gen nv::nv nv::nv verb::vv e::cve verb::vv e::cve mark::comma
niyaman ojo ro be cihakū o ci ,	nv::nv verb::vv e::npst.ptcp cm::acc nv::adj verb::vv e::cve mark::comma
○ du_tang ni bithe ,	mark::circle nv::nv cm::gen nv::nv mark::comma
kadala me mute hekū seme sunja niru kadala ra be nakabu ha ,	verb::vv e::cve verb::vv e::pst.ptcp.neg comp nv::nv nv::nv verb::vv e::npst.ptcp cm::acc verb::vv e::pst.ptcp mark::comma
gūwa gercile me ala ha de ,	nv::nv verb::vv e::cve verb::vv e::pst.ptcp cm::dat mark::comma
meni meni gašan de kemuni te kini ,	nv::nv nv::nv nv::nv cm::dat nv::nv verb::vv e::fve.opt mark::comma
g'ai_jeo ,	nn::prpn mark::comma
ilaci de amin_beile ,	nv::nv cm::dat nn::prpn mark::comma
tuttu daha fi ,	nv::nv verb::vv e::cve mark::comma
julergi guwali hecen i duka be jušen tuwakiya ra ngge nakabu ha ,	nv::nv nv::nv nv::nv cm::gen nv::nv cm::acc nv::nv verb::vv e::npst.ptcp nmlz::nmlz verb::vv e::pst.ptcp mark::comma
○ ineku tere inenggi ,	mark::circle nv::nv nv::nv nv::nv mark::comma
han de waka sabu fi weile baha fi boo yada kini ,	nv::nv cm::dat nv::adj verb::vv e::cve nv::nv verb::vv e::cve nv::nv verb::vv e::fve.opt mark::comma
han ,	nv::nv mark::comma
○ samcan de ,	mark::circle nn::prpn.plc cm::dat mark::comma
jakūta de juwe feye baha ha seme ,	nv::nv cm::dat nv::nv nv::nv verb::vv e::pst.ptcp comp mark::comma
ujekuye ,	nv::nv mark::comma
yaya niyalma ai ai weile de afabu re de ,	nv::nv nv::nv nv::nv nv::nv nv::nv cm::dat verb::vv e::npst.ptcp cm::dat mark::comma
gašan i juwan nadan amban i juse be ,	nv::nv cm::gen nv::nv nv::nv nv::nv cm::gen nv::nv cm::acc mark::comma
fujiyang ci fakca ha de ,	nv::nv cm::abl verb::vv e::pst.ptcp cm::dat mark::comma
nio_juwang de unggi he bithe i gisun ,	nn::prpn cm::dat verb::vv e::pst.ptcp nv::nv cm::gen nv::nv mark::comma
geren de aca fi seole kini ,	nv::adj cm::dat verb::vv e::cve verb::vv e::fve.opt mark::comma
dehi jakūn morin baha ha ,	nv::nv nv::nv nv::nv verb::vv e::pst.ptcp mark::comma
lišan cooha be weri fi casi gene ci ,	nn::prpn.person nv::nv cm::acc verb::vv e::cve nv::nv verb::vv e::cve mark::comma
bi jai adarame akda ra ,	pn::1sg nv::nv nv::nv verb::vv e::npst.ptcp mark::comma
tafula fi gisun be daha rakū in i beye de hūsun bi seme etuhule re niyalma be wakala me ,	verb::vv e::cve nv::nv cm::acc verb::vv e::npst.ptcp.neg pn::3sg cm::gen nv::nv cm::dat nv::nv verb::vv.npst comp verb::vv e::npst.ptcp nv::nv cm::acc verb::vv e::cve mark::comma
jušen be emu ici ,	nv::nv cm::acc nv::nv nv::nv mark::comma
liyoha i dalin de juwe monggo cargi ci hūlha me ji fi ,	nn::prpn.plc cm::gen nv::nv cm::dat nv::nv nv::nv nv::nv cm::abl verb::vv e::cve verb::vv e::cve mark::comma
basita ,	nn::prpn.person mark::comma
○ sonom_taiji ,	mark::circle nn::prpn mark::comma
io_ši_jung ,	nn::prpn mark::comma
monggo cooha be unege de afabu ∅ ,	nv::nv nv::nv cm::acc nn::prpn.person cm::dat verb::vv e::fve.imperative mark::comma
ere nikan han ,	nv::nv nv::nv nv::nv mark::comma
juwe gecuheri be dabu me juwan suje ,	nv::nv nv::nv cm::acc verb::vv e::cve nv::nv nv::nv mark::comma
yada ra jobo ro niyalma be gemu uji me akūmbu ki ,	verb::vv e::npst.ptcp verb::vv e::npst.ptcp nv::nv cm::acc nv::nv verb::vv e::cve verb::vv e::fve.opt mark::comma
hai_jeo de uhereme emu niru dehite morin hūwaita ∅ ,	nn::prpn cm::dat nv::nv nv::nv nv::nv nv::nv nv::nv verb::vv e::fve.imperative mark::comma
morin susai ,	nv::nv nv::nv mark::comma
amasi bedere he ,	nv::nv verb::vv e::pst.ptcp mark::comma
emu niyalma de emte hehe bu ∅ ,	nv::nv nv::nv cm::dat nv::nv nv::nv verb::vv e::fve.imperative mark::comma
juwete gecuheri ,	nv::nv nv::nv mark::comma
amasi ama be bai me gene ki se ci ,	nv::nv nv::nv cm::acc verb::vv e::cve verb::vv e::fve.opt verb::vv e::cve mark::comma
hūlha me holto rakū ,	verb::vv e::cve verb::vv e::npst.ptcp.neg mark::comma
geren cooha tere bata bisi re baru bai me acana ∅ ,	nv::adj nv::nv nv::nv nv::nv verb::vv e::npst.ptcp nv::nv verb::vv e::cve verb::vv e::fve.imperative mark::comma
jai tondo i kice me hūsun bu fi buce he seme ,	nv::nv nv::adj cm::gen verb::vv e::cve nv::nv verb::vv e::cve verb::vv e::pst.ptcp comp mark::comma
bi we de bu mbi se mbi ,	pn::1sg nv::nv cm::dat verb::vv e::fve.npst verb::vv e::fve.npst mark::comma
○ ineku tere inenggi ,	mark::circle nv::nv nv::nv nv::nv mark::comma
sarin sarila ra ,	nv::nv verb::vv e::npst.ptcp mark::comma
han hendu me ,	nv::nv verb::vv e::cve mark::comma
orho moo i ungkan i nimanggi de etuku usihi mbi seme ,	nv::nv nv::nv cm::gen nv::nv cm::gen nv::nv cm::dat nv::nv verb::vv e::fve.npst comp mark::comma
bahi ,	nn::prpn.person mark::comma
orin niyalma be gai fi julergi de anafu te he cooha de acana fi ,	nv::nv nv::nv cm::acc verb::vv e::cve nv::nv cm::dat nv::nv verb::vv e::pst.ptcp nv::nv cm::dat verb::vv e::cve mark::comma
emu majige andan de wa ha ngge ,	nv::nv nv::adj nv::nv cm::dat verb::vv e::pst.ptcp nmlz::nmlz mark::comma
amba_beile gene ci ,	nn::prpn verb::vv e::cve mark::comma
juwe honin ,	nv::nv nv::nv mark::comma
coirjal ,	nn::prpn.person mark::comma
ere amban sa i hūlha ha ulin ,	nv::nv nv::nv nv::nv cm::gen verb::vv e::pst.ptcp nv::nv mark::comma
amban sa i beye acanji ∅ ,	nv::nv nv::nv cm::gen nv::nv verb::vv e::fve.imperative mark::comma
○ tahai be ,	mark::circle nn::prpn.person cm::acc mark::comma
○ orin emu de bayot gurun i monggo haha hehe dehi nadan ,	mark::circle nv::nv nv::nv cm::dat nn::prpn.plc nv::nv cm::gen nv::nv nv::nv nv::nv nv::nv nv::nv mark::comma
han amba doro ilibu fi ,	nv::nv nv::adj nv::nv verb::vv e::cve mark::comma
emu jergi buce re weile be guwebu mbi ,	nv::nv nv::nv verb::vv e::npst.ptcp nv::nv cm::acc verb::vv e::fve.npst mark::comma
bi sa ra seme akdabu me hendu fi ,	pn::1sg verb::vv e::npst.ptcp comp verb::vv e::cve verb::vv e::cve mark::comma
han gosi fi beiguwan i hergen bu he bi he ,	nv::nv verb::vv e::cve nv::nv cm::gen nv::nv verb::vv e::pst.ptcp verb::vv e::pst.ptcp mark::comma
ehe sain be dere bani rakū ,	nv::adj nv::adj cm::acc nv::nv verb::vv e::npst.ptcp.neg mark::comma
edun baha rakū ,	nv::nv verb::vv e::npst.ptcp.neg mark::comma
lakca habi o seme fonji re jaka de ,	verb::vv e::fve.prs.prf ptcl comp verb::vv e::npst.ptcp nv::nv cm::dat mark::comma
amba_jargūci ,	nn::prpn mark::comma
boigon guri mbi seme yendahvn_takūrara_gurun de jaha gana me gene fi tuci ke ,	nv::nv verb::vv e::fve.npst comp nn::prpn cm::dat nv::nv verb::vv e::cve verb::vv e::cve verb::vv e::pst.ptcp mark::comma
isa fi hafan sa i ji he ji hekū be baica ∅ ,	verb::vv e::cve nv::nv nv::nv cm::gen verb::vv e::pst.ptcp verb::vv e::pst.ptcp.neg cm::acc verb::vv e::fve.imperative mark::comma
kalka i nangnuk_beile i emu tanggū dehi duin niyalma ,	nv::nv cm::gen nn::prpn cm::gen nv::nv nv::nv nv::nv nv::nv nv::nv mark::comma
buyara me aika jaka be niru bodo me dende fi gaji me ji ∅ ,	verb::vv e::cve nv::nv nv::nv cm::acc nv::nv verb::vv e::cve verb::vv e::cve verb::vv e::cve verb::vv e::fve.imperative mark::comma
hai_si hailan_wei i du_jy_hūi_tungjy wanggadai i jui algatu ,	nn::prpn nn::prpn cm::gen nv::nv nn::prpn.person cm::gen nv::nv nn::prpn.person mark::comma
tuttu takūra ci ,	nv::nv verb::vv e::cve mark::comma
tumen boo i gurun be salibu fi ,	nv::nv nv::nv cm::gen nv::nv cm::acc verb::vv e::cve mark::comma
san_šan_ioi ,	nn::prpn mark::comma
cooha i agūra ara fi unca ci ,	nv::nv cm::gen nv::nv verb::vv e::cve verb::vv e::cve mark::comma
wa me waji fi ilga fi uji he ngge be ,	verb::vv e::cve verb::vv e::cve verb::vv e::cve verb::vv e::pst.ptcp nmlz::nmlz cm::acc mark::comma
muse i beile se i beye isa fi sarila ra amba yamun ara ki ,	nv::nv cm::gen nv::nv nv::nv cm::gen nv::nv verb::vv e::cve verb::vv e::npst.ptcp nv::adj nv::nv verb::vv e::fve.opt mark::comma
jakūn gūsa ci jakūn amban bithe jafa fi ,	nv::nv nv::nv cm::abl nv::nv nv::nv nv::nv verb::vv e::cve mark::comma
enggemu ,	nv::nv mark::comma
○ orin juwe de ,	mark::circle nv::nv nv::nv cm::dat mark::comma
aika baita o ci ,	nv::nv nv::nv verb::vv e::cve mark::comma
han hendu me ,	nv::nv verb::vv e::cve mark::comma
sin i amban niyalma be bi hendu me baha rakū ,	pn::2sg cm::gen nv::nv nv::nv cm::acc pn::1sg verb::vv e::cve verb::vv e::npst.ptcp.neg mark::comma
tofohoci jergi ,	nv::nv nv::nv mark::comma
kūrcan i iogi hergen be nakabu ha .	nv::nv cm::gen nv::nv nv::nv cm::acc verb::vv e::pst.ptcp mark::period
enggifu ,	nn::prpn.person mark::comma
solho gurun de ,	nv::nv nv::nv cm::dat mark::comma
jai bi jabu me ,	nv::nv pn::1sg verb::vv e::cve mark::comma
deo sonom_taiji ,	nv::nv nn::prpn mark::comma
dehi nadan tumen seme algiša fi ,	nv::nv nv::nv nv::nv comp verb::vv e::cve mark::comma
suwen i sarkū aibi ,	pn::2pl cm::gen nv::nv nv::nv mark::comma
hai_si fomon_ho_wei i du_jy_hūi_ciyanši dotona i jui gajiha ,	nn::prpn nn::prpn cm::gen nv::nv nn::prpn.person cm::gen nv::nv nn::prpn.person mark::comma
jakūn hošonggo ordo de honin erin de faca ha .	nv::nv nv::adj nv::nv cm::dat nv::nv nv::nv cm::dat verb::vv e::pst.ptcp mark::period
du_tang ,	nv::nv mark::comma
dule waji ha kai ,	nv::nv verb::vv e::pst.ptcp ptcl mark::comma
i_jeo ,	nn::prpn mark::comma
min i mujilen gūwaliya ka turgun de ,	pn::1sg cm::gen nv::nv verb::vv e::pst.ptcp nv::nv cm::dat mark::comma
tondo mujilen jafa fi banji mbi .	nv::adj nv::nv verb::vv e::cve verb::vv e::fve.npst mark::period
geli doosida me šajin be daba me weile ara me banji ci ,	nv::nv verb::vv e::cve nv::nv cm::acc verb::vv e::cve nv::nv verb::vv e::cve verb::vv e::cve mark::comma
○ boigon beiguwan ,	mark::circle nv::nv nv::nv mark::comma
morin nadan tanggū ,	nv::nv nv::nv nv::nv mark::comma
jide re be okdo ro ,	verb::vv e::npst.ptcp cm::acc verb::vv e::npst.ptcp mark::comma
emu haha de ,	nv::nv nv::nv cm::dat mark::comma
ūgulen ,	nn::prpn.person mark::comma
baduri dzung_bing_guwan ,	nn::prpn.person nv::nv mark::comma
min be nikan i emgi acabu ki seme gisure he manggi ,	pn::1sg cm::acc nv::nv cm::gen nv::nv verb::vv e::fve.opt comp verb::vv e::pst.ptcp nv::nv mark::comma
tuttu šajila fi umai necibu rakū ,	nv::nv verb::vv e::cve nv::nv verb::vv e::npst.ptcp.neg mark::comma
uba de jide re be cihakū niyalma o ci ,	nv::nv cm::dat verb::vv e::npst.ptcp cm::acc nv::adj nv::nv verb::vv e::cve mark::comma
muse i canggi sarila ci ehe ,	nv::nv cm::gen nv::nv verb::vv e::cve nv::adj mark::comma
○ tere inenggi ,	mark::circle nv::nv nv::nv mark::comma
ere be ineku dorji_age ,	nv::nv cm::acc nv::nv nn::prpn mark::comma
šanaha i tulergi gurun be min de bu he ,	nn::prpn.plc cm::gen nv::nv nv::nv cm::acc pn::1sg cm::dat verb::vv e::pst.ptcp mark::comma
guwangning ci ebsi orin ba i dube de emu karun tebu ∅ ,	nn::prpn.plc cm::abl nv::nv nv::nv nv::nv cm::gen nv::nv cm::dat nv::nv nv::nv verb::vv e::fve.imperative mark::comma
moro ,	nv::nv mark::comma
amba_beile de emu morin ,	nn::prpn cm::dat nv::nv nv::nv mark::comma
ula de emu feye gidalabu ha seme sunja yan i weile waliya mbi ,	nv::nv cm::dat nv::nv nv::nv verb::vv e::pst.ptcp comp nv::nv nv::nv cm::gen nv::nv verb::vv e::fve.npst mark::comma
weihun ba de banji re de ,	nv::adj nv::nv cm::dat verb::vv e::npst.ptcp cm::dat mark::comma
hecen be nikan ara kini ,	nv::nv cm::acc nv::nv verb::vv e::fve.opt mark::comma
balai fehute rahū ,	nv::nv verb::vv e::fve.prv mark::comma
○ gūsan beiguwan ,	mark::circle nn::prpn.person nv::nv mark::comma
songgo ho seme baha mbi o ,	verb::vv e::pst.ptcp comp verb::vv e::fve.npst ptcl mark::comma
min i juse omosi jalan hala me han de gosibu me wesihun banji kini .	pn::1sg cm::gen nv::nv nv::nv nv::nv verb::vv e::cve nv::nv cm::dat verb::vv e::cve nv::nv verb::vv e::fve.opt mark::period
han i afabu ha jurgan be ,	nv::nv cm::gen verb::vv e::pst.ptcp nv::nv cm::acc mark::comma
ilaci jergi iogi obu ha ,	nv::nv nv::nv nv::nv verb::vv e::pst.ptcp mark::comma
doro be wasibu me efule mbi ,	nv::nv cm::acc verb::vv e::cve verb::vv e::fve.npst mark::comma
mahala ,	nv::nv mark::comma
juwan emu de ,	nv::nv nv::nv cm::dat mark::comma
tere dule joo dere ,	nv::nv nv::nv nv::nv ptcl mark::comma
○ sirana i deo ana i sargan ,	mark::circle nn::prpn.person cm::gen nv::nv nn::prpn.person cm::gen nv::nv mark::comma
emu tanggū ihan ,	nv::nv nv::nv nv::nv mark::comma
tede korso fi abatai_age ,	nv::nv verb::vv e::cve nn::prpn mark::comma
jai tang_šan i amargi hada de boigon i niyalma šancila fi bi se re ,	nv::nv nn::prpn cm::gen nv::nv nv::nv cm::dat nv::nv cm::gen nv::nv verb::vv e::cve verb::vv.npst verb::vv e::npst.ptcp mark::comma
muse i beye i ehe de beye suila mbi kai seme ,	nv::nv cm::gen nv::nv cm::gen nv::adj cm::dat nv::nv verb::vv e::fve.npst ptcl comp mark::comma
meni meni dende he wei i niyalma be jori ha ba de gama fi ,	nv::nv nv::nv verb::vv e::pst.ptcp nv::nv cm::gen nv::nv cm::acc verb::vv e::pst.ptcp nv::nv cm::dat verb::vv e::cve mark::comma
han i pai be gai fi ,	nv::nv cm::gen nv::nv cm::acc verb::vv e::cve mark::comma
○ beiguwan doksoho ,	mark::circle nv::nv nn::prpn.person mark::comma
yenggei ,	nn::prpn.person mark::comma
fujisa ili ha manggi ,	nv::nv verb::vv e::pst.ptcp nv::nv mark::comma
jao_el ,	nn::prpn mark::comma
juse sargan geren ,	nv::nv nv::nv nv::adj mark::comma
menggun ,	nv::nv mark::comma
tukšan noho juwe uniyen ihan be babai gaji me ji he .	nv::nv nv::nv nv::nv nv::nv nv::nv cm::acc nn::prpn.person verb::vv e::cve verb::vv e::pst.ptcp mark::period
men i aisin han i daila ha eden asu gebungge niyalma be gai fi ,	pn::1pl.excl cm::gen nv::nv nv::nv cm::gen verb::vv e::pst.ptcp nv::adj nn::prpn.person nv::adj nv::nv cm::acc verb::vv e::cve mark::comma
io_tun_wei ,	nn::prpn mark::comma
han donji fi ,	nv::nv verb::vv e::cve mark::comma
yehe i niyalma be wa ha seme ,	nv::nv cm::gen nv::nv cm::acc verb::vv e::pst.ptcp comp mark::comma
ciyandzung de juwete yan menggun ,	nv::nv cm::dat nv::nv nv::nv nv::nv mark::comma
han de waka sabu fi weile baha fi boo yada kini ,	nv::nv cm::dat nv::adj verb::vv e::cve nv::nv verb::vv e::cve nv::nv verb::vv e::fve.opt mark::comma
simiyan i ergi de monggo dosi fi emu pu be gama ha .	nn::prpn.plc cm::gen nv::nv cm::dat nv::nv verb::vv e::cve nv::nv nv::nv cm::acc verb::vv e::pst.ptcp mark::period
tere emu gūsa i cooha ,	nv::nv nv::nv nv::nv cm::gen nv::nv mark::comma
afabu ha weile be mute mbi ,	verb::vv e::pst.ptcp nv::nv cm::acc verb::vv e::fve.npst mark::comma
morin cooha ,	nv::nv nv::nv mark::comma
afa ra ergi dere be saikan wehe sahabu ∅ ,	verb::vv e::npst.ptcp nv::nv nv::nv cm::acc nv::adj nv::nv verb::vv e::fve.imperative mark::comma
ambula geren de ertu fi ,	nv::nv nv::adj cm::dat verb::vv e::cve mark::comma
lio_fujiyang de juwe jergi bithe unggi ci ,	nn::prpn cm::dat nv::nv nv::nv nv::nv verb::vv e::cve mark::comma
niyalma wa ha monggo be sonom_taiji jafa fi bu he de ,	nv::nv verb::vv e::pst.ptcp nv::nv cm::acc nn::prpn verb::vv e::cve verb::vv e::pst.ptcp cm::dat mark::comma
ilan tumen yan menggun gai mbi .	nv::nv nv::nv nv::nv nv::nv verb::vv e::fve.npst mark::period
i amasi bedere me ,	pn::3sg nv::nv verb::vv e::cve mark::comma
tumburu acan hai_si šolingho_wei i du_jy_hūi_ciyanši dege i jui baibuli ,	nn::prpn.person nv::nv nn::prpn nn::prpn cm::gen nv::nv nn::prpn.person cm::gen nv::nv nn::prpn.person mark::comma
ula de emu feye ,	nv::nv cm::dat nv::nv nv::nv mark::comma
jori ha jurgan be jurce rakū seme beiguwan obu ha .	verb::vv e::pst.ptcp nv::nv cm::acc verb::vv e::npst.ptcp.neg comp nv::nv verb::vv e::pst.ptcp mark::period
encule me gida ra cooha waka o ci ,	verb::vv e::cve verb::vv e::npst.ptcp nv::nv nv::adj verb::vv e::cve mark::comma
gūwalca_ecike ,	nn::prpn mark::comma
beging ni hecen i dorgi ,	nv::nv cm::gen nv::nv cm::gen nv::nv mark::comma
jakūn niyalma ,	nv::nv nv::nv mark::comma
bujantai si nadan jergi gashū ha gisun be ,	nn::prpn.person pn::2sg nv::nv nv::nv verb::vv e::pst.ptcp nv::nv cm::acc mark::comma
šanggiyan giyajan bayara ,	nv::nv nv::nv nv::nv mark::comma
baindari in i gašan i nadan amban i juse be damtun benji fi cooha bai ha ,	nn::prpn.person pn::3sg cm::gen nv::nv cm::gen nv::nv nv::nv cm::gen nv::nv cm::acc nv::nv verb::vv e::cve nv::nv verb::vv e::pst.ptcp mark::comma
jecen i nikan be usin weilebu rakū te fi muse giyahūn makta me aba abala me yabu ki ,	nv::nv cm::gen nv::nv cm::acc nv::nv verb::vv e::npst.ptcp.neg verb::vv e::cve pn::1pl.incl nv::nv verb::vv e::cve nv::nv verb::vv e::cve verb::vv e::fve.opt mark::comma
dungjeo ,	nn::prpn.plc mark::comma
jori ha jurgan be jurce rakū seme ,	verb::vv e::pst.ptcp nv::nv cm::acc verb::vv e::npst.ptcp.neg comp mark::comma
ajige_age hendu me ,	nn::prpn verb::vv e::cve mark::comma
han tuwa fi hendu me ,	nv::nv verb::vv e::cve verb::vv e::cve mark::comma
wanjiha ,	nn::prpn.person mark::comma
ana i sargan be wa ra weile ara ha bi he ,	nn::prpn.person cm::gen nv::nv cm::acc verb::vv e::npst.ptcp nv::nv verb::vv e::pst.ptcp verb::vv e::pst.ptcp mark::comma
uka me yabu re be hendu mbi dere ,	verb::vv e::cve verb::vv e::npst.ptcp cm::acc verb::vv e::fve.npst ptcl mark::comma
bi hendu ci ete rakū seme hendu mbi seme alanji ha ,	pn::1sg verb::vv e::cve verb::vv e::npst.ptcp.neg comp verb::vv e::fve.npst comp verb::vv e::pst.ptcp mark::comma
wangšan min i beye i sui de wasi kini ,	nn::prpn.person pn::1sg cm::gen nv::nv cm::gen nv::nv cm::dat verb::vv e::fve.opt mark::comma
seke ninju jakūn ,	nv::nv nv::nv nv::nv mark::comma
jori ha jurgan be jurce rakū seme beiguwan obu ha .	verb::vv e::pst.ptcp nv::nv cm::acc verb::vv e::npst.ptcp.neg comp nv::nv verb::vv e::pst.ptcp mark::period
ginjeo i iogi aita i baha ha susai juwe solho ,	nn::prpn.plc cm::gen nv::nv nn::prpn.person cm::gen verb::vv e::pst.ptcp nv::nv nv::nv nv::nv mark::comma
bulehen ,	nv::nv mark::comma
sunja losa ,	nv::nv nv::nv mark::comma
○ ayusi be ,	mark::circle nn::prpn.person cm::acc mark::comma
emu tanggū juwan juwe ,	nv::nv nv::nv nv::nv nv::nv mark::comma
niyalma i baitala ra ai ai jaka jalukiya me bu he .	nv::nv cm::gen verb::vv e::npst.ptcp nv::nv nv::nv nv::nv verb::vv e::cve verb::vv e::pst.ptcp mark::period
adabu acan g'a_mu_ho_wei i du_jy_hūi_ciyanši jaliha i jui adabu ,	nn::prpn.person nv::nv nn::prpn cm::gen nv::nv nn::prpn.person cm::gen nv::nv nn::prpn.person mark::comma
uju jergi beiguwan i caliyan ,	nv::nv nv::nv nv::nv cm::gen nv::nv mark::comma
guise ,	nv::nv mark::comma
○ jongtoi ,	mark::circle nn::prpn.person mark::comma
tuci me gene re cooha be dobori wa fi ,	verb::vv e::cve verb::vv e::npst.ptcp nv::nv cm::acc nv::nv verb::vv e::cve mark::comma
○ orin jakūn de ,	mark::circle nv::nv nv::nv cm::dat mark::comma
ukanju ukanda ra hecen i dorgi medege o ci ,	nv::nv verb::vv e::npst.ptcp nv::nv cm::gen nv::nv nv::nv verb::vv e::cve mark::comma
teni niyalma i beye i gese o ho bi he ,	nv::nv nv::nv cm::gen nv::nv cm::gen nv::nv verb::vv e::pst.ptcp verb::vv e::pst.ptcp mark::comma
bi juwe gurun emu gurun ,	pn::1sg nv::nv nv::nv nv::nv nv::nv mark::comma
nikan i anda in i boo de gama fi soktobu fi gemu wa habi ,	nv::nv cm::gen nv::nv pn::3sg cm::gen nv::nv cm::dat verb::vv e::cve verb::vv e::cve nv::nv verb::vv e::fve.prs.prf mark::comma
emu niru i ilan tanggū haha de ,	nv::nv nv::nv cm::gen nv::nv nv::nv nv::nv cm::dat mark::comma
fu_giya_juwang ni beiguwan i jung giyūn daha me ji he manggi ,	nn::prpn cm::gen nv::nv cm::gen nv::nv nv::nv verb::vv e::cve verb::vv e::pst.ptcp nv::nv mark::comma
arhū ,	nn::prpn.person mark::comma
geli etubu re ulebu re ehe o ci ,	nv::nv verb::vv e::npst.ptcp verb::vv e::npst.ptcp nv::adj verb::vv e::cve mark::comma
mama tuci re be baica ra ,	nv::nv verb::vv e::npst.ptcp cm::acc verb::vv e::npst.ptcp mark::comma
min i gūni me banji re ngge ,	pn::1sg cm::gen verb::vv e::cve verb::vv e::npst.ptcp nmlz::nmlz mark::comma
○ jirgalang_age i gūsa de ,	mark::circle nn::prpn cm::gen nv::nv cm::dat mark::comma
hūwang_tung_pan be guwangning de takūra fi wabu ha seme ,	nn::prpn cm::acc nn::prpn.plc cm::dat verb::vv e::cve verb::vv e::pst.ptcp comp mark::comma
ilan temen gaji me uka me ji he .	nv::nv nv::nv verb::vv e::cve verb::vv e::cve verb::vv e::pst.ptcp mark::period
tere weile be namida de tuhebu fi ,	nv::nv nv::nv cm::acc nn::prpn.person cm::dat verb::vv e::cve mark::comma
yegude ,	nn::prpn.person mark::comma
○ samhatu be ,	mark::circle nn::prpn.person cm::acc mark::comma
ši_giya_tun i ma_yūn_fung gebungge niyalma ,	nn::prpn cm::gen nn::prpn nv::adj nv::nv mark::comma
han hendu me ,	nv::nv verb::vv e::cve mark::comma
jeng_an_pu i harangga niyalma i juse hehesi ,	nn::prpn cm::gen nv::nv nv::nv cm::gen nv::nv nv::nv mark::comma
emu wan ,	nv::nv nv::nv mark::comma
wahūmu ,	nn::prpn.plc mark::comma
šanaha ci emu morin ,	nn::prpn.plc cm::abl nv::nv nv::nv mark::comma
ilan tanggū nadanju juwe sejen ,	nv::nv nv::nv nv::nv nv::nv nv::nv mark::comma
in i ajige haha jui ,	pn::3sg cm::gen nv::adj nv::nv nv::nv mark::comma
suwen i han be abka wakala fi farhūn o fi ,	pn::2pl cm::gen nv::nv cm::acc nv::nv verb::vv e::cve nv::adj verb::vv e::cve mark::comma
ehe miosihon mujilen jafa ci ,	nv::adj nv::adj nv::nv verb::vv e::cve mark::comma
ili fi han de ala ra onggolo ,	verb::vv e::cve nv::nv cm::dat verb::vv e::npst.ptcp nv::nv mark::comma
den hashan i boo de hori fi tebu he .	nv::adj nv::nv cm::gen nv::nv cm::dat verb::vv e::cve verb::vv e::pst.ptcp mark::period
ende me cala me weile baha ci ,	verb::vv e::cve verb::vv e::cve nv::nv verb::vv e::cve mark::comma
adun de juwan duin niyalma gene ∅ ,	nv::nv cm::dat nv::nv nv::nv nv::nv verb::vv e::fve.imperative mark::comma
ere jakūn de dehi bu he ,	nv::nv nv::nv cm::dat nv::nv verb::vv e::pst.ptcp mark::comma
boo ara fi te ,	nv::nv verb::vv e::cve nv::nv mark::comma
juwan juwe niyalma ,	nv::nv nv::nv nv::nv mark::comma
ihan_alin de emu feye ,	nn::prpn cm::dat nv::nv nv::nv mark::comma
tere ci gene fi giyamuhū de isina fi amasi bedere me ji fi kobolon i tun de dedu he .	nv::nv cm::abl verb::vv e::cve nn::prpn.plc cm::dat verb::vv e::cve nv::nv verb::vv e::cve verb::vv e::cve nn::prpn.plc cm::gen nv::nv cm::dat verb::vv e::pst.ptcp mark::period
dobori inenggi akū hūdun wacihiya ∅ .	nv::nv nv::nv nv::adj nv::adj verb::vv e::fve.imperative mark::period
te geli wa ki seme ji mbi ,	nv::nv nv::nv verb::vv e::fve.opt comp verb::vv e::fve.npst mark::comma
○ anagan i juwe biya ice inenggi ,	mark::circle nv::nv cm::gen nv::nv nv::nv nv::adj nv::nv mark::comma
te he ba ci ili ∅ ,	verb::vv e::pst.ptcp nv::nv cm::abl verb::vv e::fve.imperative mark::comma
jakūn gūsa i emte kiru i ejen ,	nv::nv nv::nv cm::gen nv::nv nv::nv cm::gen nv::nv mark::comma
gūsin de wasimbu ha ,	nv::nv cm::dat verb::vv e::pst.ptcp mark::comma
mujilen tondo seme beiguwan obu ha ,	nv::nv nv::adj comp nv::nv verb::vv e::pst.ptcp mark::comma
amba_beile de ,	nn::prpn cm::dat mark::comma
amasi bedere re o ,	nv::nv verb::vv e::npst.ptcp ptcl mark::comma
alban i jeku be fonji ha ngge ,	nv::nv cm::gen nv::nv cm::acc verb::vv e::pst.ptcp nmlz::nmlz mark::comma
han i beye ,	nv::nv cm::gen nv::nv mark::comma
susai yan i weile gai ∅ ,	nv::nv nv::nv cm::gen nv::nv verb::vv e::fve.imperative mark::comma
axša ha dari jabšabu me wesibu hebi ,	verb::vv e::pst.ptcp nv::nv verb::vv e::cve verb::vv e::fve.prs.prf mark::comma
suwen i fejile hūsun tuci fi beye be jobobu re niyalma de ai amtan ,	pn::2pl cm::gen nv::nv nv::nv verb::vv e::cve nv::nv cm::acc verb::vv e::npst.ptcp nv::nv cm::dat nv::nv nv::nv mark::comma
juwe niyalma be takūra ci ,	nv::nv nv::nv cm::acc verb::vv e::cve mark::comma
han de emu temen ,	nv::nv cm::dat nv::nv nv::nv mark::comma
teling ,	nn::prpn.person mark::comma
fakca rakū ci ,	verb::vv e::npst.ptcp.neg e::cve mark::comma
gemu wa ha seme algi mbi ,	nv::nv verb::vv e::pst.ptcp comp verb::vv e::fve.npst mark::comma
dodari emu jui ,	nn::prpn.person nv::nv nv::nv mark::comma
tungken ,	nv::nv mark::comma
boo boo de dosi ka ,	nv::nv nv::nv cm::dat verb::vv e::pst.ptcp mark::comma
geren cooha i niyalma de gemu doigon i tacibu me ejebu me hendu fi ,	nv::adj nv::nv cm::gen nv::nv cm::dat nv::nv nv::nv cm::gen verb::vv e::cve verb::vv e::cve verb::vv e::cve mark::comma
gonji ,	nn::prpn.person mark::comma
si ali me gai ci ,	pn::2sg verb::vv e::cve verb::vv e::cve mark::comma
fanaha de juwan niru ,	nn::prpn.plc cm::dat nv::nv nv::nv mark::comma
dere be juwanggeri šasihala ha ,	nv::nv cm::acc nv::nv verb::vv e::pst.ptcp mark::comma
emu ba de aca fi dulimba de te fi ,	nv::nv nv::nv cm::dat verb::vv e::cve nv::nv cm::dat verb::vv e::cve mark::comma
sihan ,	nv::nv mark::comma
juse sargan be gaji me uka me ji he .	nv::nv nv::nv cm::acc verb::vv e::cve verb::vv e::cve verb::vv e::pst.ptcp mark::period
hailun ,	nv::nv mark::comma
ahūn te he dulin yabu ha dulin amba tu be gai fi yabu me ,	nv::nv verb::vv e::pst.ptcp nv::adj verb::vv e::pst.ptcp nv::adj nv::adj nv::nv cm::acc verb::vv e::cve verb::vv e::cve mark::comma
○ biruhai ,	mark::circle nn::prpn.person mark::comma
tere ci burula ha nikan cooha be wa me gene ci ,	nv::nv cm::abl verb::vv e::pst.ptcp nv::nv nv::nv cm::acc verb::vv e::cve verb::vv e::cve mark::comma
yamun yamun i amban sa sakda moo fulehe ukca me edun daha ∅ be ,	nv::nv nv::nv cm::gen nv::nv nv::nv nv::adj nv::nv nv::nv verb::vv e::cve nv::nv verb::vv e::fve.imperative cm::acc mark::comma
hiong_ciyan i uda ha duin minggan sunja tanggū ninju boso be ,	nn::prpn cm::gen verb::vv e::pst.ptcp nv::nv nv::nv nv::nv nv::nv nv::nv nv::nv cm::acc mark::comma
lungsi be takūra me ,	nn::prpn.person cm::acc verb::vv e::cve mark::comma
dergi wargi be tuwa ci ,	nv::nv nv::nv cm::acc verb::vv e::cve mark::comma
duici_beile de bene he buda be je kekū mujangga ,	nn::prpn cm::dat verb::vv e::pst.ptcp nv::nv cm::acc verb::vv e::pst.ptcp.neg nv::adj mark::comma
afa rakū daha ci ,	verb::vv e::npst.ptcp.neg verb::vv e::cve mark::comma
ulin gai fi niyalma be gaji rakū weri fi jide re ,	nv::nv verb::vv e::cve nv::nv cm::acc verb::vv e::npst.ptcp.neg verb::vv e::cve verb::vv e::npst.ptcp mark::comma
suwen be gaji fi jušen i te he yoo_jeo ,	pn::2pl cm::acc verb::vv e::cve nv::nv cm::gen verb::vv e::pst.ptcp nn::prpn mark::comma
min i jui duici_beile be bi taka rakū ,	pn::1sg cm::gen nv::nv nn::prpn cm::acc pn::1sg verb::vv e::npst.ptcp.neg mark::comma
hūng_tsoo_tun i liyan_biyoo ,	nn::prpn cm::gen nn::prpn mark::comma
gurun irgen inu hairanda rakū ,	nv::nv nv::nv nv::nv verb::vv e::npst.ptcp.neg mark::comma
han i beye sarhū de guri he ,	nv::nv cm::gen nv::nv nv::nv cm::dat verb::vv e::pst.ptcp mark::comma
emke be min i efu ,	nv::nv cm::acc pn::1sg cm::gen nv::nv mark::comma
emu aniya ,	nv::nv nv::nv mark::comma
lii_pei ,	nn::prpn mark::comma
boo i uji he ujima ,	nv::nv cm::gen verb::vv e::pst.ptcp nv::nv mark::comma
bi yaya gurun de hitahūn i gese weile ara rakū ,	pn::1sg nv::nv nv::nv cm::dat nv::nv cm::gen nv::nv nv::nv verb::vv e::npst.ptcp.neg mark::comma
tuba i niyalma be uthai emu tai de ninggute niyalma unggi ∅ .	nv::nv cm::gen nv::nv cm::acc nv::nv nv::nv nv::nv cm::dat nv::nv nv::nv verb::vv e::fve.imperative mark::period
jai nikan i emgi aca fi emu hebe o fi ,	nv::nv nv::nv cm::gen nv::nv verb::vv e::cve nv::nv nv::nv verb::vv e::cve mark::comma
○ urut gurun ci ji he fujin be han i jui tanggūdai_age de sargan bu he ,	mark::circle nn::prpn.plc nv::nv cm::abl verb::vv e::pst.ptcp nv::nv cm::acc nv::nv cm::gen nv::nv nn::prpn cm::dat nv::nv verb::vv e::pst.ptcp mark::comma
○ juwan de ,	mark::circle nv::nv cm::dat mark::comma
tuttu ilan sain hehe be miyami fi bu fi ,	nv::nv nv::nv nv::adj nv::nv cm::acc verb::vv e::cve verb::vv e::cve mark::comma
etuku hala fi aisin i hūntahan de arki bu he ,	nv::nv verb::vv e::cve nv::nv cm::gen nv::nv cm::dat nv::nv verb::vv e::pst.ptcp mark::comma
guwangning ci uka me ji he .	nn::prpn.plc cm::abl verb::vv e::cve verb::vv e::pst.ptcp mark::period
jori ha jurgan be jurce rakū seme ,	verb::vv e::pst.ptcp nv::nv cm::acc verb::vv e::npst.ptcp.neg comp mark::comma
suje duin ,	nv::nv nv::nv mark::comma
oforo šan toko ro be naka ∅ .	nv::nv nv::nv verb::vv e::npst.ptcp cm::acc verb::vv e::fve.imperative mark::period
○ juwe biya de ,	mark::circle nv::nv nv::nv cm::dat mark::comma
loho gida i dube de ume latunda ra seme takūra ha ,	nv::nv nv::nv cm::gen nv::nv cm::dat nv::nv verb::vv e::npst.ptcp comp verb::vv e::pst.ptcp mark::comma
corji ,	nn::prpn.person mark::comma
kimkeri ,	nn::prpn.person mark::comma
cooha i niyalma gemu musi omi fi beye erge mbi ,	nv::nv cm::gen nv::nv nv::nv nv::nv verb::vv e::cve nv::nv verb::vv e::fve.npst mark::comma
afabu ha weile be mute mbi ,	verb::vv e::pst.ptcp nv::nv cm::acc verb::vv e::fve.npst mark::comma
fakca rakū ci ,	verb::vv e::npst.ptcp.neg e::cve mark::comma
beye kemuni nukte me yabu re ,	nv::nv nv::nv verb::vv e::cve verb::vv e::npst.ptcp mark::comma
jirgalang_taiji ,	nn::prpn mark::comma
tede emu aniya gaija ra ngge ,	nv::nv nv::nv nv::nv verb::vv e::npst.ptcp nmlz::nmlz mark::comma
ba i ejen hafasa ,	nv::nv cm::gen nv::nv nv::nv mark::comma
jai dulga be suwen i guribu he ba i boo usin de tebu me unggi mbi ,	nv::nv nv::adj cm::acc pn::2pl cm::gen verb::vv e::pst.ptcp nv::nv cm::gen nv::nv nv::nv cm::dat verb::vv e::cve verb::vv e::fve.npst mark::comma
manggūldai i gucu de elbihe dahū juwan ,	nn::prpn.person cm::gen nv::nv cm::dat nv::nv nv::nv nv::nv mark::comma
cooha i morin be gemu uba de ulebu ki ,	nv::nv cm::gen nv::nv cm::acc nv::nv nv::nv cm::dat verb::vv e::fve.opt mark::comma
nomhon ,	nv::adj mark::comma
beye buce kini ,	nv::nv verb::vv e::fve.opt mark::comma
min de emu hebe o fi nikan be daila mbi seme ,	pn::1sg cm::dat nv::nv nv::nv verb::vv e::cve nv::nv cm::acc verb::vv e::fve.npst comp mark::comma
deiji re orho ,	verb::vv e::npst.ptcp nv::nv mark::comma
giran jafa ci ,	nv::nv verb::vv e::cve mark::comma
niowanggiyaha i alban i ihan sejen ,	nn::prpn.plc cm::gen nv::nv cm::gen nv::nv nv::nv mark::comma
jori ha jurgan be jurce rakū seme beiguwan obu ha .	verb::vv e::pst.ptcp nv::nv cm::acc verb::vv e::npst.ptcp.neg comp nv::nv verb::vv e::pst.ptcp mark::period
han i tacibu ha tondo fafun be jurce rakū banji ci ,	nv::nv cm::gen verb::vv e::pst.ptcp nv::adj nv::nv cm::acc verb::vv e::npst.ptcp.neg verb::vv e::cve mark::comma
io_wei_sin ,	nn::prpn mark::comma
cooha be kadala me ete mbi seme ilaci jergi dzung_bing_guwan obu ha ,	nv::nv cm::acc verb::vv e::cve verb::vv e::fve.npst comp nv::nv nv::nv nv::nv verb::vv e::pst.ptcp mark::comma
han i hūla me bu re šang ,	nv::nv cm::gen verb::vv e::cve verb::vv e::npst.ptcp nv::nv mark::comma
bata kimun seme gida rakū ,	nv::nv nv::nv comp verb::vv e::npst.ptcp.neg mark::comma
yaha ,	nv::nv mark::comma
julergi golo i niyalma be men i ba de guribu hebi ,	nv::nv nv::nv cm::gen nv::nv cm::acc pn::1pl.excl cm::gen nv::nv cm::dat verb::vv e::fve.prs.prf mark::comma
duin beile de jušen i cooha emu minggan ,	nv::nv nv::nv cm::dat nv::nv cm::gen nv::nv nv::nv nv::nv mark::comma
juwanta coko ,	nv::nv nv::nv mark::comma
dodo_age ,	nn::prpn mark::comma
sucu fi mokcon gebungge amban i te he bira i amargi dalin i juwan ninggun gašan be gemu gai ha ,	verb::vv e::cve nn::prpn.person nv::adj nv::nv cm::gen verb::vv e::pst.ptcp nv::nv cm::gen nv::nv nv::nv cm::gen nv::nv nv::nv nv::nv cm::acc nv::nv verb::vv e::pst.ptcp mark::comma
juwe giyajan be in i ejen sain se mbi ,	nv::nv nv::nv cm::acc pn::3sg cm::gen nv::nv nv::adj verb::vv e::fve.npst mark::comma
fakca ha de ,	verb::vv e::pst.ptcp cm::dat mark::comma
han ,	nv::nv mark::comma
○ ineku tere inenggi ,	mark::circle nv::nv nv::nv nv::nv mark::comma
simiyan ,	nn::prpn.plc mark::comma
gemu sure_kundulen_han de ana fi wacihiyabu mbihe ,	nv::nv nn::prpn cm::dat verb::vv e::cve verb::vv e::fve.pst.ipfv mark::comma
weile he jeku i dabala ,	verb::vv e::pst.ptcp nv::nv cm::gen ptcl mark::comma
afabu ha jurgan i weile be mute mbi .	verb::vv e::pst.ptcp nv::nv cm::gen nv::nv cm::acc verb::vv e::fve.npst mark::period
han hendu me ,	nv::nv verb::vv e::cve mark::comma
samsu boso emu minggan jakūnju emu ,	nv::nv nv::nv nv::nv nv::nv nv::nv nv::nv mark::comma
ama mafa i giran ,	nv::nv nv::nv cm::gen nv::nv mark::comma
be wacihiya ci ,	pn::1pl.excl verb::vv e::cve mark::comma
juwe ulgiyan ,	nv::nv nv::nv mark::comma
niru i niyalma ,	nv::nv cm::gen nv::nv mark::comma
ejen i emgi uhe je ∅ ,	nv::nv cm::gen nv::nv nv::nv verb::vv e::fve.imperative mark::comma
kiyoo de te fi yabu mbihe ,	nv::nv cm::dat verb::vv e::cve verb::vv e::fve.pst.ipfv mark::comma
amba genggiyen_han i hūda i niyalma be wa ha be ambula wakala fi ,	nv::adj nn::prpn cm::gen nv::nv cm::gen nv::nv cm::acc verb::vv e::pst.ptcp cm::acc nv::nv verb::vv e::cve mark::comma
mao_iogi be ainu bu rakū se re jaka de ,	nn::prpn cm::acc nv::nv verb::vv e::npst.ptcp.neg verb::vv e::npst.ptcp nv::nv cm::dat mark::comma
emu biya i on be alin be daba me muke be olo me ji he ngge ,	nv::nv nv::nv cm::gen nv::nv cm::acc nv::nv cm::acc verb::vv e::cve nv::nv cm::acc verb::vv e::cve verb::vv e::pst.ptcp nmlz::nmlz mark::comma
adarame o ci sin de ucara ra mangga ,	nv::nv verb::vv e::cve pn::2sg cm::dat verb::vv e::npst.ptcp nv::adj mark::comma
jarut ba i beile se suwe men de ji he niyalma ,	nn::prpn.plc nv::nv cm::gen nv::nv nv::nv pn::2pl pn::1pl.excl cm::dat verb::vv e::pst.ptcp nv::nv mark::comma
tere inenggi ,	nv::nv nv::nv mark::comma
usin be bošo me weilebu ∅ ,	nv::nv cm::acc verb::vv e::cve verb::vv e::fve.imperative mark::comma
ilan tanggū cooha fu ci amasi feku fi gemu burula ha ,	nv::nv nv::nv nv::nv nv::nv cm::abl nv::nv verb::vv e::cve nv::nv verb::vv e::pst.ptcp mark::comma
afa ha seme tusa akū seme tuttu gūni me ,	verb::vv e::pst.ptcp comp nv::nv nv::adj comp nv::nv verb::vv e::cve mark::comma
suwen i korcin i yabu re mujangga o ,	pn::2pl cm::gen nn::prpn.plc cm::gen verb::vv e::npst.ptcp nv::adj ptcl mark::comma
menggun jakūnju yan ,	nv::nv nv::nv nv::nv mark::comma
niyaman hūncihin seme harša rakū ,	nv::nv nv::nv comp verb::vv e::npst.ptcp.neg mark::comma
○ loosa be ,	mark::circle nn::prpn.person cm::acc mark::comma
ere duin fujiyang de ninggute ihan ,	nv::nv nv::nv nv::nv cm::dat nv::nv nv::nv mark::comma
dehi ciyandzung ni ama aja ,	nv::nv nv::nv cm::gen nv::nv nv::nv mark::comma
in i sargan de waliya mbi seme ,	pn::3sg cm::gen nv::nv cm::dat verb::vv e::fve.npst comp mark::comma
gemu hetu jailabu fi oihori obu ha dere ,	nv::nv nv::adj verb::vv e::cve nv::adj verb::vv e::pst.ptcp ptcl mark::comma
uyun hala i gurun aca fi ,	nv::nv nv::nv cm::gen nv::nv verb::vv e::cve mark::comma
hecen be gai me gene me ,	nv::nv cm::acc verb::vv e::cve verb::vv e::cve mark::comma
tere emgeri dule ke ,	nv::nv nv::nv verb::vv e::pst.ptcp mark::comma
dosi fi carki tū me waji ha manggi uthai tucinu ∅ ,	verb::vv e::cve nv::nv verb::vv e::cve verb::vv e::pst.ptcp nv::nv nv::nv verb::vv e::fve.imperative mark::comma
afabu ha weile be mute mbi ,	verb::vv e::pst.ptcp nv::nv cm::acc verb::vv e::fve.npst mark::comma
emu inenggi nene me juwan yan ,	nv::nv nv::nv verb::vv e::cve nv::nv nv::nv mark::comma
min i gala i bu re ,	pn::1sg cm::gen nv::nv cm::gen verb::vv e::npst.ptcp mark::comma
abka na da fi edun aga erin fon de acabu fi ,	nv::nv nv::nv verb::vv e::cve nv::nv nv::nv nv::nv nv::nv cm::dat verb::vv e::cve mark::comma
emu minggan juwe tanggū ninju ,	nv::nv nv::nv nv::nv nv::nv nv::nv mark::comma
cirku ,	nv::nv mark::comma
uju i funiyehe fusibu ha ,	nv::nv cm::gen nv::nv verb::vv e::pst.ptcp mark::comma
ulin bu he niyalma be ,	nv::nv verb::vv e::pst.ptcp nv::nv cm::acc mark::comma
juwe minggan duin tanggū juwan yan i weile waliya mbi ,	nv::nv nv::nv nv::nv nv::nv nv::nv nv::nv cm::gen nv::nv verb::vv e::fve.npst mark::comma
tere monggo i cooha be gida fi ,	nv::nv nv::nv cm::gen nv::nv cm::acc verb::vv e::cve mark::comma
ihan ,	nv::nv mark::comma
men i yehe i beile se i bu he sargan jui i elcin waka bi ci ,	pn::1pl.excl cm::gen nv::nv cm::gen nv::nv nv::nv cm::gen verb::vv e::pst.ptcp nv::nv nv::nv cm::gen nv::nv nv::adj verb::vv e::cve mark::comma
gojonggi i sargan be oforo šan faita fi ,	nv::nv cm::gen nv::nv cm::acc nv::nv nv::nv verb::vv e::cve mark::comma
guwangning ci ji he hafasa ,	nn::prpn.plc cm::abl verb::vv e::pst.ptcp nv::nv mark::comma
tuttu duri me cuwangna me nungne fi nikan habšanji ha manggi ,	nv::nv verb::vv e::cve verb::vv e::cve verb::vv e::cve nv::nv verb::vv e::pst.ptcp nv::nv mark::comma
urunakū jang_dzung_bing_guwan be wa ki ,	nv::nv nn::prpn cm::acc verb::vv e::fve.opt mark::comma
si min i niyalma bi he bi ci tuttu hendu mbihe kai ,	pn::2sg pn::1sg cm::gen nv::nv verb::vv e::pst.ptcp verb::vv e::cve nv::nv verb::vv e::fve.pst.ipfv ptcl mark::comma
ere ci julesi min i boo i uji he ujima ,	nv::nv cm::abl nv::nv pn::1sg cm::gen nv::nv cm::gen verb::vv e::pst.ptcp nv::nv mark::comma
suwe banji ha ba te he boo tari ha usin be waliya fi ,	pn::2pl verb::vv e::pst.ptcp nv::nv verb::vv e::pst.ptcp nv::nv verb::vv e::pst.ptcp nv::nv cm::acc verb::vv e::cve mark::comma
han ,	nv::nv mark::comma
gašan i emu hehe ,	nv::nv cm::gen nv::nv nv::nv mark::comma
bisi re morin be ume gida ra ,	verb::vv e::npst.ptcp nv::nv cm::acc nv::nv verb::vv e::npst.ptcp mark::comma
manggol_efu i juwe sargan ,	nn::prpn cm::gen nv::nv nv::nv mark::comma
tumburu ,	nn::prpn.person mark::comma
tere somi ha niyalma be jafa me gana ∅ seme ,	nv::nv verb::vv e::pst.ptcp nv::nv cm::acc verb::vv e::cve verb::vv e::fve.imperative comp mark::comma
fu_jeo de alban i orho be gaji ci ,	nn::prpn cm::dat nv::nv cm::gen nv::nv cm::acc verb::vv e::cve mark::comma
iogi donoi ,	nv::nv nn::prpn.person mark::comma
jori ha jurgan be jurce rakū seme ,	verb::vv e::pst.ptcp nv::nv cm::acc verb::vv e::npst.ptcp.neg comp mark::comma
fe_ala de gene he cooha be ,	nn::prpn cm::dat verb::vv e::pst.ptcp nv::nv cm::acc mark::comma
tere i gung de jui de kemuni tsanjiyang ni hergen bu he ,	nv::nv cm::gen nv::nv cm::dat nv::nv cm::dat nv::nv nv::nv cm::gen nv::nv verb::vv e::pst.ptcp mark::comma
abka min de bu he manggi ,	nv::nv pn::1sg cm::dat verb::vv e::pst.ptcp nv::nv mark::comma
ji he teisu ba i niyalma dosimbu ∅ ,	verb::vv e::pst.ptcp nv::nv nv::nv cm::gen nv::nv verb::vv e::fve.imperative mark::comma
○ monggo i urut gurun i darhan_baturu_beile i tofohon boigon uka me ji he .	mark::circle nv::nv cm::gen nn::prpn.plc nv::nv cm::gen nn::prpn cm::gen nv::nv nv::nv verb::vv e::cve verb::vv e::pst.ptcp mark::period
juwan inenggi juwan dobori hergen i loo de hori ∅ ,	nv::nv nv::nv nv::nv nv::nv nv::nv cm::gen nv::nv cm::dat verb::vv e::fve.imperative mark::comma
gūsita yan i weile gai ha ,	nv::nv nv::nv cm::gen nv::nv verb::vv e::pst.ptcp mark::comma
gung be bodo me šangna ∅ .	nv::nv cm::acc verb::vv e::cve verb::vv e::fve.imperative mark::period
šun dekde re ergi dube de dergi_mederi amala te he bi he .	nv::nv verb::vv e::npst.ptcp nv::nv nv::nv cm::dat nn::prpn nv::nv verb::vv e::pst.ptcp verb::vv e::pst.ptcp mark::period
buya pu ,	nv::adj nv::nv mark::comma
gene ∅ se he ba de gene ∅ .	verb::vv e::fve.imperative verb::vv e::pst.ptcp nv::nv cm::dat verb::vv e::fve.imperative mark::period
barin i gurbusi taijingge juwan ninggun haha ,	nv::nv cm::gen nn::prpn.person nv::nv nv::nv nv::nv nv::nv mark::comma
salu bišu me elhe i dosimbu me gisure re niyalma i gisun be ,	nv::nv verb::vv e::cve nv::nv cm::gen verb::vv e::cve verb::vv e::npst.ptcp nv::nv cm::gen nv::nv cm::acc mark::comma
jorgodai ,	nn::prpn.person mark::comma
fakca rakū ci ,	verb::vv e::npst.ptcp.neg e::cve mark::comma
tuttu akū ci ,	nv::nv verb::vv e::cve mark::comma
šunggutu alanji fi dangse de ara ha .	nn::prpn.person verb::vv e::cve nv::nv cm::dat verb::vv e::pst.ptcp mark::period
juwe niman ,	nv::nv nv::nv mark::comma
weile i waka uru be tuwa me tondo i beide me ,	nv::nv cm::gen nv::adj nv::nv cm::acc verb::vv e::cve nv::adj cm::gen verb::vv e::cve mark::comma
orin i inenggi olji jurambu fi unggi he ,	nv::nv cm::gen nv::nv nv::nv verb::vv e::cve verb::vv e::pst.ptcp mark::comma
singgiya ji fi juwan de faita ha .	nn::prpn.person verb::vv e::cve nv::nv cm::dat verb::vv e::pst.ptcp mark::period
ula de juwe feye ,	nv::nv cm::dat nv::nv nv::nv mark::comma
ting_pan_ši se re hafan be takūra fi ,	nn::prpn verb::vv e::npst.ptcp nv::nv cm::acc verb::vv e::cve mark::comma
ejen akū morin ,	nv::nv nv::adj nv::nv mark::comma
ilaci jergi iogi obu ha ,	nv::nv nv::nv nv::nv verb::vv e::pst.ptcp mark::comma
○ jaisai_beile i ilan elcin bithe benji he gisun ,	mark::circle nn::prpn cm::gen nv::nv nv::nv nv::nv verb::vv e::pst.ptcp nv::nv mark::comma
fukca ,	nn::prpn.person mark::comma
jakūn biya ci casi ,	nv::nv nv::nv cm::abl nv::nv mark::comma
temše re mujilen be naka mbi se re ,	verb::vv e::npst.ptcp nv::nv cm::acc verb::vv e::fve.npst verb::vv e::npst.ptcp mark::comma
○ šun dekde re ergi hūrha gurun i funce he tuta ha be wacihiya me gai ∅ seme unggi he muhaliyan i emu minggan cooha ,	mark::circle nv::nv verb::vv e::npst.ptcp nv::nv nv::nv nv::nv cm::gen verb::vv e::pst.ptcp verb::vv e::pst.ptcp cm::acc verb::vv e::cve verb::vv e::fve.imperative comp verb::vv e::pst.ptcp nv::nv cm::gen nv::nv nv::nv nv::nv mark::comma
monggo de ,	nv::nv cm::dat mark::comma
ning_yuwan ,	nn::prpn mark::comma
jušen i te he ša_ho ,	nv::nv cm::gen verb::vv e::pst.ptcp nn::prpn mark::comma
fusi hecen be adarame gai mbihe ,	nn::prpn.plc nv::nv cm::acc nv::nv verb::vv e::fve.pst.ipfv mark::comma
jai monggo i nadan minggan ninggun tanggū jakūnju jakūn niyalma de ,	nv::nv nv::nv cm::gen nv::nv nv::nv nv::nv nv::nv nv::nv nv::nv nv::nv cm::dat mark::comma
emu niru i jušen ,	nv::nv nv::nv cm::gen nv::nv mark::comma
conoko_taiji de isina ci ,	nn::prpn cm::dat verb::vv e::cve mark::comma
julergi golo de dosi fi ,	nv::nv nv::nv cm::dat verb::vv e::cve mark::comma
sarila ra dere de sinda ra ngge ,	verb::vv e::npst.ptcp nv::nv cm::dat verb::vv e::npst.ptcp nmlz::nmlz mark::comma
dodohū ,	nn::prpn.person mark::comma
sin be jui ara fi gūwa ci fulu urgunjebu me uji ci ,	pn::2sg cm::acc nv::nv verb::vv e::cve nv::nv cm::abl nv::nv verb::vv e::cve verb::vv e::cve mark::comma
tere gisun i karu uyun biya i ice sunja de ,	nv::nv nv::nv cm::gen nv::nv nv::nv nv::nv cm::gen nv::adj nv::nv cm::dat mark::comma
damišan ,	nn::prpn.person mark::comma
niru i niyalma de bu ∅ ,	nv::nv cm::gen nv::nv cm::dat verb::vv e::fve.imperative mark::comma
○ sirin_taiji iogi ,	mark::circle nn::prpn nv::nv mark::comma
nio_juwang de gaji fi tebu ∅ ,	nn::prpn cm::dat verb::vv e::cve verb::vv e::fve.imperative mark::comma
wan_lii i gūsin jakūci aniya darhan_baturu ,	nn::prpn cm::gen nv::nv nv::nv nv::nv nn::prpn mark::comma
enenggi ci amasi bederebu me gai ∅ ,	nv::nv cm::abl nv::nv verb::vv e::cve verb::vv e::fve.imperative mark::comma
nadaci jergi ,	nv::nv nv::nv mark::comma
orin emu i dobori duli re de ,	nv::nv nv::nv cm::gen nv::nv verb::vv e::npst.ptcp cm::dat mark::comma
ehe be ehe seme han de ala mbi ,	nv::adj cm::acc nv::adj comp nv::nv cm::dat verb::vv e::fve.npst mark::comma
ergi golo de nene me cooha sabu ha manggi ,	nv::nv nv::nv cm::dat verb::vv e::cve nv::nv verb::vv e::pst.ptcp nv::nv mark::comma
tere i anagan de guwebu cina ,	nv::nv cm::gen nv::nv cm::dat verb::vv e::fve.opt mark::comma
muse i nikan i hafasa ulin gai me jobobu mbi seme ala mbi se re ,	nv::nv cm::gen nv::nv cm::gen nv::nv nv::nv verb::vv e::cve verb::vv e::fve.npst comp verb::vv e::fve.npst verb::vv e::npst.ptcp mark::comma
yaya fon de nikan gurun de aca mbihe de gisurendu fi emu hebe i aca mbi ,	nv::nv nv::nv cm::dat nv::nv nv::nv cm::dat verb::vv e::fve.pst.ipfv cm::dat verb::vv e::cve nv::nv nv::nv cm::gen verb::vv e::fve.npst mark::comma
han de waka sabu fi weile baha fi boo yada kini ,	nv::nv cm::dat nv::adj verb::vv e::cve nv::nv verb::vv e::cve nv::nv verb::vv e::fve.opt mark::comma
jai han i suwayan sara jafabu fi ,	nv::nv nv::nv cm::gen nv::adj nv::nv verb::vv e::cve mark::comma
g'ai_jeo i niyalma wa ha ,	nn::prpn cm::gen nv::nv verb::vv e::pst.ptcp mark::comma
tongki fuka sinda ha hergen i dangse .	nv::nv nv::nv verb::vv e::pst.ptcp nv::nv cm::gen nv::nv mark::period
beye buce kini ,	nv::nv verb::vv e::fve.opt mark::comma
ehe sain be tuwa kini seme kamcibu ha bi he kai ,	nv::adj nv::adj cm::acc verb::vv e::fve.opt comp verb::vv e::pst.ptcp verb::vv e::pst.ptcp ptcl mark::comma
emu niyalma be wa ha turgun de ,	nv::nv nv::nv cm::acc verb::vv e::pst.ptcp nv::nv cm::dat mark::comma
genggiyen_han de abka i fulingga i hesebu fi banji ha amban bi he ni ,	nn::prpn cm::dat nv::nv cm::gen nv::adj cm::gen verb::vv e::cve verb::vv e::pst.ptcp nv::nv verb::vv e::pst.ptcp ptcl mark::comma
tere ci cen_liyang_tse be baha fi wa habi ,	nv::nv cm::abl nn::prpn cm::acc verb::vv e::cve verb::vv e::fve.prs.prf mark::comma
darhan_taiji de niyalma takūra ki ,	nn::prpn cm::dat nv::nv verb::vv e::fve.opt mark::comma
ere baica ra de ala rakū gida fi ,	nv::nv verb::vv e::npst.ptcp cm::dat verb::vv e::npst.ptcp.neg verb::vv e::cve mark::comma
cargi ci dosi me jide re orin hūlha emu morin be aca fi wa ha ,	nv::nv cm::abl verb::vv e::cve verb::vv e::npst.ptcp nv::nv nv::nv nv::nv nv::nv cm::acc verb::vv e::cve verb::vv e::pst.ptcp mark::comma
jakūn beile i boo i morin de inu aci fi bene he .	nv::nv nv::nv cm::gen nv::nv cm::gen nv::nv cm::dat nv::nv verb::vv e::cve verb::vv e::pst.ptcp mark::period
elcin gene he niyalma be ,	nv::nv verb::vv e::pst.ptcp nv::nv cm::acc mark::comma
yangguri ,	nn::prpn.person mark::comma
bak min be dain de baha fi wa ra beye be ,	nn::prpn.person pn::1sg cm::acc nv::nv cm::dat verb::vv e::cve verb::vv e::npst.ptcp nv::nv cm::acc mark::comma
monggo i sangtu_beile uka me jide re be ,	nv::nv cm::gen nn::prpn verb::vv e::cve verb::vv e::npst.ptcp cm::acc mark::comma
orin sunjata yan i weile gai ha .	nv::nv nv::nv nv::nv cm::gen nv::nv verb::vv e::pst.ptcp mark::period
han i bithe ,	nv::nv cm::gen nv::nv mark::comma
han ,	nv::nv mark::comma
muse cooha gai fi tuwana ha manggi ,	pn::1pl.incl nv::nv verb::vv e::cve verb::vv e::pst.ptcp nv::nv mark::comma
sakjai niru i sunai janggin i juwan ninggun yan i gung faita ha ,	nn::prpn.plc nv::nv cm::gen nn::prpn.person nv::nv cm::gen nv::nv nv::nv nv::nv cm::gen nv::nv verb::vv e::pst.ptcp mark::comma
han i bu he dzung_bing_guwan i hergen i šang dabala ,	nv::nv cm::gen verb::vv e::pst.ptcp nv::nv cm::gen nv::nv cm::gen nv::nv ptcl mark::comma
baha ha olji be bederebu re kooli bi o ,	verb::vv e::pst.ptcp nv::nv cm::acc verb::vv e::npst.ptcp nv::nv verb::vv.npst ptcl mark::comma
suwe baibi te mbi o ,	pn::2pl nv::nv verb::vv e::fve.npst ptcl mark::comma
○ ilden be ,	mark::circle nn::prpn.person cm::acc mark::comma
ihan sejen de tebu ci waji hakū geli funce he ,	nv::nv nv::nv cm::dat verb::vv e::cve verb::vv e::pst.ptcp.neg nv::nv verb::vv e::pst.ptcp mark::comma
○ baduri dzung_bing_guwan ,	mark::circle nn::prpn.person nv::nv mark::comma
○ tuhe rahū seme gūni mbi dere ,	mark::circle verb::vv e::fve.prv comp verb::vv e::fve.npst ptcl mark::comma
uje_šo_wei i du_jy_hūi_ciyanši unggulu i jui daijuhū ,	nn::prpn cm::gen nv::nv nn::prpn.person cm::gen nv::nv nn::prpn.person mark::comma
nene he hafasa gemu farhūn ulhi rakū o fi ,	verb::vv e::pst.ptcp nv::nv nv::nv nv::adj verb::vv e::npst.ptcp.neg verb::vv e::cve mark::comma
weihun uda fi yali je kini seme ,	nv::adj verb::vv e::cve nv::nv verb::vv e::fve.opt comp mark::comma
k'ai_yuwan hecen i amargi jeng_be_pu de isina fi ,	nn::prpn nv::nv cm::gen nv::nv nn::prpn cm::dat verb::vv e::cve mark::comma
tere gese yaka ba i niyalma ,	nv::nv nv::nv nv::nv nv::nv cm::gen nv::nv mark::comma
bi doso rakū dain deribu he seme hendu fi tuba de dedu he ,	pn::1sg verb::vv e::npst.ptcp.neg nv::nv verb::vv e::pst.ptcp comp verb::vv e::cve nv::nv cm::dat verb::vv e::pst.ptcp mark::comma
niyaman hūncihin seme harša rakū ,	nv::nv nv::nv comp verb::vv e::npst.ptcp.neg mark::comma
tongki fuka sinda ha hergen i dangse .	nv::nv nv::nv verb::vv e::pst.ptcp nv::nv cm::gen nv::nv mark::period
niyang_niyang_gung de jase weile me gene he niyalma be gemu sinda fi unggi ∅ ,	nn::prpn cm::dat nv::nv verb::vv e::cve verb::vv e::pst.ptcp nv::nv cm::acc nv::nv verb::vv e::cve verb::vv e::fve.imperative mark::comma
hūturi de akda ha niyalma wesi kebi ,	nv::nv cm::dat verb::vv e::pst.ptcp nv::nv verb::vv e::fve.prs.prf mark::comma
jakūta honin bu he ,	nv::nv nv::nv verb::vv e::pst.ptcp mark::comma
udaha ,	nn::prpn.person mark::comma
jori ha jurgan be jurce rakū seme beiguwan obu ha .	verb::vv e::pst.ptcp nv::nv cm::acc verb::vv e::npst.ptcp.neg comp nv::nv verb::vv e::pst.ptcp mark::period
mahala ,	nv::nv mark::comma
tottu ,	nn::prpn.person mark::comma
te ice wehe i bithe ilibu mbi ,	nv::nv nv::adj nv::nv cm::gen nv::nv verb::vv e::fve.npst mark::comma
min i ehe gebu amaga jalan de tuta mbi ,	pn::1sg cm::gen nv::adj nv::nv nv::adj nv::nv cm::dat verb::vv e::fve.npst mark::comma
ta_šan ci han amasi bedere he ,	nn::prpn cm::abl nv::nv nv::nv verb::vv e::pst.ptcp mark::comma
suwe gene fi hoifa ,	pn::2pl verb::vv e::cve nn::prpn.plc mark::comma
gaibu ha morin ,	verb::vv e::pst.ptcp nv::nv mark::comma
in i gurun i niyalma wa ha ,	pn::3sg cm::gen nv::nv cm::gen nv::nv verb::vv e::pst.ptcp mark::comma
hūrha gurun hengkile me aca ha manggi ,	nv::nv nv::nv verb::vv e::cve verb::vv e::pst.ptcp nv::nv mark::comma
julge i mergese i hendu re ngge ,	nv::nv cm::gen nv::nv cm::gen verb::vv e::npst.ptcp nmlz::nmlz mark::comma
tanggūdai_age i gūsa ,	nn::prpn cm::gen nv::nv mark::comma
giya_jing ni dehi duici aniya uyun biya i juwan ilan de baha ha ,	nn::prpn cm::gen nv::nv nv::nv nv::nv nv::nv nv::nv cm::gen nv::nv nv::nv cm::dat verb::vv e::pst.ptcp mark::comma
tokina ,	nn::prpn.person mark::comma
nikan i hacin hacin i efin efibu me amba sarin sarila ha ,	nv::nv cm::gen nv::nv nv::nv cm::gen nv::nv verb::vv e::cve nv::adj nv::nv verb::vv e::pst.ptcp mark::comma
manggatu ,	nn::prpn.person mark::comma
suwen i geren hafasa beye de ali fi onggo rakū gūni me ,	pn::2pl cm::gen nv::adj nv::nv nv::nv cm::dat verb::vv e::cve verb::vv e::npst.ptcp.neg verb::vv e::cve mark::comma
juwan jakūn boo ,	nv::nv nv::nv nv::nv mark::comma
ooba i elcin ,	nn::prpn.person cm::gen nv::nv mark::comma
kalju ,	nv::nv mark::comma
cooha gai fi yabu re ,	nv::nv verb::vv e::cve verb::vv e::npst.ptcp mark::comma
gurun eje he ai jaka be gemu komso bu he kai ,	nv::nv verb::vv e::pst.ptcp nv::nv nv::nv cm::acc nv::nv nv::adj verb::vv e::pst.ptcp ptcl mark::comma
ilan biya i orin emu de ,	nv::nv nv::nv cm::gen nv::nv nv::nv cm::dat mark::comma
abka i jori me banjibu ha niyalma be ,	nv::nv cm::gen verb::vv e::cve verb::vv e::pst.ptcp nv::nv cm::acc mark::comma
beging hecen i bira de ,	nv::nv nv::nv cm::gen nv::nv cm::dat mark::comma
niyaman hūncihin seme harša rakū ,	nv::nv nv::nv comp verb::vv e::npst.ptcp.neg mark::comma
jušen duilesi jakūn ,	nv::nv nv::nv nv::nv mark::comma
tanggū ,	nv::nv mark::comma
juwe ba de ulin jafa ha ,	nv::nv nv::nv cm::dat nv::nv verb::vv e::pst.ptcp mark::comma
geli wesibu mbi ,	nv::nv verb::vv e::fve.npst mark::comma
jai jergi tsanjiyang obu ha ,	nv::nv nv::nv nv::nv verb::vv e::pst.ptcp mark::comma
emu niyalma ,	nv::nv nv::nv mark::comma
niyere me yafahan ,	verb::vv e::cve nv::adj mark::comma
menggetu de adabu fi ,	nn::prpn.person cm::dat verb::vv e::cve mark::comma
unahalai ,	nn::prpn.person mark::comma
suwe ai de ertu hebi ,	pn::2pl nv::nv cm::dat verb::vv e::fve.prs.prf mark::comma
ulgiyan_bira de isina ha manggi ,	nn::prpn cm::dat verb::vv e::pst.ptcp nv::nv mark::comma
dain doro de arga jali ,	nv::nv nv::nv cm::dat nv::nv nv::nv mark::comma
niyengniyeri usin tari re erin de ,	nv::nv nv::nv verb::vv e::npst.ptcp nv::nv cm::dat mark::comma
emu niru i juwete uksin i niyalma kemuni tuci fi ,	nv::nv nv::nv cm::gen nv::nv nv::nv cm::gen nv::nv nv::nv verb::vv e::cve mark::comma
darhan_baturu beye ji fi gene he manggi ,	nn::prpn nv::nv verb::vv e::cve verb::vv e::pst.ptcp nv::nv mark::comma
si ere be bošo ∅ seme hendu fi unggi he ,	pn::2sg nv::nv cm::acc verb::vv e::fve.imperative comp verb::vv e::cve verb::vv e::pst.ptcp mark::comma
○ aibari be ,	mark::circle nn::prpn.person cm::acc mark::comma
sin i hai_jeo ,	pn::2sg cm::gen nn::prpn mark::comma
cen i ehe waka be gūni ha seme aina ra ,	pn::3pl cm::gen nv::adj nv::adj cm::acc verb::vv e::pst.ptcp comp verb::vv e::npst.ptcp mark::comma
bi ulin ulha be baitala rakū ,	pn::1sg nv::nv nv::nv cm::acc verb::vv e::npst.ptcp.neg mark::comma
aita fujiyang de unggi he bithe i gisun ,	nn::prpn.person nv::nv cm::dat verb::vv e::pst.ptcp nv::nv cm::gen nv::nv mark::comma
fakca rakū ci ,	verb::vv e::npst.ptcp.neg e::cve mark::comma
onco tanggū ba i dube ada fi dosi fi ,	nv::adj nv::nv nv::nv cm::gen nv::nv verb::vv e::cve verb::vv e::cve mark::comma
muke de makta rahū ,	nv::nv cm::dat verb::vv e::fve.prv mark::comma
cahar i aohan ,	nn::prpn.plc cm::gen nn::prpn.plc mark::comma
han i hojihon enggeder ,	nv::nv cm::gen nv::nv nn::prpn.person mark::comma
nacin be wa ra weile tuhebu he bi he ,	nv::nv cm::acc verb::vv e::npst.ptcp nv::nv verb::vv e::pst.ptcp verb::vv e::pst.ptcp mark::comma
○ muse i cooha ,	mark::circle nv::nv cm::gen nv::nv mark::comma
han i ku i menggun i uda fi bu ∅ .	nv::nv cm::gen nv::nv cm::gen nv::nv cm::gen verb::vv e::cve verb::vv e::fve.imperative mark::period
dulga cooha amala ada me morin yalu hai ,	nv::adj nv::nv nv::nv verb::vv e::cve nv::nv verb::vv e::cve mark::comma
anafu cooha i niyalma de olho rahū ,	nv::nv nv::nv cm::gen nv::nv cm::dat verb::vv e::fve.prv mark::comma
tofohon de abtai_nakcu de bu he .	nv::nv cm::dat nn::prpn cm::dat verb::vv e::pst.ptcp mark::period
tsanjiyang hergen i amban sa be juwan funce me jafa fi huthu he manggi ,	nv::nv nv::nv cm::gen nv::nv nv::nv cm::acc nv::nv verb::vv e::cve verb::vv e::cve verb::vv e::pst.ptcp nv::nv mark::comma
nikan de aika jaka be ume benji re seme bithe wasimbu ∅ ,	nv::nv cm::dat nv::nv nv::nv cm::acc nv::nv verb::vv e::npst.ptcp comp nv::nv verb::vv e::fve.imperative mark::comma
su_io_de ,	nn::prpn mark::comma
nadan yan i weile waliya mbi ,	nv::nv nv::nv cm::gen nv::nv verb::vv e::fve.npst mark::comma
○ ice_hecen i jao_iogi ,	mark::circle nn::prpn cm::gen nn::prpn mark::comma
○ beiguwan weihede ,	mark::circle nv::nv nn::prpn.person mark::comma
hecen i ninggu de jakara me sinda ∅ ,	nv::nv cm::gen nv::nv cm::dat verb::vv e::cve verb::vv e::fve.imperative mark::comma
han be se baha ha seme hengkile he ,	nv::nv cm::acc nv::nv verb::vv e::pst.ptcp comp verb::vv e::pst.ptcp mark::comma
warka gurun i minggan boigon be tucibu fi elge me unggi he .	nn::prpn.plc nv::nv cm::gen nv::nv nv::nv cm::acc verb::vv e::cve verb::vv e::cve verb::vv e::pst.ptcp mark::period
gulu šanggiyan i yahū ,	nv::adj nv::nv cm::gen nn::prpn.person mark::comma
nene me emu jergi jušen monggo nikan i hafasa ,	verb::vv e::cve nv::nv nv::nv nv::nv nv::nv nv::nv cm::gen nv::nv mark::comma
suwe jalingga faksi niyalma i gisun de dosi rahū ,	pn::2pl nv::adj nv::nv nv::nv cm::gen nv::nv cm::dat verb::vv e::fve.prv mark::comma
tere cooha be okdo me amasi ji he bi ci ,	nv::nv nv::nv cm::acc verb::vv e::cve nv::nv verb::vv e::pst.ptcp verb::vv e::cve mark::comma
suwe nene me alin be gida me bai fi ,	pn::2pl verb::vv e::cve nv::nv cm::acc verb::vv e::cve verb::vv e::cve mark::comma
xi_san_šan de te he cooha i niyalma ,	nn::prpn cm::dat verb::vv e::pst.ptcp nv::nv cm::gen nv::nv mark::comma
beri ,	nv::nv mark::comma
○ alha be ,	mark::circle nn::prpn.person cm::acc mark::comma
jai muse i takūra ha hoto gebungge niyalma be ,	nv::nv nv::nv cm::gen verb::vv e::pst.ptcp nn::prpn.person nv::adj nv::nv cm::acc mark::comma
bi sin be tookabu mbi se hebi ,	pn::1sg pn::2sg cm::acc verb::vv e::fve.npst verb::vv e::fve.prs.prf mark::comma
sain be sain ,	nv::adj cm::acc nv::adj mark::comma
oton ,	nv::nv mark::comma
ice ilan de unggi he .	nv::adj nv::nv cm::dat verb::vv e::pst.ptcp mark::period
min i jalin de geli tere i gese faxša rakū ūn ,	pn::1sg cm::gen nv::nv cm::dat nv::nv nv::nv cm::gen nv::nv verb::vv e::npst.ptcp.neg ptcl mark::comma
gūwa hetu niyalma gercile fi ,	nv::nv nv::adj nv::nv verb::vv e::cve mark::comma
min i harangga hūrha_golo be juwe jergi sucu fi gaji ha si ,	pn::1sg cm::gen nv::nv nn::prpn cm::acc nv::nv nv::nv verb::vv e::cve verb::vv e::pst.ptcp pn::2sg mark::comma
suwe tuleri unggi he de ,	pn::2pl nv::nv verb::vv e::pst.ptcp cm::dat mark::comma
ooba in i gai ha sargan i jalin de ,	nn::prpn.person pn::3sg cm::gen verb::vv e::pst.ptcp nv::nv cm::gen nv::nv cm::dat mark::comma
han i afabu ha uksin saca wan kalka be ,	nv::nv cm::gen verb::vv e::pst.ptcp nv::nv nv::nv nv::nv nv::nv cm::acc mark::comma
juwe honin ,	nv::nv nv::nv mark::comma
emu bejang ni juwan haha ilan ihan sejen tucibu fi ,	nv::nv nv::nv cm::gen nv::nv nv::nv nv::nv nv::nv nv::nv verb::vv e::cve mark::comma
in i deo dartai gercile fi ,	pn::3sg cm::gen nv::nv nv::nv verb::vv e::cve mark::comma
ice uyun de ,	nv::adj nv::nv cm::dat mark::comma
subahai_gufu sunjata gucu gai fi ice ninggun i onggolo isinji me ji ∅ ,	nn::prpn nv::nv nv::nv verb::vv e::cve nv::adj nv::nv cm::gen nv::nv verb::vv e::cve verb::vv e::fve.imperative mark::comma
buhūnarin janggin ,	nn::prpn.person nv::nv mark::comma
sio_yan i siden de te mbi ,	nn::prpn cm::gen nv::nv cm::dat verb::vv e::fve.npst mark::comma
gidangga i hoton i cooha i niyalma be gemu gama habi ,	nn::prpn.plc cm::gen nv::nv cm::gen nv::nv cm::gen nv::nv cm::acc nv::nv verb::vv e::fve.prs.prf mark::comma
tsanjiyang ni hergen be efule he ,	nv::nv cm::gen nv::nv cm::acc verb::vv e::pst.ptcp mark::comma
amala elhe i gene fi ,	nv::nv nv::nv cm::gen verb::vv e::cve mark::comma
emu tanggū gurgu i yali okdo me bene he ,	nv::nv nv::nv nv::nv cm::gen nv::nv verb::vv e::cve verb::vv e::pst.ptcp mark::comma
nemerhen ,	nv::nv mark::comma
ula i bujantai_han i labtai_jargūci hendu me ,	nv::nv cm::gen nn::prpn cm::gen nn::prpn verb::vv e::cve mark::comma
juwan ninggun de amasi ji he .	nv::nv nv::nv cm::dat nv::nv verb::vv e::pst.ptcp mark::period
liyoodung ni hecen be afa ra de ,	nn::prpn.plc cm::gen nv::nv cm::acc verb::vv e::npst.ptcp cm::dat mark::comma
gosi re doro be ume lashala ra ,	verb::vv e::npst.ptcp nv::nv cm::acc nv::nv verb::vv e::npst.ptcp mark::comma
tere cooha amasi bedere re de ,	nv::nv nv::nv nv::nv verb::vv e::npst.ptcp cm::dat mark::comma
○ ineku tere inenggi ,	mark::circle nv::nv nv::nv nv::nv mark::comma
wanjiha ,	nn::prpn.person mark::comma
han i booi gojonggi i sargan gene fi halhūn muke i uju de hoošan deiji hebi ,	nv::nv cm::gen nv::nv nv::nv cm::gen nv::nv verb::vv e::cve nv::adj nv::nv cm::gen nv::nv cm::dat nv::nv verb::vv e::fve.prs.prf mark::comma
○ jakūn gūsa i simiyan ,	mark::circle nv::nv nv::nv cm::gen nn::prpn.plc mark::comma
honin ,	nv::nv mark::comma
umiyesun yooni etubu fi ,	nv::nv nv::nv verb::vv e::cve mark::comma
oohan ,	nn::prpn.person mark::comma
šangna ra ba de iogi i hergen de baha kini ,	verb::vv e::npst.ptcp nv::nv cm::dat nv::nv cm::gen nv::nv cm::dat verb::vv e::fve.opt mark::comma
tuttu buye me sebjele me ji he beile se be uji re be ,	nv::nv verb::vv e::cve verb::vv e::cve verb::vv e::pst.ptcp nv::nv nv::nv cm::acc verb::vv e::npst.ptcp cm::acc mark::comma
○ juwan biya i ice duin i inenggi ,	mark::circle nv::nv nv::nv cm::gen nv::adj nv::nv cm::gen nv::nv mark::comma
min be emu juwan inenggi uji ci ,	pn::1sg cm::acc nv::nv nv::nv nv::nv verb::vv e::cve mark::comma
emu mujilen i dergi abka gūni ha de acabu me ,	nv::nv nv::nv cm::gen nv::nv nv::nv verb::vv e::pst.ptcp cm::dat verb::vv e::cve mark::comma
niksu ,	nn::prpn.person mark::comma
hūsitun ,	nv::nv mark::comma
○ baindai be ,	mark::circle nn::prpn.person cm::acc mark::comma
daijuhū ,	nn::prpn.person mark::comma
jai emu folo ho jebele dashūwan ,	nv::nv nv::nv verb::vv e::pst.ptcp nv::nv nv::nv mark::comma
○ tofohon de ,	mark::circle nv::nv cm::dat mark::comma
suwen be siden i niyalma seme suwen i gisun de dosi mbi dere ,	pn::2pl cm::acc nv::nv cm::gen nv::nv comp pn::2pl cm::gen nv::nv cm::dat verb::vv e::fve.npst ptcl mark::comma
sin de bi usha mbi seme usha me juwan inenggi acabu hakū .	pn::2sg cm::dat pn::1sg verb::vv e::fve.npst comp verb::vv e::cve nv::nv nv::nv verb::vv e::pst.ptcp.neg mark::period
tere inenggi tere dobori aga ra galanda ra bi fi ,	nv::nv nv::nv nv::nv nv::nv verb::vv e::npst.ptcp verb::vv e::npst.ptcp verb::vv e::cve mark::comma
ku_ling_ho_wei i du_jy_hūi_ciyanši silta i omolo yeke ,	nn::prpn cm::gen nv::nv nn::prpn.person cm::gen nv::nv nn::prpn.person mark::comma
simiyan be inenggi dulin o hakū gai ha ,	nn::prpn.plc cm::acc nv::nv nv::adj verb::vv e::pst.ptcp.neg verb::vv e::pst.ptcp mark::comma
ihan ilan ,	nv::nv nv::nv mark::comma
sanggūli niyalma ulgiyan de abala ha bi he ,	nn::prpn.person nv::nv nv::nv cm::dat verb::vv e::pst.ptcp verb::vv e::pst.ptcp mark::comma
abka wakala fi jobobu kini ,	nv::nv verb::vv e::cve verb::vv e::fve.opt mark::comma
tere bithe i ujan de ara fi unggi he gisun ,	nv::nv nv::nv cm::gen nv::nv cm::dat verb::vv e::cve verb::vv e::pst.ptcp nv::nv mark::comma
mao_wen_lung ,	nn::prpn mark::comma
jai ere aniya duin biya de emu tanggū gūsin yan menggun gama ha ,	nv::nv nv::nv nv::nv nv::nv nv::nv cm::dat nv::nv nv::nv nv::nv nv::nv nv::nv verb::vv e::pst.ptcp mark::comma
simiyan ci ebsi hergen i bodo me šangna ha aika jaka be ,	nn::prpn.plc cm::abl nv::nv nv::nv cm::gen verb::vv e::cve verb::vv e::pst.ptcp nv::nv nv::nv cm::acc mark::comma
beile se aikabade lo_ting ni baru orho ai gai me cooha sinda rahū seme unggi he .	nv::nv nv::nv nv::nv nn::prpn cm::gen nv::nv nv::nv nv::nv verb::vv e::cve nv::nv verb::vv e::fve.prv comp verb::vv e::pst.ptcp mark::period
han de waka sabu fi weile baha fi boo yada kini ,	nv::nv cm::dat nv::adj verb::vv e::cve nv::nv verb::vv e::cve nv::nv verb::vv e::fve.opt mark::comma
hanci o ci ,	nv::adj verb::vv e::cve mark::comma
olhon de wa hai bira de fekumbu fi gemu wa fi ,	nv::nv cm::dat verb::vv e::cve nv::nv cm::dat verb::vv e::cve nv::nv verb::vv e::cve mark::comma
borjin daise fujiyang ,	nn::prpn.person nv::nv nv::nv mark::comma
jeng_giyang ni baru ajige jui be dahan benebu he seme ,	nn::prpn cm::gen nv::nv nv::adj nv::nv cm::acc nv::nv verb::vv e::pst.ptcp comp mark::comma
ninggun fun ci fusihūn ,	nv::nv nv::nv cm::abl nv::adj mark::comma
te yaya niyalma gecuheri suje jodo ro ,	nv::nv nv::nv nv::nv nv::nv nv::nv verb::vv e::npst.ptcp mark::comma
moobari fonji fi ,	nn::prpn.person verb::vv e::cve mark::comma
○ uyun biya i ice jakūn de ,	mark::circle nv::nv nv::nv cm::gen nv::adj nv::nv cm::dat mark::comma
jui be tacibu re ngge ,	nv::nv cm::acc verb::vv e::npst.ptcp nmlz::nmlz mark::comma
amba_efu ,	nn::prpn mark::comma
babai be sokto ho seme ,	nn::prpn.person cm::acc verb::vv e::pst.ptcp comp mark::comma
tolasan i niyalma be uka me gene mbi seme gercile he niyalma be angga acabu fi baica ci ,	nn::prpn.plc cm::gen nv::nv cm::acc verb::vv e::cve verb::vv e::fve.npst comp verb::vv e::pst.ptcp nv::nv cm::acc nv::nv verb::vv e::cve verb::vv e::cve mark::comma
muse be etenggi de buda jeku dagila fi aliya mbi ,	pn::1pl.incl cm::acc nv::adj cm::dat nv::nv nv::nv verb::vv e::cve verb::vv e::fve.npst mark::comma
hehe juse be olji ara ha ,	nv::nv nv::nv cm::acc nv::nv verb::vv e::pst.ptcp mark::comma
g'ai_jeo de anafu te me gene he .	nn::prpn cm::dat nv::nv verb::vv e::cve verb::vv e::pst.ptcp mark::period
fiyanggū_age ,	nn::prpn mark::comma
sio_yan i jugūn be tuci me ji ∅ ,	nn::prpn cm::gen nv::nv cm::acc verb::vv e::cve verb::vv e::fve.imperative mark::comma
boo i uji he ujima ,	nv::nv cm::gen verb::vv e::pst.ptcp nv::nv mark::comma
yafahan dube i uksin i niyalma bi me ,	nv::adj nv::nv cm::gen nv::nv cm::gen nv::nv verb::vv e::cve mark::comma
wanu me daila fi ete rakū daha ha niyalma be gemu emu adali gūni ci ,	verb::vv e::cve verb::vv e::cve verb::vv e::npst.ptcp.neg verb::vv e::pst.ptcp nv::nv cm::acc nv::nv nv::nv nv::adj verb::vv e::cve mark::comma
buya koro be ya be hendu re ,	nv::adj nv::nv cm::acc nv::nv cm::acc verb::vv e::npst.ptcp mark::comma
tuttu tondo i fafula rakū ehe miosihon jurgan i yabu ci ,	nv::nv nv::adj cm::gen verb::vv e::npst.ptcp.neg nv::adj nv::adj nv::nv cm::gen verb::vv e::cve mark::comma
luduri ,	nn::prpn.person mark::comma
jai afabu ha weile be mute mbi ,	nv::nv verb::vv e::pst.ptcp nv::nv cm::acc verb::vv e::fve.npst mark::comma
yaya ume jurce re .	nv::nv nv::nv verb::vv e::npst.ptcp mark::period
nio_juwang ni niyalma ,	nn::prpn cm::gen nv::nv mark::comma
beile se nene me cooha tuci ke ,	nv::nv nv::nv verb::vv e::cve nv::nv verb::vv e::pst.ptcp mark::comma
bi ya be eje re ,	pn::1sg nv::nv cm::acc verb::vv e::npst.ptcp mark::comma
jakūta de emgeri langtula bu ha ,	nv::nv cm::dat nv::nv verb::vv sfx e::pst.ptcp mark::comma
enggeder ,	nn::prpn.person mark::comma
guwangning ci ji he haha tolo me waji ha manggi ,	nn::prpn.plc cm::abl verb::vv e::pst.ptcp nv::nv verb::vv e::cve verb::vv e::pst.ptcp nv::nv mark::comma
alban i ihan be hūdun wacihiya me baha fi bu rakū ci ,	nv::nv cm::gen nv::nv cm::acc nv::adj verb::vv e::cve verb::vv e::cve verb::vv e::npst.ptcp.neg e::cve mark::comma
bata kimun seme gida rakū ,	nv::nv nv::nv comp verb::vv e::npst.ptcp.neg mark::comma
eiten gurun i ejen genggiyen_han ama de bithe wesimbu he ,	nv::adj nv::nv cm::gen nv::nv nn::prpn nv::nv cm::dat nv::nv verb::vv e::pst.ptcp mark::comma
buce he niyalma be waliya ra ,	verb::vv e::pst.ptcp nv::nv cm::acc verb::vv e::npst.ptcp mark::comma
○ aohan i elcin be ,	mark::circle nn::prpn.plc cm::gen nv::nv cm::acc mark::comma
ilan jugūn i cooha be wa ha manggi ,	nv::nv nv::nv cm::gen nv::nv cm::acc verb::vv e::pst.ptcp nv::nv mark::comma
hecen i ejen iogi tung_yang_yuwan i ama jui be jafa fi bu fi daha ha ,	nv::nv cm::gen nv::nv nv::nv nn::prpn cm::gen nv::nv nv::nv cm::acc verb::vv e::cve verb::vv e::cve verb::vv e::pst.ptcp mark::comma
dain de jamara me jilgan tuci ci ,	nv::nv cm::dat verb::vv e::cve nv::nv verb::vv e::cve mark::comma
du_tang de bene re aniya i doro seme ,	nv::nv cm::dat verb::vv e::npst.ptcp nv::nv cm::gen nv::nv comp mark::comma
ciyandzung de juwanta yan menggun bu he ,	nv::nv cm::dat nv::nv nv::nv nv::nv verb::vv e::pst.ptcp mark::comma
gemu emu han i irgen kai .	nv::nv nv::nv nv::nv cm::gen nv::nv ptcl mark::period
ji mbi seme lung_cuwan i hecen de bi ,	verb::vv e::fve.npst comp nn::prpn cm::gen nv::nv cm::dat verb::vv.npst mark::comma
○ dadu be ,	mark::circle nn::prpn.person cm::acc mark::comma
elemangga derengge doro efuje rahū seme ,	nv::nv nv::adj nv::nv verb::vv e::fve.prv comp mark::comma
gūsin tumen inenggi usin bu mbi ,	nv::nv nv::nv nv::nv nv::nv verb::vv e::fve.npst mark::comma
tere jai ai amtan i buta mbi ,	nv::nv nv::nv nv::nv nv::nv cm::gen verb::vv e::fve.npst mark::comma
○ juwan emu de ,	mark::circle nv::nv nv::nv cm::dat mark::comma
fe an i gaija ra jeku ,	nv::adj nv::nv cm::gen verb::vv e::npst.ptcp nv::nv mark::comma
orin ciyandzung iogi i jaka de gene kini ,	nv::nv nv::nv nv::nv cm::gen nv::nv cm::dat verb::vv e::fve.opt mark::comma
wesimbu he bithe i gisun ,	verb::vv e::pst.ptcp nv::nv cm::gen nv::nv mark::comma
meni meni eigete be saikan tafula ∅ ,	nv::nv nv::nv nv::nv cm::acc nv::adj verb::vv e::fve.imperative mark::comma
ihan i boco fiyan be ,	nv::nv cm::gen nv::nv nv::nv cm::acc mark::comma
unege_baksi gai fi hengkile he ,	nn::prpn verb::vv e::cve verb::vv e::pst.ptcp mark::comma
jaisa ,	nn::prpn.person mark::comma
loosa ,	nn::prpn.person mark::comma
arki nure omibu fi fude fi unggi he ,	nv::nv nv::nv verb::vv e::cve verb::vv e::cve verb::vv e::pst.ptcp mark::comma
juwan juwe de ,	nv::nv nv::nv cm::dat mark::comma
niyalma ,	nv::nv mark::comma
han beide he songko i weile ara ha .	nv::nv verb::vv e::pst.ptcp nv::nv cm::gen nv::nv verb::vv e::pst.ptcp mark::period
han i pai be gai fi ,	nv::nv cm::gen nv::nv cm::acc verb::vv e::cve mark::comma
bi hendu me ,	pn::1sg verb::vv e::cve mark::comma
han be gungne me banji re doro kai ,	nv::nv cm::acc verb::vv e::cve verb::vv e::npst.ptcp nv::nv ptcl mark::comma
abka i aisila ha be adarame baha fi sa ha se ci ,	nv::nv cm::gen verb::vv e::pst.ptcp cm::acc nv::nv verb::vv e::cve verb::vv e::pst.ptcp verb::vv e::cve mark::comma
nioi_jy manju gurun i sure_kundulen_han i baru hendu me ,	nn::prpn nv::nv nv::nv cm::gen nn::prpn cm::gen nv::nv verb::vv e::cve mark::comma
○ ice nadan de ,	mark::circle nv::adj nv::nv cm::dat mark::comma
guri me gene re boigon i niyalma jete re jeku waji ci ,	verb::vv e::cve verb::vv e::npst.ptcp nv::nv cm::gen nv::nv verb::vv e::npst.ptcp nv::nv verb::vv e::cve mark::comma
fujiyang ci fakca ha de ,	nv::nv cm::abl verb::vv e::pst.ptcp cm::dat mark::comma
han i jui songgotu_gege be ,	nv::nv cm::gen nv::nv nn::prpn cm::acc mark::comma
jai jergi iogi obu ha ,	nv::nv nv::nv nv::nv verb::vv e::pst.ptcp mark::comma
ere bithe ara fi deiji he be ,	nv::nv nv::nv verb::vv e::cve verb::vv e::pst.ptcp cm::acc mark::comma
nadata yan i weile waliya mbi ,	nv::nv nv::nv cm::gen nv::nv verb::vv e::fve.npst mark::comma
miosihon jurgan i yabu ci ,	nv::adj nv::nv cm::gen verb::vv e::cve mark::comma
te he boo ,	verb::vv e::pst.ptcp nv::nv mark::comma
geren duile me beide mbi ,	nv::adj verb::vv e::cve verb::vv e::fve.npst mark::comma
muse i warkasi_golo de ,	nv::nv cm::gen nn::prpn cm::dat mark::comma
jai inenggi dasa me wacihiya me sinda me gilgabu ∅ ,	nv::nv nv::nv verb::vv e::cve verb::vv e::cve verb::vv e::cve verb::vv e::fve.imperative mark::comma
mucen jafa ha niyalma ci wesihun ,	nv::nv verb::vv e::pst.ptcp nv::nv cm::abl nv::nv mark::comma
kubun ,	nv::nv mark::comma
guwangning ni hafasa de hergen bodo me haha bu fi ,	nn::prpn.plc cm::gen nv::nv cm::dat nv::nv verb::vv e::cve nv::nv verb::vv e::cve mark::comma
tiyan_šui_jan de te he šusai tsanjiyang ,	nn::prpn cm::dat verb::vv e::pst.ptcp nv::nv nv::nv mark::comma
ilaci jergi fujiyang obu ha ,	nv::nv nv::nv nv::nv verb::vv e::pst.ptcp mark::comma
○ tulkun be ,	mark::circle nn::prpn.person cm::acc mark::comma
danda ,	nn::prpn.person mark::comma
fanggina be jafa fi sele futa hūwaita fi ,	nn::prpn.person cm::acc verb::vv e::cve nv::nv nv::nv verb::vv e::cve mark::comma
tofohoto suje ,	nv::nv nv::nv mark::comma
liyoha doo me amca ra be naka ∅ ,	nn::prpn.plc verb::vv e::cve verb::vv e::npst.ptcp cm::acc verb::vv e::fve.imperative mark::comma
umiyesun ,	nv::nv mark::comma
muse i emgi ji he nikan o ci ,	nv::nv cm::gen nv::nv verb::vv e::pst.ptcp nv::nv verb::vv e::cve mark::comma
monggo gurun i alban benji he temujin be tuwa ci ,	nv::nv nv::nv cm::gen nv::nv verb::vv e::pst.ptcp nn::prpn.person cm::acc verb::vv e::cve mark::comma
daha rakū niyalma buce mbi kai ,	verb::vv e::npst.ptcp.neg nv::nv verb::vv e::fve.npst ptcl mark::comma
han ,	nv::nv mark::comma
te min i irgen kai ,	nv::nv pn::1sg cm::gen nv::nv ptcl mark::comma
ere ilan niyalma tofohoci jergi .	nv::nv nv::nv nv::nv nv::nv nv::nv mark::period
han i fafun i tondo i kadala mbi ,	nv::nv cm::gen nv::nv cm::gen nv::adj cm::gen verb::vv e::fve.npst mark::comma
guyeng_baturu seme gebu bu he ,	nn::prpn comp nv::nv verb::vv e::pst.ptcp mark::comma
tere be g'ai_jeo de kubun tari re ,	nv::nv cm::acc nn::prpn cm::dat nv::nv verb::vv e::npst.ptcp mark::comma
duin eihen ,	nv::nv nv::nv mark::comma
han i hecen de te he uksin i niyalma ,	nv::nv cm::gen nv::nv cm::dat verb::vv e::pst.ptcp nv::nv cm::gen nv::nv mark::comma
ere gemu dule ke weile ,	nv::nv nv::nv verb::vv e::pst.ptcp nv::nv mark::comma
jai geli emke gene kini ,	nv::nv nv::nv nv::nv verb::vv e::fve.opt mark::comma
caiha ,	nn::prpn.plc mark::comma
○ orin de ,	mark::circle nv::nv cm::dat mark::comma
julge i niyalma i hendu he ngge ,	nv::nv cm::gen nv::nv cm::gen verb::vv e::pst.ptcp nmlz::nmlz mark::comma
wan_lii i juwan emuci aniya omšon biya i juwan nadan de baha ha ,	nn::prpn cm::gen nv::nv nv::nv nv::nv nv::nv nv::nv cm::gen nv::nv nv::nv cm::dat verb::vv e::pst.ptcp mark::comma
○ ice jakūn de ,	mark::circle nv::adj nv::nv cm::dat mark::comma
wan_lii i juwan emuci aniya omšon biya i juwan nadan de baha ha ,	nn::prpn cm::gen nv::nv nv::nv nv::nv nv::nv nv::nv cm::gen nv::nv nv::nv cm::dat verb::vv e::pst.ptcp mark::comma
getuken bithe ara fi unggi ∅ ,	nv::adj nv::nv verb::vv e::cve verb::vv e::fve.imperative mark::comma
poo i jilgan be tuwa me muse i cooha bai me gene kini ,	nv::nv cm::gen nv::nv cm::acc verb::vv e::cve nv::nv cm::gen nv::nv verb::vv e::cve verb::vv e::fve.opt mark::comma
bi bu re se mbi ,	pn::1sg verb::vv e::npst.ptcp verb::vv e::fve.npst mark::comma
bi amba ba be gūni mbi ,	pn::1sg nv::adj nv::nv cm::acc verb::vv e::fve.npst mark::comma
emu niyalma de emte yan menggun gai ∅ ,	nv::nv nv::nv cm::dat nv::nv nv::nv nv::nv verb::vv e::fve.imperative mark::comma
duka ,	nv::nv mark::comma
○ du_tang ni bithe ,	mark::circle nv::nv cm::gen nv::nv mark::comma
tuttu duile fi gemu tuhe ke manggi ,	nv::nv verb::vv e::cve nv::nv verb::vv e::pst.ptcp nv::nv mark::comma
ukanju be si amasi ejen de bederebu mbi o ,	nv::nv cm::acc pn::2sg nv::nv nv::nv cm::dat verb::vv e::fve.npst ptcl mark::comma
unggadai ,	nn::prpn.person mark::comma
olho me sere me asuki medege gai me tuwakiyabu ∅ .	verb::vv e::cve verb::vv e::cve nv::nv nv::nv verb::vv e::cve verb::vv e::fve.imperative mark::period
emu jergi buce re weile be guwebu mbi .	nv::nv nv::nv verb::vv e::npst.ptcp nv::nv cm::acc verb::vv e::fve.npst mark::period
muse be aliya ci ,	pn::1pl.incl cm::acc verb::vv e::cve mark::comma
amaga jalan de algin gebu weri hebi kai ,	nv::adj nv::nv cm::dat nv::nv nv::nv verb::vv e::fve.prs.prf ptcl mark::comma
kalka ,	nv::nv mark::comma
weile re niyalma akū ,	verb::vv e::npst.ptcp nv::nv nv::adj mark::comma
hūyana ,	nn::prpn.person mark::comma
hehe juse orin ilan ,	nv::nv nv::nv nv::nv nv::nv mark::comma
hoton hecen ara fi ,	nv::nv nv::nv verb::vv e::cve mark::comma
k'ai_ping ni ergi de amin_beile de takūra ha gisun ,	nn::prpn cm::gen nv::nv cm::dat nn::prpn cm::dat verb::vv e::pst.ptcp nv::nv mark::comma
sunja biya i orin ilan de ,	nv::nv nv::nv cm::gen nv::nv nv::nv cm::dat mark::comma
umai de da rakū banji ci ,	nv::nv cm::dat verb::vv e::npst.ptcp.neg verb::vv e::cve mark::comma
keyen de isina ha inenggi ,	nn::prpn.plc cm::dat verb::vv e::pst.ptcp nv::nv mark::comma
nene me gene he ilan minggan ninggun tanggū nikan i dolo ,	verb::vv e::cve verb::vv e::pst.ptcp nv::nv nv::nv nv::nv nv::nv nv::nv cm::gen nv::nv mark::comma
juwan ulhūma ,	nv::nv nv::nv mark::comma
nikan han i jobo ro ngge ,	nv::nv nv::nv cm::gen verb::vv e::npst.ptcp nmlz::nmlz mark::comma
toro moo susai jakūn ,	nv::nv nv::nv nv::nv nv::nv mark::comma
tumei niru i tai de te he emu niyalma be angga butule me wa ha seme ,	nn::prpn.person nv::nv cm::gen nv::nv cm::dat verb::vv e::pst.ptcp nv::nv nv::nv cm::acc nv::nv verb::vv e::cve verb::vv e::pst.ptcp comp mark::comma
tuttu o ci suwen i beye buce mbi ,	nv::nv verb::vv e::cve pn::2pl cm::gen nv::nv verb::vv e::fve.npst mark::comma
jugūn i wargi ala ∅ i munggan de isina fi dedu he ,	nv::nv cm::gen nv::nv verb::vv e::fve.imperative cm::gen nv::nv cm::dat verb::vv e::cve verb::vv e::pst.ptcp mark::comma
jenjuken i gala ci duri me gai fi gama ha ,	nn::prpn.person cm::gen nv::nv cm::abl verb::vv e::cve verb::vv e::cve verb::vv e::pst.ptcp mark::comma
min i kadala ra emu jalan i sunja niru i cooha be fujiyang ci fakca rakū ,	pn::1sg cm::gen verb::vv e::npst.ptcp nv::nv nv::nv cm::gen nv::nv nv::nv cm::gen nv::nv cm::acc nv::nv cm::abl verb::vv e::npst.ptcp.neg mark::comma
tainju ,	nn::prpn.person mark::comma
solho i du_yuwanšuwai hergen i amba hafan giyang_gung_liyei ,	nv::nv cm::gen nv::nv nv::nv cm::gen nv::adj nv::nv nn::prpn mark::comma
jušen ,	nv::nv mark::comma
ama mafa i giran ,	nv::nv nv::nv cm::gen nv::nv mark::comma
ilan jergi buce re weile be guwebu mbi .	nv::nv nv::nv verb::vv e::npst.ptcp nv::nv cm::acc verb::vv e::fve.npst mark::period
amban sa hebde fi jai nadan wang de ala ∅ ,	nv::nv nv::nv verb::vv e::cve nv::nv nv::nv nv::nv cm::dat verb::vv e::fve.imperative mark::comma
dain i weile be adarame o ci jabša mbi ,	nv::nv cm::gen nv::nv cm::acc nv::nv verb::vv e::cve verb::vv e::fve.npst mark::comma
niyakūra me aca ∅ se ci ,	verb::vv e::cve verb::vv e::fve.imperative verb::vv e::cve mark::comma
suwen i doro enteheme kai ,	pn::2pl cm::gen nv::nv nv::nv ptcl mark::comma
jai inenggi hecen de dosimbu ha ,	nv::nv nv::nv nv::nv cm::dat verb::vv e::pst.ptcp mark::comma
alban i minggan haha be gai fi ,	nv::nv cm::gen nv::nv nv::nv cm::acc verb::vv e::cve mark::comma
weile he jeku i dabala ,	verb::vv e::pst.ptcp nv::nv cm::gen ptcl mark::comma
in i beye benji fi ,	pn::3sg cm::gen nv::nv verb::vv e::cve mark::comma
aita alanji me ,	nn::prpn.person verb::vv e::cve mark::comma
juwe biya i ice ninggun de donggo_efu de wasimbu ha ,	nv::nv nv::nv cm::gen nv::adj nv::nv cm::dat nn::prpn cm::dat verb::vv e::pst.ptcp mark::comma
han yamun de tuci fi ,	nv::nv nv::nv cm::dat verb::vv e::cve mark::comma
maise efen juwe hacin ,	nv::nv nv::nv nv::nv nv::nv mark::comma
ici ergi duin gūsa i ba de ili fi ,	nv::nv nv::nv nv::nv nv::nv cm::gen nv::nv cm::dat verb::vv e::cve mark::comma
tondo i kadala ki ,	nv::adj cm::gen verb::vv e::fve.opt mark::comma
han hendu me ,	nv::nv verb::vv e::cve mark::comma
sin i beye dain de gaibu ci ,	pn::2sg cm::gen nv::nv nv::nv cm::dat verb::vv e::cve mark::comma
birai_wargi hafasa gemu bata ara fi gūni mbi kai ,	nn::prpn nv::nv nv::nv nv::nv verb::vv e::cve verb::vv e::fve.npst ptcl mark::comma
aita sa mbi ,	nn::prpn.person verb::vv e::fve.npst mark::comma
jori ha jurgan be jurce rakū seme beiguwan obu ha ,	verb::vv e::pst.ptcp nv::nv cm::acc verb::vv e::npst.ptcp.neg comp nv::nv verb::vv e::pst.ptcp mark::comma
○ orin jakūn de ,	mark::circle nv::nv nv::nv cm::dat mark::comma
dain gurun i uju be sefere me banji ha monggo gurun cooha i amba ejen jaisai ,	nv::nv nv::nv cm::gen nv::nv cm::acc verb::vv e::cve verb::vv e::pst.ptcp nv::nv nv::nv nv::nv cm::gen nv::adj nv::nv nn::prpn.person mark::comma
liyoodung de baha ha ulgiyan uji re nikasa ,	nn::prpn.plc cm::dat verb::vv e::pst.ptcp nv::nv verb::vv e::npst.ptcp nv::nv mark::comma
muse de abka i gosi me bu he amba horon bi ,	pn::1pl.incl cm::dat nv::nv cm::gen verb::vv e::cve verb::vv e::pst.ptcp nv::adj nv::nv verb::vv.npst mark::comma
emu juwe niyalma ,	nv::nv nv::nv nv::nv mark::comma
laba ,	nv::nv mark::comma
han de waka sabu fi weile baha fi boo yada kini ,	nv::nv cm::dat nv::adj verb::vv e::cve nv::nv verb::vv e::cve nv::nv verb::vv e::fve.opt mark::comma
makuwal_sai ,	nn::prpn mark::comma
menggun gemu amasi bederebu me fete he niyalma de bu he ,	nv::nv nv::nv nv::nv verb::vv e::cve verb::vv e::pst.ptcp nv::nv cm::dat verb::vv e::pst.ptcp mark::comma
han de hengkile me aca ha ,	nv::nv cm::dat verb::vv e::cve verb::vv e::pst.ptcp mark::comma
guwangning de isi tala gemu uji he ,	nn::prpn.plc cm::dat verb::vv e::cve nv::nv verb::vv e::pst.ptcp mark::comma
dain sabu rakū tai niyalma ,	nv::nv verb::vv e::npst.ptcp.neg nv::nv nv::nv mark::comma
šanggiyan bayara moohai karun i niyalma jase bitu me gene fi ,	nv::nv nv::nv nn::prpn.person nv::nv cm::gen nv::nv nv::nv verb::vv e::cve verb::vv e::cve mark::comma
suwe yaya niyalma i bata be wa rakū ,	pn::2pl nv::nv nv::nv cm::gen nv::nv cm::acc verb::vv e::npst.ptcp.neg mark::comma
poo sinda ra suwayan okto be urebu fi benji he seme ,	nv::nv verb::vv e::npst.ptcp nv::adj nv::nv cm::acc verb::vv e::cve verb::vv e::pst.ptcp comp mark::comma
tondo i banji rakū ci ,	nv::adj cm::gen verb::vv e::npst.ptcp.neg e::cve mark::comma
yangguri ,	nn::prpn.person mark::comma
morin ci tuhe fi gala bethe bija ha ,	nv::nv cm::abl verb::vv e::cve nv::nv nv::nv verb::vv e::pst.ptcp mark::comma
○ sele_age ,	mark::circle nn::prpn mark::comma
sain be sain seme han de ala mbi ,	nv::adj cm::acc nv::adj comp nv::nv cm::dat verb::vv e::fve.npst mark::comma
ninggun biya i ice nadan de donji fi ,	nv::nv nv::nv cm::gen nv::adj nv::nv cm::dat verb::vv e::cve mark::comma
yoo_jeo ,	nn::prpn mark::comma
emu jui gene rakū ci ,	nv::nv nv::nv verb::vv e::npst.ptcp.neg e::cve mark::comma
tere dobori tuwakiya me te fi ,	nv::nv nv::nv verb::vv e::cve verb::vv e::cve mark::comma
jori ha jurgan be jurce rakū seme beiguwan obu ha .	verb::vv e::pst.ptcp nv::nv cm::acc verb::vv e::npst.ptcp.neg comp nv::nv verb::vv e::pst.ptcp mark::period
dulga niyalma wa ha se mbi ,	nv::adj nv::nv verb::vv e::pst.ptcp verb::vv e::fve.npst mark::comma
aita ,	nn::prpn.person mark::comma
buye me dancala me ji fi banji re niyalma seme ,	verb::vv e::cve verb::vv e::cve verb::vv e::cve verb::vv e::npst.ptcp nv::nv comp mark::comma
bai uksin emken de saca galaktun yooni ,	nv::nv nv::nv nv::nv cm::dat nv::nv nv::nv nv::nv mark::comma
kice me juwe me wacihiya me mutebu ∅ ,	verb::vv e::cve verb::vv e::cve verb::vv e::cve verb::vv e::fve.imperative mark::comma
orin emu de ilden gaji ha ,	nv::nv nv::nv cm::dat nn::prpn.person verb::vv e::pst.ptcp mark::comma
abka i bu he doro be adarame toktobu mbi ,	nv::nv cm::gen verb::vv e::pst.ptcp nv::nv cm::acc nv::nv verb::vv e::fve.npst mark::comma
bonio erin de dube lakca ha seme alanji ha .	nv::nv nv::nv cm::dat nv::nv verb::vv e::pst.ptcp comp verb::vv e::pst.ptcp mark::period
suwen i nikan men be baha ha de ,	pn::2pl cm::gen nv::nv pn::1pl.excl cm::acc verb::vv e::pst.ptcp cm::dat mark::comma
loosa bi kice me hūsun bu ki ,	nn::prpn.person pn::1sg verb::vv e::cve nv::nv verb::vv e::fve.opt mark::comma
han i bithe ,	nv::nv cm::gen nv::nv mark::comma
goro ba nadan jakūn ba bi ,	nv::nv nv::nv nv::nv nv::nv nv::nv verb::vv.npst mark::comma
han ,	nv::nv mark::comma
morin ,	nv::nv mark::comma
yantai ,	nn::prpn.person mark::comma
magendan ilan hecen ,	nn::prpn.plc nv::nv nv::nv mark::comma
fusi_efu ,	nn::prpn mark::comma
be inu donji habi ,	pn::1pl.excl nv::nv verb::vv e::fve.prs.prf mark::comma
liyoodung ni niyalma ukanda ra ubaša ra o ci ,	nn::prpn.plc cm::gen nv::nv verb::vv e::npst.ptcp verb::vv e::npst.ptcp verb::vv e::cve mark::comma
muse be tere i gese o ho de aina ra seme gisure he se re ,	pn::1pl.incl cm::acc nv::nv cm::gen nv::nv verb::vv e::pst.ptcp cm::dat verb::vv e::npst.ptcp comp verb::vv e::pst.ptcp verb::vv e::npst.ptcp mark::comma
akiran de nene me hoton de daba fi uksin i niyalma be wa ha ,	nn::prpn.plc cm::dat verb::vv e::cve nv::nv cm::dat verb::vv e::cve nv::nv cm::gen nv::nv cm::acc verb::vv e::pst.ptcp mark::comma
moro fila ,	nv::nv nv::nv mark::comma
aca fi ,	verb::vv e::cve mark::comma
ilan gin yali ,	nv::nv nv::nv nv::nv mark::comma
suwen i kuwa_lan_ho i niyalma be gaji fi ,	pn::2pl cm::gen nn::prpn cm::gen nv::nv cm::acc verb::vv e::cve mark::comma
sin i wa ra ngge fudasihūn kai ,	pn::2sg cm::gen verb::vv e::npst.ptcp nmlz::nmlz nv::adj ptcl mark::comma
uji he ujima ,	verb::vv e::pst.ptcp nv::nv mark::comma
tsoo_ho ,	nn::prpn mark::comma
emu holdon dulebu ∅ ,	nv::nv nv::nv verb::vv e::fve.imperative mark::comma
tere ci nikan i hūlha be bi ainambaha fi sa ra ,	nv::nv cm::abl nv::nv cm::gen nv::nv cm::acc pn::1sg verb::vv e::cve verb::vv e::npst.ptcp mark::comma
in i beile be ulgiyan gai ha ,	pn::3sg cm::gen nv::nv cm::acc nv::nv verb::vv e::pst.ptcp mark::comma
wang_beiguwan ,	nn::prpn mark::comma
yendahūn ,	nn::prpn.person mark::comma
○ jai mukūn i ningguci tatan ,	mark::circle nv::nv nv::nv cm::gen nv::nv nv::nv mark::comma
ula de emgeri langtula bu ha seme juwan emu yan i weile waliya mbi ,	nv::nv cm::dat nv::nv verb::vv sfx e::pst.ptcp comp nv::nv nv::nv nv::nv cm::gen nv::nv verb::vv e::fve.npst mark::comma
mafuta ,	nv::nv mark::comma
jargūci ,	nv::nv mark::comma
sahaliyan de nadata bu he ,	nv::adj cm::dat nv::nv verb::vv e::pst.ptcp mark::comma
muse i emu adali gurun be wa ki ,	nv::nv cm::gen nv::nv nv::adj nv::nv cm::acc verb::vv e::fve.opt mark::comma
men i dali fi gaji ha niyalma bi he de ,	pn::1pl.excl cm::gen verb::vv e::cve verb::vv e::pst.ptcp nv::nv verb::vv e::pst.ptcp cm::dat mark::comma
jase dolo facuhūn yabu me ,	nv::nv nv::nv nv::adj verb::vv e::cve mark::comma
gala be hada ha sele ukca ha seme ,	nv::nv cm::acc verb::vv e::pst.ptcp nv::nv verb::vv e::pst.ptcp comp mark::comma
bahana ra i teile mujilen tondo ,	verb::vv e::npst.ptcp cm::gen nv::nv nv::nv nv::adj mark::comma
uka me ubaša me yabu re niyalma be saikan tuwakiya ∅ ,	verb::vv e::cve verb::vv e::cve verb::vv e::npst.ptcp nv::nv cm::acc nv::adj verb::vv e::fve.imperative mark::comma
nadanju niyalma be wa ha ,	nv::nv nv::nv cm::acc verb::vv e::pst.ptcp mark::comma
niyaman hūncihin seme harša rakū ,	nv::nv nv::nv comp verb::vv e::npst.ptcp.neg mark::comma
nikan gurun i banji re ai ai kooli šajin be ,	nv::nv nv::nv cm::gen verb::vv e::npst.ptcp nv::nv nv::nv nv::nv nv::nv cm::acc mark::comma
jaifiyan i hada i ninggu i boo de gene fi ,	nv::nv cm::gen nv::nv cm::gen nv::nv cm::gen nv::nv cm::dat verb::vv e::cve mark::comma
jušen i genggiyen_han de uru ambula o fi ,	nv::nv cm::gen nn::prpn cm::dat nv::nv nv::nv verb::vv e::cve mark::comma
jai han niyalma be tafula ra niyalma ,	nv::nv nv::nv nv::nv cm::acc verb::vv e::npst.ptcp nv::nv mark::comma
bi juse be unggi rakū gai fi te re ngge tere inu ,	pn::1sg nv::nv cm::acc verb::vv e::npst.ptcp.neg verb::vv e::cve verb::vv e::npst.ptcp nmlz::nmlz nv::nv nv::nv mark::comma
tuweri juhe jafa ha manggi ,	nv::nv nv::nv verb::vv e::pst.ptcp nv::nv mark::comma
amba_beile ,	nn::prpn mark::comma
si ere gurun i amban waka o ,	pn::2sg nv::nv nv::nv cm::gen nv::nv nv::nv ptcl mark::comma
eigen ci faksala fi in i jui de guweleku bu hebi ,	nv::nv cm::abl verb::vv e::cve pn::3sg cm::gen nv::nv cm::dat nv::nv verb::vv e::fve.prs.prf mark::comma
tondo mujilen jafa fi akūmbu ki ,	nv::adj nv::nv verb::vv e::cve verb::vv e::fve.opt mark::comma
buyan ,	nn::prpn.person mark::comma
tuttu faida me jabdu fi ali me gai ha ba de umai ili hakū ,	nv::nv verb::vv e::cve verb::vv e::cve verb::vv e::cve verb::vv e::pst.ptcp nv::nv cm::dat nv::nv verb::vv e::pst.ptcp.neg mark::comma
si_uli efu ,	nn::prpn nv::nv mark::comma
subahai gu_ceng_wei i dudu ciyanši xušiha ,	nn::prpn.person nn::prpn cm::gen nv::nv nv::nv nn::prpn.person mark::comma
munggatu tsanjiyang be wesibu fi fujiyang obu ha ,	nn::prpn.person nv::nv cm::acc verb::vv e::cve nv::nv verb::vv e::pst.ptcp mark::comma
dolin_wei i jing du_jy_hūi_tungjy alasun i omolo sekusi ,	nn::prpn cm::gen nv::nv nv::nv nn::prpn.person cm::gen nv::nv nn::prpn.person mark::comma
min i gebu ai o mbi ,	pn::1sg cm::gen nv::nv nv::nv verb::vv e::fve.npst mark::comma
○ orin ilan de ,	mark::circle nv::nv nv::nv cm::dat mark::comma
šanggiyan morin wa fi ,	nv::nv nv::nv verb::vv e::cve mark::comma
jeku akū niyalma be gemu bargiya fi jafa fi ,	nv::nv nv::adj nv::nv cm::acc nv::nv verb::vv e::cve verb::vv e::cve mark::comma
hošotu ,	nn::prpn.person mark::comma
han ,	nv::nv mark::comma
ukanju gene fi muse i cooha jura ka be alana fi nikan sere rahū ,	nv::nv verb::vv e::cve nv::nv cm::gen nv::nv verb::vv e::pst.ptcp cm::acc verb::vv e::cve nv::nv verb::vv e::fve.prv mark::comma
min i kadala ra emu jalan i sunja niru i cooha be fujiyang ci fakca rakū ,	pn::1sg cm::gen verb::vv e::npst.ptcp nv::nv nv::nv cm::gen nv::nv nv::nv cm::gen nv::nv cm::acc nv::nv cm::abl verb::vv e::npst.ptcp.neg mark::comma
šan oforo be faita fi unggi ki se mbi ,	nv::nv nv::nv cm::acc verb::vv e::cve verb::vv e::fve.opt verb::vv e::fve.npst mark::comma
emu morin gaji ha ngge be amasi bederebu he ,	nv::nv nv::nv verb::vv e::pst.ptcp nmlz::nmlz cm::acc nv::nv verb::vv e::pst.ptcp mark::comma
emu tanggū duin anggala ,	nv::nv nv::nv nv::nv nv::nv mark::comma
hahana_efu de afabu ha ,	nn::prpn cm::dat verb::vv e::pst.ptcp mark::comma
loodaha_mafa .	nn::prpn mark::period
afabu ha weile be mute mbi ,	verb::vv e::pst.ptcp nv::nv cm::acc verb::vv e::fve.npst mark::comma
o_mi_juwang gašan i liošinu emu fan hasi benji he .	nn::prpn nv::nv cm::gen nn::prpn.person nv::nv nv::nv nv::nv verb::vv e::pst.ptcp mark::period
geren beile se i baru tacibu me hendu he gisun ,	nv::adj nv::nv nv::nv cm::gen nv::nv verb::vv e::cve verb::vv e::pst.ptcp nv::nv mark::comma
amban sa be yabubu ha se re ,	nv::nv nv::nv cm::acc verb::vv e::pst.ptcp verb::vv e::npst.ptcp mark::comma
○ masingga be ,	mark::circle nn::prpn.person cm::acc mark::comma
tuhe re an i gūsin yan weile ara fi gung faita ha ,	verb::vv e::npst.ptcp nv::nv cm::gen nv::nv nv::nv nv::nv verb::vv e::cve nv::nv verb::vv e::pst.ptcp mark::comma
ilan duin gurun be gemu uhe obu me dahabu fi banji habi ,	nv::nv nv::nv nv::nv cm::acc nv::nv nv::nv verb::vv e::cve verb::vv e::cve verb::vv e::fve.prs.prf mark::comma
sain etuku mahala etu fi ,	nv::adj nv::nv nv::nv verb::vv e::cve mark::comma
dain ara fi biyadari gaibu me wabu me buce me irgen be jobo mbi kai ,	nv::nv verb::vv e::cve nv::nv verb::vv e::cve verb::vv e::cve verb::vv e::cve nv::nv cm::acc verb::vv e::fve.npst ptcl mark::comma
harihū ,	nn::prpn.person mark::comma
beile se fujisa urusa juse be gai fi ,	nv::nv nv::nv nv::nv nv::nv nv::nv cm::acc verb::vv e::cve mark::comma
amba gurun i nikan waji habi o ,	nv::adj nv::nv cm::gen nv::nv verb::vv e::fve.prs.prf ptcl mark::comma
dobori golmin cimari erde ili fi gurun i baita icihiya cina seme hendu he .	nv::nv nv::adj nv::nv nv::nv verb::vv e::cve nv::nv cm::gen nv::nv verb::vv e::fve.opt comp verb::vv e::pst.ptcp mark::period
sin i ton be eje fi yamji umbu ∅ .	nv::nv cm::gen nv::nv cm::acc verb::vv e::cve nv::nv verb::vv e::fve.imperative mark::period
hergen wasibu ha ,	nv::nv verb::vv e::pst.ptcp mark::comma
juwe šeo_pu de acan emke bu he ,	nv::nv nv::nv cm::dat nv::nv nv::nv verb::vv e::pst.ptcp mark::comma
baibi sain banji re de ,	nv::nv nv::adj verb::vv e::npst.ptcp cm::dat mark::comma
○ sakjai niru i jalikan ,	mark::circle nn::prpn.plc nv::nv cm::gen nn::prpn.person mark::comma
○ ineku tere inenggi ,	mark::circle nv::nv nv::nv nv::nv mark::comma
cihakū niyalma bi kini ,	nv::adj nv::nv verb::vv e::fve.opt mark::comma
unggi he bithe i gisun ,	verb::vv e::pst.ptcp nv::nv cm::gen nv::nv mark::comma
nacin be nene he weile de uji he bi he ,	nv::nv cm::acc verb::vv e::pst.ptcp nv::nv cm::dat verb::vv e::pst.ptcp verb::vv e::pst.ptcp mark::comma
emu poo sinda ∅ ,	nv::nv nv::nv verb::vv e::fve.imperative mark::comma
giya_jing ni gūsin sunjaci aniya nadan biya i juwan uyun de baha ha ,	nn::prpn cm::gen nv::nv nv::nv nv::nv nv::nv nv::nv cm::gen nv::nv nv::nv cm::dat verb::vv e::pst.ptcp mark::comma
warka ,	nn::prpn.plc mark::comma
munggatu tsanjiyang gai fi ice jakūn de gene he .	nn::prpn.person nv::nv verb::vv e::cve nv::adj nv::nv cm::dat verb::vv e::pst.ptcp mark::period
han i tacibu ha gisun be onggo rakū ,	nv::nv cm::gen verb::vv e::pst.ptcp nv::nv cm::acc verb::vv e::npst.ptcp.neg mark::comma
jaka i golo be dosi me jide re de ,	nv::nv cm::gen nv::nv cm::acc verb::vv e::cve verb::vv e::npst.ptcp cm::dat mark::comma
afabu ha weile be mute mbi ,	verb::vv e::pst.ptcp nv::nv cm::acc verb::vv e::fve.npst mark::comma
juwan morin ,	nv::nv nv::nv mark::comma
ulgiyan de ninggun niyalma ,	nv::nv cm::dat nv::nv nv::nv mark::comma
jenjuken ,	nn::prpn.person mark::comma
jušen i sain de beile kai ,	nv::nv cm::gen nv::adj cm::dat nv::nv ptcl mark::comma
ai jaka be siden de sinda fi onco be gama me ,	nv::nv nv::nv cm::acc nv::nv cm::dat verb::vv e::cve nv::adj cm::acc verb::vv e::cve mark::comma
sideri ara habi ,	nv::nv verb::vv e::fve.prs.prf mark::comma
argangga jalingga mujilen be waliya fi ,	nv::adj nv::adj nv::nv cm::acc verb::vv e::cve mark::comma
maise ,	nv::nv mark::comma
ere ilan pu i niyalma gemu doigon i ji hebi ,	nv::nv nv::nv nv::nv cm::gen nv::nv nv::nv nv::nv cm::gen verb::vv e::fve.prs.prf mark::comma
uhereme gūsin ninggun gašan be gai fi ,	nv::nv nv::nv nv::nv nv::nv cm::acc verb::vv e::cve mark::comma
ula de buce he seme ,	nv::nv cm::dat verb::vv e::pst.ptcp comp mark::comma
oljimo ,	nn::prpn.person mark::comma
encule me gida ci ojo ro ngge o ci ,	verb::vv e::cve verb::vv e::cve verb::vv e::npst.ptcp nmlz::nmlz verb::vv e::cve mark::comma
yehe i tuta ha funce he be wacihiya me gana ∅ seme unggi he ,	nv::nv cm::gen verb::vv e::pst.ptcp verb::vv e::pst.ptcp cm::acc verb::vv e::cve verb::vv e::fve.imperative comp verb::vv e::pst.ptcp mark::comma
ilaci jergi iogi obu ha ,	nv::nv nv::nv nv::nv verb::vv e::pst.ptcp mark::comma
ere be bonio aniya jakūn biya ci ebsi ,	nv::nv cm::acc nv::nv nv::nv nv::nv nv::nv cm::abl nv::nv mark::comma
kalka nene me sucu mbi dere ,	nv::nv verb::vv e::cve verb::vv e::fve.npst ptcl mark::comma
hoton tai ara me gene he be henune me gana fi isinji ha ,	nv::nv nv::nv verb::vv e::cve verb::vv e::pst.ptcp cm::acc verb::vv e::cve verb::vv e::cve verb::vv e::pst.ptcp mark::comma
jeku teisule me bu ∅ ,	nv::nv verb::vv e::cve verb::vv e::fve.imperative mark::comma
giyansi be jafa ha bedzung jang_bing_i be wesibu fi ciyandzung obu ha ,	nv::nv cm::acc verb::vv e::pst.ptcp nv::nv nn::prpn cm::acc verb::vv e::cve nv::nv verb::vv e::pst.ptcp mark::comma
○ dalingho i bira cikin de muhaliya ha bele ,	mark::circle nn::prpn.plc cm::gen nv::nv nv::nv cm::dat verb::vv e::pst.ptcp nv::nv mark::comma
gūsa i ejen ci wesihun ,	nv::nv cm::gen nv::nv cm::abl nv::nv mark::comma
nadan jiha menggun gai ∅ ,	nv::nv nv::nv nv::nv verb::vv e::fve.imperative mark::comma
yangguri juwe minggan cooha gai fi g'ai_jeo de anafu te he niyalma be hala me gene he ,	nn::prpn.person nv::nv nv::nv nv::nv verb::vv e::cve nn::prpn cm::dat nv::nv verb::vv e::pst.ptcp nv::nv cm::acc verb::vv e::cve verb::vv e::pst.ptcp mark::comma
bi sin i tondo jurgan be ulhi fi ,	pn::1sg pn::2sg cm::gen nv::adj nv::nv cm::acc verb::vv e::cve mark::comma
niyaman hūncihin seme harša rakū ,	nv::nv nv::nv comp verb::vv e::npst.ptcp.neg mark::comma
amala nimeku de geli buce ci ,	nv::nv nv::nv cm::dat nv::nv verb::vv e::cve mark::comma
bele i ku i bakcila me pu de juwe tuwa bi ,	nv::nv cm::gen nv::nv cm::gen verb::vv e::cve nv::nv cm::dat nv::nv nv::nv verb::vv.npst mark::comma
wa ki ,	verb::vv e::fve.opt mark::comma
jakūta de emu feye ,	nv::nv cm::dat nv::nv nv::nv mark::comma
tede aca ra dubengge gisun umai akū o fi amasi unggi hekū ,	nv::nv verb::vv e::npst.ptcp nv::adj nv::nv nv::nv nv::adj verb::vv e::cve nv::nv verb::vv e::pst.ptcp.neg mark::comma
jarut ba i daya_taiji de elcin gene he hulei ,	nn::prpn.plc nv::nv cm::gen nn::prpn cm::dat nv::nv verb::vv e::pst.ptcp nn::prpn.person mark::comma
yangguri ,	nn::prpn.person mark::comma
afabu ha weile be mute mbi ,	verb::vv e::pst.ptcp nv::nv cm::acc verb::vv e::fve.npst mark::comma
weile i uru be uru ,	nv::nv cm::gen nv::nv cm::acc nv::nv mark::comma
sarin sarila me waji ha manggi ,	nv::nv verb::vv e::cve verb::vv e::pst.ptcp nv::nv mark::comma
emu niru i orita uksin ,	nv::nv nv::nv cm::gen nv::nv nv::nv mark::comma
šanggiyan_hada ,	nn::prpn mark::comma
amin_beile i sadun ,	nn::prpn cm::gen nv::nv mark::comma
sain morin sain geo be bu rakū ,	nv::adj nv::nv nv::adj nv::nv cm::acc verb::vv e::npst.ptcp.neg mark::comma
nikan de unca ci ,	nv::nv cm::dat verb::vv e::cve mark::comma
hūlha ha niyalma giru kini koro kini seme hendu me umai gai hakū ,	verb::vv e::pst.ptcp nv::nv verb::vv e::fve.opt verb::vv e::fve.opt comp verb::vv e::cve nv::nv verb::vv e::pst.ptcp.neg mark::comma
šang ni dabala ,	nv::nv cm::gen ptcl mark::comma
duile ci ,	verb::vv e::cve mark::comma
šanggiyan_alin i šun dekde re ergi de sunja_gurun_i_hecen de unggi fi ,	nn::prpn cm::gen nv::nv verb::vv e::npst.ptcp nv::nv cm::dat nn::prpn cm::dat verb::vv e::cve mark::comma
nikan cooha tuci fi bošo ho ,	nv::nv nv::nv verb::vv e::cve verb::vv e::pst.ptcp mark::comma
sain be sain ,	nv::adj cm::acc nv::adj mark::comma
yertecun ojo rahū .	nv::nv verb::vv e::fve.prv mark::period
beile i fujin tule gene mbihe de ,	nv::nv cm::gen nv::nv nv::nv verb::vv e::fve.pst.ipfv cm::dat mark::comma
geren cooha i niyalma de juwete yan menggun šangna me bu he ,	nv::adj nv::nv cm::gen nv::nv cm::dat nv::nv nv::nv nv::nv verb::vv e::cve verb::vv e::pst.ptcp mark::comma
hoki banji fi kiru jafa fi jide re dabala ,	nv::nv verb::vv e::cve nv::nv verb::vv e::cve verb::vv e::npst.ptcp ptcl mark::comma
tere kesiktu de seke i doko seke i haya ha alha cekemu buri ha jibca ,	nv::nv nn::prpn.person cm::dat nv::nv cm::gen nv::nv nv::nv cm::gen verb::vv e::pst.ptcp nv::adj nv::nv verb::vv e::pst.ptcp nv::nv mark::comma
nataga ,	nn::prpn.person mark::comma
guile he juwe fan benji he ,	verb::vv e::pst.ptcp nv::nv nv::nv verb::vv e::pst.ptcp mark::comma
giya_jing ni gūsin jakūci aniya nadan biya i juwan uyun de baha ha ,	nn::prpn cm::gen nv::nv nv::nv nv::nv nv::nv nv::nv cm::gen nv::nv nv::nv cm::dat verb::vv e::pst.ptcp mark::comma
etu re jete re be elgiyen bu hekū ci ,	verb::vv e::npst.ptcp verb::vv e::npst.ptcp cm::acc nv::adj verb::vv e::pst.ptcp.neg e::cve mark::comma
puseli tucibu fi unca kini ,	nv::nv verb::vv e::cve verb::vv e::fve.opt mark::comma
ere weile be boo de gene fi gisure ki ,	nv::nv nv::nv cm::acc nv::nv cm::dat verb::vv e::cve verb::vv e::fve.opt mark::comma
uttu duri me gisure mbi se ci ,	nv::nv verb::vv e::cve verb::vv e::fve.npst verb::vv e::cve mark::comma
○ uju mukūn i jakūci tatan ,	mark::circle nv::nv nv::nv cm::gen nv::nv nv::nv mark::comma
i ai je me bi mbi ,	pn::3sg nv::nv verb::vv e::cve verb::vv e::fve.npst mark::comma
han hendu me ,	nv::nv verb::vv e::cve mark::comma
šang ni dabala ,	nv::nv cm::gen ptcl mark::comma
sirhūnak ,	nn::prpn.person mark::comma
ula de emgeri gidalabu ha ,	nv::nv cm::dat nv::nv verb::vv e::pst.ptcp mark::comma
namdulu_golo i amban bi he ,	nn::prpn cm::gen nv::nv verb::vv e::pst.ptcp mark::comma
hecen i duka jaka de morin ulebu mbi seme ,	nv::nv cm::gen nv::nv nv::nv cm::dat nv::nv verb::vv e::fve.npst comp mark::comma
ajige ajige gai ha mujangga o ci ,	nv::adj nv::adj verb::vv e::pst.ptcp nv::adj verb::vv e::cve mark::comma
muke be jeku juwe re de ,	nv::nv cm::acc nv::nv verb::vv e::npst.ptcp cm::dat mark::comma
artasi baru jilida me min i efute be artasi si huwekiyebu fi nikan i dehi tumen cooha be ilibu ha ngge si waka we ,	nn::prpn.person nv::nv verb::vv e::cve pn::1sg cm::gen nv::nv cm::acc nn::prpn.person pn::2sg verb::vv e::cve nv::nv cm::gen nv::nv nv::nv nv::nv cm::acc verb::vv e::pst.ptcp nmlz::nmlz pn::2sg nv::adj nv::nv mark::comma
han i fafun i tondo i kadala mbi ,	nv::nv cm::gen nv::nv cm::gen nv::adj cm::gen verb::vv e::fve.npst mark::comma
ula de emu feye baha ha seme ,	nv::nv cm::dat nv::nv nv::nv verb::vv e::pst.ptcp comp mark::comma
suwen de jakūn minggan haha i alban i jeku menggun be bu fi ,	pn::2pl cm::dat nv::nv nv::nv nv::nv cm::gen nv::nv cm::gen nv::nv nv::nv cm::acc verb::vv e::cve mark::comma
dolo min i beye be uru ara me gūni ci ,	nv::nv pn::1sg cm::gen nv::nv cm::acc nv::nv verb::vv e::cve verb::vv e::cve mark::comma
sula sinda fi duri me cuwangna me ainu yabubu mbi ,	nv::adj verb::vv e::cve verb::vv e::cve verb::vv e::cve nv::nv verb::vv e::fve.npst mark::comma
ama i gung ni hergen be ainu efule mbi seme bithe alibu re jaka de ,	nv::nv cm::gen nv::nv cm::gen nv::nv cm::acc nv::nv verb::vv e::fve.npst comp nv::nv verb::vv e::npst.ptcp nv::nv cm::dat mark::comma
gung ara fi uju jergi de obu ha ,	nv::nv verb::vv e::cve nv::nv nv::nv cm::dat verb::vv e::pst.ptcp mark::comma
orin sunja yan i weile gai ha ,	nv::nv nv::nv nv::nv cm::gen nv::nv verb::vv e::pst.ptcp mark::comma
ji he cooha ,	verb::vv e::pst.ptcp nv::nv mark::comma
burhai ,	nn::prpn.person mark::comma
○ jai inenggidari monggo ci juwan orin boo kemuni uka me ji mbi .	mark::circle nv::nv nv::nv nv::nv cm::abl nv::nv nv::nv nv::nv nv::nv verb::vv e::cve verb::vv e::fve.npst mark::period
abka i wakala ha nikan i weile be ,	nv::nv cm::gen verb::vv e::pst.ptcp nv::nv cm::gen nv::nv cm::acc mark::comma
babai_efu i eme gasa me hendu me ,	nn::prpn cm::gen nv::nv verb::vv e::cve verb::vv e::cve mark::comma
in i ehe morin be sinda fi sain morin hūlaša me gai habi ,	pn::3sg cm::gen nv::adj nv::nv cm::acc verb::vv e::cve nv::adj nv::nv verb::vv e::cve verb::vv e::fve.prs.prf mark::comma
icihiya me gene he iogi hafasa ,	verb::vv e::cve verb::vv e::pst.ptcp nv::nv nv::nv mark::comma
ememu duka de emu juwe haha bi ,	nv::nv nv::nv cm::dat nv::nv nv::nv nv::nv verb::vv.npst mark::comma
han i tacibu ha tondo fafun be jurce rakū banji ci ,	nv::nv cm::gen verb::vv e::pst.ptcp nv::adj nv::nv cm::acc verb::vv e::npst.ptcp.neg verb::vv e::cve mark::comma
obonoi jergi niyalma mute rakū ,	nn::prpn.person nv::nv nv::nv verb::vv e::npst.ptcp.neg mark::comma
gurun be suilabu rakū ,	nv::nv cm::acc verb::vv e::npst.ptcp.neg mark::comma
han ,	nv::nv mark::comma
han de waka sabu fi weile baha fi boo yada kini ,	nv::nv cm::dat nv::adj verb::vv e::cve nv::nv verb::vv e::cve nv::nv verb::vv e::fve.opt mark::comma
ula de emu feye baha ha seme jai jergi beiguwan i caliyan ,	nv::nv cm::dat nv::nv nv::nv verb::vv e::pst.ptcp comp nv::nv nv::nv nv::nv cm::gen nv::nv mark::comma
uje_šan_wei i dudu ciyanši taktu_fuka wan_lii i gūsin sunjaci aniya anagan i ninggun biya i juwan juwe de baha ha ,	nn::prpn cm::gen nv::nv nv::nv nn::prpn nn::prpn cm::gen nv::nv nv::nv nv::nv nv::nv cm::gen nv::nv nv::nv cm::gen nv::nv nv::nv cm::dat verb::vv e::pst.ptcp mark::comma
ishun aniya jeku akū seme bu rakū .	nv::nv nv::nv nv::nv nv::adj comp verb::vv e::npst.ptcp.neg mark::period
juwe boo emu boo o fi banji ki ,	nv::nv nv::nv nv::nv nv::nv verb::vv e::cve verb::vv e::fve.opt mark::comma
abtai be gaji fi amban obu fi uji he .	nn::prpn.person cm::acc verb::vv e::cve nv::nv verb::vv e::cve verb::vv e::pst.ptcp mark::period
juwanta yan aisin ,	nv::nv nv::nv nv::nv mark::comma
gemu monggon de sele futa hūwaita fi ,	nv::nv nv::nv cm::dat nv::nv nv::nv verb::vv e::cve mark::comma
dung_ging hecen ci amasi tuci fi ,	nn::prpn nv::nv cm::abl nv::nv verb::vv e::cve mark::comma
ere be gūni me dain de o ci ergen be hairanda rakū afa ki ,	nv::nv cm::acc verb::vv e::cve nv::nv cm::dat verb::vv e::cve nv::nv cm::acc verb::vv e::npst.ptcp.neg verb::vv e::fve.opt mark::comma
cinggiyanu niru i niyalma be ,	nn::prpn.person nv::nv cm::gen nv::nv cm::acc mark::comma
jeku acan jete rakū ,	nv::nv nv::nv verb::vv e::npst.ptcp.neg mark::comma
emu ubu be gerci de bu he ,	nv::nv nv::nv cm::acc nv::nv cm::dat verb::vv e::pst.ptcp mark::comma
isinji ha manggi ,	verb::vv e::pst.ptcp nv::nv mark::comma
yaya gūni ha ele gemu yongkiyabu ha ,	nv::nv verb::vv e::pst.ptcp nv::nv nv::nv verb::vv e::pst.ptcp mark::comma
emu eihen bu ∅ ,	nv::nv nv::nv verb::vv e::fve.imperative mark::comma
dooli ,	nv::nv mark::comma
dasa me elcin gene fi ,	verb::vv e::cve nv::nv verb::vv e::cve mark::comma
hai_si imari_wei i du_jy_hūi_ciyanši mutuha i jui heyene ,	nn::prpn nn::prpn cm::gen nv::nv nn::prpn.person cm::gen nv::nv nn::prpn.person mark::comma
korcin i ooba_taiji unggi he bithe i gisun ,	nn::prpn.plc cm::gen nn::prpn verb::vv e::pst.ptcp nv::nv cm::gen nv::nv mark::comma
han ,	nv::nv mark::comma
je_yan_liyang ,	nn::prpn mark::comma
beye i sui de wasi kini .	nv::nv cm::gen nv::nv cm::dat verb::vv e::fve.opt mark::period
niyalma morin be hairanda ra anggala ,	nv::nv nv::nv cm::acc verb::vv e::npst.ptcp nv::nv mark::comma
aniya biya i ice sunja de wesimbu ∅ ,	nv::nv nv::nv cm::gen nv::adj nv::nv cm::dat verb::vv e::fve.imperative mark::comma
amban sa muhaliyan ilan minggan ,	nv::nv nv::nv nv::nv nv::nv nv::nv mark::comma
jafa ha doro be efule ci ,	verb::vv e::pst.ptcp nv::nv cm::acc verb::vv e::cve mark::comma
efule he ba i niyalma dosi ka ,	verb::vv e::pst.ptcp nv::nv cm::gen nv::nv verb::vv e::pst.ptcp mark::comma
in be hokobu fi gūwa juse be geli bu re ,	pn::3sg cm::acc verb::vv e::cve nv::nv nv::nv cm::acc nv::nv verb::vv e::npst.ptcp mark::comma
usitai bithe wesimbu me ,	nn::prpn.person nv::nv verb::vv e::cve mark::comma
eitere cibe ,	verb::vv e::cve mark::comma
muse inu farhūn kai .	pn::1pl.incl nv::nv nv::adj ptcl mark::period
han de ala ci ,	nv::nv cm::dat verb::vv e::cve mark::comma
bujantai si ai jalin de min i jui be yordo ho ,	nn::prpn.person pn::2sg nv::nv nv::nv cm::dat pn::1sg cm::gen nv::nv cm::acc verb::vv e::pst.ptcp mark::comma
juwanci jergi ,	nv::nv nv::nv mark::comma
loosa i eyun ,	nn::prpn.person cm::gen nv::nv mark::comma
baha ha sula ulha be asara ra ,	verb::vv e::pst.ptcp nv::adj nv::nv cm::acc verb::vv e::npst.ptcp mark::comma
gemu tede daha ha seme alanji ha .	nv::nv nv::nv verb::vv e::pst.ptcp comp verb::vv e::pst.ptcp mark::period
surma i baru xušuniye me gisure he manggi ,	nn::prpn.person cm::gen nv::nv verb::vv e::cve verb::vv e::pst.ptcp nv::nv mark::comma
usin be saikan kice me weile rakū o fi ,	nv::nv cm::acc nv::adj verb::vv e::cve verb::vv e::npst.ptcp.neg verb::vv e::cve mark::comma
ula de emu feye sacibu ha ,	nv::nv cm::dat nv::nv nv::nv verb::vv e::pst.ptcp mark::comma
tere ci wesihun jeku be ,	nv::nv cm::abl nv::nv nv::nv cm::acc mark::comma
orin sunja cooha ilibu ∅ ,	nv::nv nv::nv nv::nv verb::vv e::fve.imperative mark::comma
ice ji he niyalma de ,	nv::adj verb::vv e::pst.ptcp nv::nv cm::dat mark::comma
ala me ,	verb::vv e::cve mark::comma
darhan_hiya ,	nn::prpn mark::comma
elcin gene he niyalma i yalu ha morin ,	nv::nv verb::vv e::pst.ptcp nv::nv cm::gen verb::vv e::pst.ptcp nv::nv mark::comma
dain i onggolo dosi gene he bi he ,	nv::nv cm::gen nv::nv nv::nv verb::vv e::pst.ptcp verb::vv e::pst.ptcp mark::comma
min i jori ha jurgan be jurce rakū icihiya cina ,	pn::1sg cm::gen verb::vv e::pst.ptcp nv::nv cm::acc verb::vv e::npst.ptcp.neg verb::vv e::fve.opt mark::comma
uyun tanggū dehi honin ,	nv::nv nv::nv nv::nv nv::nv mark::comma
min i juse omosi jalan hala me han de gosibu me wesihun banji kini .	pn::1sg cm::gen nv::nv nv::nv nv::nv verb::vv e::cve nv::nv cm::dat verb::vv e::cve nv::nv verb::vv e::fve.opt mark::period
gurun i niyalma i mujilen be gemu facuhūn obu habi kai ,	nv::nv cm::gen nv::nv cm::gen nv::nv cm::acc nv::nv nv::adj verb::vv e::fve.prs.prf ptcl mark::comma
burulu morin de folo ho enggemu hadala toho hoi bu he ,	nv::adj nv::nv cm::dat verb::vv e::pst.ptcp nv::nv nv::nv verb::vv e::cve verb::vv e::pst.ptcp mark::comma
sin i ahūn delger be gai fi emgi je ∅ ,	pn::2sg cm::gen nv::nv nn::prpn.person cm::acc verb::vv e::cve nv::nv verb::vv e::fve.imperative mark::comma
laba bileri fulgiye me okdo fi hecen de dosimbu ha ,	nv::nv nv::nv verb::vv e::cve verb::vv e::cve nv::nv cm::dat verb::vv e::pst.ptcp mark::comma
suwen i nikan i hūlha be bi baica ci o mbi o ,	pn::2pl cm::gen nv::nv cm::gen nv::nv cm::acc pn::1sg verb::vv e::cve verb::vv e::fve.npst ptcl mark::comma
nikan i hūng_u_han i sioi_da i gisun i adali jakūn gūsa i beile se ulin be ume hairanda ra ,	nv::nv cm::gen nn::prpn cm::gen nn::prpn cm::gen nv::nv cm::gen nv::adj nv::nv nv::nv cm::gen nv::nv nv::nv nv::nv cm::acc nv::nv verb::vv e::npst.ptcp mark::comma
halhūn de wenje me buce rakū kai ,	nv::adj cm::dat verb::vv e::cve verb::vv e::npst.ptcp.neg ptcl mark::comma
takūra ha amban i gisun be jurce rakū ,	verb::vv e::pst.ptcp nv::nv cm::gen nv::nv cm::acc verb::vv e::npst.ptcp.neg mark::comma
ba ba i haksan dabagan be saci me dasa fi sain obu ha ,	nv::nv nv::nv cm::gen nv::nv nv::nv cm::acc verb::vv e::cve verb::vv e::cve nv::adj verb::vv e::pst.ptcp mark::comma
lung_king ni ilaci aniya duin biya i orin sunja de baha ha ,	nn::prpn cm::gen nv::nv nv::nv nv::nv nv::nv cm::gen nv::nv nv::nv cm::dat verb::vv e::pst.ptcp mark::comma
tere guribu he gurun de jeku ulebu rakū boihon ulebu re o ,	nv::nv verb::vv e::pst.ptcp nv::nv cm::dat nv::nv verb::vv e::npst.ptcp.neg nv::nv verb::vv e::npst.ptcp ptcl mark::comma
beki ,	nv::adj mark::comma
tulergi morin i jete re ongko noho ba de ebu fi morin ulebu ∅ ,	nv::nv nv::nv cm::gen verb::vv e::npst.ptcp nv::nv nv::nv nv::nv cm::dat verb::vv e::cve nv::nv verb::vv e::fve.imperative mark::comma
○ orin de ,	mark::circle nv::nv cm::dat mark::comma
hoifa de emu feye ,	nn::prpn.plc cm::dat nv::nv nv::nv mark::comma
gūnata .	nn::prpn.person mark::period
muse eitere ci ,	pn::1pl.incl verb::vv e::cve mark::comma
hoošan ai ai gaija ra be gemu nakabu ha ,	nv::nv nv::nv nv::nv verb::vv e::npst.ptcp cm::acc nv::nv verb::vv e::pst.ptcp mark::comma
nikan han deribu he ,	nv::nv nv::nv verb::vv e::pst.ptcp mark::comma
jakūn hošonggo ordo de jan_i_birai_gu ,	nv::nv nv::adj nv::nv cm::dat nn::prpn mark::comma
tere oliha niyalma ,	nv::nv nv::adj nv::nv mark::comma
mu_giya_pu ci wasihūn ,	nn::prpn cm::abl nv::nv mark::comma
suwen i nikan han da rakū bi he bi ci ,	pn::2pl cm::gen nv::nv nv::nv verb::vv e::npst.ptcp.neg verb::vv e::pst.ptcp verb::vv e::cve mark::comma
ujungga niyalma be aca me gaji me ji ∅ ,	nv::adj nv::nv cm::acc verb::vv e::cve verb::vv e::cve verb::vv e::fve.imperative mark::comma
min i dolo gūni ha ba be hafukiya me ,	pn::1sg cm::gen nv::nv verb::vv e::pst.ptcp nv::nv cm::acc verb::vv e::cve mark::comma
han i bai bu re ngge emu gecuheri ,	nv::nv cm::gen nv::nv verb::vv e::npst.ptcp nmlz::nmlz nv::nv nv::nv mark::comma
han ,	nv::nv mark::comma
jeku be acan je ∅ ,	nv::nv cm::acc nv::nv verb::vv e::fve.imperative mark::comma
hada ,	nn::prpn.plc mark::comma
beide he weile ,	verb::vv e::pst.ptcp nv::nv mark::comma
○ tere inenggi ,	mark::circle nv::nv nv::nv mark::comma
ineku tere coko aniya jorgon biya de ,	nv::nv nv::nv nv::nv nv::nv nv::nv nv::nv cm::dat mark::comma
ere weile be geren beidesi de ume ala ra ,	nv::nv nv::nv cm::acc nv::adj nv::nv cm::dat nv::nv verb::vv e::npst.ptcp mark::comma
kubu he suwayan i gūsa i tanggū uksin be urikan gai fi te mbi .	verb::vv e::pst.ptcp nv::adj cm::gen nv::nv cm::gen nv::nv nv::nv cm::acc nn::prpn.person verb::vv e::cve verb::vv e::fve.npst mark::period
gūwa gurun i niyalma min be inu basu mbi ,	nv::nv nv::nv cm::gen nv::nv pn::1sg cm::acc nv::nv verb::vv e::fve.npst mark::comma
yegude ,	nn::prpn.person mark::comma
yaran janggin ,	nn::prpn.plc nv::nv mark::comma
gemu guwangning ni hecen de juwebu ∅ ,	nv::nv nn::prpn.plc cm::gen nv::nv cm::dat verb::vv e::fve.imperative mark::comma
hutu ci hono ehe kai ,	nv::nv cm::abl nv::nv nv::adj ptcl mark::comma
je ke muke be waliya fi ,	verb::vv e::pst.ptcp nv::nv cm::acc verb::vv e::cve mark::comma
gaha te mbi .	nv::nv verb::vv e::fve.npst mark::period
abatai_age ,	nn::prpn mark::comma
tere i amala huye_golo i niyalma ,	nv::nv cm::gen nv::nv nn::prpn cm::gen nv::nv mark::comma
jafa fi duile fi weile ara ∅ seme bithe ara fi wasimbu ha ,	verb::vv e::cve verb::vv e::cve nv::nv verb::vv e::fve.imperative comp nv::nv verb::vv e::cve verb::vv e::pst.ptcp mark::comma
juwe minggan cooha gai fi nio_juwang de te ,	nv::nv nv::nv nv::nv verb::vv e::cve nn::prpn cm::dat nv::nv mark::comma
○ degelei_age ,	mark::circle nn::prpn mark::comma
han i hūla me bu he šang ,	nv::nv cm::gen verb::vv e::cve verb::vv e::pst.ptcp nv::nv mark::comma
amba genggiyen_han de daha fi ,	nv::adj nn::prpn cm::dat verb::vv e::cve mark::comma
hai_si u_ta_šan_wei i du_jy_hūi_ciyanši buha i jui jinggemu ,	nn::prpn nn::prpn cm::gen nv::nv nn::prpn.person cm::gen nv::nv nn::prpn.person mark::comma
susai niyalma ,	nv::nv nv::nv mark::comma
yangšu ,	nn::prpn.person mark::comma
jai hanci ji fi han i bethe be tebeliye me aca ha ,	nv::nv nv::adj verb::vv e::cve nv::nv cm::gen nv::nv cm::acc verb::vv e::cve verb::vv e::pst.ptcp mark::comma
nikan gurun be daila ra be tuwa fi akdun be sa mbi dere ,	nv::nv nv::nv cm::acc verb::vv e::npst.ptcp cm::acc verb::vv e::cve nv::adj cm::acc verb::vv e::fve.npst ptcl mark::comma
hai_si odo_wei i du_jy_hūi_ši hūsiha i jui aoke ,	nn::prpn nn::prpn cm::gen nv::nv nn::prpn.person cm::gen nv::nv nn::prpn.person mark::comma
hai_si tasha_wei i du_jy_hūi_ciyanši dahana i omolo daisehūi ,	nn::prpn nn::prpn cm::gen nv::nv nn::prpn.person cm::gen nv::nv nn::prpn.person mark::comma
afabu ∅ ,	verb::vv e::fve.imperative mark::comma
sele ,	nv::nv mark::comma
suwen de bu he usin i ejen jušen be amasi liyoha bitu me jase nei me tebu me unggi mbi ,	pn::2pl cm::dat verb::vv e::pst.ptcp nv::nv cm::gen nv::nv nv::nv cm::acc nv::nv nn::prpn.plc verb::vv e::cve nv::nv verb::vv e::cve verb::vv e::cve verb::vv e::fve.npst mark::comma
ududu minggan niyalma de sargan bu ci hehe isi rakū o fi ,	nv::nv nv::nv nv::nv cm::dat nv::nv verb::vv e::cve nv::nv verb::vv e::npst.ptcp.neg verb::vv e::cve mark::comma
oilo angga de holto me sain gisun i akdabu habi ,	nv::nv nv::nv cm::dat verb::vv e::cve nv::adj nv::nv cm::gen verb::vv e::fve.prs.prf mark::comma
○ beiguwan abutai ,	mark::circle nv::nv nn::prpn.person mark::comma
beiguwan i bodo me emu niru i jušen sunja ,	nv::nv cm::gen verb::vv e::cve nv::nv nv::nv cm::gen nv::nv nv::nv mark::comma
ice ninggun de wasimbu ha ,	nv::adj nv::nv cm::dat verb::vv e::pst.ptcp mark::comma
tang_hiyan ,	nn::prpn mark::comma
hasa sa ci seme hendu ci ,	nv::nv verb::vv e::cve comp verb::vv e::cve mark::comma
šoto_taiji ,	nn::prpn mark::comma
jori ha jurgan be jurce rakū seme ,	verb::vv e::pst.ptcp nv::nv cm::acc verb::vv e::npst.ptcp.neg comp mark::comma
doro de kicebe ,	nv::nv cm::dat nv::adj mark::comma
gene ci isina rakū ,	verb::vv e::cve verb::vv e::npst.ptcp.neg mark::comma
fu_jeo i lio_fujiyang ni kadala ra yung_ning_giyan i ba de ,	nn::prpn cm::gen nn::prpn cm::gen verb::vv e::npst.ptcp nn::prpn cm::gen nv::nv cm::dat mark::comma
amca hakūbi ,	verb::vv e::fve.prs.prf.neg mark::comma
jori ha jurgan be jurce rakū seme beiguwan obu ha .	verb::vv e::pst.ptcp nv::nv cm::acc verb::vv e::npst.ptcp.neg comp nv::nv verb::vv e::pst.ptcp mark::period
afabu ha weile be mute mbi ,	verb::vv e::pst.ptcp nv::nv cm::acc verb::vv e::fve.npst mark::comma
tang_šan i niyalma ,	nn::prpn cm::gen nv::nv mark::comma
uheri uyun niyalma morin yalu fi uka me ji he ,	nv::nv nv::nv nv::nv nv::nv verb::vv e::cve verb::vv e::cve verb::vv e::pst.ptcp mark::comma
ilan minggan sunja tanggū juwan niowanggiyan moro ,	nv::nv nv::nv nv::nv nv::nv nv::nv nv::adj nv::nv mark::comma
han i jaka de dosi ka .	nv::nv cm::gen nv::nv cm::dat verb::vv e::pst.ptcp mark::period
nikan han ,	nv::nv nv::nv mark::comma
monggoso de caliyan i menggun wasimbu habi ,	nv::nv cm::dat nv::nv cm::gen nv::nv verb::vv e::fve.prs.prf mark::comma
asara ha niyalma de ujen weile ,	verb::vv e::pst.ptcp nv::nv cm::dat nv::adj nv::nv mark::comma
afabu ha weile be mute mbi ,	verb::vv e::pst.ptcp nv::nv cm::acc verb::vv e::fve.npst mark::comma
sirangga ,	nn::prpn.person mark::comma
gege i morin i yarfun be jafa fi ,	nv::nv cm::gen nv::nv cm::gen nv::nv cm::acc verb::vv e::cve mark::comma
dung_ging hecen ci tuci fi sunja ba i dube de okdo fi ,	nn::prpn nv::nv cm::abl verb::vv e::cve nv::nv nv::nv cm::gen nv::nv cm::dat verb::vv e::cve mark::comma
min i tondo uru de ,	pn::1sg cm::gen nv::adj nv::nv cm::dat mark::comma
abka min de efule fi bu he ,	nv::nv pn::1sg cm::dat verb::vv e::cve verb::vv e::pst.ptcp mark::comma
tofohon de isina mbi ,	nv::nv cm::dat verb::vv e::fve.npst mark::comma
geren beile se fujisa ,	nv::adj nv::nv nv::nv nv::nv mark::comma
beye ci tuci mbi se re ,	nv::nv cm::abl verb::vv e::fve.npst verb::vv e::npst.ptcp mark::comma
han i pai be gai fi ,	nv::nv cm::gen nv::nv cm::acc verb::vv e::cve mark::comma
ume holto ro ,	nv::nv verb::vv e::npst.ptcp mark::comma
emu hehe ,	nv::nv nv::nv mark::comma
men i uba de te he cooha i niyalma morin de bu ki ,	pn::1pl.excl cm::gen nv::nv cm::dat verb::vv e::pst.ptcp nv::nv cm::gen nv::nv nv::nv cm::dat verb::vv e::fve.opt mark::comma
si uttu buya mujilen jafa ci ,	pn::2sg nv::nv nv::adj nv::nv verb::vv e::cve mark::comma
sahaliyan ,	nv::adj mark::comma
weheden ,	nn::prpn.person mark::comma
emu niyalma be weihun jafa fi benji he ,	nv::nv nv::nv cm::acc nv::adj verb::vv e::cve verb::vv e::pst.ptcp mark::comma
han hendu me ,	nv::nv verb::vv e::cve mark::comma
hūlha holo akū tondo i akūmbu me ,	nv::nv nv::nv nv::adj nv::adj cm::gen verb::vv e::cve mark::comma
be fonji re seme hendu he ,	pn::1pl.excl verb::vv e::npst.ptcp comp verb::vv e::pst.ptcp mark::comma
ejen ara fi unggi ∅ ,	nv::nv verb::vv e::cve verb::vv e::fve.imperative mark::comma
niyalma tanggū ,	nv::nv nv::nv mark::comma
burgi_age gama ha ci amala ,	nn::prpn verb::vv e::pst.ptcp cm::abl nv::nv mark::comma
tanta me wa ha juwe hehe be tooda me gai ha ,	verb::vv e::cve verb::vv e::pst.ptcp nv::nv nv::nv cm::acc verb::vv e::cve verb::vv e::pst.ptcp mark::comma
cooha gai fi yabu re faksi o fi ,	nv::nv verb::vv e::cve verb::vv e::npst.ptcp nv::nv verb::vv e::cve mark::comma
jeku ergen baha kini ,	nv::nv nv::nv verb::vv e::fve.opt mark::comma
uba de isinji ha manggi ,	nv::nv cm::dat verb::vv e::pst.ptcp nv::nv mark::comma
jabša ha kooli inu akū ,	verb::vv e::pst.ptcp nv::nv nv::nv nv::adj mark::comma
duin deo ,	nv::nv nv::nv mark::comma
amasi gama ∅ se he kai ,	nv::nv verb::vv e::fve.imperative verb::vv e::pst.ptcp ptcl mark::comma
miyoo i hūwa de tule ume gene re ,	nv::nv cm::gen nv::nv cm::dat nv::nv nv::nv verb::vv e::npst.ptcp mark::comma
emu jergi buce re weile be guwebu mbi .	nv::nv nv::nv verb::vv e::npst.ptcp nv::nv cm::acc verb::vv e::fve.npst mark::period
tere i fejile moo saci re haha ,	nv::nv cm::gen nv::nv nv::nv verb::vv e::npst.ptcp nv::nv mark::comma
jakūn beile i sira me hashū ergi gala i cooha i ejen ,	nv::nv nv::nv cm::gen verb::vv e::cve nv::nv nv::nv nv::nv cm::gen nv::nv cm::gen nv::nv mark::comma
mao_wen_lung ,	nn::prpn mark::comma
ebugedei_hūwang_taiji dere be gūni me hendu re gisun ere inu .	nn::prpn nv::nv cm::acc verb::vv e::cve verb::vv e::npst.ptcp nv::nv nv::nv nv::nv mark::period
abka min de efule fi bu he ,	nv::nv pn::1sg cm::dat verb::vv e::cve verb::vv e::pst.ptcp mark::comma
hai_si durbi_wei i du_jy_hūi_ciyanši cungyang ni jui keke ,	nn::prpn nn::prpn cm::gen nv::nv nn::prpn.person cm::gen nv::nv nv::nv mark::comma
gūwa gurun de ukanda ra ubaša ra kooli akū bi he ,	nv::nv nv::nv cm::dat verb::vv e::npst.ptcp verb::vv e::npst.ptcp nv::nv nv::adj verb::vv e::pst.ptcp mark::comma
adun ulha be gaji me uka me ji he .	nv::nv nv::nv cm::acc verb::vv e::cve verb::vv e::cve verb::vv e::pst.ptcp mark::period
jori ha jurgan be jurce rakū seme ,	verb::vv e::pst.ptcp nv::nv cm::acc verb::vv e::npst.ptcp.neg comp mark::comma
cin_el_ši_han ,	nn::prpn mark::comma
geren du_tang be ,	nv::adj nv::nv cm::acc mark::comma
○ ubahai be ,	mark::circle nn::prpn.person cm::acc mark::comma
pu_ho_wei i du_jy_hūi_ciyanši unggai i omolo daimbulun ,	nn::prpn cm::gen nv::nv nn::prpn.person cm::gen nv::nv nn::prpn.person mark::comma
sunja niyalma be wa habi ,	nv::nv nv::nv cm::acc verb::vv e::fve.prs.prf mark::comma
ba_wang be waliya fi han'_g'ao_dzu de gene he ngge ,	nn::prpn cm::acc verb::vv e::cve nn::prpn cm::dat verb::vv e::pst.ptcp nmlz::nmlz mark::comma
hada_i_gege yasun i sargan orin funce me tana benji he bi he mujangga ,	nn::prpn nn::prpn.person cm::gen nv::nv nv::nv verb::vv e::cve nv::nv verb::vv e::pst.ptcp verb::vv e::pst.ptcp nv::adj mark::comma
šanggiyan_hada i julergi šokin i hada i amargi de ulan fete fi ing hada fi ,	nn::prpn cm::gen nv::nv nn::prpn.plc cm::gen nv::nv cm::gen nv::nv cm::dat nv::nv verb::vv e::cve nv::nv verb::vv e::cve mark::comma
birai_wargi be jing nungne mbi ,	nn::prpn cm::acc nv::nv verb::vv e::fve.npst mark::comma
ilu ,	nn::prpn.plc mark::comma
suwen i kūwara ha dehi ba i dolo dosi kabi o ,	pn::2pl cm::gen verb::vv e::pst.ptcp nv::nv nv::nv cm::gen nv::nv verb::vv e::fve.prs.prf ptcl mark::comma
šang ambula nonggi me gaji ∅ seme gisure fi ,	nv::nv nv::nv verb::vv e::cve verb::vv e::fve.imperative comp verb::vv e::cve mark::comma
waka be uru seme fudara me beide re be ,	nv::adj cm::acc nv::nv comp verb::vv e::cve verb::vv e::npst.ptcp cm::acc mark::comma
bayartu i elcin ,	nn::prpn.person cm::gen nv::nv mark::comma
guwangguša me dedu ∅ seme tucibu he boo de dedu hekū ,	verb::vv e::cve verb::vv e::fve.imperative comp verb::vv e::pst.ptcp nv::nv cm::dat verb::vv e::pst.ptcp.neg mark::comma
nikan i cooha i niyalma ,	nv::nv cm::gen nv::nv cm::gen nv::nv mark::comma
han ,	nv::nv mark::comma
suwe orin haha de emu cooha ili re niyalma be tucibu fi benji ∅ ,	pn::2pl nv::nv nv::nv cm::dat nv::nv nv::nv verb::vv e::npst.ptcp nv::nv cm::acc verb::vv e::cve verb::vv e::fve.imperative mark::comma
jori ha jurgan be jurce rakū seme beiguwan obu ha .	verb::vv e::pst.ptcp nv::nv cm::acc verb::vv e::npst.ptcp.neg comp nv::nv verb::vv e::pst.ptcp mark::period
šun tuci re onggolo ,	nv::nv verb::vv e::npst.ptcp nv::nv mark::comma
ecike ,	nv::nv mark::comma
ningdan ,	nv::nv mark::comma
in i gung be i efule he ,	pn::3sg cm::gen nv::nv cm::acc cm::gen verb::vv e::pst.ptcp mark::comma
marikan .	nn::prpn.person mark::period
te tuwa ci tašan kai ,	nv::nv verb::vv e::cve nv::nv ptcl mark::comma
orin sunja de isina mbi ,	nv::nv nv::nv cm::dat verb::vv e::fve.npst mark::comma
lama hendu me ,	nv::nv verb::vv e::cve mark::comma
adarame banji mbi ,	nv::nv verb::vv e::fve.npst mark::comma
yalu ∅ seme juwanta morin ,	verb::vv e::fve.imperative comp nv::nv nv::nv mark::comma
min i dasa ha ba de han te ci ,	pn::1sg cm::gen verb::vv e::pst.ptcp nv::nv cm::dat nv::nv verb::vv e::cve mark::comma
hūwa i ajige duka be duka tuwakiya ha deku_mergen ,	nv::nv cm::gen nv::adj nv::nv cm::acc nv::nv verb::vv e::pst.ptcp nn::prpn mark::comma
šanaha ci emu ukanju yafahan ji he .	nn::prpn.plc cm::abl nv::nv nv::nv nv::adj verb::vv e::pst.ptcp mark::period
mucu emu fan ,	nv::nv nv::nv nv::nv mark::comma
sabka ,	nv::nv mark::comma
○ mafa si hendu me ,	mark::circle nv::nv pn::2sg verb::vv e::cve mark::comma
○ julge aisin han i fon de samsi ha warka gurun ,	mark::circle nv::nv nv::nv nv::nv cm::gen nv::nv cm::dat verb::vv e::pst.ptcp nn::prpn.plc nv::nv mark::comma
○ kuwan_diyan i jao_iogi ,	mark::circle nn::prpn cm::gen nn::prpn mark::comma
jai han i soorin te ,	nv::nv nv::nv cm::gen nv::nv nv::nv mark::comma
nadari ,	nn::prpn.person mark::comma
abutai ,	nn::prpn.person mark::comma
bi tuba de gene fi seole me tuwa ra seme jabu ha bi he ,	pn::1sg nv::nv cm::dat verb::vv e::cve verb::vv e::cve verb::vv e::npst.ptcp comp verb::vv e::pst.ptcp verb::vv e::pst.ptcp mark::comma
yahican ,	nn::prpn.person mark::comma
○ fujiyang abtai ,	mark::circle nv::nv nn::prpn.person mark::comma
muke be olhon be gene he cooha aca ha ,	nv::nv cm::acc nv::nv cm::acc verb::vv e::pst.ptcp nv::nv verb::vv e::pst.ptcp mark::comma
tiyei_ling ni dain de in de amban seme šangna me bu he jaka be amasi gai fi ,	nn::prpn cm::gen nv::nv cm::dat pn::3sg cm::dat nv::nv comp verb::vv e::cve verb::vv e::pst.ptcp nv::nv cm::acc nv::nv verb::vv e::cve mark::comma
acinggiya me folo ho enggemu hadala ,	verb::vv e::cve verb::vv e::pst.ptcp nv::nv nv::nv mark::comma
dahūn dahūn i ai cira i hendu ci ,	nv::nv nv::nv cm::gen nv::nv nv::nv cm::gen verb::vv e::cve mark::comma
sunja niyalma de sunja ihan yalubu fi ,	nv::nv nv::nv cm::dat nv::nv nv::nv verb::vv e::cve mark::comma
jirgalang_age i hūsitun i niru be gai fi fiyanggū de bu he ,	nn::prpn cm::gen nv::nv cm::gen nv::nv cm::acc verb::vv e::cve nv::adj cm::dat verb::vv e::pst.ptcp mark::comma
gūwa i bahana ha ba be dube tucibu rakū ,	nv::nv cm::gen verb::vv e::pst.ptcp nv::nv cm::acc nv::nv verb::vv e::npst.ptcp.neg mark::comma
gerende re ngge ,	verb::vv e::npst.ptcp nmlz::nmlz mark::comma
ere bujantai muse de dain gene fi muse jafa fi monggon de sele futa hūwaita fi ,	nv::nv nn::prpn.person pn::1pl.incl cm::dat nv::nv verb::vv e::cve pn::1pl.incl verb::vv e::cve nv::nv cm::dat nv::nv nv::nv verb::vv e::cve mark::comma
damin i dethe ,	nv::nv cm::gen nv::nv mark::comma
ula de emte feye baha ha seme nadata yan i weile waliya mbi ,	nv::nv cm::dat nv::nv nv::nv verb::vv e::pst.ptcp comp nv::nv nv::nv cm::gen nv::nv verb::vv e::fve.npst mark::comma
tere gisun de ,	nv::nv nv::nv cm::dat mark::comma
facuhūn kai ,	nv::adj ptcl mark::comma
jase nei mbi seme ,	nv::nv verb::vv e::fve.npst comp mark::comma
ehe be ehe seme han de ala mbi ,	nv::adj cm::acc nv::adj comp nv::nv cm::dat verb::vv e::fve.npst mark::comma
baha ha temen be gemu gaji me ji ∅ .	verb::vv e::pst.ptcp nv::nv cm::acc nv::nv verb::vv e::cve verb::vv e::fve.imperative mark::period
wan_lii_han ,	nn::prpn mark::comma
hūwang_gu_doo de jušen i emu iogi ,	nn::prpn cm::dat nv::nv cm::gen nv::nv nv::nv mark::comma
han i bu he aika jaka be gemu gai fi ,	nv::nv cm::gen verb::vv e::pst.ptcp nv::nv nv::nv cm::acc nv::nv verb::vv e::cve mark::comma
minggan yan tumen yan baha ci ,	nv::nv nv::nv nv::nv nv::nv verb::vv e::cve mark::comma
etuku su me gai ha seme šajin de duile fi ,	nv::nv verb::vv e::cve verb::vv e::pst.ptcp comp nv::nv cm::dat verb::vv e::cve mark::comma
emu jergi buce re weile be guwebu mbi ,	nv::nv nv::nv verb::vv e::npst.ptcp nv::nv cm::acc verb::vv e::fve.npst mark::comma
gurun i šurde me ba ba i tai niyalma de hendu fi ,	nv::nv cm::gen verb::vv e::cve nv::nv nv::nv cm::gen nv::nv nv::nv cm::dat verb::vv e::cve mark::comma
tere ci ulan ulan i sinda habi seme alanji re jaka de ,	nv::nv cm::abl nv::nv nv::nv cm::gen verb::vv e::fve.prs.prf comp verb::vv e::npst.ptcp nv::nv cm::dat mark::comma
emgi yabu re be sa ha de ,	nv::nv verb::vv e::npst.ptcp cm::acc verb::vv e::pst.ptcp cm::dat mark::comma
busan i ilaci jergi dzung_bing_guwan be wesibu fi uju jergi dzung_bing_guwan obu ha ,	nn::prpn.person cm::gen nv::nv nv::nv nv::nv cm::acc verb::vv e::cve nv::nv nv::nv nv::nv verb::vv e::pst.ptcp mark::comma
sogi ,	nv::nv mark::comma
manggūltai_beile ,	nn::prpn mark::comma
sarhū i alin i ninggu de ing hada fi ,	nv::nv cm::gen nv::nv cm::gen nv::nv cm::dat nv::nv verb::vv e::cve mark::comma
kūrcan de cen i gala i bithe ara fi ,	nv::nv cm::dat pn::3pl cm::gen nv::nv cm::gen nv::nv verb::vv e::cve mark::comma
bi du_tang de hendu fi weile akū obu re ,	pn::1sg nv::nv cm::dat verb::vv e::cve nv::nv nv::adj verb::vv e::npst.ptcp mark::comma
ice ninggun de ,	nv::adj nv::nv cm::dat mark::comma
mafuta ,	nv::nv mark::comma
ula de buce he seme tofohon yan i weile waliya mbi ,	nv::nv cm::dat verb::vv e::pst.ptcp comp nv::nv nv::nv cm::gen nv::nv verb::vv e::fve.npst mark::comma
simiyan i niyalma i sira me oihori ilga ∅ ,	nn::prpn.plc cm::gen nv::nv cm::gen verb::vv e::cve nv::adj verb::vv e::fve.imperative mark::comma
han tuci fi boo tuwa fi boo tucibu fi bu he ,	nv::nv verb::vv e::cve nv::nv verb::vv e::cve nv::nv verb::vv e::cve verb::vv e::pst.ptcp mark::comma
jakūta de emu feye ,	nv::nv cm::dat nv::nv nv::nv mark::comma
emu jergi buce re weile be guwebu mbi .	nv::nv nv::nv verb::vv e::npst.ptcp nv::nv cm::acc verb::vv e::fve.npst mark::period
hoifa de emu feye baha ha seme uju jergi beiguwan i caliyan ,	nn::prpn.plc cm::dat nv::nv nv::nv verb::vv e::pst.ptcp comp nv::nv nv::nv nv::nv cm::gen nv::nv mark::comma
niyalma wa ha niyalma be saikan kimci me baica fi ,	nv::nv verb::vv e::pst.ptcp nv::nv cm::acc nv::adj verb::vv e::cve verb::vv e::cve mark::comma
tongki fuka sinda ha hergen i dangse .	nv::nv nv::nv verb::vv e::pst.ptcp nv::nv cm::gen nv::nv mark::period
busan ili ha seme wa ra weile makta ha bi he ,	nn::prpn.person verb::vv e::pst.ptcp comp verb::vv e::npst.ptcp nv::nv verb::vv e::pst.ptcp verb::vv e::pst.ptcp mark::comma
afabu ha weile be mute mbi ,	verb::vv e::pst.ptcp nv::nv cm::acc verb::vv e::fve.npst mark::comma
alin i ninggu de jase jafa fi ,	nv::nv cm::gen nv::nv cm::dat nv::nv verb::vv e::cve mark::comma
juwe me wacihiya rakū niyalma ,	verb::vv e::cve verb::vv e::npst.ptcp.neg nv::nv mark::comma
naikan ,	nn::prpn.person mark::comma
jamuri ,	nv::nv mark::comma
tere ba ba de wa ha ngge komso o ,	nv::nv nv::nv nv::nv cm::dat verb::vv e::pst.ptcp nmlz::nmlz nv::adj ptcl mark::comma
tere be bederebu me gaji ∅ seme gisure ci ,	nv::nv cm::acc verb::vv e::cve verb::vv e::fve.imperative comp verb::vv e::cve mark::comma
ulhu juwe tanggū ,	nv::nv nv::nv nv::nv mark::comma
ilata yan menggun ,	nv::nv nv::nv nv::nv mark::comma
hecen de dosi fi dedu me bi he ,	nv::nv cm::dat verb::vv e::cve verb::vv e::cve verb::vv e::pst.ptcp mark::comma
emgeri jori me waji ha kai ,	nv::nv verb::vv e::cve verb::vv e::pst.ptcp ptcl mark::comma
fung_hūwang ni jai emu tanggū cooha geli amca me gene kini seme unggi he ,	nn::prpn cm::gen nv::nv nv::nv nv::nv nv::nv nv::nv verb::vv e::cve verb::vv e::fve.opt comp verb::vv e::pst.ptcp mark::comma
šumuru min de iogi hergen bu he ,	nn::prpn.person pn::1sg cm::dat nv::nv nv::nv verb::vv e::pst.ptcp mark::comma
fudari ,	nn::prpn.person mark::comma
juwe ihan ,	nv::nv nv::nv mark::comma
gūsan min be wa kini ,	nn::prpn.person pn::1sg cm::acc verb::vv e::fve.opt mark::comma
ai ba be hendu re ,	nv::nv nv::nv cm::acc verb::vv e::npst.ptcp mark::comma
yaya dain cooha yabu re de ,	nv::nv nv::nv nv::nv verb::vv e::npst.ptcp cm::dat mark::comma
duici_beile de juwan yan aisin ,	nn::prpn cm::dat nv::nv nv::nv nv::nv mark::comma
booši ,	nv::nv mark::comma
sesi efen emu hacin ,	nv::nv nv::nv nv::nv nv::nv mark::comma
gumbu_taiji duin morin gaji me ,	nn::prpn nv::nv nv::nv verb::vv e::cve mark::comma
amba_beile ali me gai fi je ke ,	nn::prpn verb::vv e::cve verb::vv e::cve verb::vv e::pst.ptcp mark::comma
tolan_šan i niyalma tanggū funce me ubaša mbi seme ,	nn::prpn cm::gen nv::nv nv::nv verb::vv e::cve verb::vv e::fve.npst comp mark::comma
arai ,	nn::prpn.person mark::comma
tere ci dahala ra siren naka ha ,	nv::nv cm::abl verb::vv e::npst.ptcp nv::nv verb::vv e::pst.ptcp mark::comma
hadu fi umbu ha jeku be duri me gama ra ,	verb::vv e::cve verb::vv e::pst.ptcp nv::nv cm::acc verb::vv e::cve verb::vv e::npst.ptcp mark::comma
du_tang ni hergen i donggo_efu de ,	nv::nv cm::gen nv::nv cm::gen nn::prpn cm::dat mark::comma
○ gene re wan_lii i gūsin jakūci aniya i dangse .	mark::circle verb::vv e::npst.ptcp nn::prpn cm::gen nv::nv nv::nv nv::nv cm::gen nv::nv mark::period
giya_jing ni dehici aniya nadan biya i orin uyun de baha ha ,	nn::prpn cm::gen nv::nv nv::nv nv::nv nv::nv cm::gen nv::nv nv::nv cm::dat verb::vv e::pst.ptcp mark::comma
jori ha jurgan be jurce rakū seme ,	verb::vv e::pst.ptcp nv::nv cm::acc verb::vv e::npst.ptcp.neg comp mark::comma
emu feye gabtabu ha ,	nv::nv nv::nv verb::vv e::pst.ptcp mark::comma
juo_han ,	nn::prpn.person mark::comma
afabu ha weile be mute mbi ,	verb::vv e::pst.ptcp nv::nv cm::acc verb::vv e::fve.npst mark::comma
sain be sain ,	nv::adj cm::acc nv::adj mark::comma
susaita mocin ,	nv::nv nv::nv mark::comma
orho gūsin uyun tumen emu minggan nadan tanggū gūsin ninggun fulmiyen ,	nv::nv nv::nv nv::nv nv::nv nv::nv nv::nv nv::nv nv::nv nv::nv nv::nv nv::nv mark::comma
giyang bitu me olho me cooha te hebi ,	nv::nv verb::vv e::cve verb::vv e::cve nv::nv verb::vv e::fve.prs.prf mark::comma
goibu re ,	verb::vv e::npst.ptcp mark::comma
kipai ,	nn::prpn.person mark::comma
tere ai medege o ci ,	nv::nv nv::nv nv::nv verb::vv e::cve mark::comma
nene me sonjo me tucibu he susai isi re sain cooha de ,	verb::vv e::cve verb::vv e::cve verb::vv e::pst.ptcp nv::nv verb::vv e::npst.ptcp nv::adj nv::nv cm::dat mark::comma
juwe hehe ,	nv::nv nv::nv mark::comma
jakūn amban be tucibu fi ,	nv::nv nv::nv cm::acc verb::vv e::cve mark::comma
in i beye be i tucibu me ala me ,	pn::3sg cm::gen nv::nv cm::acc cm::gen verb::vv e::cve verb::vv e::cve mark::comma
○ ice sunja de ,	mark::circle nv::adj nv::nv cm::dat mark::comma
juwan yan i pai monggolibu fi fulgiyan gecuheri etuku etubu he ,	nv::nv nv::nv cm::gen nv::nv verb::vv e::cve nv::nv nv::nv nv::nv verb::vv e::pst.ptcp mark::comma
isina ha ba de okdo me jete re bele akū ,	verb::vv e::pst.ptcp nv::nv cm::dat verb::vv e::cve verb::vv e::npst.ptcp nv::nv nv::adj mark::comma
darhan_hiya ,	nn::prpn mark::comma
afa fi feye baha ha niyalma de ,	verb::vv e::cve nv::nv verb::vv e::pst.ptcp nv::nv cm::dat mark::comma
han i bithe ,	nv::nv cm::gen nv::nv mark::comma
jai gimbasun i giran i jaka de geli gene fi ,	nv::nv nn::prpn.person cm::gen nv::nv cm::gen nv::nv cm::dat nv::nv verb::vv e::cve mark::comma
wakala me hendu re gisun be ali me gaija rakū ci ,	verb::vv e::cve verb::vv e::npst.ptcp nv::nv cm::acc verb::vv e::cve verb::vv e::npst.ptcp.neg e::cve mark::comma
ba ba i pu i niyalma kemuni boolanji me ,	nv::nv nv::nv cm::gen nv::nv cm::gen nv::nv nv::nv verb::vv e::cve mark::comma
ilhi ilhi hergen i bodo me bu he ,	nv::nv nv::nv nv::nv cm::gen verb::vv e::cve verb::vv e::pst.ptcp mark::comma
○ loosantai be ,	mark::circle nn::prpn.person cm::acc mark::comma
suwe tuttu uji ci ,	pn::2pl nv::nv verb::vv e::cve mark::comma
ere uhereme emu tumen duin minggan uyun tanggū .	nv::nv nv::nv nv::nv nv::nv nv::nv nv::nv nv::nv nv::nv mark::period
aita ,	nn::prpn.person mark::comma
afabu ha weile be mute mbi ,	verb::vv e::pst.ptcp nv::nv cm::acc verb::vv e::fve.npst mark::comma
emu biya i on be alin be daba me muke be olo me ji he ngge ,	nv::nv nv::nv cm::gen nv::nv cm::acc nv::nv cm::acc verb::vv e::cve nv::nv cm::acc verb::vv e::cve verb::vv e::pst.ptcp nmlz::nmlz mark::comma
mute rakū ci ,	verb::vv e::npst.ptcp.neg e::cve mark::comma
cooha i niyalma gemu bedere me ji fi ,	nv::nv cm::gen nv::nv nv::nv verb::vv e::cve verb::vv e::cve mark::comma
beiguwan toktoi ,	nv::nv nn::prpn.person mark::comma
ilan dzung_bing_guwan i ilan tumen morin i cooha amala gene fi ,	nv::nv nv::nv cm::gen nv::nv nv::nv nv::nv cm::gen nv::nv nv::nv verb::vv e::cve mark::comma
han de da ci ehe akū bi he ,	nv::nv cm::dat nv::nv cm::abl nv::adj nv::adj verb::vv e::pst.ptcp mark::comma
uheri juwe tanggū niyalma be santan beiguwan ,	nv::nv nv::nv nv::nv nv::nv cm::acc nn::prpn.person nv::nv mark::comma
usin tari re ngge sarta mbi kai ,	nv::nv verb::vv e::npst.ptcp nmlz::nmlz verb::vv e::fve.npst ptcl mark::comma
ere cooha be geren seme ume gūni re ,	nv::nv nv::nv cm::acc nv::adj comp nv::nv verb::vv e::npst.ptcp mark::comma
ama ,	nv::nv mark::comma
dain de o ci ,	nv::nv cm::dat verb::vv e::cve mark::comma
jakūn boigon uka me ji he .	nv::nv nv::nv verb::vv e::cve verb::vv e::pst.ptcp mark::period
olbo ,	nv::nv mark::comma
dele abka bi ,	nv::nv nv::nv verb::vv.npst mark::comma
dain akū seme amasi jide re de aca ha ,	nv::nv nv::adj comp nv::nv verb::vv e::npst.ptcp cm::dat verb::vv e::pst.ptcp mark::comma
tiyei_ling ni hecen be gai me gene re de ,	nn::prpn cm::gen nv::nv cm::acc verb::vv e::cve verb::vv e::npst.ptcp cm::dat mark::comma
bu me jabdu ci ,	verb::vv e::cve verb::vv e::cve mark::comma
ai ai ba de anafu te me yabu cibe ,	nv::nv nv::nv nv::nv cm::dat nv::nv verb::vv e::cve verb::vv e::cve mark::comma
bata kimun bi he o ,	nv::nv nv::nv verb::vv e::pst.ptcp ptcl mark::comma
looli ,	nn::prpn.plc mark::comma
emu ubu be gai ha ,	nv::nv nv::nv cm::acc verb::vv e::pst.ptcp mark::comma
šoto ,	nn::prpn.person mark::comma
han ,	nv::nv mark::comma
saikan olho ∅ ,	nv::adj verb::vv e::fve.imperative mark::comma
daha ha niyalma ,	verb::vv e::pst.ptcp nv::nv mark::comma
ilan bedzung de ilata niyalma ,	nv::nv nv::nv cm::dat nv::nv nv::nv mark::comma
sure_kundulen_han ,	nn::prpn mark::comma
ilducan ,	nn::prpn.person mark::comma
yegude be karun gene fi ,	nn::prpn.person cm::acc nv::nv verb::vv e::cve mark::comma
nomin i karun ba de gai ∅ ,	nv::nv cm::gen nv::nv nv::nv cm::dat verb::vv e::fve.imperative mark::comma
abka i bu he ba be ,	nv::nv cm::gen verb::vv e::pst.ptcp nv::nv cm::acc mark::comma
han gaji fi fonji re jaka de ,	nv::nv verb::vv e::cve verb::vv e::npst.ptcp nv::nv cm::dat mark::comma
guwangning de te he amban sa de unggi he bithe i gisun ,	nn::prpn.plc cm::dat verb::vv e::pst.ptcp nv::nv nv::nv cm::dat verb::vv e::pst.ptcp nv::nv cm::gen nv::nv mark::comma
afa ra ba de emu ba de afa me ,	verb::vv e::npst.ptcp nv::nv cm::dat nv::nv nv::nv cm::dat verb::vv e::cve mark::comma
muterei teile faxša me ,	nv::nv nv::nv verb::vv e::cve mark::comma
ilan šeo_pu de juwete niyalma ,	nv::nv nv::nv cm::dat nv::nv nv::nv mark::comma
keintei hoton de ing hada fi ,	nn::prpn.plc nv::nv cm::dat nv::nv verb::vv e::cve mark::comma
hūnta de suwe abala ha o seme fonji re jaka de ,	nv::nv cm::dat pn::2pl verb::vv e::pst.ptcp ptcl comp verb::vv e::npst.ptcp nv::nv cm::dat mark::comma
○ orin emu de ,	mark::circle nv::nv nv::nv cm::dat mark::comma
šorohoi ,	nn::prpn.person mark::comma
juwan de isinji ∅ ,	nv::nv cm::dat verb::vv e::fve.imperative mark::comma
halu_wei i du_jy_hūi_ciyanši erekan i jui tungbulu ,	nn::prpn cm::gen nv::nv nn::prpn.person cm::gen nv::nv nn::prpn.person mark::comma
šun tuhe fi ji he de weile .	nv::nv verb::vv e::cve verb::vv e::pst.ptcp cm::dat nv::nv mark::period
dobi_ecike be gaji fi emgi sarila me je ∅ seme hendu fi ,	nn::prpn cm::acc verb::vv e::cve nv::nv verb::vv e::cve verb::vv e::fve.imperative comp verb::vv e::cve mark::comma
ninggun niyalma be fangkala dere de tebu fi amba sarin sarila ha ,	nv::nv nv::nv cm::acc nv::adj nv::nv cm::dat verb::vv e::cve nv::adj nv::nv verb::vv e::pst.ptcp mark::comma
tere tai niyalma be ebsi gajinji ∅ ,	nv::nv nv::nv nv::nv cm::acc nv::nv verb::vv e::fve.imperative mark::comma
kalka i beile se i juse be sain gucu de amban sa de bu fi ,	nv::nv cm::gen nv::nv nv::nv cm::gen nv::nv cm::acc nv::adj nv::nv cm::dat nv::nv nv::nv cm::dat verb::vv e::cve mark::comma
tana ijubu ha deri genggiyen fiyan tuci mbi ,	nv::nv verb::vv e::pst.ptcp nv::nv nv::adj nv::nv verb::vv e::fve.npst mark::comma
tere ci sure_kundulen_han be daha ha suifun_golo i amban tulen gebungge niyalma be ,	nv::nv cm::abl nn::prpn cm::acc verb::vv e::pst.ptcp nn::prpn cm::gen nv::nv nn::prpn.person nv::adj nv::nv cm::acc mark::comma
iogi hergengge niyalma be sinda fi ,	nv::nv nv::adj nv::nv cm::acc verb::vv e::cve mark::comma
wan_lii i juwan emuci aniya omšon biya i juwan nadan de baha ha ,	nn::prpn cm::gen nv::nv nv::nv nv::nv nv::nv nv::nv cm::gen nv::nv nv::nv cm::dat verb::vv e::pst.ptcp mark::comma
fung_ji_pu i amargi ala ∅ de ,	nn::prpn cm::gen nv::nv verb::vv e::fve.imperative cm::dat mark::comma
beile se amban sa dahūn dahūn i cooha gene ki seme mara me gisure he manggi ,	nv::nv nv::nv nv::nv nv::nv nv::nv nv::nv cm::gen nv::nv verb::vv e::fve.opt comp verb::vv e::cve verb::vv e::pst.ptcp nv::nv mark::comma
mandulai be inu burula ha de ara fi ,	nn::prpn.person cm::acc nv::nv verb::vv e::pst.ptcp cm::dat verb::vv e::cve mark::comma
jai dabsun fuifu re niyalma ,	nv::nv nv::nv verb::vv e::npst.ptcp nv::nv mark::comma
narhūn haya ha i jibca juwan ,	nv::adj verb::vv e::pst.ptcp cm::gen nv::nv nv::nv mark::comma
yaran de buce he seme juwan emu yan i weile waliya mbi ,	nn::prpn.plc cm::dat verb::vv e::pst.ptcp comp nv::nv nv::nv nv::nv cm::gen nv::nv verb::vv e::fve.npst mark::comma
gemu muse i cooha i bedere me jide re be sa fi ,	nv::nv nv::nv cm::gen nv::nv cm::gen verb::vv e::cve verb::vv e::npst.ptcp cm::acc verb::vv e::cve mark::comma
bu he nikan gurun be gemu uju fusi fi fulgiyan moncon hada ha ,	verb::vv e::pst.ptcp nv::nv nv::nv cm::acc nv::nv nv::nv verb::vv e::cve nv::nv nv::nv verb::vv e::pst.ptcp mark::comma
men i juse be gai ha niyalma ,	pn::1pl.excl cm::gen nv::nv cm::acc verb::vv e::pst.ptcp nv::nv mark::comma
yambulu ,	nn::prpn.person mark::comma
niowanggiyaha ,	nn::prpn.plc mark::comma
tondosi gulhun hai_si bili_wei i du_jy_hūi_ciyanši bil i jui aluta ,	nn::prpn.person nv::adj nn::prpn nn::prpn cm::gen nv::nv nn::prpn.person cm::gen nv::nv nn::prpn.person mark::comma
alin ura mbi ,	nv::nv verb::vv e::fve.npst mark::comma
jušen i afa ra ba de afana rakū ,	nv::nv cm::gen verb::vv e::npst.ptcp nv::nv cm::dat verb::vv e::npst.ptcp.neg mark::comma
boigon gaji me ji ∅ ,	nv::nv verb::vv e::cve verb::vv e::fve.imperative mark::comma
○ giyamsu be ,	mark::circle nn::prpn.person cm::acc mark::comma
beye i hūsun isi rakū ,	nv::nv cm::gen nv::nv verb::vv e::npst.ptcp.neg mark::comma
dele habšanji rakū ehe be deribu fi ,	nv::nv verb::vv e::npst.ptcp.neg nv::adj cm::acc verb::vv e::cve mark::comma
○ dajuhū gai ha yung_ning_giyan_pu i teisu emu tanggū dobori dosi fi amasi gene he .	mark::circle nn::prpn.person verb::vv e::pst.ptcp nn::prpn cm::gen nv::nv nv::nv nv::nv nv::nv verb::vv e::cve nv::nv verb::vv e::pst.ptcp mark::period
gašan i giyai de hija tebu he be sa ha de ,	nv::nv cm::gen nv::nv cm::dat nv::nv verb::vv e::pst.ptcp cm::acc verb::vv e::pst.ptcp cm::dat mark::comma
golo i amban ciyandzung ,	nv::nv cm::gen nv::nv nv::nv mark::comma
geren komso i haran waka ,	nv::adj nv::adj cm::gen nv::nv nv::adj mark::comma
ihan_alin de emu feye baha ha seme sunja yan i weile waliya mbi ,	nn::prpn cm::dat nv::nv nv::nv verb::vv e::pst.ptcp comp nv::nv nv::nv cm::gen nv::nv verb::vv e::fve.npst mark::comma
ama be deote be bi hoton de halbu rakū seme gisure he ,	nv::nv cm::acc nv::nv cm::acc pn::1sg nv::nv cm::dat verb::vv e::npst.ptcp.neg comp verb::vv e::pst.ptcp mark::comma
suwen i ukanju be bi bederebu rakū ,	pn::2pl cm::gen nv::nv cm::acc pn::1sg verb::vv e::npst.ptcp.neg mark::comma
abtai dzung_bing_guwan ,	nn::prpn.person nv::nv mark::comma
tuttu tondo i fafula rakū ehe miosihon jurgan i yabu ci ,	nv::nv nv::adj cm::gen verb::vv e::npst.ptcp.neg nv::adj nv::adj nv::nv cm::gen verb::vv e::cve mark::comma
tere i dabala ,	nv::nv cm::gen ptcl mark::comma
nikan i jušen de kamci hakū hecen pu be dende he .	nv::nv cm::gen nv::nv cm::dat verb::vv e::pst.ptcp.neg nv::nv nv::nv cm::acc verb::vv e::pst.ptcp mark::period
han hendu me ,	nv::nv verb::vv e::cve mark::comma
yaya ba i niyalma ,	nv::nv nv::nv cm::gen nv::nv mark::comma
jakūnju honin ,	nv::nv nv::nv mark::comma
tiyan_šui_jan ,	nn::prpn mark::comma
emu tokso de juwan ilan haha ,	nv::nv nv::nv cm::dat nv::nv nv::nv nv::nv mark::comma
hūlha hakū ci ,	verb::vv e::pst.ptcp.neg e::cve mark::comma
toboi ,	nn::prpn.person mark::comma
gana ki se mbihe de ,	verb::vv e::fve.opt verb::vv e::fve.pst.ipfv cm::dat mark::comma
nikan ,	nv::nv mark::comma
kadala ra fafula ra ba de beye banda rakū ,	verb::vv e::npst.ptcp verb::vv e::npst.ptcp nv::nv cm::dat nv::nv verb::vv e::npst.ptcp.neg mark::comma
jori ha jurgan be jurce rakū seme ,	verb::vv e::pst.ptcp nv::nv cm::acc verb::vv e::npst.ptcp.neg comp mark::comma
bulak ,	nn::prpn.person mark::comma
yuwan_sin gebungge ciyandzung angga i alanji ha bi he ,	nn::prpn nv::adj nv::nv nv::nv cm::gen verb::vv e::pst.ptcp verb::vv e::pst.ptcp mark::comma
jai hūlan i golo be dosi ka cooha ,	nv::nv nv::nv cm::gen nv::nv cm::acc verb::vv e::pst.ptcp nv::nv mark::comma
liyoodung ni giyūn men ,	nn::prpn.plc cm::gen nv::nv nv::nv mark::comma
○ juwan jakūn de ,	mark::circle nv::nv nv::nv cm::dat mark::comma
ilaci jergi iogi i caliyan ,	nv::nv nv::nv nv::nv cm::gen nv::nv mark::comma
teling ,	nn::prpn.person mark::comma
dahara ,	nn::prpn.person mark::comma
olji be aina mbi ,	nv::nv cm::acc verb::vv e::fve.npst mark::comma
uju jergi koci_hiya ,	nv::nv nv::nv nn::prpn mark::comma
nombalai ,	nn::prpn.person mark::comma
in i hanciki hiyasa be ,	pn::3sg cm::gen nv::adj nv::nv cm::acc mark::comma
tondai ,	nn::prpn.person mark::comma
mahala ,	nv::nv mark::comma
suwe jabdu ci emu dube de dosi me tuwa ∅ ,	pn::2pl verb::vv e::cve nv::nv nv::nv cm::dat verb::vv e::cve verb::vv e::fve.imperative mark::comma
suna_efu ,	nn::prpn mark::comma
ambai ,	nn::prpn.person mark::comma
umai de erdemu akū bi he ,	nv::nv cm::dat nv::nv nv::adj verb::vv e::pst.ptcp mark::comma
tere suju re de ,	nv::nv verb::vv e::npst.ptcp cm::dat mark::comma
fila juwe ,	nv::nv nv::nv mark::comma
mahadan ,	nn::prpn.plc mark::comma
ala rakū ci ,	verb::vv e::npst.ptcp.neg e::cve mark::comma
darhan_hiya ,	nn::prpn mark::comma
aisin se re ngge ,	nv::nv verb::vv e::npst.ptcp nmlz::nmlz mark::comma
ula de emu feye baha ha seme ,	nv::nv cm::dat nv::nv nv::nv verb::vv e::pst.ptcp comp mark::comma
juwan juwe de ,	nv::nv nv::nv cm::dat mark::comma
hoto i jui yeke be ama i funde beiguwan obu ha ,	nn::prpn.person cm::gen nv::nv nn::prpn.person cm::acc nv::nv cm::gen nv::nv nv::nv verb::vv e::pst.ptcp mark::comma
jeku i eye i angga be dasi rakū ojo rahū ,	nv::nv cm::gen nv::nv cm::gen nv::nv cm::acc verb::vv e::npst.ptcp.neg verb::vv e::fve.prv mark::comma
han ama i ejelebu he doro ci bi jaila ra ,	nv::nv nv::nv cm::gen verb::vv e::pst.ptcp nv::nv cm::abl pn::1sg verb::vv e::npst.ptcp mark::comma
nene me nemše me morin ulebu me tuci ke niyalma be ,	verb::vv e::cve verb::vv e::cve nv::nv verb::vv e::cve verb::vv e::pst.ptcp nv::nv cm::acc mark::comma
uba i amban sa gene he manggi icihiya kini .	nv::nv cm::gen nv::nv nv::nv verb::vv e::pst.ptcp nv::nv verb::vv e::fve.opt mark::period
wei_ning_ing de unggi he ,	nn::prpn cm::dat verb::vv e::pst.ptcp mark::comma
halhūn de ambu fi jeku wenje he de ,	nv::adj cm::dat verb::vv e::cve nv::nv verb::vv e::pst.ptcp cm::dat mark::comma
yadalinggū be gidaša ra ngge sain mujilen waka seme ara habi ,	nv::adj cm::acc verb::vv e::npst.ptcp nmlz::nmlz nv::adj nv::nv nv::adj comp verb::vv e::fve.prs.prf mark::comma
iogi i hergen minggan nikan bu hebi ,	nv::nv cm::gen nv::nv nv::nv nv::nv verb::vv e::fve.prs.prf mark::comma
nikan cooha burula ha ,	nv::nv nv::nv verb::vv e::pst.ptcp mark::comma
usin be ,	nv::nv cm::acc mark::comma
teisule me cooha be suwen i beye gaji me ji ∅ ,	verb::vv e::cve nv::nv cm::acc pn::2pl cm::gen nv::nv verb::vv e::cve verb::vv e::fve.imperative mark::comma
orin de meni meni akdula ha gisun be han de wesimbu ∅ ,	nv::nv cm::dat nv::nv nv::nv verb::vv e::pst.ptcp nv::nv cm::acc nv::nv cm::dat verb::vv e::fve.imperative mark::comma
wan_lii i orin sunjaci aniya sunja biya i ice de baha ha ,	nn::prpn cm::gen nv::nv nv::nv nv::nv nv::nv nv::nv cm::gen nv::adj cm::dat verb::vv e::pst.ptcp mark::comma
minggan ba ci ji ci mangga ,	nv::nv nv::nv cm::abl verb::vv e::cve nv::adj mark::comma
abka wakala fi ,	nv::nv verb::vv e::cve mark::comma
abka i sinda ha tondo mujilengge han ,	nv::nv cm::gen verb::vv e::pst.ptcp nv::adj nv::adj nv::nv mark::comma
juwe jergi buce re weile be guwebu mbi ,	nv::nv nv::nv verb::vv e::npst.ptcp nv::nv cm::acc verb::vv e::fve.npst mark::comma
tasha i dahū juwe ,	nv::nv cm::gen nv::nv nv::nv mark::comma
ooba_taiji de isina fi ala ra jaka de ,	nn::prpn cm::dat verb::vv e::cve verb::vv e::npst.ptcp nv::nv cm::dat mark::comma
šeo_pu gemu bithe ara me gai fi yamji cimari baica ∅ ,	nv::nv nv::nv nv::nv verb::vv e::cve verb::vv e::cve nv::nv nv::nv verb::vv e::fve.imperative mark::comma
men i aisin han ,	pn::1pl.excl cm::gen nv::nv nv::nv mark::comma
ere gemu cahar i beile se ,	nv::nv nv::nv nn::prpn.plc cm::gen nv::nv nv::nv mark::comma
○ salisai ba i nikan ,	mark::circle nn::prpn.plc nv::nv cm::gen nv::nv mark::comma
gida ha cooha de dain i niyalma be ambula baha fi wa hakū seme ,	verb::vv e::pst.ptcp nv::nv cm::dat nv::nv cm::gen nv::nv cm::acc nv::nv verb::vv e::cve verb::vv e::pst.ptcp.neg comp mark::comma
jai cimari han ,	nv::nv nv::nv nv::nv mark::comma
juwan duin de amasi gene he ,	nv::nv nv::nv cm::dat nv::nv verb::vv e::pst.ptcp mark::comma
majige andan de tere juwe tumen yafahan cooha be gemu wa ha ,	nv::adj nv::nv cm::dat nv::nv nv::nv nv::nv nv::adj nv::nv cm::acc nv::nv verb::vv e::pst.ptcp mark::comma
nikan cooha poo miyoocan be ambula sinda me jabdu hakū ,	nv::nv nv::nv nv::nv nv::nv cm::acc nv::nv verb::vv e::cve verb::vv e::pst.ptcp.neg mark::comma
han de waka sabu fi weile baha fi boo yada kini ,	nv::nv cm::dat nv::adj verb::vv e::cve nv::nv verb::vv e::cve nv::nv verb::vv e::fve.opt mark::comma
min i juse omosi jalan hala me han de gosibu me wesihun banji kini .	pn::1sg cm::gen nv::nv nv::nv nv::nv verb::vv e::cve nv::nv cm::dat verb::vv e::cve nv::nv verb::vv e::fve.opt mark::period
juwe gurun sain banji ki se ci ,	nv::nv nv::nv nv::adj verb::vv e::fve.opt verb::vv e::cve mark::comma
muse i karun i gaibu ha duin niyalma i juse sargan de juwanta yan menggun bu ∅ ,	nv::nv cm::gen nv::nv cm::gen verb::vv e::pst.ptcp nv::nv nv::nv cm::gen nv::nv nv::nv cm::dat nv::nv nv::nv nv::nv verb::vv e::fve.imperative mark::comma
aba de dosi me arca me feksi ci ,	nv::nv cm::dat verb::vv e::cve verb::vv e::cve verb::vv e::cve mark::comma
meye be han kemuni gosi mbihe .	nv::nv cm::acc nv::nv nv::nv verb::vv e::fve.pst.ipfv mark::period
ninju nadan niyalma de ,	nv::nv nv::nv nv::nv cm::dat mark::comma
hoton i tule tuci fi giyoocan de okdo fi ,	nv::nv cm::gen nv::nv verb::vv e::cve nv::nv cm::dat verb::vv e::cve mark::comma
boo i aha i gese uji hebi kai ,	nv::nv cm::gen nv::nv cm::gen nv::nv verb::vv e::fve.prs.prf ptcl mark::comma
juwan uyun de geren hafasa de wasimbu ha ,	nv::nv nv::nv cm::dat nv::adj nv::nv cm::dat verb::vv e::pst.ptcp mark::comma
subahai ša_ling_wei i du_jy_hūi_ciyanši taibuha i jui suheli ,	nn::prpn.person nn::prpn cm::gen nv::nv nn::prpn.person cm::gen nv::nv nn::prpn.person mark::comma
g'aohede ,	nn::prpn.person mark::comma
niyalma i beye o ci gemu gese kai ,	nv::nv cm::gen nv::nv verb::vv e::cve nv::nv nv::nv ptcl mark::comma
duin niongniyaha benji he ,	nv::nv nv::nv verb::vv e::pst.ptcp mark::comma
niyalma guwe he niyalma de menggun i weile naka ha ,	nv::nv verb::vv e::pst.ptcp nv::nv cm::dat nv::nv cm::gen nv::nv verb::vv e::pst.ptcp mark::comma
men i ba na gemu gaibu fi ,	pn::1pl.excl cm::gen nv::nv nv::nv nv::nv verb::vv e::cve mark::comma
ilhi jaka be hūlha ha niyalma be ,	nv::nv nv::nv cm::acc verb::vv e::pst.ptcp nv::nv cm::acc mark::comma
emu minggan kadala ra niyalma ,	nv::nv nv::nv verb::vv e::npst.ptcp nv::nv mark::comma
○ mao_wen_lung ni šusihiye me takūra ha giyansi niyalma be ,	mark::circle nn::prpn cm::gen verb::vv e::cve verb::vv e::pst.ptcp nv::nv nv::nv cm::acc mark::comma
jeku orho moo elgiyen ,	nv::nv nv::nv nv::nv nv::adj mark::comma
ajige_age ,	nn::prpn mark::comma
kalka i sunja tatan i beile se de unggi he bithe i gisun ,	nv::nv cm::gen nv::nv nv::nv cm::gen nv::nv nv::nv cm::dat verb::vv e::pst.ptcp nv::nv cm::gen nv::nv mark::comma
tere bithe han tuwa fi ,	nv::nv nv::nv nv::nv verb::vv e::cve mark::comma
hafan tondo i beide fi ,	nv::nv nv::adj cm::gen verb::vv e::cve mark::comma
hūcihari de emu feye ,	nn::prpn.plc cm::dat nv::nv nv::nv mark::comma
hahana fujiyang ni hergen be efule fi ,	nn::prpn.person nv::nv cm::gen nv::nv cm::acc verb::vv e::cve mark::comma
orin gūsin mudan takūra ci aca hakū ,	nv::nv nv::nv nv::nv verb::vv e::cve verb::vv e::pst.ptcp.neg mark::comma
gemu guwangning hecen i tsang de sinda ∅ ,	nv::nv nn::prpn.plc nv::nv cm::gen nv::nv cm::dat verb::vv e::fve.imperative mark::comma
na de sahaliyan ihan wa me gashū ha gisun ,	nv::nv cm::dat nv::adj nv::nv verb::vv e::cve verb::vv e::pst.ptcp nv::nv mark::comma
men be ume aliya ra se mbi ,	pn::1pl.excl cm::acc nv::nv verb::vv e::npst.ptcp verb::vv e::fve.npst mark::comma
suwe loho wa ra ,	pn::2pl nv::nv verb::vv e::npst.ptcp mark::comma
ehe sain be dere bani rakū ,	nv::adj nv::adj cm::acc nv::nv verb::vv e::npst.ptcp.neg mark::comma
ineku juleri ye_bu_šeo sinda fi ,	nv::nv nv::nv nv::nv verb::vv e::cve mark::comma
min be daha ha gurun i ukanju be ,	pn::1sg cm::acc verb::vv e::pst.ptcp nv::nv cm::gen nv::nv cm::acc mark::comma
abka ,	nv::nv mark::comma
duka be dule ci ,	nv::nv cm::acc verb::vv e::cve mark::comma
dzung_bing_guwan ,	nv::nv mark::comma
○ du_tang ni bithe ,	mark::circle nv::nv cm::gen nv::nv mark::comma
amba yamun de tuci fi ,	nv::adj nv::nv cm::dat verb::vv e::cve mark::comma
han i dasa ha ba ci onco sain ,	nv::nv cm::gen verb::vv e::pst.ptcp nv::nv cm::abl nv::adj nv::adj mark::comma
monggo ,	nv::nv mark::comma
sungsi ,	nn::prpn.person mark::comma
ilan tanggū haha be ,	nv::nv nv::nv nv::nv cm::acc mark::comma
ilan ukanju gene he be ,	nv::nv nv::nv verb::vv e::pst.ptcp cm::acc mark::comma
da ci jakūn beile boo emte tanggū haha sinda fi ,	nv::nv cm::abl nv::nv nv::nv nv::nv nv::nv nv::nv nv::nv verb::vv e::cve mark::comma
ula de emu feye gabtabu ha ,	nv::nv cm::dat nv::nv nv::nv verb::vv e::pst.ptcp mark::comma
giya_jing ni dehi duici aniya uyun biya i juwan ilan de baha ha ,	nn::prpn cm::gen nv::nv nv::nv nv::nv nv::nv nv::nv cm::gen nv::nv nv::nv cm::dat verb::vv e::pst.ptcp mark::comma
amala tule gene ∅ ,	nv::nv nv::nv verb::vv e::fve.imperative mark::comma
min i juse omosi jalan hala me han de gosibu me wesihun banji kini .	pn::1sg cm::gen nv::nv nv::nv nv::nv verb::vv e::cve nv::nv cm::dat verb::vv e::cve nv::nv verb::vv e::fve.opt mark::period
manggūltai_beile i cooha gene he ba ci ,	nn::prpn cm::gen nv::nv verb::vv e::pst.ptcp nv::nv cm::abl mark::comma
enggemu akū morin yalu fi ,	nv::nv nv::adj nv::nv verb::vv e::cve mark::comma
si ali me gaija rakū giyangna fi tuhe ke manggi ,	pn::2sg verb::vv e::cve verb::vv e::npst.ptcp.neg verb::vv e::cve verb::vv e::pst.ptcp nv::nv mark::comma
šose ,	nn::prpn.person mark::comma
emu kukuri arjan arki gaji me isinji ha .	nv::nv nv::nv nv::nv nv::nv verb::vv e::cve verb::vv e::pst.ptcp mark::period
buya niyalma be uji re ngge ere inu ,	nv::adj nv::nv cm::acc verb::vv e::npst.ptcp nmlz::nmlz nv::nv nv::nv mark::comma
bata kimun seme gida rakū ,	nv::nv nv::nv comp verb::vv e::npst.ptcp.neg mark::comma
duici_beile hendu me ,	nn::prpn verb::vv e::cve mark::comma
uka me gene mbi seme hebde fi ,	verb::vv e::cve verb::vv e::fve.npst comp verb::vv e::cve mark::comma
sure_kundulen_han ,	nn::prpn mark::comma
busan bi olho me karun juce sinda me ,	nn::prpn.person pn::1sg verb::vv e::cve nv::nv nv::nv verb::vv e::cve mark::comma
cooha be okdo me gene mbi seme hendu fi ,	nv::nv cm::acc verb::vv e::cve verb::vv e::fve.npst comp verb::vv e::cve mark::comma
giya_jing ni dehi sunjaci aniya juwe biya i orin juwe de baha ha ,	nn::prpn cm::gen nv::nv nv::nv nv::nv nv::nv nv::nv cm::gen nv::nv nv::nv cm::dat verb::vv e::pst.ptcp mark::comma
šajin de beide fi ,	nv::nv cm::dat verb::vv e::cve mark::comma
hunehe ,	nn::prpn.plc mark::comma
○ juwan ilan de ,	mark::circle nv::nv nv::nv cm::dat mark::comma
ne banji re de inu suwen i gebu algin amban o mbi ,	nv::nv verb::vv e::npst.ptcp cm::dat nv::nv pn::2pl cm::gen nv::nv nv::nv nv::nv verb::vv e::fve.npst mark::comma
unggadai ,	nn::prpn.person mark::comma
liyoodung ci burula me tuci ke han'_tsanjiyang ,	nn::prpn.plc cm::abl verb::vv e::cve verb::vv e::pst.ptcp nn::prpn mark::comma
sancara amba ajigen uhereme juwan emu hecen be afa me gai fi ,	nn::prpn.plc nv::adj nv::adj nv::nv nv::nv nv::nv nv::nv cm::acc verb::vv e::cve verb::vv e::cve mark::comma
fakca fi yabu ha seme gemu wa ha ,	verb::vv e::cve verb::vv e::pst.ptcp comp nv::nv verb::vv e::pst.ptcp mark::comma
bagadarhan i juwan boigon uka me ji he .	nn::prpn.person cm::gen nv::nv nv::nv verb::vv e::cve verb::vv e::pst.ptcp mark::period
ihan ninju ,	nv::nv nv::nv mark::comma
nukte re monggo hūwang_ni_wa ci uka me gama ha .	verb::vv e::npst.ptcp nv::nv nn::prpn cm::abl verb::vv e::cve verb::vv e::pst.ptcp mark::period
uyun hala i gurun ,	nv::nv nv::nv cm::gen nv::nv mark::comma
usin be ,	nv::nv cm::acc mark::comma
han sarkū seme hutu i mujilen jafa ci ,	nv::nv nv::nv comp nv::nv cm::gen nv::nv verb::vv e::cve mark::comma
in i niru i niyamangga niyalma be hecen weile re de guwebu he seme ,	pn::3sg cm::gen nv::nv cm::gen nv::nv nv::nv cm::acc nv::nv verb::vv e::npst.ptcp cm::dat verb::vv e::pst.ptcp comp mark::comma
jai sunja niyalma be orin ilata šusiha šusihala fi ,	nv::nv nv::nv nv::nv cm::acc nv::nv nv::nv nv::nv verb::vv e::cve mark::comma
uncehen be daha me ji fi meni meni te he ba de te ,	nv::nv cm::acc verb::vv e::cve verb::vv e::cve nv::nv nv::nv verb::vv e::pst.ptcp nv::nv cm::dat nv::nv mark::comma
min i dergi boo i amargi boo de bu fi hendu me ,	pn::1sg cm::gen nv::nv nv::nv cm::gen nv::nv nv::nv cm::dat verb::vv e::cve verb::vv e::cve mark::comma
orin da sirdan ,	nv::nv nv::nv nv::nv mark::comma
bithe be tuwa me si tucibu fi unggi ∅ ,	nv::nv cm::acc verb::vv e::cve pn::2sg verb::vv e::cve verb::vv e::fve.imperative mark::comma
unggi he bithe i gisun ,	verb::vv e::pst.ptcp nv::nv cm::gen nv::nv mark::comma
monggo i fujisa be sujubu fi ,	nv::nv cm::gen nv::nv cm::acc verb::vv e::cve mark::comma
uba ci cooha unggi fi isebu me wa ki .	nv::nv cm::abl nv::nv verb::vv e::cve verb::vv e::cve verb::vv e::fve.opt mark::period
○ asari beiguwan .	mark::circle nv::nv nv::nv mark::period
niyalma guwe hekū niyalma de menggun i weile kemuni waliya mbi .	nv::nv verb::vv e::pst.ptcp.neg nv::nv cm::dat nv::nv cm::gen nv::nv nv::nv verb::vv e::fve.npst mark::period
gebakū ,	nn::prpn.person mark::comma
juwanta yan menggun šangna me bu he .	nv::nv nv::nv nv::nv verb::vv e::cve verb::vv e::pst.ptcp mark::period
ume tuci re ,	nv::nv verb::vv e::npst.ptcp mark::comma
ubahai ,	nn::prpn.person mark::comma
giya_jing ni dehi juwe ci aniya ninggun biya i juwan duin de baha ha ,	nn::prpn cm::gen nv::nv verb::vv e::cve nv::nv nv::nv nv::nv cm::gen nv::nv nv::nv cm::dat verb::vv e::pst.ptcp mark::comma
ice de jura mbi se mbi se re seme alanji ha ,	nv::adj cm::dat verb::vv e::fve.npst verb::vv e::fve.npst verb::vv e::npst.ptcp comp verb::vv e::pst.ptcp mark::comma
fu_jeo hecen de da tolo ho nadan minggan haha ci ,	nn::prpn nv::nv cm::dat nv::nv verb::vv e::pst.ptcp nv::nv nv::nv nv::nv cm::abl mark::comma
alban weilebu rakū ,	nv::nv verb::vv e::npst.ptcp.neg mark::comma
○ ginjeo hecen i aita iogi ,	mark::circle nn::prpn.plc nv::nv cm::gen nn::prpn.person nv::nv mark::comma
emu minggan funce me nikan uka ka seme donji fi ,	nv::nv nv::nv verb::vv e::cve nv::nv verb::vv e::pst.ptcp comp verb::vv e::cve mark::comma
birai_dergi niyalma be gemu haha tolo fi ,	nn::prpn nv::nv cm::acc nv::nv nv::nv verb::vv e::cve mark::comma
jai emke be ,	nv::nv nv::nv cm::acc mark::comma
afabu ha weile be mute mbi ,	verb::vv e::pst.ptcp nv::nv cm::acc verb::vv e::fve.npst mark::comma
yahū ,	nn::prpn.person mark::comma
ere indahūn aniya hecen weile re alban guwebu he ,	nv::nv nv::nv nv::nv nv::nv verb::vv e::npst.ptcp nv::nv verb::vv e::pst.ptcp mark::comma
juwan ninggun amban be tucibu fi ,	nv::nv nv::nv nv::nv cm::acc verb::vv e::cve mark::comma
ahūn deo be ehe seme ji he be daha me ,	nv::nv nv::nv cm::acc nv::adj comp verb::vv e::pst.ptcp cm::acc verb::vv e::cve mark::comma
fulgiyan jafu jakūta bu he ,	nv::nv nv::nv nv::nv verb::vv e::pst.ptcp mark::comma
juwe ba i dusy hafan ,	nv::nv nv::nv cm::gen nv::nv nv::nv mark::comma
baduri ,	nn::prpn.person mark::comma
bursanggū ,	nn::prpn.person mark::comma
emu jergi gaija ra weile be waliya mbi .	nv::nv nv::nv verb::vv e::npst.ptcp nv::nv cm::acc verb::vv e::fve.npst mark::period
te he yafahan de neme ∅ ,	verb::vv e::pst.ptcp nv::adj cm::dat verb::vv e::fve.imperative mark::comma
yahican ,	nn::prpn.person mark::comma
○ orin juwe de ,	mark::circle nv::nv nv::nv cm::dat mark::comma
jang_k'o_dao ,	nn::prpn mark::comma
se jalgan foholon o fi ,	nv::nv nv::nv nv::adj verb::vv e::cve mark::comma
ineku kiru be jailabu fi ,	nv::nv nv::nv cm::acc verb::vv e::cve mark::comma
utala aniya jing niyalma takūra me ,	nv::nv nv::nv nv::nv nv::nv verb::vv e::cve mark::comma
ihan_alin de emu feye ,	nn::prpn cm::dat nv::nv nv::nv mark::comma
šun tuhe re fajiran deri šurde me hecen be afa ha ba be tuwa fi ,	nv::nv verb::vv e::npst.ptcp nv::nv nv::nv verb::vv e::cve nv::nv cm::acc verb::vv e::pst.ptcp nv::nv cm::acc verb::vv e::cve mark::comma
○ ninggun biya i juwan jakūn de ,	mark::circle nv::nv nv::nv cm::gen nv::nv nv::nv cm::dat mark::comma
šumin duin da ,	nv::adj nv::nv nv::nv mark::comma
cooha bargiya ra onggolo ,	nv::nv verb::vv e::npst.ptcp nv::nv mark::comma
gai ha morin be conoko si ainu gai mbi ,	verb::vv e::pst.ptcp nv::nv cm::acc nn::prpn.person pn::2sg nv::nv verb::vv e::fve.npst mark::comma
ji he seme singgebu rakū amasi bederebu mbi seme hendu fi unggi hebi ,	verb::vv e::pst.ptcp comp verb::vv e::npst.ptcp.neg nv::nv verb::vv e::fve.npst comp verb::vv e::cve verb::vv e::fve.prs.prf mark::comma
jirgalang_age ,	nn::prpn mark::comma
min i ujalu gebungge gašan be sucu fi gama ha ,	pn::1sg cm::gen nn::prpn.plc nv::adj nv::nv cm::acc verb::vv e::cve verb::vv e::pst.ptcp mark::comma
encu fakca fi dobori dedu he seme ,	nv::nv verb::vv e::cve nv::nv verb::vv e::pst.ptcp comp mark::comma
men i aisin gurun i asu be bederebu hekū ,	pn::1pl.excl cm::gen nv::nv nv::nv cm::gen nn::prpn.person cm::acc verb::vv e::pst.ptcp.neg mark::comma
suje jodo ro subeliyen baha ra umiyaha uji me deribu he ,	nv::nv verb::vv e::npst.ptcp nv::nv verb::vv e::npst.ptcp nv::nv verb::vv e::cve verb::vv e::pst.ptcp mark::comma
jori ha jurgan be jurce rakū seme beiguwan obu ha .	verb::vv e::pst.ptcp nv::nv cm::acc verb::vv e::npst.ptcp.neg comp nv::nv verb::vv e::pst.ptcp mark::period
juwe jergi buce re weile be guwebu mbi .	nv::nv nv::nv verb::vv e::npst.ptcp nv::nv cm::acc verb::vv e::fve.npst mark::period
min i nene me emhun amcana fi afa ha ba de ,	pn::1sg cm::gen verb::vv e::cve nv::nv verb::vv e::cve verb::vv e::pst.ptcp nv::nv cm::dat mark::comma
ajige_taiji ,	nn::prpn mark::comma
sunja tanggū cooha be unggi fi ,	nv::nv nv::nv nv::nv cm::acc verb::vv e::cve mark::comma
orin ihan ,	nv::nv nv::nv mark::comma
da ∅ ,	verb::vv e::fve.imperative mark::comma
jalgana ,	nn::prpn.person mark::comma
uheri emu tumen ilan minggan sunja tanggū dehi ,	nv::nv nv::nv nv::nv nv::nv nv::nv nv::nv nv::nv nv::nv mark::comma
ulan fete fi poo miyoocan jergi sinda me dasa fi ,	nv::nv verb::vv e::cve nv::nv nv::nv nv::nv verb::vv e::cve verb::vv e::cve mark::comma
dube lakca rakū daha me ji mbi kai ,	nv::nv verb::vv e::npst.ptcp.neg verb::vv e::cve verb::vv e::fve.npst ptcl mark::comma
○ sunja biya i ice sunja de ,	mark::circle nv::nv nv::nv cm::gen nv::adj nv::nv cm::dat mark::comma
○ bahi be ,	mark::circle nn::prpn.person cm::acc mark::comma
soro duin to ,	nv::nv nv::nv nv::nv mark::comma
juse be ,	nv::nv cm::acc mark::comma
te he niyalma de te he doro i ,	verb::vv e::pst.ptcp nv::nv cm::dat verb::vv e::pst.ptcp nv::nv cm::gen mark::comma
juwe niyalma becunu fi ,	nv::nv nv::nv verb::vv e::cve mark::comma
adarame emu hecen de te fi bi ci o mbi ,	nv::nv nv::nv nv::nv cm::dat verb::vv e::cve verb::vv e::cve verb::vv e::fve.npst mark::comma
○ lenggeri be ,	mark::circle nv::nv cm::acc mark::comma
eidu_baturu ,	nn::prpn mark::comma
sunja yan i weile waliya mbi ,	nv::nv nv::nv cm::gen nv::nv verb::vv e::fve.npst mark::comma
tere be sin de aha bu hebi o ,	nv::nv cm::acc pn::2sg cm::dat nv::nv verb::vv e::fve.prs.prf ptcl mark::comma
ere i karu aise me jabu re ,	nv::nv cm::gen nv::nv verb::vv e::cve verb::vv e::npst.ptcp mark::comma
sin de giyangna ra gisun akū o ci ,	pn::2sg cm::dat verb::vv e::npst.ptcp nv::nv nv::adj verb::vv e::cve mark::comma
beile se i hanci te kini ,	nv::nv nv::nv cm::gen nv::adj verb::vv e::fve.opt mark::comma
bata be gida habi dere .	nv::nv cm::acc verb::vv e::fve.prs.prf ptcl mark::period
jai hūng_baturu ci haha i canggi emu tanggū ji hebi ,	nv::nv nn::prpn cm::abl nv::nv cm::gen nv::nv nv::nv nv::nv verb::vv e::fve.prs.prf mark::comma
nikan i jase i dorgi tubihe moo i da be dasa me gene fi ,	nv::nv cm::gen nv::nv cm::gen nv::nv nv::nv nv::nv cm::gen nv::nv cm::acc verb::vv e::cve verb::vv e::cve mark::comma
hoifa ,	nn::prpn.plc mark::comma
si taka bedere ∅ ,	pn::2sg nv::nv verb::vv e::fve.imperative mark::comma
tuttu uji ∅ seme afabu ha monggo de ,	nv::nv verb::vv e::fve.imperative comp verb::vv e::pst.ptcp nv::nv cm::dat mark::comma
jibehun ,	nv::nv mark::comma
fejergi amban sa be gosi me uji fi ,	nv::nv nv::nv nv::nv cm::acc verb::vv e::cve verb::vv e::cve mark::comma
duin ošoho i mangse i puse ,	nv::nv nv::nv cm::gen nv::nv cm::gen nv::nv mark::comma
be adarame banji re seme haira mbi ,	pn::1pl.excl nv::nv verb::vv e::npst.ptcp comp verb::vv e::fve.npst mark::comma
du_tang duile fi jakūn wang de wesimbu he ,	nv::nv verb::vv e::cve nv::nv nv::nv cm::dat verb::vv e::pst.ptcp mark::comma
amba ajigen poo miyoocan emu minggan juwe tanggū ,	nv::adj nv::adj nv::nv nv::nv nv::nv nv::nv nv::nv nv::nv mark::comma
nadan tanggū ninggun beiguwan de ,	nv::nv nv::nv nv::nv nv::nv cm::dat mark::comma
emu feye sacibu ha seme ,	nv::nv nv::nv verb::vv e::pst.ptcp comp mark::comma
juwan niyalma be wa ha .	nv::nv nv::nv cm::acc verb::vv e::pst.ptcp mark::period
tuci ke manggi ,	verb::vv e::pst.ptcp nv::nv mark::comma
juse omosi jalan hala me gosi re doro be ume lashala ra .	nv::nv nv::nv nv::nv verb::vv e::cve verb::vv e::npst.ptcp nv::nv cm::acc nv::nv verb::vv e::npst.ptcp mark::period
han i sinda ha hafan be ainu jafa fi bu mbi ,	nv::nv cm::gen verb::vv e::pst.ptcp nv::nv cm::acc nv::nv verb::vv e::cve verb::vv e::fve.npst mark::comma
morin tofohon ,	nv::nv nv::nv mark::comma
suru morin de olbo buktuli ha bi he seme ala ha ,	nv::adj nv::nv cm::dat nv::nv verb::vv e::pst.ptcp verb::vv e::pst.ptcp comp verb::vv e::pst.ptcp mark::comma
dube jecen bargiya ra ,	nv::nv nv::nv verb::vv e::npst.ptcp mark::comma
morin ulebu me tuta ra juwan niyalma ,	nv::nv verb::vv e::cve verb::vv e::npst.ptcp nv::nv nv::nv mark::comma
cooha i niyalma i jafa ra agūra be gemu meni meni kadala ra hafan i boo de karma fi asara ∅ ,	nv::nv cm::gen nv::nv cm::gen verb::vv e::npst.ptcp nv::nv cm::acc nv::nv nv::nv nv::nv verb::vv e::npst.ptcp nv::nv cm::gen nv::nv cm::dat verb::vv e::cve verb::vv e::fve.imperative mark::comma
suwen i ginjeo ,	pn::2pl cm::gen nn::prpn.plc mark::comma
ihan juwe minggan nadan ,	nv::nv nv::nv nv::nv nv::nv mark::comma
yehe i burhanggū_efu i eniye ,	nv::nv cm::gen nn::prpn cm::gen nv::nv mark::comma
juwe gurun emu gurun i gese banji ki seme hebde fi ,	nv::nv nv::nv nv::nv nv::nv cm::gen nv::nv verb::vv e::fve.opt comp verb::vv e::cve mark::comma
tuttu hengkile me aca me waji ha manggi ,	nv::nv verb::vv e::cve verb::vv e::cve verb::vv e::pst.ptcp nv::nv mark::comma
mergen faksi mujilen dele ,	nv::adj nv::nv nv::nv nv::nv mark::comma
ai ai jaka be gemu deote de acabu fi ,	nv::nv nv::nv nv::nv cm::acc nv::nv nv::nv cm::dat verb::vv e::cve mark::comma
gemu bederebu he .	nv::nv verb::vv e::pst.ptcp mark::period
sahaliyan_ula i sahaliyan gurun ,	nn::prpn cm::gen nv::adj nv::nv mark::comma
damtun jafabu fi menggun gai fi uka mbi ,	nv::nv verb::vv e::cve nv::nv verb::vv e::cve verb::vv e::fve.npst mark::comma
jori ha jurgan be jurce rakū seme beiguwan obu ha .	verb::vv e::pst.ptcp nv::nv cm::acc verb::vv e::npst.ptcp.neg comp nv::nv verb::vv e::pst.ptcp mark::period
ulgiyan wa fi je ke ,	nv::nv verb::vv e::cve verb::vv e::pst.ptcp mark::comma
○ duin biya i orin juwe de ,	mark::circle nv::nv nv::nv cm::gen nv::nv nv::nv cm::dat mark::comma
orin muwa boso ,	nv::nv nv::adj nv::nv mark::comma
usin tari re ulha akū o fi ,	nv::nv verb::vv e::npst.ptcp nv::nv nv::adj verb::vv e::cve mark::comma
juwan ilaci jergi ,	nv::nv nv::nv nv::nv mark::comma
fung_hūwang ni iogi ,	nn::prpn cm::gen nv::nv mark::comma
dergi hoton i niyalma buren burde fi tulergi jase hecen be waliya fi ,	nv::nv nv::nv cm::gen nv::nv nv::nv verb::vv e::cve nv::nv nv::nv nv::nv cm::acc verb::vv e::cve mark::comma
dere de hendu me baha rakū ,	nv::nv cm::dat verb::vv e::cve verb::vv e::npst.ptcp.neg mark::comma
han hendu me ,	nv::nv verb::vv e::cve mark::comma
soohai ,	nn::prpn.person mark::comma
hūlha me ara fi somi me asara ha etuku aika jaka umai daljakū ambula o fi ,	verb::vv e::cve verb::vv e::cve verb::vv e::cve verb::vv e::pst.ptcp nv::nv nv::nv nv::nv nv::nv nv::adj nv::nv verb::vv e::cve mark::comma
hecen i ninggureme bošo me wa fi cooha dosi ci ,	nv::nv cm::gen nv::nv verb::vv e::cve verb::vv e::cve nv::nv verb::vv e::cve mark::comma
morin i cilburi jafa fi ,	nv::nv cm::gen nv::nv verb::vv e::cve mark::comma
yamun de tuci fi te he manggi ,	nv::nv cm::dat verb::vv e::cve verb::vv e::pst.ptcp nv::nv mark::comma
jorgon biya i ice inenggi wasimbu ha ,	nv::nv nv::nv cm::gen nv::adj nv::nv verb::vv e::pst.ptcp mark::comma
cooha gemu meni meni boo de bedere he ,	nv::nv nv::nv nv::nv nv::nv nv::nv cm::dat verb::vv e::pst.ptcp mark::comma
ehe be ehe seme han de ala mbi ,	nv::adj cm::acc nv::adj comp nv::nv cm::dat verb::vv e::fve.npst mark::comma
hailan_ceng_wei i du_jy_hūi_ši mori i omolo utai ,	nn::prpn cm::gen nv::nv nn::prpn.person cm::gen nv::nv nn::prpn.person mark::comma
ula de emu feye baha ha seme juwan emu yan i weile waliya mbi ,	nv::nv cm::dat nv::nv nv::nv verb::vv e::pst.ptcp comp nv::nv nv::nv nv::nv cm::gen nv::nv verb::vv e::fve.npst mark::comma
tere ci yaya axša rakū afanu hai ,	nv::nv cm::abl nv::nv verb::vv e::npst.ptcp.neg verb::vv e::cve mark::comma
giya_jing ni gūsin ningguci aniya uyun biya i orin uyun de baha ha ,	nn::prpn cm::gen nv::nv nv::nv nv::nv nv::nv nv::nv cm::gen nv::nv nv::nv cm::dat verb::vv e::pst.ptcp mark::comma
min be ulin gaija rakū beide re genggiyen seme ,	pn::1sg cm::acc nv::nv verb::vv e::npst.ptcp.neg verb::vv e::npst.ptcp nv::adj comp mark::comma
bandi ,	nv::nv mark::comma
hūrhatu i elcin ,	nn::prpn.person cm::gen nv::nv mark::comma
sarila me waji fi ,	verb::vv e::cve verb::vv e::cve mark::comma
ice sunja i inenggi jurambu me tolo ci ,	nv::adj nv::nv cm::gen nv::nv verb::vv e::cve verb::vv e::cve mark::comma
dorgi bata de koro baha mbi seme ,	nv::nv nv::nv cm::dat nv::nv verb::vv e::fve.npst comp mark::comma
juwe minggan ilan tanggū nadanju juwe ihan ,	nv::nv nv::nv nv::nv nv::nv nv::nv nv::nv nv::nv mark::comma
sirhūnak ,	nn::prpn.person mark::comma
juwe kubun ,	nv::nv nv::nv mark::comma
an_šan de dedu he ,	nn::prpn cm::dat verb::vv e::pst.ptcp mark::comma
sungsi ,	nn::prpn.person mark::comma
busan min be fujiyang obu ci ,	nn::prpn.person pn::1sg cm::acc nv::nv verb::vv e::cve mark::comma
unenggi cargi ci unggi he bithe o ci ,	nv::adj nv::nv cm::abl verb::vv e::pst.ptcp nv::nv verb::vv e::cve mark::comma
casi io_tun_wei i baru gene fi ,	nv::nv nn::prpn cm::gen nv::nv verb::vv e::cve mark::comma
morin be hūdun tarhūbu ∅ ,	nv::nv cm::acc nv::adj verb::vv e::fve.imperative mark::comma
te emu dere be emte tanggūta da dasa ∅ ,	nv::nv nv::nv nv::nv cm::acc nv::nv nv::nv nv::nv verb::vv e::fve.imperative mark::comma
amin_beile ,	nn::prpn mark::comma
afabu ha weile be mute mbi ,	verb::vv e::pst.ptcp nv::nv cm::acc verb::vv e::fve.npst mark::comma
ulha be jalida me gai fi sin be unggi rakū ci ,	nv::nv cm::acc verb::vv e::cve verb::vv e::cve pn::2sg cm::acc verb::vv e::npst.ptcp.neg e::cve mark::comma
cen i solho han i gisun umai akū ,	pn::3pl cm::gen nv::nv nv::nv cm::gen nv::nv nv::nv nv::adj mark::comma
juleri yabu rakū bi me ,	nv::nv verb::vv e::npst.ptcp.neg verb::vv e::cve mark::comma
juwan emuci jergi ,	nv::nv nv::nv nv::nv mark::comma
tuttu tondo i fafula rakū ehe miosihon jurgan i yabu ci ,	nv::nv nv::adj cm::gen verb::vv e::npst.ptcp.neg nv::adj nv::adj nv::nv cm::gen verb::vv e::cve mark::comma
bejang ni in i beye de tuhe re weile ara mbi ,	nv::nv cm::gen pn::3sg cm::gen nv::nv cm::dat verb::vv e::npst.ptcp nv::nv verb::vv e::fve.npst mark::comma
emu ciyandzung de duin niyalma ,	nv::nv nv::nv cm::dat nv::nv nv::nv mark::comma
senggi be so me gashū ha ,	nv::nv cm::acc verb::vv e::cve verb::vv e::pst.ptcp mark::comma
jai cimari buda erin de ,	nv::nv nv::nv nv::nv nv::nv cm::dat mark::comma
gurun irgen ai de jirga mbi ,	nv::nv nv::nv nv::nv cm::dat verb::vv e::fve.npst mark::comma
tere hecen de ilan dedu me olji icihiya fi cooha bedere he ,	nv::nv nv::nv cm::dat nv::nv verb::vv e::cve nv::nv verb::vv e::cve nv::nv verb::vv e::pst.ptcp mark::comma
○ juwan ninggun de ,	mark::circle nv::nv nv::nv cm::dat mark::comma
tere dobori jugūn toso me gene rakū bi ci ,	nv::nv nv::nv nv::nv verb::vv e::cve verb::vv e::npst.ptcp.neg verb::vv e::cve mark::comma
juo_han i banji ha idu waji ha be sa fi ,	nn::prpn.person cm::gen verb::vv e::pst.ptcp nv::nv verb::vv e::pst.ptcp cm::acc verb::vv e::cve mark::comma
uju jergi de orin jakūta ,	nv::nv nv::nv cm::dat nv::nv nv::nv mark::comma
morin i dergi ci in i gala i tere ihan i senggi be abka de so habi ,	nv::nv cm::gen nv::nv cm::abl pn::3sg cm::gen nv::nv cm::gen nv::nv nv::nv cm::gen nv::nv cm::acc nv::nv cm::dat verb::vv e::fve.prs.prf mark::comma
sunja yan menggun šangna me bu he .	nv::nv nv::nv nv::nv verb::vv e::cve verb::vv e::pst.ptcp mark::period
ihan meni meni boo de bedere fi usin weile kini .	nv::nv nv::nv nv::nv nv::nv cm::dat verb::vv e::cve nv::nv verb::vv e::fve.opt mark::period
tulhu de juwe jiha ,	nv::nv cm::dat nv::nv nv::nv mark::comma
fulha i dogon de gene fi ,	nn::prpn.plc cm::gen nv::nv cm::dat verb::vv e::cve mark::comma
wan_lii i orin nadaci aniya juwe biya i ice uyun de baha ha ,	nn::prpn cm::gen nv::nv nv::nv nv::nv nv::nv nv::nv cm::gen nv::adj nv::nv cm::dat verb::vv e::pst.ptcp mark::comma
cooha be acabu me weri fi ,	nv::nv cm::acc verb::vv e::cve verb::vv e::cve mark::comma
dobihi dakūla i jibca de juwan yan menggun salibu fi wang_iogi gai ha ,	nv::nv nv::nv cm::gen nv::nv cm::dat nv::nv nv::nv nv::nv verb::vv e::cve nn::prpn verb::vv e::pst.ptcp mark::comma
ilan_bolikū ,	nn::prpn mark::comma
tuba ci daha me ji he niyalma be ,	nv::nv cm::abl verb::vv e::cve verb::vv e::pst.ptcp nv::nv cm::acc mark::comma
tondo sain mujilen jafa ha niyalma ufara ha ngge akū ,	nv::adj nv::adj nv::nv verb::vv e::pst.ptcp nv::nv verb::vv e::pst.ptcp nmlz::nmlz nv::adj mark::comma
muse i karun i amargi be dosi fi gida ha ,	nv::nv cm::gen nv::nv cm::gen nv::nv cm::acc verb::vv e::cve verb::vv e::pst.ptcp mark::comma
hū_pi_i bira de aca fi ,	nn::prpn nv::nv cm::dat verb::vv e::cve mark::comma
afanji me jide re be sabu fi ,	verb::vv e::cve verb::vv e::npst.ptcp cm::acc verb::vv e::cve mark::comma
○ duici_beile ,	mark::circle nn::prpn mark::comma
menggun sunja tanggū yan ,	nv::nv nv::nv nv::nv nv::nv mark::comma
han i beye yamun de tuci fi ,	nv::nv cm::gen nv::nv nv::nv cm::dat verb::vv e::cve mark::comma
niyalma emu minggan ,	nv::nv nv::nv nv::nv mark::comma
beile se de ala ci ,	nv::nv nv::nv cm::dat verb::vv e::cve mark::comma
jori ha jurgan be jurce rakū seme beiguwan obu ha .	verb::vv e::pst.ptcp nv::nv cm::acc verb::vv e::npst.ptcp.neg comp nv::nv verb::vv e::pst.ptcp mark::period
ilan šeo_pu de juwete niyalma ,	nv::nv nv::nv cm::dat nv::nv nv::nv mark::comma
suje i ergume juwe ,	nv::nv cm::gen nv::nv nv::nv mark::comma
da de fio_hoton i emu amban bi he ,	nv::nv cm::dat nn::prpn cm::gen nv::nv nv::nv verb::vv e::pst.ptcp mark::comma
jori ha uthai sinda rakū balai ba be gabta mbi ,	verb::vv e::pst.ptcp nv::nv verb::vv e::npst.ptcp.neg nv::nv nv::nv cm::acc verb::vv e::fve.npst mark::comma
iogi tsanjiyang fakca hakū seme wesihun han de ala ∅ ,	nv::nv nv::nv verb::vv e::pst.ptcp.neg comp nv::nv nv::nv cm::dat verb::vv e::fve.imperative mark::comma
hife ,	nv::nv mark::comma
nikan cooha dergi duka be tuci fi ,	nv::nv nv::nv nv::nv nv::nv cm::acc verb::vv e::cve mark::comma
juwan i inenggi ,	nv::nv cm::gen nv::nv mark::comma
hooge_ama_beile i nomci ,	nn::prpn cm::gen nn::prpn.person mark::comma
bu me deribu he de ,	verb::vv e::cve verb::vv e::pst.ptcp cm::dat mark::comma
○ baduri fujiyang ni hergen ,	mark::circle nn::prpn.person nv::nv cm::gen nv::nv mark::comma
beiguwan de juwe niyalma afabu fi beye be tuwakiyabu ∅ .	nv::nv cm::dat nv::nv nv::nv verb::vv e::cve nv::nv cm::acc verb::vv e::fve.imperative mark::period
ili ha gulhun moo be uthai bukda me bila ci bija mbi o ,	verb::vv e::pst.ptcp nv::adj nv::nv cm::acc nv::nv verb::vv e::cve verb::vv e::cve verb::vv e::fve.npst ptcl mark::comma
○ sirana be ,	mark::circle nn::prpn.person cm::acc mark::comma
ere gese uji mbi o ,	nv::nv nv::nv verb::vv e::fve.npst ptcl mark::comma
abka de deiji he ,	nv::nv cm::dat verb::vv e::pst.ptcp mark::comma
naka ci suwen i ciha dere ,	verb::vv e::cve pn::2pl cm::gen nv::nv ptcl mark::comma
jaifiyan i hoton ara ha ninggu de ili fi afa mbi ,	nv::nv cm::gen nv::nv verb::vv e::pst.ptcp nv::nv cm::dat verb::vv e::cve verb::vv e::fve.npst mark::comma
liyoodung ni hecen gaibu ha ,	nn::prpn.plc cm::gen nv::nv verb::vv e::pst.ptcp mark::comma
○ nio_juwang ,	mark::circle nn::prpn mark::comma
enggemu hadala toho hoi han i yalu ha morin bu fi ,	nv::nv nv::nv verb::vv e::cve nv::nv cm::gen verb::vv e::pst.ptcp nv::nv verb::vv e::cve mark::comma
○ ice nadan de ,	mark::circle nv::adj nv::nv cm::dat mark::comma
weile he jeku i dabala ,	verb::vv e::pst.ptcp nv::nv cm::gen ptcl mark::comma
juwe niyalma be gūsita šusiha šusihala ha .	nv::nv nv::nv cm::acc nv::nv nv::nv verb::vv e::pst.ptcp mark::period
hoifa de emu feye baha ha seme sunjata yan i weile waliya mbi ,	nn::prpn.plc cm::dat nv::nv nv::nv verb::vv e::pst.ptcp comp nv::nv nv::nv cm::gen nv::nv verb::vv e::fve.npst mark::comma
nikan be emu ici ,	nv::nv cm::acc nv::nv nv::nv mark::comma
saci re suhe ,	verb::vv e::npst.ptcp nv::nv mark::comma
tere hecen i ejen pan_dooli ,	nv::nv nv::nv cm::gen nv::nv nn::prpn mark::comma
ere gisun be jakūn bithe ara fi emu beile i boo de emte bithe bu he .	nv::nv nv::nv cm::acc nv::nv nv::nv verb::vv e::cve nv::nv nv::nv cm::gen nv::nv cm::dat nv::nv nv::nv verb::vv e::pst.ptcp mark::period
nene me axša fi han i baru ji ci ,	verb::vv e::cve verb::vv e::cve nv::nv cm::gen nv::nv verb::vv e::cve mark::comma
sin be unggi re seme hendu fi ,	pn::2sg cm::acc verb::vv e::npst.ptcp comp verb::vv e::cve mark::comma
ilan jurgan obu ha .	nv::nv nv::nv verb::vv e::pst.ptcp mark::period
yangguri ,	nn::prpn.person mark::comma
weile he jeku i dabala ,	verb::vv e::pst.ptcp nv::nv cm::gen ptcl mark::comma
ajige_taiji ,	nn::prpn mark::comma
jori ha jurgan be jurce rakū seme ,	verb::vv e::pst.ptcp nv::nv cm::acc verb::vv e::npst.ptcp.neg comp mark::comma
aika baita medege tuci ci ,	nv::nv nv::nv nv::nv verb::vv e::cve mark::comma
encu golo de goro ba de te fi bisi rakū ,	nv::nv nv::nv cm::dat nv::nv nv::nv cm::dat verb::vv e::cve verb::vv e::npst.ptcp.neg mark::comma
tere i sira me ji he boigon i gašan gašan i amban sa jergi jergi aca ha ,	nv::nv cm::gen verb::vv e::cve verb::vv e::pst.ptcp nv::nv cm::gen nv::nv nv::nv cm::gen nv::nv nv::nv nv::nv nv::nv verb::vv e::pst.ptcp mark::comma
juse sargan be jafa ha niyalma de bu re ,	nv::nv nv::nv cm::acc verb::vv e::pst.ptcp nv::nv cm::dat verb::vv e::npst.ptcp mark::comma
niyalma be elde me akjan i adali jilgan guwenci ,	nv::nv cm::acc verb::vv e::cve nv::nv cm::gen nv::adj nv::nv nv::nv mark::comma
ūmci bu re seme min i elcin be jalida me gama fi ,	nv::nv verb::vv e::npst.ptcp comp pn::1sg cm::gen nv::nv cm::acc verb::vv e::cve verb::vv e::cve mark::comma
hai_si cooton_wei i du_jy_hūi_tungjy samhū i jui lotaona ,	nn::prpn nn::prpn cm::gen nv::nv nn::prpn.person cm::gen nv::nv nn::prpn.person mark::comma
tungken sinda ha .	nv::nv verb::vv e::pst.ptcp mark::period
giya_jing ni orin juwe ci aniya ninggun biya i juwan duin de baha ha ,	nn::prpn cm::gen nv::nv verb::vv e::cve nv::nv nv::nv nv::nv cm::gen nv::nv nv::nv cm::dat verb::vv e::pst.ptcp mark::comma
suwen i kalka i beile se dasa me gisure fi ,	pn::2pl cm::gen nv::nv cm::gen nv::nv nv::nv verb::vv e::cve verb::vv e::cve mark::comma
hehe gercile me jide re jaka de ,	nv::nv verb::vv e::cve verb::vv e::npst.ptcp nv::nv cm::dat mark::comma
muse be morin ihan i adali gūni me gidaša me korsobu re de doso rakū o fi ,	pn::1pl.incl cm::acc nv::nv nv::nv cm::gen nv::adj verb::vv e::cve verb::vv e::cve verb::vv e::npst.ptcp cm::dat verb::vv e::npst.ptcp.neg verb::vv e::cve mark::comma
ici ergi emu gūsa i cooha be neme fi unggi he ,	nv::nv nv::nv nv::nv nv::nv cm::gen nv::nv cm::acc verb::vv e::cve verb::vv e::pst.ptcp mark::comma
ejen hala ci ,	nv::nv verb::vv e::cve mark::comma
dere i dele sinda fi ,	nv::nv cm::gen nv::nv verb::vv e::cve mark::comma
ici ergi juwe gūsa i cooha uthai jaifiyan i hada i julergi jaka be eye he bira be doo me gene fi dosi ci ,	nv::nv nv::nv nv::nv nv::nv cm::gen nv::nv nv::nv nv::nv cm::gen nv::nv cm::gen nv::nv nv::nv cm::acc verb::vv e::pst.ptcp nv::nv cm::acc verb::vv e::cve verb::vv e::cve verb::vv e::cve mark::comma
jai daha rakū o kini seme bele mbi kai ,	nv::nv verb::vv e::npst.ptcp.neg verb::vv e::fve.opt comp verb::vv e::fve.npst ptcl mark::comma
ede ilan beri juwan nadan gida bi he .	nv::nv nv::nv nv::nv nv::nv nv::nv nv::nv verb::vv e::pst.ptcp mark::period
yehe i juwe fujin de emte juru bu he ,	nv::nv cm::gen nv::nv nv::nv cm::dat nv::nv nv::nv verb::vv e::pst.ptcp mark::comma
emgeri langtula bu ha ,	nv::nv verb::vv sfx e::pst.ptcp mark::comma
mokon_ho_wei i du_jy_hūi_tungjy sama i jui jotai ,	nn::prpn cm::gen nv::nv nv::nv cm::gen nv::nv nn::prpn.person mark::comma
kurne ,	nv::nv mark::comma
yasun ,	nn::prpn.person mark::comma
emgeri cooha dosi fi gegen_daicing_beile i hiya be muke de wabu ha ,	nv::nv nv::nv verb::vv e::cve nn::prpn cm::gen nv::nv cm::acc nv::nv cm::dat verb::vv e::pst.ptcp mark::comma
dzung_bing_guwan ,	nv::nv mark::comma
gama ha ihan ,	verb::vv e::pst.ptcp nv::nv mark::comma
wan_lii i juwan uyuci aniya ninggun biya i orin duin de baha ha ,	nn::prpn cm::gen nv::nv nv::nv nv::nv nv::nv nv::nv cm::gen nv::nv nv::nv cm::dat verb::vv e::pst.ptcp mark::comma
ere bujantai muse i gala ci tuci ke niyalma kai ,	nv::nv nn::prpn.person nv::nv cm::gen nv::nv cm::abl verb::vv e::pst.ptcp nv::nv ptcl mark::comma
beiguwan be wesibu fi iogi hergen bu he .	nv::nv cm::acc verb::vv e::cve nv::nv nv::nv verb::vv e::pst.ptcp mark::period
in i amba gurun be ele rakū ,	pn::3sg cm::gen nv::adj nv::nv cm::acc verb::vv e::npst.ptcp.neg mark::comma
orin sunja yan i weile ara fi eje he gung faita ha ,	nv::nv nv::nv nv::nv cm::gen nv::nv verb::vv e::cve verb::vv e::pst.ptcp nv::nv verb::vv e::pst.ptcp mark::comma
hoton ara ra be naka fi ,	nv::nv verb::vv e::npst.ptcp cm::acc verb::vv e::cve mark::comma
jai jergi ,	nv::nv nv::nv mark::comma
min i mujilen tondo akū miosihon o ci ,	pn::1sg cm::gen nv::nv nv::adj nv::adj nv::adj verb::vv e::cve mark::comma
sanoko de dedu he yamji ,	nn::prpn.plc cm::dat verb::vv e::pst.ptcp nv::nv mark::comma
weile yargiyan o ho de ,	nv::nv nv::adj verb::vv e::pst.ptcp cm::dat mark::comma
han i hecen i niyalma ,	nv::nv cm::gen nv::nv cm::gen nv::nv mark::comma
lung_king ni te he aniya jakūn biya i orin ilan de baha ha .	nn::prpn cm::gen verb::vv e::pst.ptcp nv::nv nv::nv nv::nv cm::gen nv::nv nv::nv cm::dat verb::vv e::pst.ptcp mark::period
tere aniya ara ha manggi ,	nv::nv nv::nv verb::vv e::pst.ptcp nv::nv mark::comma
uju jergi iogi obu ha ,	nv::nv nv::nv nv::nv verb::vv e::pst.ptcp mark::comma
suwe baibi mujakū koro fi aina mbi ,	pn::2pl nv::nv nv::nv verb::vv e::cve verb::vv e::fve.npst mark::comma
tuttu jili bisi re niyalma be ,	nv::nv nv::nv verb::vv e::npst.ptcp nv::nv cm::acc mark::comma
gūwa weile de sin be geli wa ra doro bi o ,	nv::nv nv::nv cm::dat pn::2sg cm::acc nv::nv verb::vv e::npst.ptcp nv::nv verb::vv.npst ptcl mark::comma
iogi de susaita yan menggun ,	nv::nv cm::dat nv::nv nv::nv nv::nv mark::comma
suwen i gurun be amba ,	pn::2pl cm::gen nv::nv cm::acc nv::adj mark::comma
jai jakūn beile i boo i tokso i nikan ci ana me ,	nv::nv nv::nv nv::nv cm::gen nv::nv cm::gen nv::nv cm::gen nv::nv cm::abl verb::vv e::cve mark::comma
hecen i šun dekde re ergi de nadan ba i dube de ,	nv::nv cm::gen nv::nv verb::vv e::npst.ptcp nv::nv cm::dat nv::nv nv::nv cm::gen nv::nv cm::dat mark::comma
han i wakala ha niyalma o ho de ,	nv::nv cm::gen verb::vv e::pst.ptcp nv::nv verb::vv e::pst.ptcp cm::dat mark::comma
adun ,	nv::nv mark::comma
juwan coko benji he ,	nv::nv nv::nv verb::vv e::pst.ptcp mark::comma
tere i gaji ha bithe be tuwa ci ,	nv::nv cm::gen verb::vv e::pst.ptcp nv::nv cm::acc verb::vv e::cve mark::comma
meni meni gai ∅ ,	nv::nv nv::nv verb::vv e::fve.imperative mark::comma
jai hoton ara ra nikasa de ,	nv::nv nv::nv verb::vv e::npst.ptcp nv::nv cm::dat mark::comma
yabai de beiguwan i hergen bu he ,	nn::prpn.person cm::dat nv::nv cm::gen nv::nv verb::vv e::pst.ptcp mark::comma
○ juwan jakūn de ,	mark::circle nv::nv nv::nv cm::dat mark::comma
jui juwe se .	nv::nv nv::nv nv::nv mark::period
emu horho ,	nv::nv nv::nv mark::comma
tere niyalma de jeku bu ∅ seme ,	nv::nv nv::nv cm::dat nv::nv verb::vv e::fve.imperative comp mark::comma
ambu ,	nn::prpn.person mark::comma
dergi_mederi hanci te he warka be coohala ∅ seme unggi he .	nn::prpn nv::adj verb::vv e::pst.ptcp nn::prpn.plc cm::acc verb::vv e::fve.imperative comp verb::vv e::pst.ptcp mark::period
tere gisun be geren beidesi beile se de duile ∅ seme afabu fi duile ci ,	nv::nv nv::nv cm::acc nv::adj nv::nv nv::nv nv::nv cm::dat verb::vv e::fve.imperative comp verb::vv e::cve verb::vv e::cve mark::comma
tsanjiyang de duin niyalma ,	nv::nv cm::dat nv::nv nv::nv mark::comma
ji he giyansi be wa ha .	verb::vv e::pst.ptcp nv::nv cm::acc verb::vv e::pst.ptcp mark::period
doro be kice me dasa mbi ,	nv::nv cm::acc verb::vv e::cve verb::vv e::fve.npst mark::comma
babutai ,	nn::prpn.person mark::comma
in i etu he soboro ilhangga suje i etuku be wesihun hete me bisi re de ,	pn::3sg cm::gen verb::vv e::pst.ptcp nv::adj nv::adj nv::nv cm::gen nv::nv cm::acc nv::nv verb::vv e::cve verb::vv e::npst.ptcp cm::dat mark::comma
unca ha niyalma de weile ,	verb::vv e::pst.ptcp nv::nv cm::dat nv::nv mark::comma
mao_wen_lung de takūra ha bithe i gisun ,	nn::prpn cm::dat verb::vv e::pst.ptcp nv::nv cm::gen nv::nv mark::comma
tuttu wa ki seme dailandu fi ete hekū moho fi daha ha ,	nv::nv verb::vv e::fve.opt comp verb::vv e::cve verb::vv e::pst.ptcp.neg verb::vv e::cve verb::vv e::pst.ptcp mark::comma
tari ha usin i jeku be gaibu hakū bošo ho bi he ,	verb::vv e::pst.ptcp nv::nv cm::gen nv::nv cm::acc verb::vv e::pst.ptcp.neg verb::vv e::pst.ptcp verb::vv e::pst.ptcp mark::comma
juwan ilan temen ,	nv::nv nv::nv nv::nv mark::comma
min i juse omosi jalan hala me han de gosibu me wesihun banji kini .	pn::1sg cm::gen nv::nv nv::nv nv::nv verb::vv e::cve nv::nv cm::dat verb::vv e::cve nv::nv verb::vv e::fve.opt mark::period
abai_age i iogi hergen be nakabu fi beiguwan obu ha .	nn::prpn cm::gen nv::nv nv::nv cm::acc verb::vv e::cve nv::nv verb::vv e::pst.ptcp mark::period
morin ihan dehite ,	nv::nv nv::nv nv::nv mark::comma
bi ehe gūni hakū ,	pn::1sg nv::adj verb::vv e::pst.ptcp.neg mark::comma
han i tatan i beile se ,	nv::nv cm::gen nv::nv cm::gen nv::nv nv::nv mark::comma
amba_beile i baru gūni me o fi ,	nn::prpn cm::gen nv::nv verb::vv e::cve verb::vv e::cve mark::comma
dusy hafan jafa fi sele futa hūwaita ∅ ,	nv::nv nv::nv verb::vv e::cve nv::nv nv::nv verb::vv e::fve.imperative mark::comma
jaisanggū_age ,	nn::prpn mark::comma
gebu ma_el ,	nv::nv nn::prpn mark::comma
tere šanggiyan buraki farhūn de dosi fi ,	nv::nv nv::nv nv::nv nv::adj cm::dat verb::vv e::cve mark::comma
borjin_hiya ,	nn::prpn mark::comma
ji he monggo ,	verb::vv e::pst.ptcp nv::nv mark::comma
jai tanggūdai ,	nv::nv nn::prpn.person mark::comma
girin_wei i du_jy_hūi_ši bahana ∅ i jui alha ,	nn::prpn cm::gen nv::nv verb::vv e::fve.imperative cm::gen nv::nv nv::adj mark::comma
nikan hehesi be ergele fi buda arabu ha seme nikasa habšanji ha bi he seme ,	nv::nv nv::nv cm::acc verb::vv e::cve nv::nv verb::vv e::pst.ptcp comp nv::nv verb::vv e::pst.ptcp verb::vv e::pst.ptcp comp mark::comma
buce re weile ,	verb::vv e::npst.ptcp nv::nv mark::comma
geren de hūla me ejebu me hendu fi ,	nv::adj cm::dat verb::vv e::cve verb::vv e::cve verb::vv e::cve mark::comma
afabu ha weile be mute mbi ,	verb::vv e::pst.ptcp nv::nv cm::acc verb::vv e::fve.npst mark::comma
juwan juwe ci jergi ,	nv::nv verb::vv e::cve nv::nv mark::comma
cing_joriktu nongginji fi ,	nn::prpn verb::vv e::cve mark::comma
guwangning de te he jušen i cooha i niyalma ,	nn::prpn.plc cm::dat verb::vv e::pst.ptcp nv::nv cm::gen nv::nv cm::gen nv::nv mark::comma
tere siren amba jangkū i adali ,	nv::nv nv::nv nv::adj nv::nv cm::gen nv::adj mark::comma
dolori aisila me ,	nv::nv verb::vv e::cve mark::comma
cooha jeng_giyang ni dogon be gene he ,	nv::nv nn::prpn cm::gen nv::nv cm::acc verb::vv e::pst.ptcp mark::comma
šang be ,	nv::nv cm::acc mark::comma
oijo_wei i du_jy_hūi_tungjy cutala i jui burgi ,	nn::prpn cm::gen nv::nv nn::prpn.person cm::gen nv::nv nn::prpn.person mark::comma
tuhe re an i tofohon yan i weile ara ha ,	verb::vv e::npst.ptcp nv::nv cm::gen nv::nv nv::nv cm::gen nv::nv verb::vv e::pst.ptcp mark::comma
sin be wa ra be naka ha ,	pn::2sg cm::acc verb::vv e::npst.ptcp cm::acc verb::vv e::pst.ptcp mark::comma
ningguci jergi ,	nv::nv nv::nv mark::comma
niyalma ende mbi o ,	nv::nv verb::vv e::fve.npst ptcl mark::comma
amba cooha i piyan ši deri gene he de ,	nv::adj nv::nv cm::gen nv::nv nv::nv nv::nv verb::vv e::pst.ptcp cm::dat mark::comma
degelei_age i sadun ,	nn::prpn cm::gen nv::nv mark::comma
bata kimun seme gida rakū ,	nv::nv nv::nv comp verb::vv e::npst.ptcp.neg mark::comma
duici_beile ,	nn::prpn mark::comma
teleri jakūn ,	nv::nv nv::nv mark::comma
han hendu me ,	nv::nv verb::vv e::cve mark::comma
○ ilan biya i ice ilan de ,	mark::circle nv::nv nv::nv cm::gen nv::adj nv::nv cm::dat mark::comma
jai jeng_giyang ni niyalma ,	nv::nv nn::prpn cm::gen nv::nv mark::comma
bak i juse be gemu tucibu fi unggi he kai ,	nn::prpn.person cm::gen nv::nv cm::acc nv::nv verb::vv e::cve verb::vv e::pst.ptcp ptcl mark::comma
giyansi ebunji rakū ,	nv::nv verb::vv e::npst.ptcp.neg mark::comma
tere ci gene fi fusi hecen de orin ninggun i cimari muduri erin de isina ha ,	nv::nv cm::abl verb::vv e::cve nn::prpn.plc nv::nv cm::dat nv::nv nv::nv cm::gen nv::nv nv::nv nv::nv cm::dat verb::vv e::pst.ptcp mark::comma
jori ha jurgan be jurce rakū seme beiguwan obu ha .	verb::vv e::pst.ptcp nv::nv cm::acc verb::vv e::npst.ptcp.neg comp nv::nv verb::vv e::pst.ptcp mark::period
donggo_efu ,	nn::prpn mark::comma
buya niyalma i sargata be hono jušen de sabubu rakū ,	nv::adj nv::nv cm::gen nv::nv cm::acc nv::nv nv::nv cm::dat verb::vv e::npst.ptcp.neg mark::comma
kasari jui de bu he ,	nv::nv nv::nv cm::dat verb::vv e::pst.ptcp mark::comma
kutule de ilata yan menggun šangna me bu he ,	nv::nv cm::dat nv::nv nv::nv nv::nv verb::vv e::cve verb::vv e::pst.ptcp mark::comma
teodengge boo i nikan hehe uka fi ,	nn::prpn.person nv::nv cm::gen nv::nv nv::nv verb::vv e::cve mark::comma
abka juwe inenggi emu dobori aga ha ,	nv::nv nv::nv nv::nv nv::nv nv::nv verb::vv e::pst.ptcp mark::comma
ajige_taiji ,	nn::prpn mark::comma
soorin temše me uji he ama han be efute meyete be wa fi ,	nv::nv verb::vv e::cve verb::vv e::pst.ptcp nv::nv nv::nv cm::acc nv::nv nv::nv cm::acc verb::vv e::cve mark::comma
ehe ai de ise mbi ,	nv::adj nv::nv cm::dat verb::vv e::fve.npst mark::comma
emu ciyandzung de duin niyalma ,	nv::nv nv::nv cm::dat nv::nv nv::nv mark::comma
tuttu sin be gama fi min i aisin giranggi be sin de bu he kai ,	nv::nv pn::2sg cm::acc verb::vv e::cve pn::1sg cm::gen nv::nv nv::nv cm::acc pn::2sg cm::dat verb::vv e::pst.ptcp ptcl mark::comma
tede ajige mocin sunja ,	nv::nv nv::adj nv::nv nv::nv mark::comma
anai ,	nn::prpn.person mark::comma
uju jergi dzung_bing_guwan obu ha ,	nv::nv nv::nv nv::nv verb::vv e::pst.ptcp mark::comma
gūsa i sunja niru i ejete yungšun ,	nv::nv cm::gen nv::nv nv::nv cm::gen nv::nv nn::prpn.person mark::comma
tere niyalma ,	nv::nv nv::nv mark::comma
šada rakū ,	verb::vv e::npst.ptcp.neg mark::comma
ice ninggun de ,	nv::adj nv::nv cm::dat mark::comma
tondo gisure ci sain kai ,	nv::adj verb::vv e::cve nv::adj ptcl mark::comma
sahalca be waliya fi wesihun gene he ,	nv::nv cm::acc verb::vv e::cve nv::nv verb::vv e::pst.ptcp mark::comma
kubu he šanggiyan i yahican ,	verb::vv e::pst.ptcp nv::nv cm::gen nn::prpn.person mark::comma
afa fi gese buce mbi dere seme hendu me daha rakū o ho manggi ,	verb::vv e::cve nv::nv verb::vv e::fve.npst ptcl comp verb::vv e::cve verb::vv e::npst.ptcp.neg verb::vv e::pst.ptcp nv::nv mark::comma
nikan ,	nv::nv mark::comma
han ,	nv::nv mark::comma
šurde me boo i niyalma hūlha me efule me gai habi seme ala ra jaka de ,	verb::vv e::cve nv::nv cm::gen nv::nv verb::vv e::cve verb::vv e::cve verb::vv e::fve.prs.prf comp verb::vv e::npst.ptcp nv::nv cm::dat mark::comma
beye i sui de wasi kini .	nv::nv cm::gen nv::nv cm::dat verb::vv e::fve.opt mark::period
abka gosi me uhe i elhe sebjen i jirga me banji kini .	nv::nv verb::vv e::cve nv::nv cm::gen nv::nv nv::nv cm::gen verb::vv e::cve verb::vv e::fve.opt mark::period
uji ∅ seme emu boo de juwete amban mehejen ulgiyan ,	verb::vv e::fve.imperative comp nv::nv nv::nv cm::dat nv::nv nv::nv nv::nv nv::nv mark::comma
han i gosi ha be gūni rakū ,	nv::nv cm::gen verb::vv e::pst.ptcp cm::acc verb::vv e::npst.ptcp.neg mark::comma
ume akda ra seme hendu fi ,	nv::nv verb::vv e::npst.ptcp comp verb::vv e::cve mark::comma
sin i weile ara ha de ama i hergen be ainu efulebu mbi seme doigon de beye hoko cina ,	pn::2sg cm::gen nv::nv verb::vv e::pst.ptcp cm::dat nv::nv cm::gen nv::nv cm::acc nv::nv verb::vv e::fve.npst comp nv::nv cm::dat nv::nv verb::vv e::fve.opt mark::comma
ula de ishun emu feye baha ha seme nadan yan i weile waliya mbi ,	nv::nv cm::dat nv::nv nv::nv nv::nv verb::vv e::pst.ptcp comp nv::nv nv::nv cm::gen nv::nv verb::vv e::fve.npst mark::comma
te guri me gene re niyalma o ci ,	nv::nv verb::vv e::cve verb::vv e::npst.ptcp nv::nv verb::vv e::cve mark::comma
aisin ninggun yan nadan jiha benji re jaka de ,	nv::nv nv::nv nv::nv nv::nv nv::nv verb::vv e::npst.ptcp nv::nv cm::dat mark::comma
hūda bu me gai kini ,	nv::nv verb::vv e::cve verb::vv e::fve.opt mark::comma
dain o fi ufara ha kooli inu bi ,	nv::nv verb::vv e::cve verb::vv e::pst.ptcp nv::nv nv::nv verb::vv.npst mark::comma
juwan juwe ci jergi ,	nv::nv verb::vv e::cve nv::nv mark::comma
xušalan ,	nn::prpn.person mark::comma
mujangga o fi ,	nv::adj verb::vv e::cve mark::comma
han ,	nv::nv mark::comma
fujiyang be wasibu fi beiguwan obu ha .	nv::nv cm::acc verb::vv e::cve nv::nv verb::vv e::pst.ptcp mark::period
afa ci afa ki ,	verb::vv e::cve verb::vv e::fve.opt mark::comma
somi rahū ,	verb::vv e::fve.prv mark::comma
nikan han ,	nv::nv nv::nv mark::comma
○ holohoi be ,	mark::circle nn::prpn.person cm::acc mark::comma
in de uksin loho gida beri somi ha be sa fi gercile me alanji re jaka de ,	pn::3sg cm::dat nv::nv nv::nv nv::nv nv::nv verb::vv e::pst.ptcp cm::acc verb::vv e::cve verb::vv e::cve verb::vv e::npst.ptcp nv::nv cm::dat mark::comma
sin i beye juwe jergi nikan de cooha gene fi ,	pn::2sg cm::gen nv::nv nv::nv nv::nv nv::nv cm::dat nv::nv verb::vv e::cve mark::comma
tere golo be sucu fi wacihiya me gai fi ,	nv::nv nv::nv cm::acc verb::vv e::cve verb::vv e::cve verb::vv e::cve mark::comma
ooba_hūwang_taiji be gai fi ,	nn::prpn cm::acc verb::vv e::cve mark::comma
karun ,	nv::nv mark::comma
○ ice ilan de ,	mark::circle nv::adj nv::nv cm::dat mark::comma
šorhoi iogi ,	nn::prpn.person nv::nv mark::comma
darhan_baturu sadun i eigen sargan bithe wesimbu he ,	nn::prpn nv::nv cm::gen nv::nv nv::nv nv::nv verb::vv e::pst.ptcp mark::comma
○ orin ninggun de unggi he bithe i gisun ,	mark::circle nv::nv nv::nv cm::dat verb::vv e::pst.ptcp nv::nv cm::gen nv::nv mark::comma
be inu ara ki seme gisure he bi he ,	pn::1pl.excl nv::nv verb::vv e::fve.opt comp verb::vv e::pst.ptcp verb::vv e::pst.ptcp mark::comma
abka i ara ha dain ,	nv::nv cm::gen verb::vv e::pst.ptcp nv::nv mark::comma
pan fori ∅ ,	nv::nv verb::vv e::fve.imperative mark::comma
bantasi ,	nn::prpn.person mark::comma
facuhūn niyalma deribu ci ojo rakū o mbi kai .	nv::adj nv::nv verb::vv e::cve verb::vv e::npst.ptcp.neg verb::vv e::fve.npst ptcl mark::period
aldangga ahūn deo i niyalma te hei bi kini .	nv::adj nv::nv nv::nv cm::gen nv::nv verb::vv e::cve verb::vv e::fve.opt mark::period
gemu juse omosi jalan hala me alban de ume dabu re ,	nv::nv nv::nv nv::nv nv::nv verb::vv e::cve nv::nv cm::dat nv::nv verb::vv e::npst.ptcp mark::comma
duin umiyesun bu he .	nv::nv nv::nv verb::vv e::pst.ptcp mark::period
wan_lii i orin nadaci aniya juwe biya i ice uyun de baha ha ,	nn::prpn cm::gen nv::nv nv::nv nv::nv nv::nv nv::nv cm::gen nv::adj nv::nv cm::dat verb::vv e::pst.ptcp mark::comma
ere gisun be amasi jasi fi unggi ∅ ,	nv::nv nv::nv cm::acc nv::nv verb::vv e::cve verb::vv e::fve.imperative mark::comma
morin ,	nv::nv mark::comma
isina ha manggi ,	verb::vv e::pst.ptcp nv::nv mark::comma
jui niyanioke be beiguwan obu ha ,	nv::nv nn::prpn.person cm::acc nv::nv verb::vv e::pst.ptcp mark::comma
wan_lii i juwan emuci aniya omšon biya i juwan nadan de baha ha ,	nn::prpn cm::gen nv::nv nv::nv nv::nv nv::nv nv::nv cm::gen nv::nv nv::nv cm::dat verb::vv e::pst.ptcp mark::comma
bata kimun seme gida rakū ,	nv::nv nv::nv comp verb::vv e::npst.ptcp.neg mark::comma
uda ra okto cinuhūn ,	verb::vv e::npst.ptcp nv::nv nv::nv mark::comma
jui benji he ningguci aniya ,	nv::nv verb::vv e::pst.ptcp nv::nv nv::nv mark::comma
tere hoton i niyalma daha ra seme hendu me ,	nv::nv nv::nv cm::gen nv::nv verb::vv e::npst.ptcp comp verb::vv e::cve mark::comma
sidar_tabunang ,	nn::prpn mark::comma
suwe sa me ehe be deribu mbi kai ,	pn::2pl verb::vv e::cve nv::adj cm::acc verb::vv e::fve.npst ptcl mark::comma
bi šanggiyan morin yalu mbi ,	pn::1sg nv::nv nv::nv verb::vv e::fve.npst mark::comma
nikan gaji me šajin de habša ∅ ,	nv::nv verb::vv e::cve nv::nv cm::dat verb::vv e::fve.imperative mark::comma
yarana gai fi jeng_giyang de gene he .	nn::prpn.person verb::vv e::cve nn::prpn cm::dat verb::vv e::pst.ptcp mark::period
derhi ,	nv::nv mark::comma
juwe biya i tofohon i inenggi ,	nv::nv nv::nv cm::gen nv::nv cm::gen nv::nv mark::comma
suwen i men de jide re ,	pn::2pl cm::gen pn::1pl.excl cm::dat verb::vv e::npst.ptcp mark::comma
jori ha jurgan be jurce rakū seme beiguwan obu ha .	verb::vv e::pst.ptcp nv::nv cm::acc verb::vv e::npst.ptcp.neg comp nv::nv verb::vv e::pst.ptcp mark::period
jakūta de emu feye ,	nv::nv cm::dat nv::nv nv::nv mark::comma
jušen ,	nv::nv mark::comma
juwe suwayan ,	nv::nv nv::adj mark::comma
siowan_iogi ,	nn::prpn mark::comma
yana i funde buyantu be beiguwan obu ha .	nn::prpn.person cm::gen nv::nv nn::prpn.person cm::acc nv::nv verb::vv e::pst.ptcp mark::period
fure ,	nn::prpn.person mark::comma
bisi re cooha be gai fi ,	verb::vv e::npst.ptcp nv::nv cm::acc verb::vv e::cve mark::comma
ningguci jergi amban sa de ,	nv::nv nv::nv nv::nv nv::nv cm::dat mark::comma
sogi juwe fan ,	nv::nv nv::nv nv::nv mark::comma
niowanggiyaha ci amasi ,	nn::prpn.plc cm::abl nv::nv mark::comma
in i beye tuwa de fucihiyalabu fi amala ebu he ,	pn::3sg cm::gen nv::nv nv::nv cm::dat verb::vv e::cve nv::nv verb::vv e::pst.ptcp mark::comma
jafan gai ha sargan juse be gemu monggo de bu he be gūni ha de ,	nv::nv verb::vv e::pst.ptcp nv::nv nv::nv cm::acc nv::nv nv::nv cm::dat verb::vv e::pst.ptcp cm::acc verb::vv e::pst.ptcp cm::dat mark::comma
ihan juwe tanggū ninggun ,	nv::nv nv::nv nv::nv nv::nv mark::comma
jakūn juse aca fi ama han de ,	nv::nv nv::nv verb::vv e::cve nv::nv nv::nv cm::dat mark::comma
gūsin yan i gung faita ha .	nv::nv nv::nv cm::gen nv::nv verb::vv e::pst.ptcp mark::period
efen de ebi mbi kai ,	nv::nv cm::dat verb::vv e::fve.npst ptcl mark::comma
nikasa de wasimbu ci ,	nv::nv cm::dat verb::vv e::cve mark::comma
ilan nikan be wa habi ,	nv::nv nv::nv cm::acc verb::vv e::fve.prs.prf mark::comma
jori ha jurgan be jurce rakū seme beiguwan obu ha .	verb::vv e::pst.ptcp nv::nv cm::acc verb::vv e::npst.ptcp.neg comp nv::nv verb::vv e::pst.ptcp mark::period
busan i keyen cilin i šangna me baha ra ulin be ,	nn::prpn.person cm::gen nn::prpn.plc nv::nv cm::gen verb::vv e::cve verb::vv e::npst.ptcp nv::nv cm::acc mark::comma
nikan solho i hafasa ,	nv::nv nv::nv cm::gen nv::nv mark::comma
emu niru i juwanta uksin gai fi ,	nv::nv nv::nv cm::gen nv::nv nv::nv verb::vv e::cve mark::comma
deribu he beile se be abka sa fi ehe sui isi kini ,	verb::vv e::pst.ptcp nv::nv nv::nv cm::acc nv::nv verb::vv e::cve nv::adj nv::nv verb::vv e::fve.opt mark::comma
san_tsanjiyang ,	nn::prpn mark::comma
ambula baha ha seme ala ∅ ,	nv::nv verb::vv e::pst.ptcp comp verb::vv e::fve.imperative mark::comma
abka wakala fi sui isi kini ,	nv::nv verb::vv e::cve nv::nv verb::vv e::fve.opt mark::comma
gūsin honin gai fi gaji ha .	nv::nv nv::nv verb::vv e::cve verb::vv e::pst.ptcp mark::period
dailiyoo i doro be aisin han de bu hebi ,	nn::prpn.plc cm::gen nv::nv cm::acc nv::nv nv::nv cm::dat verb::vv e::fve.prs.prf mark::comma
wargi hoton i niyalma dain ji mbi seme dobon dulin de donji fi buren burde fi tulergi amba_hoton i cooha i niyalma juse hehesi be gemu dorgi alin i hoton de bargiya me dosimbu fi ,	nv::nv nv::nv cm::gen nv::nv nv::nv verb::vv e::fve.npst comp nv::nv nv::adj cm::dat verb::vv e::cve nv::nv verb::vv e::cve nv::nv nn::prpn cm::gen nv::nv cm::gen nv::nv nv::nv nv::nv cm::acc nv::nv nv::nv nv::nv cm::gen nv::nv cm::dat verb::vv e::cve verb::vv e::cve mark::comma
jai ilu de te he jeng_gu_de iogi ,	nv::nv nn::prpn.plc cm::dat verb::vv e::pst.ptcp nn::prpn nv::nv mark::comma
cooha i agūra bisi re be ,	nv::nv cm::gen nv::nv verb::vv e::npst.ptcp cm::acc mark::comma
emte morin ,	nv::nv nv::nv mark::comma
cihakū o ci naka mbi kai seme ,	nv::adj verb::vv e::cve verb::vv e::fve.npst ptcl comp mark::comma
orin juwe haha ,	nv::nv nv::nv nv::nv mark::comma
weri weile be ali me gai ha jalin de ,	nv::nv nv::nv cm::acc verb::vv e::cve verb::vv e::pst.ptcp nv::nv cm::dat mark::comma
○ nikan i wan_lii_han ,	mark::circle nv::nv cm::gen nn::prpn mark::comma
ere bithe be ,	nv::nv nv::nv cm::acc mark::comma
bi tuwa ci ,	pn::1sg verb::vv e::cve mark::comma
○ bayot ba i sonin_taiji ,	mark::circle nn::prpn.plc nv::nv cm::gen nn::prpn mark::comma
biyan_ging ni hecen ci jafa fi ,	nn::prpn cm::gen nv::nv cm::abl verb::vv e::cve mark::comma
emu minggan haha de ,	nv::nv nv::nv nv::nv cm::dat mark::comma
min i ama ,	pn::1sg cm::gen nv::nv mark::comma
tanggū morin ,	nv::nv nv::nv mark::comma
šoto geli boo de akū ,	nn::prpn.person nv::nv nv::nv cm::dat nv::adj mark::comma
erdeni tsanjiyang be wesibu fi fujiyang obu ha ,	nn::prpn.person nv::nv cm::acc verb::vv e::cve nv::nv verb::vv e::pst.ptcp mark::comma
ehe akū ,	nv::adj nv::adj mark::comma
jai puseli ,	nv::nv nv::nv mark::comma
juwan biya i ice uyun de ,	nv::nv nv::nv cm::gen nv::adj nv::nv cm::dat mark::comma
inenggi goida ha ,	nv::nv verb::vv e::pst.ptcp mark::comma
budai ala ha be i ala hakūbi ,	nn::prpn.person verb::vv e::pst.ptcp cm::acc cm::gen verb::vv e::fve.prs.prf.neg mark::comma
ice nadan de ahūtu be weile ara fi ,	nv::adj nv::nv cm::dat nn::prpn.person cm::acc nv::nv verb::vv e::cve mark::comma
jeng_giyang de cooha gene he amin_beile de unggi he bithe ,	nn::prpn cm::dat nv::nv verb::vv e::pst.ptcp nn::prpn cm::dat verb::vv e::pst.ptcp nv::nv mark::comma
abahai sa .	nv::nv nv::nv mark::period
isina ha manggi ,	verb::vv e::pst.ptcp nv::nv mark::comma
tere be ton de dabu rakū ,	nv::nv cm::acc nv::nv cm::dat verb::vv e::npst.ptcp.neg mark::comma
meni meni jeku be juwe me je mbi o ,	nv::nv nv::nv nv::nv cm::acc verb::vv e::cve verb::vv e::fve.npst ptcl mark::comma
benji he be tuwa me hūwaita ha orita morin de ulebu ki ,	verb::vv e::pst.ptcp cm::acc verb::vv e::cve verb::vv e::pst.ptcp nv::nv nv::nv cm::dat verb::vv e::fve.opt mark::comma
golo i amban ciyandzung de ninggute ,	nv::nv cm::gen nv::nv nv::nv cm::dat nv::nv mark::comma
beiguwan ,	nv::nv mark::comma
hai_si hūrha_wei i du_jy_hūi_ši tuna i omolo asibu ,	nn::prpn nn::prpn cm::gen nv::nv nn::prpn.person cm::gen nv::nv nn::prpn.person mark::comma
○ juwan ilan de ,	mark::circle nv::nv nv::nv cm::dat mark::comma
dzung_bing_guwan de duile mbi ,	nv::nv cm::dat verb::vv e::fve.npst mark::comma
juwan uyun honin benji re unde ,	nv::nv nv::nv nv::nv verb::vv e::npst.ptcp nv::nv mark::comma
gaija ra weile be ara habi .	verb::vv e::npst.ptcp nv::nv cm::acc verb::vv e::fve.prs.prf mark::period
nene me inenggi jaifiyan ,	verb::vv e::cve nv::nv nv::nv mark::comma
monggo ilan gurun aca habi ,	nv::nv nv::nv nv::nv verb::vv e::fve.prs.prf mark::comma
luwan_gu_pu ,	nn::prpn mark::comma
dobori dosi fi maituša rahū ,	nv::nv verb::vv e::cve verb::vv e::fve.prv mark::comma
asan ,	nn::prpn.person mark::comma
tongki fuka sinda ha hergen i dangse .	nv::nv nv::nv verb::vv e::pst.ptcp nv::nv cm::gen nv::nv mark::period
amasi julesi ilgaša me ,	nv::nv nv::nv verb::vv e::cve mark::comma
tere emu da furdan i dulimba be giya fi ,	nv::nv nv::nv nv::nv nv::nv cm::gen nv::nv cm::acc verb::vv e::cve mark::comma
ineku tere inenggi ,	nv::nv nv::nv nv::nv mark::comma
bak_taiji be ji mbi seme alanji ha manggi ,	nn::prpn cm::acc verb::vv e::fve.npst comp verb::vv e::pst.ptcp nv::nv mark::comma
jakūn beile se de gemu bi o seme fonji ha manggi ,	nv::nv nv::nv nv::nv cm::dat nv::nv verb::vv.npst ptcl comp verb::vv e::pst.ptcp nv::nv mark::comma
fujiyang fakca hakū seme wesihun han de ala ∅ ,	nv::nv verb::vv e::pst.ptcp.neg comp nv::nv nv::nv cm::dat verb::vv e::fve.imperative mark::comma
hecen i julergi duka ci ninggureme ,	nv::nv cm::gen nv::nv nv::nv cm::abl nv::nv mark::comma
ibagan uša fi buce he ,	nv::nv verb::vv e::cve verb::vv e::pst.ptcp mark::comma
manggūltai_beile i wandasi ,	nn::prpn cm::gen nn::prpn.person mark::comma
enggici seme beye de ali me gaija rakū ,	nv::nv comp nv::nv cm::dat verb::vv e::cve verb::vv e::npst.ptcp.neg mark::comma
korcin i ooba_taiji de elcin gene he ngge isinji ha ,	nn::prpn.plc cm::gen nn::prpn cm::dat nv::nv verb::vv e::pst.ptcp nmlz::nmlz verb::vv e::pst.ptcp mark::comma
hai_si ebiho_wei i du_jy_hūi_tungjy cinggita i jui maiji ,	nn::prpn nn::prpn cm::gen nv::nv nn::prpn.person cm::gen nv::nv nn::prpn.person mark::comma
buda je kini ,	nv::nv verb::vv e::fve.opt mark::comma
tu wacihiya me tukiye ∅ ,	nv::nv verb::vv e::cve verb::vv e::fve.imperative mark::comma
hono wa hakū gemu uji he kai ,	nv::nv verb::vv e::pst.ptcp.neg nv::nv verb::vv e::pst.ptcp ptcl mark::comma
hūwang_ni_wa i pu de isinji ha ,	nn::prpn cm::gen nv::nv cm::dat verb::vv e::pst.ptcp mark::comma
○ dzung_bing_guwan baduri ,	mark::circle nv::nv nn::prpn.person mark::comma
han be bai me ji he gung de ,	nv::nv cm::acc verb::vv e::cve verb::vv e::pst.ptcp nv::nv cm::dat mark::comma
tere i amala ,	nv::nv cm::gen nv::nv mark::comma
miosihon jurgan be kadala ra fafula ra o ci ,	nv::adj nv::nv cm::acc verb::vv e::npst.ptcp verb::vv e::npst.ptcp verb::vv e::cve mark::comma
○ ninu be ,	mark::circle nn::prpn.person cm::acc mark::comma
emhun beye be duici_beile de bu he .	nv::nv nv::nv cm::acc nn::prpn cm::dat verb::vv e::pst.ptcp mark::period
sacibu re suhe ,	verb::vv e::npst.ptcp nv::nv mark::comma
jarut ba i jocit_keoken i elcin ji fi hendu me ,	nn::prpn.plc nv::nv cm::gen nn::prpn cm::gen nv::nv verb::vv e::cve verb::vv e::cve mark::comma
mungtan ,	nn::prpn.person mark::comma
inu han be alhūda me fejergi irgen de ulin gai me ,	nv::nv nv::nv cm::acc verb::vv e::cve nv::nv nv::nv cm::dat nv::nv verb::vv e::cve mark::comma
adai bi hergen baha fi ,	nn::prpn.person pn::1sg nv::nv verb::vv e::cve mark::comma
hecen i dere i wehe be saikan hūdun sa ha ,	nv::nv cm::gen nv::nv cm::gen nv::nv cm::acc nv::adj nv::adj verb::vv e::pst.ptcp mark::comma
lišan i sira me niyang_niyang_gung ni ba de ,	nn::prpn.person cm::gen verb::vv e::cve nn::prpn cm::gen nv::nv cm::dat mark::comma
bederebu me waji ha manggi ,	verb::vv e::cve verb::vv e::pst.ptcp nv::nv mark::comma
borjin fujiyang be hala me ,	nn::prpn.person nv::nv cm::acc verb::vv e::cve mark::comma
efu i juse de ,	nv::nv cm::gen nv::nv cm::dat mark::comma
juwan duin yan i weile waliya mbi ,	nv::nv nv::nv nv::nv cm::gen nv::nv verb::vv e::fve.npst mark::comma
aca me waji ha manggi ,	verb::vv e::cve verb::vv e::pst.ptcp nv::nv mark::comma
ere gemu monggo gurun i beile se .	nv::nv nv::nv nv::nv nv::nv cm::gen nv::nv nv::nv mark::period
ambula jodo ci ,	nv::nv verb::vv e::cve mark::comma
orin haha de emu haha cooha ili ha ngge ,	nv::nv nv::nv cm::dat nv::nv nv::nv nv::nv verb::vv e::pst.ptcp nmlz::nmlz mark::comma
aniya biya de ,	nv::nv nv::nv cm::dat mark::comma
in i boo de suje hūlaša me gene he be ,	pn::3sg cm::gen nv::nv cm::dat nv::nv verb::vv e::cve verb::vv e::pst.ptcp cm::acc mark::comma
emu feye sacibu ha seme juwan juwe yan i weile waliya mbi ,	nv::nv nv::nv verb::vv e::pst.ptcp comp nv::nv nv::nv nv::nv cm::gen nv::nv verb::vv e::fve.npst mark::comma
○ jimku be ,	mark::circle nn::prpn.person cm::acc mark::comma
amban sa de cooha be afabu fi ,	nv::nv nv::nv cm::dat nv::nv cm::acc verb::vv e::cve mark::comma
geren šajin i niyalma be duile ∅ seme duilebu fi ,	nv::adj nv::nv cm::gen nv::nv cm::acc verb::vv e::fve.imperative comp verb::vv e::cve mark::comma
yali be faitara fi waliya ∅ ,	nv::nv cm::acc verb::vv e::cve verb::vv e::fve.imperative mark::comma
aca ha doro i amba sarin sarila ha ,	verb::vv e::pst.ptcp nv::nv cm::gen nv::adj nv::nv verb::vv e::pst.ptcp mark::comma
jai tere i gese nikan bithe bahana ra ,	nv::nv nv::nv cm::gen nv::nv nv::nv nv::nv verb::vv e::npst.ptcp mark::comma
ilan šeo_pu de juwete niyalma ,	nv::nv nv::nv cm::dat nv::nv nv::nv mark::comma
wan_lii i orin sunjaci aniya sunja biya i ice de baha ha ,	nn::prpn cm::gen nv::nv nv::nv nv::nv nv::nv nv::nv cm::gen nv::adj cm::dat verb::vv e::pst.ptcp mark::comma
in i emgi bi he gucuse uksin saca be dasa me etu he manggi ,	pn::3sg cm::gen nv::nv verb::vv e::pst.ptcp nv::nv nv::nv nv::nv cm::acc verb::vv e::cve verb::vv e::pst.ptcp nv::nv mark::comma
jai solho i amasi nikan han de bithe unggi me ,	nv::nv nv::nv cm::gen nv::nv nv::nv nv::nv cm::dat nv::nv verb::vv e::cve mark::comma
emgi ji he emu tungse ,	nv::nv verb::vv e::pst.ptcp nv::nv nv::nv mark::comma
han i bithe ,	nv::nv cm::gen nv::nv mark::comma
sunja tanggū yan menggun jafa fi aisin uda ∅ ,	nv::nv nv::nv nv::nv nv::nv verb::vv e::cve nv::nv verb::vv e::fve.imperative mark::comma
be ehe ,	pn::1pl.excl nv::adj mark::comma
boo be derhi dasi fi ,	nv::nv cm::acc nv::nv verb::vv e::cve mark::comma
kalka i darhan_baturu_beile ,	nv::nv cm::gen nn::prpn mark::comma
dain i niyalma de akda ci o mbi o ,	nv::nv cm::gen nv::nv cm::dat verb::vv e::cve verb::vv e::fve.npst ptcl mark::comma
kece ,	nn::prpn.person mark::comma
ali me gai ha niyalma de niyalma hūlha ha weile ,	verb::vv e::cve verb::vv e::pst.ptcp nv::nv cm::dat nv::nv verb::vv e::pst.ptcp nv::nv mark::comma
han hendu me ,	nv::nv verb::vv e::cve mark::comma
○ juwan nadan de ,	mark::circle nv::nv nv::nv cm::dat mark::comma
jorgon biya i orin emu de ,	nv::nv nv::nv cm::gen nv::nv nv::nv cm::dat mark::comma
sio_yan i siden de nacibu ,	nn::prpn cm::gen nv::nv cm::dat nn::prpn.person mark::comma
juse omosi jalan hala me gosi re doro be ume lashala ra .	nv::nv nv::nv nv::nv verb::vv e::cve verb::vv e::npst.ptcp nv::nv cm::acc nv::nv verb::vv e::npst.ptcp mark::period
šan_hai i cooha ,	nn::prpn cm::gen nv::nv mark::comma
boo i uji he ujima ,	nv::nv cm::gen verb::vv e::pst.ptcp nv::nv mark::comma
aisin duin yan jakūn jiha ,	nv::nv nv::nv nv::nv nv::nv nv::nv mark::comma
ganaha ,	nn:prpn.person mark::comma
jori ha jurgan be jurce rakū seme beiguwan obu ha .	verb::vv e::pst.ptcp nv::nv cm::acc verb::vv e::npst.ptcp.neg comp nv::nv verb::vv e::pst.ptcp mark::period
enggemu hadala ,	nv::nv nv::nv mark::comma
liyoodung ni hecen saha ra ngge naka ∅ ,	nn::prpn.plc cm::gen nv::nv verb::vv e::npst.ptcp nmlz::nmlz verb::vv e::fve.imperative mark::comma
emu tanggū cooha ilibu ∅ ,	nv::nv nv::nv nv::nv verb::vv e::fve.imperative mark::comma
muse juwe gurun ,	pn::1pl.incl nv::nv nv::nv mark::comma
si fusihūla me koro isibu me banji re be ,	pn::2sg verb::vv e::cve nv::nv verb::vv e::cve verb::vv e::npst.ptcp cm::acc mark::comma
emu moo goibu ∅ ,	nv::nv nv::nv verb::vv e::fve.imperative mark::comma
ama bi geren juse de doro toktobu fi cooha isabu fi bu hebi ,	nv::nv pn::1sg nv::adj nv::nv cm::dat nv::nv verb::vv e::cve nv::nv verb::vv e::cve verb::vv e::fve.prs.prf mark::comma
tere niowanggiyaha i hecen be adarame baha mbihe ,	nv::nv nn::prpn.plc cm::gen nv::nv cm::acc nv::nv verb::vv e::fve.pst.ipfv mark::comma
emu biya dabu re yaha ,	nv::nv nv::nv verb::vv e::npst.ptcp nv::nv mark::comma
lung_king ni te he aniya jakūn biya i orin ilan de baha ha ,	nn::prpn cm::gen verb::vv e::pst.ptcp nv::nv nv::nv nv::nv cm::gen nv::nv nv::nv cm::dat verb::vv e::pst.ptcp mark::comma
jai sengge niru i emu niyalma ,	nv::nv nv::nv nv::nv cm::gen nv::nv nv::nv mark::comma
lii_šeo_pu liyoha i dogon tuwakiya me juwe aniya te he ,	nn::prpn nn::prpn.plc cm::gen nv::nv verb::vv e::cve nv::nv nv::nv verb::vv e::pst.ptcp mark::comma
lung_king ni ilaci aniya duin biya i orin sunja de baha ha ,	nn::prpn cm::gen nv::nv nv::nv nv::nv nv::nv cm::gen nv::nv nv::nv cm::dat verb::vv e::pst.ptcp mark::comma
○ kubu he suwayan de ,	mark::circle verb::vv e::pst.ptcp nv::adj cm::dat mark::comma
han hendu me ,	nv::nv verb::vv e::cve mark::comma
han i šang ,	nv::nv cm::gen nv::nv mark::comma
solho si ,	nv::nv pn::2sg mark::comma
ere cooha be ainu saci rakū ,	nv::nv nv::nv cm::acc nv::nv verb::vv e::npst.ptcp.neg mark::comma
tongki fuka sinda ha hergen i dangse .	nv::nv nv::nv verb::vv e::pst.ptcp nv::nv cm::gen nv::nv mark::period
aburhū ,	nn::prpn.person mark::comma
genggiyen_han ,	nn::prpn mark::comma
○ wehede be ,	mark::circle nn::prpn.person cm::acc mark::comma
fucihi be jukte re hūwašan niyalma be hendu re ngge ,	nv::nv cm::acc verb::vv e::npst.ptcp nv::nv nv::nv cm::acc verb::vv e::npst.ptcp nmlz::nmlz mark::comma
suwe cooha i niyalma be gai fi ,	pn::2pl nv::nv cm::gen nv::nv cm::acc verb::vv e::cve mark::comma
hecen saha ra moo boihon wehe juwe re yada ra jobo ro niyalma de ulebu hebi o ,	nv::nv verb::vv e::npst.ptcp nv::nv nv::nv nv::nv verb::vv e::npst.ptcp verb::vv e::npst.ptcp verb::vv e::npst.ptcp nv::nv cm::dat verb::vv e::fve.prs.prf ptcl mark::comma
han sin i emu dube i gisun be hendu fi gene cina seme hendu he manggi ,	nv::nv pn::2sg cm::gen nv::nv nv::nv cm::gen nv::nv cm::acc verb::vv e::cve verb::vv e::fve.opt comp verb::vv e::pst.ptcp nv::nv mark::comma
niyalma wa ha gung de weile akū obu ha ,	nv::nv verb::vv e::pst.ptcp nv::nv cm::dat nv::nv nv::adj verb::vv e::pst.ptcp mark::comma
cooha unggi ∅ seme gisure ci ,	nv::nv verb::vv e::fve.imperative comp verb::vv e::cve mark::comma
umiyesun ,	nv::nv mark::comma
tere gašan be gemu guwebu fi in i gašan de uthai te kini ,	nv::nv nv::nv cm::acc nv::nv verb::vv e::cve pn::3sg cm::gen nv::nv cm::dat nv::nv verb::vv e::fve.opt mark::comma
alban i morin bisi re niyalma ,	nv::nv cm::gen nv::nv verb::vv e::npst.ptcp nv::nv mark::comma
tofohon de ,	nv::nv cm::dat mark::comma
niki ,	nn::prpn.person mark::comma
tere arki be yehe i buyanggū ,	nv::nv nv::nv cm::acc nv::nv cm::gen nn::prpn.person mark::comma
jori ha jurgan be jurce rakū seme ilaci jergi tsanjiyang obu ha ,	verb::vv e::pst.ptcp nv::nv cm::acc verb::vv e::npst.ptcp.neg comp nv::nv nv::nv nv::nv verb::vv e::pst.ptcp mark::comma
wacihiya me dahabu hakū eden gurun be ,	verb::vv e::cve verb::vv e::pst.ptcp.neg nv::adj nv::nv cm::acc mark::comma
han i bithe ,	nv::nv cm::gen nv::nv mark::comma
ukanju seme jalida fi tere i jali de dosi rahū .	nv::nv comp verb::vv e::cve nv::nv cm::gen nv::nv cm::dat verb::vv e::fve.prv mark::period
bedere me boo de ji kini seme hendu he manggi ,	verb::vv e::cve nv::nv cm::dat verb::vv e::fve.opt comp verb::vv e::pst.ptcp nv::nv mark::comma
uheri sunja tanggū ,	nv::nv nv::nv nv::nv mark::comma
jarut i jongnon angga ,	nn::prpn.plc cm::gen nn::prpn.person nv::nv mark::comma
han de ala ki seme nacin de ala ra jaka de ,	nv::nv cm::dat verb::vv e::fve.opt comp nv::nv cm::dat verb::vv e::npst.ptcp nv::nv cm::dat mark::comma
gemu mederi ci ninju ba i dube de bederebu ∅ ,	nv::nv nv::nv cm::abl nv::nv nv::nv cm::gen nv::nv cm::dat verb::vv e::fve.imperative mark::comma
sarhū de emu feye ,	nv::nv cm::dat nv::nv nv::nv mark::comma
amba ajige gašan orin funce me gai fi amasi bedere fi ,	nv::adj nv::adj nv::nv nv::nv verb::vv e::cve verb::vv e::cve nv::nv verb::vv e::cve mark::comma
g'ag'ai ,	nn::prpn.person mark::comma
weile ara me šajin i niyalma gisure ci ,	nv::nv verb::vv e::cve nv::nv cm::gen nv::nv verb::vv e::cve mark::comma
han i tukiye he hafasa ,	nv::nv cm::gen verb::vv e::pst.ptcp nv::nv mark::comma
afabu ha weile be mute mbi ,	verb::vv e::pst.ptcp nv::nv cm::acc verb::vv e::fve.npst mark::comma
turusi ala me ,	nn::prpn.person verb::vv e::cve mark::comma
○ junta be ,	mark::circle nv::nv cm::acc mark::comma
urgun medege o ci ,	nv::nv nv::nv verb::vv e::cve mark::comma
jugūn i gašan gašan de jeku gai fi ulebu me gama ∅ .	nv::nv cm::gen nv::nv nv::nv cm::dat nv::nv verb::vv e::cve verb::vv e::cve verb::vv e::fve.imperative mark::period
weile beide re amba yamun de emu dobori dedu he ,	nv::nv verb::vv e::npst.ptcp nv::adj nv::nv cm::dat nv::nv nv::nv verb::vv e::pst.ptcp mark::comma
salgūri ,	nn::prpn.person mark::comma
jeng_giyang ni lii_iogi ,	nn::prpn cm::gen nn::prpn mark::comma
duin niyalma ,	nv::nv nv::nv mark::comma
min i ilan jui be bu he ,	pn::1sg cm::gen nv::nv nv::nv cm::acc verb::vv e::pst.ptcp mark::comma
du_tang ni takūra ha niyalma seme šeri me ulin gaji ∅ se he de ,	nv::nv cm::gen verb::vv e::pst.ptcp nv::nv comp verb::vv e::cve nv::nv verb::vv e::fve.imperative verb::vv e::pst.ptcp cm::dat mark::comma
ihan_alin de emu feye ,	nn::prpn cm::dat nv::nv nv::nv mark::comma
ebtei ,	nn::prpn.person mark::comma
sunjata morin ,	nv::nv nv::nv mark::comma
tere gebu be aina mbihe ,	nv::nv nv::nv cm::acc verb::vv e::fve.pst.ipfv mark::comma
jeku akū niyalma de hūda ekiyembu me udabu ha ,	nv::nv nv::adj nv::nv cm::dat nv::nv verb::vv e::cve verb::vv e::pst.ptcp mark::comma
ere ci julesi ehe ba be waliya me sain ba be ginggule me ,	nv::nv cm::abl nv::nv nv::adj nv::nv cm::acc verb::vv e::cve nv::adj nv::nv cm::acc verb::vv e::cve mark::comma
obohoi ,	nn::prpn.person mark::comma
holto me hūla me suwe dosinu ∅ ,	verb::vv e::cve verb::vv e::cve pn::2pl verb::vv e::fve.imperative mark::comma
han hendu me ,	nv::nv verb::vv e::cve mark::comma
juse sargan ,	nv::nv nv::nv mark::comma
bobotu i gama ha tanggū boso de ,	nn::prpn.person cm::gen verb::vv e::pst.ptcp nv::nv nv::nv cm::dat mark::comma
amba ba be ele rakū ,	nv::adj nv::nv cm::acc verb::vv e::npst.ptcp.neg mark::comma
duin minggan ninggun tanggū ninju honin seme bithe wesimbu he .	nv::nv nv::nv nv::nv nv::nv nv::nv nv::nv comp nv::nv verb::vv e::pst.ptcp mark::period
ere gashū ha be amaga jalan i juse omosi aikabade efule ci ,	nv::nv verb::vv e::pst.ptcp cm::acc nv::adj nv::nv cm::gen nv::nv nv::nv nv::nv verb::vv e::cve mark::comma
tere ilan beile i baru hendu me ,	nv::nv nv::nv nv::nv cm::gen nv::nv verb::vv e::cve mark::comma
juwe poo sinda ∅ ,	nv::nv nv::nv verb::vv e::fve.imperative mark::comma
aliya ha seme amca mbi o ,	verb::vv e::pst.ptcp comp verb::vv e::fve.npst ptcl mark::comma
mendu_dagan de guise horho juwete ,	nn::prpn cm::dat nv::nv nv::nv nv::nv mark::comma
jakūta de emu feye ,	nv::nv cm::dat nv::nv nv::nv mark::comma
jori ha jurgan be jurce rakū seme beiguwan obu ha .	verb::vv e::pst.ptcp nv::nv cm::acc verb::vv e::npst.ptcp.neg comp nv::nv verb::vv e::pst.ptcp mark::period
jori ha jurgan be jurce rakū seme beiguwan obu ha ,	verb::vv e::pst.ptcp nv::nv cm::acc verb::vv e::npst.ptcp.neg comp nv::nv verb::vv e::pst.ptcp mark::comma
sure_kundulen_han ,	nn::prpn mark::comma
ere juwe jurgan i weile be ,	nv::nv nv::nv nv::nv cm::gen nv::nv cm::acc mark::comma
jao_iogi i jung giyūn tung_wen_ming be wesibu fi beiguwan obu ha ,	nn::prpn cm::gen nv::nv nv::nv nn::prpn cm::acc verb::vv e::cve nv::nv verb::vv e::pst.ptcp mark::comma
weile he jeku i dabala ,	verb::vv e::pst.ptcp nv::nv cm::gen ptcl mark::comma
niru ha guise duin ,	verb::vv e::pst.ptcp nv::nv nv::nv mark::comma
tuldai ,	nn::prpn.person mark::comma
tang_šan ,	nn::prpn mark::comma
ci_giya_pu ,	nn::prpn mark::comma
gūwalca_golo i amban bi he ,	nn::prpn cm::gen nv::nv verb::vv e::pst.ptcp mark::comma
orho icebu me wa ha seme alanji ha manggi ,	nv::nv verb::vv e::cve verb::vv e::pst.ptcp comp verb::vv e::pst.ptcp nv::nv mark::comma
tere be boo i aha gercile fi šajin de duile fi tuhebu he ,	nv::nv cm::acc nv::nv cm::gen nv::nv verb::vv e::cve nv::nv cm::dat verb::vv e::cve verb::vv e::pst.ptcp mark::comma
han ,	nv::nv mark::comma
jai jergi amkila ,	nv::nv nv::nv nn::prpn.person mark::comma
weile de tuhebu fi ,	nv::nv cm::dat verb::vv e::cve mark::comma
seoken ,	nn::prpn.person mark::comma
fanggina gebungge juwe niyalma ,	nn::prpn.person nv::adj nv::nv nv::nv mark::comma
monggo suwe unenggi o ci ,	nv::nv pn::2pl nv::adj verb::vv e::cve mark::comma
dulga cooha i niyalma dosi me jabdu hakū kabu fi ,	nv::adj nv::nv cm::gen nv::nv verb::vv e::cve verb::vv e::pst.ptcp.neg verb::vv e::cve mark::comma
niyalma gemu sin be mentuhun beliyen se mbi kai ,	nv::nv nv::nv pn::2sg cm::acc nv::adj nv::adj verb::vv e::fve.npst ptcl mark::comma
suwe mao_wen_lung gemu hafan obu re seme šusihiye me holto me ,	pn::2pl nn::prpn nv::nv nv::nv verb::vv e::npst.ptcp comp verb::vv e::cve verb::vv e::cve mark::comma
tere juwan haha i alban waliya ha ,	nv::nv nv::nv nv::nv cm::gen nv::nv verb::vv e::pst.ptcp mark::comma
fung_ji_pu i dain de emu niyalma emu ihan gida habi ,	nn::prpn cm::gen nv::nv cm::dat nv::nv nv::nv nv::nv nv::nv verb::vv e::fve.prs.prf mark::comma
emu akū niyalma de bu ki seme emu niyalma de elebu me bu mbihe ,	nv::nv nv::adj nv::nv cm::dat verb::vv e::fve.opt comp nv::nv nv::nv cm::dat verb::vv e::cve verb::vv e::fve.pst.ipfv mark::comma
tanggū niyalma de bejang sinda mbi .	nv::nv nv::nv cm::dat nv::nv verb::vv e::fve.npst mark::period
○ orin duin de ,	mark::circle nv::nv nv::nv cm::dat mark::comma
○ dajihan be ,	mark::circle nn::prpn.person cm::acc mark::comma
fusi ,	nn::prpn.plc mark::comma
tabudai ,	nn::prpn.person mark::comma
kutule jafa ra haha i boigon emte ,	nv::nv verb::vv e::npst.ptcp nv::nv cm::gen nv::nv nv::nv mark::comma
tooi ,	nn::prpn.person mark::comma
yabu ∅ ,	verb::vv e::fve.imperative mark::comma
mao_wen_lung ni takūra ha niyalma ,	nn::prpn cm::gen verb::vv e::pst.ptcp nv::nv mark::comma
amaga jalan de hūturi kai ,	nv::adj nv::nv cm::dat nv::nv ptcl mark::comma
seke i dahū ,	nv::nv cm::gen nv::nv mark::comma
bisi re niyalma doosida me gai ci weile ,	verb::vv e::npst.ptcp nv::nv verb::vv e::cve verb::vv e::cve nv::nv mark::comma
sele faksi emke ,	nv::nv nv::nv nv::nv mark::comma
haha emu tanggū jakūnju ,	nv::nv nv::nv nv::nv nv::nv mark::comma
kalka i jaisai_beile i elcin isinji ha .	nv::nv cm::gen nn::prpn cm::gen nv::nv verb::vv e::pst.ptcp mark::period
sunja amban okdo fi ,	nv::nv nv::nv verb::vv e::cve mark::comma
fujiyang de dehite yan menggun ,	nv::nv cm::dat nv::nv nv::nv nv::nv mark::comma
bahūn emu morin gaji me han de hengkile me ji he ,	nn::prpn.person nv::nv nv::nv verb::vv e::cve nv::nv cm::dat verb::vv e::cve verb::vv e::pst.ptcp mark::comma
suwen i an i gaija ra jaka be o ci ,	pn::2pl cm::gen nv::nv cm::gen verb::vv e::npst.ptcp nv::nv cm::acc verb::vv e::cve mark::comma
wahūmu i bigan de ili ha ing ni cooha ,	nn::prpn.plc cm::gen nv::nv cm::dat verb::vv e::pst.ptcp nv::nv cm::gen nv::nv mark::comma
liyoodung ni baru dosi gene fi ,	nn::prpn.plc cm::gen nv::nv nv::nv verb::vv e::cve mark::comma
daimbu dzung_bing_guwan ,	nn::prpn.person nv::nv mark::comma
uheri emu minggan ilan tanggū susai emu hule juwe sin ,	nv::nv nv::nv nv::nv nv::nv nv::nv nv::nv nv::nv nv::nv nv::nv nv::nv mark::comma
hai_jeo i hecen i dorgi alin i ninggu de tafa fi šurde me tuwa ha .	nn::prpn cm::gen nv::nv cm::gen nv::nv nv::nv cm::gen nv::nv cm::dat verb::vv e::cve verb::vv e::cve verb::vv e::pst.ptcp mark::period
emu sain suje ,	nv::nv nv::adj nv::nv mark::comma
○ orin emu de ,	mark::circle nv::nv nv::nv cm::dat mark::comma
ilan tanggū jakūnju sejen ,	nv::nv nv::nv nv::nv nv::nv mark::comma
emu ihan ,	nv::nv nv::nv mark::comma
○ juwan jakūn de ,	mark::circle nv::nv nv::nv cm::dat mark::comma
aika baita medege o ho de ,	nv::nv nv::nv nv::nv verb::vv e::pst.ptcp cm::dat mark::comma
šeobei emgi ji he ilan šeo_pu de ,	nv::nv nv::nv verb::vv e::pst.ptcp nv::nv nv::nv cm::dat mark::comma
wehiye ∅ ,	verb::vv e::fve.imperative mark::comma
mederi dogon juhe jafa ra isi ka kai ,	nv::nv nv::nv nv::nv verb::vv e::npst.ptcp verb::vv e::pst.ptcp ptcl mark::comma
usin i jeku de morin ulha dosi rahū .	nv::nv cm::gen nv::nv cm::dat nv::nv nv::nv verb::vv e::fve.prv mark::period
tondo gurun seme ali me gai hakū bederebu he se re ,	nv::adj nv::nv comp verb::vv e::cve verb::vv e::pst.ptcp.neg verb::vv e::pst.ptcp verb::vv e::npst.ptcp mark::comma
ninggun juru kiru i hafan be aca ha de ,	nv::nv nv::nv nv::nv cm::gen nv::nv cm::acc verb::vv e::pst.ptcp cm::dat mark::comma
jongtu i deo be baha fi sinda fi ,	nn::prpn.person cm::gen nv::nv cm::acc verb::vv e::cve verb::vv e::cve mark::comma
○ ice ilan de ,	mark::circle nv::adj nv::nv cm::dat mark::comma
omoktoi ,	nn::prpn.person mark::comma
emu cekemu be si hūlha me uda habi kai ,	nv::nv nv::nv cm::acc pn::2sg verb::vv e::cve verb::vv e::fve.prs.prf ptcl mark::comma
sure_kundulen_han hendu me ,	nn::prpn verb::vv e::cve mark::comma
fusi_efu ,	nn::prpn mark::comma
fujisa duin biya i ice sunja de isinji ha .	nv::nv nv::nv nv::nv cm::gen nv::adj nv::nv cm::dat verb::vv e::pst.ptcp mark::period
tere keyen i hecen be gai fi emu dedu he manggi ,	nv::nv nn::prpn.plc cm::gen nv::nv cm::acc verb::vv e::cve nv::nv verb::vv e::pst.ptcp nv::nv mark::comma
bahana ra ba be tuci rakū ,	verb::vv e::npst.ptcp nv::nv cm::acc verb::vv e::npst.ptcp.neg mark::comma
han ,	nv::nv mark::comma
○ du_tang ni bithe ,	mark::circle nv::nv cm::gen nv::nv mark::comma
amba jurgan o fi mara ci o hakū ,	nv::adj nv::nv verb::vv e::cve verb::vv e::cve verb::vv e::pst.ptcp.neg mark::comma
min i beye i sui dere .	pn::1sg cm::gen nv::nv cm::gen nv::nv ptcl mark::period
han i bu re šang ,	nv::nv cm::gen verb::vv e::npst.ptcp nv::nv mark::comma
baindari be tsanjiyang ni hergen be nakabu ha ,	nn::prpn.person cm::acc nv::nv cm::gen nv::nv cm::acc verb::vv e::pst.ptcp mark::comma
tongki fuka sinda ha hergen i dangse .	nv::nv nv::nv verb::vv e::pst.ptcp nv::nv cm::gen nv::nv mark::period
duin biya i ice inenggi hendu me ,	nv::nv nv::nv cm::gen nv::adj nv::nv verb::vv e::cve mark::comma
emu ba de nadanju jaha ,	nv::nv nv::nv cm::dat nv::nv nv::nv mark::comma
suiman_ho_wei i du_jy_hūi_tungjy bada i omolo omotai ,	nn::prpn cm::gen nv::nv nv::adj cm::gen nv::nv nn::prpn.person mark::comma
min i canggi de emhun ainu ejen ,	pn::1sg cm::gen nv::nv cm::dat nv::nv nv::nv nv::nv mark::comma
ice sunja de ,	nv::adj nv::nv cm::dat mark::comma
bata kimun seme gida rakū ,	nv::nv nv::nv comp verb::vv e::npst.ptcp.neg mark::comma
obohoi ,	nn::prpn.person mark::comma
unege_baksi de orin sunja yan i weile ,	nn::prpn cm::dat nv::nv nv::nv nv::nv cm::gen nv::nv mark::comma
usin tari me geren deribu he inenggi be bithe ara fi wesimbu ∅ .	nv::nv verb::vv e::cve nv::adj verb::vv e::pst.ptcp nv::nv cm::acc nv::nv verb::vv e::cve verb::vv e::fve.imperative mark::period
duin ihan sunja honin wa fi ,	nv::nv nv::nv nv::nv nv::nv verb::vv e::cve mark::comma
sunja morin gaji me uka me ji he .	nv::nv nv::nv verb::vv e::cve verb::vv e::cve verb::vv e::pst.ptcp mark::period
lung_king ni sunjaci aniya jakūn biya i orin sunja de baha ha ,	nn::prpn cm::gen nv::nv nv::nv nv::nv nv::nv cm::gen nv::nv nv::nv cm::dat verb::vv e::pst.ptcp mark::comma
uka me ubaša me gene me o fi guribu he ,	verb::vv e::cve verb::vv e::cve verb::vv e::cve verb::vv e::cve verb::vv e::pst.ptcp mark::comma
sejen ihan jafa fi yabu re niyalma be wa fi ,	nv::nv nv::nv verb::vv e::cve verb::vv e::npst.ptcp nv::nv cm::acc verb::vv e::cve mark::comma
han hendu me ,	nv::nv verb::vv e::cve mark::comma
ahūn urgūdai geli in i deo morohon be saikan uji rakū ,	nv::nv nn::prpn.person nv::nv pn::3sg cm::gen nv::nv nv::adj cm::acc nv::adj verb::vv e::npst.ptcp.neg mark::comma
tere šanggiyan_hada i cooha be gida ha inenggi bonio erin de ,	nv::nv nn::prpn cm::gen nv::nv cm::acc verb::vv e::pst.ptcp nv::nv nv::nv nv::nv cm::dat mark::comma
sirga i wešen arabu re ,	nv::nv cm::gen nv::nv verb::vv e::npst.ptcp mark::comma
sain be sain ,	nv::adj cm::acc nv::adj mark::comma
○ ice duin de ,	mark::circle nv::adj nv::nv cm::dat mark::comma
abka na de kesi hūturi bai me amba gebu doro be gūni rakū ,	nv::nv nv::nv cm::dat nv::nv nv::nv verb::vv e::cve nv::adj nv::nv nv::nv cm::acc verb::vv e::npst.ptcp.neg mark::comma
yasun ,	nn::prpn.person mark::comma
jušen tere i jeku gana fi je kini ,	nv::nv nv::nv cm::gen nv::nv verb::vv e::cve verb::vv e::fve.opt mark::comma
yehe de elcin gene fi buce he seme ,	nv::nv cm::dat nv::nv verb::vv e::cve verb::vv e::pst.ptcp comp mark::comma
burula me emhun tuci fi gene he bujantai ,	verb::vv e::cve nv::nv verb::vv e::cve verb::vv e::pst.ptcp nn::prpn.person mark::comma
men i gurun de ,	pn::1pl.excl cm::gen nv::nv cm::dat mark::comma
emu elbihe i dahū bu he seme wesimbu re jaka de ,	nv::nv nv::nv cm::gen nv::nv verb::vv e::pst.ptcp comp verb::vv e::npst.ptcp nv::nv cm::dat mark::comma
ūljeitu ,	nn::prpn.person mark::comma
ehe sain be dere bani rakū ,	nv::adj nv::adj cm::acc nv::nv verb::vv e::npst.ptcp.neg mark::comma
moncon hada ha boro ,	nv::nv verb::vv e::pst.ptcp nv::nv mark::comma
juwe fulgiyan ,	nv::nv nv::nv mark::comma
daimbu dzung_bing_guwan juwan funce me cooha be gai fi morila fi ili ha bi he ,	nn::prpn.person nv::nv nv::nv verb::vv e::cve nv::nv cm::acc verb::vv e::cve verb::vv e::cve verb::vv e::pst.ptcp verb::vv e::pst.ptcp mark::comma
abka da fi enduri toko mbihe aise ,	nv::nv verb::vv e::cve nv::nv verb::vv e::fve.pst.ipfv nv::nv mark::comma
niyalma juwe tanggū jakūnju ,	nv::nv nv::nv nv::nv nv::nv mark::comma
han de ala fi ,	nv::nv cm::dat verb::vv e::cve mark::comma
etu re etuku ,	verb::vv e::npst.ptcp nv::nv mark::comma
gurgu i adali geole me niyalma be ainu wa mbi ,	nv::nv cm::gen nv::adj verb::vv e::cve nv::nv cm::acc nv::nv verb::vv e::fve.npst mark::comma
doro šajin ai de genggiyen o mbi ,	nv::nv nv::nv nv::nv cm::dat nv::adj verb::vv e::fve.npst mark::comma
gemu juhe jafa hakūbi ,	nv::nv nv::nv verb::vv e::fve.prs.prf.neg mark::comma
han be ginggule me gūni rakū oihori gūni ci ,	nv::nv cm::acc verb::vv e::cve verb::vv e::npst.ptcp.neg nv::adj verb::vv e::cve mark::comma
misai de emte temen bu he ,	nn::prpn.person cm::dat nv::nv nv::nv verb::vv e::pst.ptcp mark::comma
erdeni_baksi ,	nn::prpn mark::comma
atai ,	nn::prpn.person mark::comma
suwen de gung kai .	pn::2pl cm::dat nv::nv ptcl mark::period
nikan sa ci ,	nv::nv verb::vv e::cve mark::comma
urut gurun i minggan ,	nn::prpn.plc nv::nv cm::gen nv::nv mark::comma
ilan jergi buce re weile be guwebu mbi ,	nv::nv nv::nv verb::vv e::npst.ptcp nv::nv cm::acc verb::vv e::fve.npst mark::comma
○ enggeder_efu i deo de puse noho emu yacin gecuheri ,	mark::circle nn::prpn cm::gen nv::nv cm::dat nv::nv nv::nv nv::nv nv::adj nv::nv mark::comma
tere gemu abka aisila me gama ra ngge waka o ci tuttu o mbi o ,	nv::nv nv::nv nv::nv verb::vv e::cve verb::vv e::npst.ptcp nmlz::nmlz nv::adj verb::vv e::cve nv::nv verb::vv e::fve.npst ptcl mark::comma
doro be kice me dasa mbi ,	nv::nv cm::acc verb::vv e::cve verb::vv e::fve.npst mark::comma
sio_pu ,	nn::prpn mark::comma
han i pai be gai fi ,	nv::nv cm::gen nv::nv cm::acc verb::vv e::cve mark::comma
gurun i bayan ,	nv::nv cm::gen nv::adj mark::comma
hūsitun ,	nv::nv mark::comma
hehe orin emu ,	nv::nv nv::nv nv::nv mark::comma
funce he tuta ha ehe dogo doholon be cimari gaji me ji mbi .	verb::vv e::pst.ptcp verb::vv e::pst.ptcp nv::adj nv::adj nv::nv cm::acc nv::nv verb::vv e::cve verb::vv e::fve.npst mark::period
gahari ,	nv::nv mark::comma
dere aibide bi .	nv::nv nv::nv verb::vv.npst mark::period
○ orin nadan de ,	mark::circle nv::nv nv::nv cm::dat mark::comma
jarut ba i sebun_beile de gene he isamu i gaji re orin jakūn ihan ,	nn::prpn.plc nv::nv cm::gen nn::prpn cm::dat verb::vv e::pst.ptcp nn::prpn.person cm::gen verb::vv e::npst.ptcp nv::nv nv::nv nv::nv mark::comma
sin i eshen aita be ,	pn::2sg cm::gen nv::nv nn::prpn.person cm::acc mark::comma
sin be tuwa ha seme bi sere mbi ,	pn::2sg cm::acc verb::vv e::pst.ptcp comp pn::1sg verb::vv e::fve.npst mark::comma
han hendu me ,	nv::nv verb::vv e::cve mark::comma
dobihi dahū ninggun ,	nv::nv nv::nv nv::nv mark::comma
uksin etu rakū mafa ,	nv::nv verb::vv e::npst.ptcp.neg nv::nv mark::comma
ai jaka jalukiya me jergi bodo me haha hehe de neigen akūmbu me bu he .	nv::nv nv::nv verb::vv e::cve nv::nv verb::vv e::cve nv::nv nv::nv cm::dat nv::adj verb::vv e::cve verb::vv e::pst.ptcp mark::period
bira be si me weilebu re de ,	nv::nv cm::acc verb::vv e::cve verb::vv e::npst.ptcp cm::dat mark::comma
ere jakūn niyalma de guise horho ninggute ,	nv::nv nv::nv nv::nv cm::dat nv::nv nv::nv nv::nv mark::comma
enggeder_efu gene he ,	nn::prpn verb::vv e::pst.ptcp mark::comma
de_ju_wei ,	nn::prpn mark::comma
jai cimari gene re de ,	nv::nv nv::nv verb::vv e::npst.ptcp cm::dat mark::comma
te bi cibe ,	nv::nv verb::vv e::cve mark::comma
hecen akdun akū seme cooha tuwakiya me te fi ,	nv::nv nv::adj nv::adj comp nv::nv verb::vv e::cve verb::vv e::cve mark::comma
jakūn nikan ,	nv::nv nv::nv mark::comma
○ orin jakūn de ,	mark::circle nv::nv nv::nv cm::dat mark::comma
kalka i sunja tatan i beile se de bithe unggi me ,	nv::nv cm::gen nv::nv nv::nv cm::gen nv::nv nv::nv cm::dat nv::nv verb::vv e::cve mark::comma
ulha aitu ha manggi ,	nv::nv verb::vv e::pst.ptcp nv::nv mark::comma
emu hehe ,	nv::nv nv::nv mark::comma
jori ha jurgan be jurce rakū seme beiguwan obu ha .	verb::vv e::pst.ptcp nv::nv cm::acc verb::vv e::npst.ptcp.neg comp nv::nv verb::vv e::pst.ptcp mark::period
suwen de aika alban bi o ,	pn::2pl cm::dat nv::nv nv::nv verb::vv.npst ptcl mark::comma
dobori o ci ,	nv::nv verb::vv e::cve mark::comma
hendu he gisun be ainu jurce mbi .	verb::vv e::pst.ptcp nv::nv cm::acc nv::nv verb::vv e::fve.npst mark::period
○ gulu fulgiyan de ,	mark::circle nv::adj nv::nv cm::dat mark::comma
hūwandai ,	nn::prpn.person mark::comma
ere bai me ji he gung de ,	nv::nv verb::vv e::cve verb::vv e::pst.ptcp nv::nv cm::dat mark::comma
taigiyan sinda fi ulin gai me ,	nv::nv verb::vv e::cve nv::nv verb::vv e::cve mark::comma
han de ala ha manggi ,	nv::nv cm::dat verb::vv e::pst.ptcp nv::nv mark::comma
hecen de te fi bi kini .	nv::nv cm::dat verb::vv e::cve verb::vv e::fve.opt mark::period
suwen i gese bigara me men i juse banji me baha rakū ,	pn::2pl cm::gen nv::nv verb::vv e::cve pn::1pl.excl cm::gen nv::nv verb::vv e::cve verb::vv e::npst.ptcp.neg mark::comma
ula de juwe feye sacibu ha seme ,	nv::nv cm::dat nv::nv nv::nv verb::vv e::pst.ptcp comp mark::comma
uju uju be dung_ging de gaji me ji ∅ ,	nv::nv nv::nv cm::acc nn::prpn cm::dat verb::vv e::cve verb::vv e::fve.imperative mark::comma
jao_iogi de emu tanggū yan menggun šangna fi ,	nn::prpn cm::dat nv::nv nv::nv nv::nv nv::nv verb::vv e::cve mark::comma
bulanju de kamci ha bi he ,	nn::prpn.person cm::dat verb::vv e::pst.ptcp verb::vv e::pst.ptcp mark::comma
banji re buce re ngge abka i kemne he giyan kai ,	verb::vv e::npst.ptcp verb::vv e::npst.ptcp nmlz::nmlz nv::nv cm::gen verb::vv e::pst.ptcp nv::nv ptcl mark::comma
juse hehe ,	nv::nv nv::nv mark::comma
meni meni kadala ra niyalma de doro be gemu ejebu ∅ ,	nv::nv nv::nv verb::vv e::npst.ptcp nv::nv cm::dat nv::nv cm::acc nv::nv verb::vv e::fve.imperative mark::comma
min i juse omosi jalan hala me han de gosibu me wesihun banji kini .	pn::1sg cm::gen nv::nv nv::nv nv::nv verb::vv e::cve nv::nv cm::dat verb::vv e::cve nv::nv verb::vv e::fve.opt mark::period
muse i subahai_gufu ,	nv::nv cm::gen nn::prpn mark::comma
bithe ara fi ,	nv::nv verb::vv e::cve mark::comma
monggo juwan ,	nv::nv nv::nv mark::comma
han de amasi hendu fi unggi he ,	nv::nv cm::dat nv::nv verb::vv e::cve verb::vv e::pst.ptcp mark::comma
jakūta de emte feye baha ha seme sunjata yan i weile waliya mbi .	nv::nv cm::dat nv::nv nv::nv verb::vv e::pst.ptcp comp nv::nv nv::nv cm::gen nv::nv verb::vv e::fve.npst mark::period
han i tacibu ha tondo fafun be jurce rakū banji ci ,	nv::nv cm::gen verb::vv e::pst.ptcp nv::adj nv::nv cm::acc verb::vv e::npst.ptcp.neg verb::vv e::cve mark::comma
sihan ,	nv::nv mark::comma
gūwa cooha be bargiya fi tuci ci ojo ro gese o ci tucinu ∅ seme hendu he bi he ,	nv::nv nv::nv cm::acc verb::vv e::cve verb::vv e::cve verb::vv e::npst.ptcp nv::nv verb::vv e::cve verb::vv e::fve.imperative comp verb::vv e::pst.ptcp verb::vv e::pst.ptcp mark::comma
orin juwe de isinji ∅ ,	nv::nv nv::nv cm::dat verb::vv e::fve.imperative mark::comma
ai ai jaka be gama me gene ci ,	nv::nv nv::nv nv::nv cm::acc verb::vv e::cve verb::vv e::cve mark::comma
○ muhaliyan ,	mark::circle nv::nv mark::comma
sebun men i ahūn deo ,	nn::prpn.person pn::1pl.excl cm::gen nv::nv nv::nv mark::comma
dajiha ,	nn::prpn.person mark::comma
juwan dedu me amba hecen de ing hada fi olji dende he ,	nv::nv verb::vv e::cve nv::adj nv::nv cm::dat nv::nv verb::vv e::cve nv::nv verb::vv e::pst.ptcp mark::comma
borjin fujiyang ni janggiya be ,	nn::prpn.person nv::nv cm::gen nn::prpn.person cm::acc mark::comma
jori ha jurgan be jurce rakū seme beiguwan obu ha .	verb::vv e::pst.ptcp nv::nv cm::acc verb::vv e::npst.ptcp.neg comp nv::nv verb::vv e::pst.ptcp mark::period
seke silun i dahū ,	nv::nv nv::nv cm::gen nv::nv mark::comma
wan_lii i duici aniya duin biya i tofohon de baha ha ,	nn::prpn cm::gen nv::nv nv::nv nv::nv nv::nv cm::gen nv::nv cm::dat verb::vv e::pst.ptcp mark::comma
ulin gaija ra weile baha ha seme ulin gaija rakū ,	nv::nv verb::vv e::npst.ptcp nv::nv verb::vv e::pst.ptcp comp nv::nv verb::vv e::npst.ptcp.neg mark::comma
gene he cooha i niyalma ,	verb::vv e::pst.ptcp nv::nv cm::gen nv::nv mark::comma
monggo de jeku bu me gene he amala ,	nv::nv cm::dat nv::nv verb::vv e::cve verb::vv e::pst.ptcp nv::nv mark::comma
tofohoci jergi ,	nv::nv nv::nv mark::comma
afabu ha weile be mute mbi ,	verb::vv e::pst.ptcp nv::nv cm::acc verb::vv e::fve.npst mark::comma
duin tanggū juwan ilan morin ,	nv::nv nv::nv nv::nv nv::nv nv::nv mark::comma
tunangga ,	nn::prpn.person mark::comma
amba ajige juwan nadan hecen be gai fi ,	nv::adj nv::adj nv::nv nv::nv nv::nv cm::acc verb::vv e::cve mark::comma
ahūta de deocile re niyalma de ,	nv::nv cm::dat verb::vv e::npst.ptcp nv::nv cm::dat mark::comma
jori ha jurgan be jurce rakū seme ,	verb::vv e::pst.ptcp nv::nv cm::acc verb::vv e::npst.ptcp.neg comp mark::comma
han i bu re šang ,	nv::nv cm::gen verb::vv e::npst.ptcp nv::nv mark::comma
urgūdai_efu jabu me ,	nn::prpn verb::vv e::cve mark::comma
juse omosi jalan hala me gosi re doro be ume lashala ra .	nv::nv nv::nv nv::nv verb::vv e::cve verb::vv e::npst.ptcp nv::nv cm::acc nv::nv verb::vv e::npst.ptcp mark::period
je ke muke be waliya fi lama be daha me ji he ngge ,	verb::vv e::pst.ptcp nv::nv cm::acc verb::vv e::cve nv::nv cm::acc verb::vv e::cve verb::vv e::pst.ptcp nmlz::nmlz mark::comma
ere jung de ,	nv::nv nv::nv cm::dat mark::comma
abka na wakala fi ehe sui isi kini ,	nv::nv nv::nv verb::vv e::cve nv::adj nv::nv verb::vv e::fve.opt mark::comma
usin baha rakū kai ,	nv::nv verb::vv e::npst.ptcp.neg ptcl mark::comma
cooha i agūra be dende me nikan i jase i dolo dedu he ,	nv::nv cm::gen nv::nv cm::acc verb::vv e::cve nv::nv cm::gen nv::nv cm::gen nv::nv verb::vv e::pst.ptcp mark::comma
dadai_subargan i julergi de dedu he ,	nn::prpn cm::gen nv::nv cm::dat verb::vv e::pst.ptcp mark::comma
min i morin emu feye baha ha ,	pn::1sg cm::gen nv::nv nv::nv nv::nv verb::vv e::pst.ptcp mark::comma
inenggi emu jergi geren hafasa meni meni gūsa i i yamun de medege gai ∅ ,	nv::nv nv::nv nv::nv nv::adj nv::nv nv::nv nv::nv nv::nv cm::gen cm::gen nv::nv cm::dat nv::nv verb::vv e::fve.imperative mark::comma
fu_jeo i niyalma nikan i g'ai_jeo de benji kini ,	nn::prpn cm::gen nv::nv nv::nv cm::gen nn::prpn cm::dat verb::vv e::fve.opt mark::comma
mujilen tondo ,	nv::nv nv::adj mark::comma
○ hasan be ,	mark::circle nv::nv cm::acc mark::comma
niyaman hūncihin seme harša rakū ,	nv::nv nv::nv comp verb::vv e::npst.ptcp.neg mark::comma
ala ha niyalma de bu he ,	verb::vv e::pst.ptcp nv::nv cm::dat verb::vv e::pst.ptcp mark::comma
obohoi beiguwan be hontoho beiguwan obu ha .	nn::prpn.person nv::nv cm::acc nv::nv nv::nv verb::vv e::pst.ptcp mark::period
iogi i hergen bu he ,	nv::nv cm::gen nv::nv verb::vv e::pst.ptcp mark::comma
moo_ho_wei i du_jy_hūi_tungjy jotangga i omolo hūsimu ,	nn::prpn cm::gen nv::nv nn::prpn.person cm::gen nv::nv nn::prpn.person mark::comma
han ,	nv::nv mark::comma
ordos emu tumen ,	nn::prpn.plc nv::nv nv::nv mark::comma
ula de emte feye baha ha seme nadata yan i weile waliya mbi .	nv::nv cm::dat nv::nv nv::nv verb::vv e::pst.ptcp comp nv::nv nv::nv cm::gen nv::nv verb::vv e::fve.npst mark::period
emu gisun be hendu fi gene re bi he o seme hūla me hendu fi ,	nv::nv nv::nv cm::acc verb::vv e::cve verb::vv e::npst.ptcp verb::vv e::pst.ptcp ptcl comp verb::vv e::cve verb::vv e::cve mark::comma
io_jin_jung gebungge emu ciyandzung ,	nn::prpn nv::adj nv::nv nv::nv mark::comma
sain ai de yende mbi ,	nv::adj nv::nv cm::dat verb::vv e::fve.npst mark::comma
muse i cooha dergi be gai me wesihun gene re be naka fi ,	nv::nv cm::gen nv::nv nv::nv cm::acc verb::vv e::cve nv::nv verb::vv e::npst.ptcp cm::acc verb::vv e::cve mark::comma
jakūn jugūn i cooha gene mbi seme bithe isinji ha .	nv::nv nv::nv cm::gen nv::nv verb::vv e::fve.npst comp nv::nv verb::vv e::pst.ptcp mark::period
banji ha arbun be tuwa fi wa ki se he turgun de ,	verb::vv e::pst.ptcp nv::nv cm::acc verb::vv e::cve verb::vv e::fve.opt verb::vv e::pst.ptcp nv::nv cm::dat mark::comma
han i yamun de dosi re de ,	nv::nv cm::gen nv::nv cm::dat verb::vv e::npst.ptcp cm::dat mark::comma
u_jing_ing ni cooha ,	nn::prpn cm::gen nv::nv mark::comma
cali re buce ci ,	verb::vv e::npst.ptcp verb::vv e::cve mark::comma
ere emu jurgan i weile ,	nv::nv nv::nv nv::nv cm::gen nv::nv mark::comma
emu jergi buce re weile be guwebu mbi .	nv::nv nv::nv verb::vv e::npst.ptcp nv::nv cm::acc verb::vv e::fve.npst mark::period
sunja tanggū šulhe benji he ,	nv::nv nv::nv nv::nv verb::vv e::pst.ptcp mark::comma
donggo_efu i gūsa ,	nn::prpn cm::gen nv::nv mark::comma
tongki fuka sinda ha hergen i dangse .	nv::nv nv::nv verb::vv e::pst.ptcp nv::nv cm::gen nv::nv mark::period
jori ha jurgan be jurce rakū seme ilaci jergi iogi obu ha ,	verb::vv e::pst.ptcp nv::nv cm::acc verb::vv e::npst.ptcp.neg comp nv::nv nv::nv nv::nv verb::vv e::pst.ptcp mark::comma
monggo i jugūn de yehe i niyalma be aca fi afa ha seme sunjata yan i weile waliya mbi ,	nv::nv cm::gen nv::nv cm::dat nv::nv cm::gen nv::nv cm::acc verb::vv e::cve verb::vv e::pst.ptcp comp nv::nv nv::nv cm::gen nv::nv verb::vv e::fve.npst mark::comma
tere ci ici ergi duin gūsa i juleri afa ra olbo i cooha ,	nv::nv cm::abl nv::nv nv::nv nv::nv nv::nv cm::gen nv::nv verb::vv e::npst.ptcp nv::nv cm::gen nv::nv mark::comma
buce re weile baha ci wa rakū ,	verb::vv e::npst.ptcp nv::nv verb::vv e::cve verb::vv e::npst.ptcp.neg mark::comma
abutu afa mbi seme holto me ji fi afa hakū daha ha ,	nn::prpn.person verb::vv e::fve.npst comp verb::vv e::cve verb::vv e::cve verb::vv e::pst.ptcp.neg verb::vv e::pst.ptcp mark::comma
undehen de emu tanggū orin sunja uksin ,	nv::nv cm::dat nv::nv nv::nv nv::nv nv::nv nv::nv mark::comma
gūni ha de acabu me jabša ci ,	verb::vv e::pst.ptcp cm::dat verb::vv e::cve verb::vv e::cve mark::comma
jai guwangning ,	nv::nv nn::prpn.plc mark::comma
dzung_bing_guwan gai fi meni meni hošo i ejen ,	nv::nv verb::vv e::cve nv::nv nv::nv nv::nv cm::gen nv::nv mark::comma
ficakū šangna me bu he ,	nv::nv verb::vv e::cve verb::vv e::pst.ptcp mark::comma
weji ,	nv::nv mark::comma
barintai min be wa kini ,	nn::prpn.person pn::1sg cm::acc verb::vv e::fve.opt mark::comma
hanghū ,	nn::prpn.person mark::comma
hahasi kemuni usin weile kini ,	nv::nv nv::nv nv::nv verb::vv e::fve.opt mark::comma
dulga beile se amban sa o ci ,	nv::adj nv::nv nv::nv nv::nv nv::nv verb::vv e::cve mark::comma
han hendu me ,	nv::nv verb::vv e::cve mark::comma
cooha bedere me jide re de ,	nv::nv verb::vv e::cve verb::vv e::npst.ptcp cm::dat mark::comma
weceku de hengkile fi ,	nv::nv cm::dat verb::vv e::cve mark::comma
enggeder_efu geren beile se i elcin be gai fi ,	nn::prpn nv::adj nv::nv nv::nv cm::gen nv::nv cm::acc verb::vv e::cve mark::comma
beiguwan dalai ,	nv::nv nn::prpn.person mark::comma
saca galaktun folo ho hilteri uksin emke ,	nv::nv nv::nv verb::vv e::pst.ptcp nv::nv nv::nv nv::nv mark::comma
ineku tere inenggi ,	nv::nv nv::nv nv::nv mark::comma
karu elcin unggi hekū ,	nv::nv nv::nv verb::vv e::pst.ptcp.neg mark::comma
○ orin ninggun de ,	mark::circle nv::nv nv::nv cm::dat mark::comma
ningguci jergi ,	nv::nv nv::nv mark::comma
sio_yan ,	nn::prpn mark::comma
hūla me bu re šang ni dabala ,	verb::vv e::cve verb::vv e::npst.ptcp nv::nv cm::gen ptcl mark::comma
ende me cala me buce re weile baha ci guwebu ∅ ,	verb::vv e::cve verb::vv e::cve verb::vv e::npst.ptcp nv::nv verb::vv e::cve verb::vv e::fve.imperative mark::comma
ilan tanggū juwe sejen ,	nv::nv nv::nv nv::nv nv::nv mark::comma
nikan i jase bitu me tai tebu me gene he .	nv::nv cm::gen nv::nv verb::vv e::cve nv::nv verb::vv e::cve verb::vv e::pst.ptcp mark::period
ere hoton i niyalma suwe daha mbi se ci ,	nv::nv nv::nv cm::gen nv::nv pn::2pl verb::vv e::fve.npst verb::vv e::cve mark::comma
geren du_tang duile fi ,	nv::adj nv::nv verb::vv e::cve mark::comma
jeng_i_pu i niyalma ,	nn::prpn cm::gen nv::nv mark::comma
tutala cooha be ilan inenggi be teode me bošo me feksi me wa me yabu ci ,	nv::nv nv::nv cm::acc nv::nv nv::nv cm::acc verb::vv e::cve verb::vv e::cve verb::vv e::cve verb::vv e::cve verb::vv e::cve mark::comma
suwen de we akda mbi ,	pn::2pl cm::dat nv::nv verb::vv e::fve.npst mark::comma
yehe i dain de emu feye ,	nv::nv cm::gen nv::nv cm::dat nv::nv nv::nv mark::comma
gaibu ha hule i yecen de beiguwan i hergen bu he .	verb::vv e::pst.ptcp nv::nv cm::gen nn::prpn.person cm::dat nv::nv cm::gen nv::nv verb::vv e::pst.ptcp mark::period
yekšu min de tsanjiyang ni hergen bu he ,	nn::prpn.person pn::1sg cm::dat nv::nv cm::gen nv::nv verb::vv e::pst.ptcp mark::comma
○ ice duin de ,	mark::circle nv::adj nv::nv cm::dat mark::comma
te bu mbi kai ,	nv::nv verb::vv e::fve.npst ptcl mark::comma
ninggucin ,	nn::prpn.person mark::comma
garsa i deo kirsa ,	nv::adj cm::gen nv::nv nv::nv mark::comma
juwe amba hafan ,	nv::nv nv::adj nv::nv mark::comma
folo ho umiyesun ,	verb::vv e::pst.ptcp nv::nv mark::comma
jori ha jurgan be jurce rakū seme beiguwan obu ha .	verb::vv e::pst.ptcp nv::nv cm::acc verb::vv e::npst.ptcp.neg comp nv::nv verb::vv e::pst.ptcp mark::period
tere gisun de ,	nv::nv nv::nv cm::dat mark::comma
weile ara mbi ,	nv::nv verb::vv e::fve.npst mark::comma
sain be sain ,	nv::adj cm::acc nv::adj mark::comma
ahūn deo niyalma gidaša me gai me waji rahū seme hendu fi unggi he ,	nv::nv nv::nv nv::nv verb::vv e::cve verb::vv e::cve verb::vv e::fve.prv comp verb::vv e::cve verb::vv e::pst.ptcp mark::comma
hahana ,	nn::prpn.person mark::comma
geli beile se de ala ha ,	nv::nv nv::nv nv::nv cm::dat verb::vv e::pst.ptcp mark::comma
cen i jobo ro jalin de gisure me yabu hai ,	pn::3pl cm::gen verb::vv e::npst.ptcp nv::nv cm::dat verb::vv e::cve verb::vv e::cve mark::comma
mandabu ,	nn::prpn.person mark::comma
○ gulu suwayan gūsa i nikan beiguwan cen_wan_wei ,	mark::circle nv::adj nv::adj nv::nv cm::gen nv::nv nv::nv nn::prpn mark::comma
nikan i cooha be gida fi ,	nv::nv cm::gen nv::nv cm::acc verb::vv e::cve mark::comma
niyamjui nadan niru emu hontoho ,	nn::prpn.plc nv::nv nv::nv nv::nv nv::nv mark::comma
lioha ,	nn::prpn.plc mark::comma
tere i fejile jakūn amban ,	nv::nv cm::gen nv::nv nv::nv nv::nv mark::comma
nikan i jao_hoidzung ,	nv::nv cm::gen nn::prpn mark::comma
niyalma tooda ra be ,	nv::nv verb::vv e::npst.ptcp cm::acc mark::comma
menggun tanggū yan ,	nv::nv nv::nv nv::nv mark::comma
emu niyalma de kiru jafabu fi takūra ha manggi ,	nv::nv nv::nv cm::dat nv::nv verb::vv e::cve verb::vv e::pst.ptcp nv::nv mark::comma
nimeku de buce cibe ,	nv::nv cm::dat verb::vv e::cve mark::comma
sin i gašan jobo hobi ,	pn::2sg cm::gen nv::nv verb::vv e::fve.prs.prf mark::comma
dzung_bing_guwan ,	nv::nv mark::comma
emu biya de emu haha de emte sin bele ,	nv::nv nv::nv cm::dat nv::nv nv::nv cm::dat nv::nv nv::nv nv::nv mark::comma
fujin buya juse be gai fi suju me tai boo ci ebu he ,	nv::nv nv::adj nv::nv cm::acc verb::vv e::cve verb::vv e::cve nv::nv nv::nv cm::abl verb::vv e::pst.ptcp mark::comma
gaji re unde bisi re ngge be gemu faita ha ,	verb::vv e::npst.ptcp nv::nv verb::vv e::npst.ptcp nmlz::nmlz cm::acc nv::nv verb::vv e::pst.ptcp mark::comma
○ kubu he šanggiyan i gūsa i bargiya ra ba ,	mark::circle verb::vv e::pst.ptcp nv::nv cm::gen nv::nv cm::gen verb::vv e::npst.ptcp nv::nv mark::comma
matoli gebungge gašan de nikan i emu tanggū hūlha dosi fi ,	nn::prpn.plc nv::adj nv::nv cm::dat nv::nv cm::gen nv::nv nv::nv nv::nv verb::vv e::cve mark::comma
ere sargan jui be muse i hūsun ambula tuci fi kice me gaji ha seme muse de bisi rakū kai ,	nv::nv nv::nv nv::nv cm::acc nv::nv cm::gen nv::nv nv::nv verb::vv e::cve verb::vv e::cve verb::vv e::pst.ptcp comp pn::1pl.incl cm::dat verb::vv e::npst.ptcp.neg ptcl mark::comma
jakūn amba poo ,	nv::nv nv::adj nv::nv mark::comma
simiyan ,	nn::prpn.plc mark::comma
gūsin morin ,	nv::nv nv::nv mark::comma
sin i cooha gai fi ji he amba ajige hafan juwan niyalma be weihun jafa fi ,	pn::2sg cm::gen nv::nv verb::vv e::cve verb::vv e::pst.ptcp nv::adj nv::adj nv::nv nv::nv nv::nv cm::acc nv::adj verb::vv e::cve mark::comma
sin i beye be tondo sain ara me ,	pn::2sg cm::gen nv::nv cm::acc nv::adj nv::adj verb::vv e::cve mark::comma
ere bithe be kūrcan_baksi de bu ∅ .	nv::nv nv::nv cm::acc nn::prpn cm::dat verb::vv e::fve.imperative mark::period
wan_lii i orin nadaci aniya juwe biya i ice uyun de baha ha ,	nn::prpn cm::gen nv::nv nv::nv nv::nv nv::nv nv::nv cm::gen nv::adj nv::nv cm::dat verb::vv e::pst.ptcp mark::comma
jeku be acan je ∅ ,	nv::nv cm::acc nv::nv verb::vv e::fve.imperative mark::comma
ere juwe jušen ,	nv::nv nv::nv nv::nv mark::comma
ulgiyan_bira i sekiyen i weji de gene fi ,	nn::prpn cm::gen nv::nv cm::gen nv::nv cm::dat verb::vv e::cve mark::comma
han hendu me ,	nv::nv verb::vv e::cve mark::comma
ekše me elcin takūra ra ,	verb::vv e::cve nv::nv verb::vv e::npst.ptcp mark::comma
seke i jibca ,	nv::nv cm::gen nv::nv mark::comma
jakūta de emu feye ,	nv::nv cm::dat nv::nv nv::nv mark::comma
suwen i niyamangga niyalma be ,	pn::2pl cm::gen nv::nv nv::nv cm::acc mark::comma
han i gosi ha kesi be gūni rakū ,	nv::nv cm::gen verb::vv e::pst.ptcp nv::nv cm::acc verb::vv e::npst.ptcp.neg mark::comma
jakūta de emu feye baha ha seme juwan emu yan i weile waliya mbi ,	nv::nv cm::dat nv::nv nv::nv verb::vv e::pst.ptcp comp nv::nv nv::nv nv::nv cm::gen nv::nv verb::vv e::fve.npst mark::comma
gege de juwe minggan ,	nv::nv cm::dat nv::nv nv::nv mark::comma
geren iogi sa hecen be hūdun bošo me amtangga i weilebu ∅ ,	nv::adj nv::nv nv::nv nv::nv cm::acc nv::adj verb::vv e::cve nv::adj cm::gen verb::vv e::fve.imperative mark::comma
gala de eshun ihaci fulhū etubu fi gaji me ji ∅ ,	nv::nv cm::dat nv::adj nv::nv nv::nv verb::vv e::cve verb::vv e::cve verb::vv e::fve.imperative mark::comma
ubadai ,	nn::prpn.person mark::comma
○ ginjeo ,	mark::circle nn::prpn.plc mark::comma
mafa be wa cibe ,	nv::nv cm::acc verb::vv e::cve mark::comma
emu tanggū haha ,	nv::nv nv::nv nv::nv mark::comma
○ tofohon de ,	mark::circle nv::nv cm::dat mark::comma
min i non i jui duici_beile emu gisun be donji fi ebu ki dere seme hendu he manggi ,	pn::1sg cm::gen nv::nv cm::gen nv::nv nn::prpn nv::nv nv::nv cm::acc verb::vv e::cve verb::vv e::fve.opt ptcl comp verb::vv e::pst.ptcp nv::nv mark::comma
jang_jan_san i ebergi kojin_pu de dosinji ∅ ,	nn::prpn cm::gen nv::nv nn::prpn cm::dat verb::vv e::fve.imperative mark::comma
bele jaka dagila me baha hai teile jurambu ∅ ,	nv::nv nv::nv verb::vv e::cve verb::vv e::cve nv::nv verb::vv e::fve.imperative mark::comma
ajin ,	nv::nv mark::comma
bi beile se amban sa de ala ra seme ara fi unggi he bithe be ,	pn::1sg nv::nv nv::nv nv::nv nv::nv cm::dat verb::vv e::npst.ptcp comp verb::vv e::cve verb::vv e::pst.ptcp nv::nv cm::acc mark::comma
han i pai be gai fi ,	nv::nv cm::gen nv::nv cm::acc verb::vv e::cve mark::comma
baise ,	nv::nv mark::comma
han de hengkile me aca ha ,	nv::nv cm::dat verb::vv e::cve verb::vv e::pst.ptcp mark::comma
jang_da ,	nn::prpn mark::comma
moobari de juwanta etuku ,	nn::prpn.person cm::dat nv::nv nv::nv mark::comma
baindari geli gūwaliya fi gai mbi seme gisure he sargan be gai hakū o ho manggi ,	nn::prpn.person nv::nv verb::vv e::cve verb::vv e::fve.npst comp verb::vv e::pst.ptcp nv::nv cm::acc verb::vv e::pst.ptcp.neg verb::vv e::pst.ptcp nv::nv mark::comma
wangge beiguwan ,	nn::prpn.person nv::nv mark::comma
ilan minggan cooha be adabu fi ,	nv::nv nv::nv nv::nv cm::acc verb::vv e::cve mark::comma
meni meni niyaman hūncihin de gene he bi ci ,	nv::nv nv::nv nv::nv nv::nv cm::dat verb::vv e::pst.ptcp verb::vv e::cve mark::comma
min de etuku akū seme hete re ngge waka kai ,	pn::1sg cm::dat nv::nv nv::adj comp verb::vv e::npst.ptcp nmlz::nmlz nv::adj ptcl mark::comma
gemu giyansi halbu fi cooha boljo fi gaji fi gene mbihe ,	nv::nv nv::nv verb::vv e::cve nv::nv verb::vv e::cve verb::vv e::cve verb::vv e::fve.pst.ipfv mark::comma
han i bithe ,	nv::nv cm::gen nv::nv mark::comma
juse sargan be olji ara fi ,	nv::nv nv::nv cm::acc nv::nv verb::vv e::cve mark::comma
lung_king ni sunjaci aniya jakūn biya i orin sunja de baha ha ,	nn::prpn cm::gen nv::nv nv::nv nv::nv nv::nv cm::gen nv::nv nv::nv cm::dat verb::vv e::pst.ptcp mark::comma
hengke ,	nv::nv mark::comma
jontoi ,	nn::prpn.person mark::comma
keceni suwen be dain de baha fi wa ra beye be uji he baili seme urgunje me bisi rakū ,	nn::prpn.person pn::2pl cm::acc nv::nv cm::dat verb::vv e::cve verb::vv e::npst.ptcp nv::nv cm::acc verb::vv e::pst.ptcp nv::nv comp verb::vv e::cve verb::vv e::npst.ptcp.neg mark::comma
○ nomtu niru i hondai ,	mark::circle nn::prpn.person nv::nv cm::gen nn::prpn.person mark::comma
etu re jete re ngge yooni bu he ,	verb::vv e::npst.ptcp verb::vv e::npst.ptcp nmlz::nmlz nv::nv verb::vv e::pst.ptcp mark::comma
juwe simhun gabtabu ha seme juwan emu yan i weile waliya mbi ,	nv::nv nv::nv verb::vv e::pst.ptcp comp nv::nv nv::nv nv::nv cm::gen nv::nv verb::vv e::fve.npst mark::comma
fucihi be gūni me ere beye de beye be jobobu me akūmbu ci ,	nv::nv cm::acc verb::vv e::cve nv::nv nv::nv cm::dat nv::nv cm::acc verb::vv e::cve verb::vv e::cve mark::comma
juwe ulgiyan ,	nv::nv nv::nv mark::comma
tere be han i boo i nure jafa ha hehe sa fi ,	nv::nv cm::acc nv::nv cm::gen nv::nv cm::gen nv::nv verb::vv e::pst.ptcp nv::nv verb::vv e::cve mark::comma
amargi uce deri dosi re be ,	nv::nv nv::nv nv::nv verb::vv e::npst.ptcp cm::acc mark::comma
han ,	nv::nv mark::comma
gai fi ji he emu bedzung be jafa fi gaji ha ,	verb::vv e::cve verb::vv e::pst.ptcp nv::nv nv::nv cm::acc verb::vv e::cve verb::vv e::pst.ptcp mark::comma
geren gemu aca fi gisure me ,	nv::adj nv::nv verb::vv e::cve verb::vv e::cve mark::comma
nikan gurun ci wesihun ,	nv::nv nv::nv cm::abl nv::nv mark::comma
in i ama ,	pn::3sg cm::gen nv::nv mark::comma
giran be ume tuwa ra ,	nv::nv cm::acc nv::nv verb::vv e::npst.ptcp mark::comma
tere niyalma holto mbi ,	nv::nv nv::nv verb::vv e::fve.npst mark::comma
dain de dosi re de gucu amca ci ambu hakū ,	nv::nv cm::dat verb::vv e::npst.ptcp cm::dat nv::nv verb::vv e::cve verb::vv e::pst.ptcp.neg mark::comma
uksin etu he budun haha ci dele akū se ci o mbi o ,	nv::nv verb::vv e::pst.ptcp nv::adj nv::nv cm::abl nv::nv nv::adj verb::vv e::cve verb::vv e::fve.npst ptcl mark::comma
uyute yan i weile waliya mbi ,	nv::nv nv::nv cm::gen nv::nv verb::vv e::fve.npst mark::comma
muhaliyan i darbu ,	nv::nv cm::gen nn::prpn.person mark::comma
jai duin niyalma be takūra fi unggi he bithe i gisun ,	nv::nv nv::nv nv::nv cm::acc verb::vv e::cve verb::vv e::pst.ptcp nv::nv cm::gen nv::nv mark::comma
fujiyang ci fakca ha de ,	nv::nv cm::abl verb::vv e::pst.ptcp cm::dat mark::comma
bujantai in i sahaliyan gebungge sargan jui be ,	nn::prpn.person pn::3sg cm::gen nv::adj nv::adj nv::nv nv::nv cm::acc mark::comma
elcin ji he danggalai de emu gecuheri ,	nv::nv verb::vv e::pst.ptcp nn::prpn.person cm::dat nv::nv nv::nv mark::comma
hūlan_šan_wei i du_jy_hūi_tungjy huju i jui asibu ,	nn::prpn cm::gen nv::nv nn::prpn.plc cm::gen nv::nv nn::prpn.person mark::comma
han i pai be gai fi ,	nv::nv cm::gen nv::nv cm::acc verb::vv e::cve mark::comma
dain i jurgan de o ci ,	nv::nv cm::gen nv::nv cm::dat verb::vv e::cve mark::comma
ojo rakū ,	verb::vv e::npst.ptcp.neg mark::comma
ere be ginjeo ,	nv::nv cm::acc nn::prpn.plc mark::comma
ji me emu inenggi emu dobori be aliya mbi ,	verb::vv e::cve nv::nv nv::nv nv::nv nv::nv cm::acc verb::vv e::fve.npst mark::comma
muse i niyalma ara me ,	nv::nv cm::gen nv::nv verb::vv e::cve mark::comma
juwe jergi buce re weile be guwebu mbi .	nv::nv nv::nv verb::vv e::npst.ptcp nv::nv cm::acc verb::vv e::fve.npst mark::period
akū ci ,	verb::vv e::cve mark::comma
genggiyen_han ,	nn::prpn mark::comma
men i gurun te hebi ,	pn::1pl.excl cm::gen nv::nv verb::vv e::fve.prs.prf mark::comma
tung_be_se ,	nn::prpn mark::comma
hai_jeo ,	nn::prpn mark::comma
emu niru i emte niyalma be emu fujiyang gai fi jase bitu me neigen tebu ∅ ,	nv::nv nv::nv cm::gen nv::nv nv::nv cm::acc nv::nv nv::nv verb::vv e::cve nv::nv verb::vv e::cve nv::adj verb::vv e::fve.imperative mark::comma
tuhei ,	nn::prpn.person mark::comma
beile se amban sa i baru hendu me ,	nv::nv nv::nv nv::nv nv::nv cm::gen nv::nv verb::vv e::cve mark::comma
guile he juwe fan ,	verb::vv e::pst.ptcp nv::nv nv::nv mark::comma
wan_lii i orin sunjaci aniya sunja biya i ice de baha ha ,	nn::prpn cm::gen nv::nv nv::nv nv::nv nv::nv nv::nv cm::gen nv::adj cm::dat verb::vv e::pst.ptcp mark::comma
ere bithe be mujilen i fukjin ara ha ngge inu mangga .	nv::nv nv::nv cm::acc nv::nv cm::gen nv::nv verb::vv e::pst.ptcp nmlz::nmlz nv::nv nv::adj mark::period
geren be duile ∅ seme duilebu ci ,	nv::adj cm::acc verb::vv e::fve.imperative comp verb::vv e::cve mark::comma
morin ihan tanggū ,	nv::nv nv::nv nv::nv mark::comma
nikan be gemu emu hebe i tondo banji ∅ seme tacibu me hendu ci ,	nv::nv cm::acc nv::nv nv::nv nv::nv cm::gen nv::adj verb::vv e::fve.imperative comp verb::vv e::cve verb::vv e::cve mark::comma
ere gisun be doigon de ainu hendu hekū seme hendu re jaka de ,	nv::nv nv::nv cm::acc nv::nv cm::dat nv::nv verb::vv e::pst.ptcp.neg comp verb::vv e::npst.ptcp nv::nv cm::dat mark::comma
emu jergi buce re weile be guwebu mbi .	nv::nv nv::nv verb::vv e::npst.ptcp nv::nv cm::acc verb::vv e::fve.npst mark::period
haha hehe uheri dehi duin niyalma yafahan uka me ji he .	nv::nv nv::nv nv::nv nv::nv nv::nv nv::nv nv::adj verb::vv e::cve verb::vv e::pst.ptcp mark::period
ahūtu be ,	nn::prpn.person cm::acc mark::comma
han de waka sabu fi weile baha fi boo yada kini ,	nv::nv cm::dat nv::adj verb::vv e::cve nv::nv verb::vv e::cve nv::nv verb::vv e::fve.opt mark::comma
amba cooha be dasa fi ,	nv::adj nv::nv cm::acc verb::vv e::cve mark::comma
godohon bi he ,	nv::adj verb::vv e::pst.ptcp mark::comma
yaran_golo i amban bi he ,	nn::prpn cm::gen nv::nv verb::vv e::pst.ptcp mark::comma
fujiyang de šangna ha aisin be ,	nv::nv cm::dat verb::vv e::pst.ptcp nv::nv cm::acc mark::comma
yooni isibu ha ,	nv::nv verb::vv e::pst.ptcp mark::comma
han i tacibu ha tondo fafun be jurce rakū banji ci ,	nv::nv cm::gen verb::vv e::pst.ptcp nv::adj nv::nv cm::acc verb::vv e::npst.ptcp.neg verb::vv e::cve mark::comma
bada iogi emu gūsa i juwanta bayara be gai fi ,	nv::adj nv::nv nv::nv nv::nv cm::gen nv::nv nv::nv cm::acc verb::vv e::cve mark::comma
○ ineku tere inenggi ,	mark::circle nv::nv nv::nv nv::nv mark::comma
○ ineku tere inenggi ,	mark::circle nv::nv nv::nv nv::nv mark::comma
bi nene me gisure he bi he seme fonjibu re jaka de ,	pn::1sg verb::vv e::cve verb::vv e::pst.ptcp verb::vv e::pst.ptcp comp verb::vv e::npst.ptcp nv::nv cm::dat mark::comma
han i gisun be jurce me be_ši_jung cooha i agūra be ainu somi mbi ,	nv::nv cm::gen nv::nv cm::acc verb::vv e::cve nn::prpn nv::nv cm::gen nv::nv cm::acc nv::nv verb::vv e::fve.npst mark::comma
ujen uksin i oilo olbo ,	nv::adj nv::nv cm::gen nv::nv nv::nv mark::comma
sunja tatan i kalka de hebe akū ,	nv::nv nv::nv cm::gen nv::nv cm::dat nv::nv nv::adj mark::comma
afabu ha weile be mute mbi ,	verb::vv e::pst.ptcp nv::nv cm::acc verb::vv e::fve.npst mark::comma
gūwa jaka be gemu geren cooha neigen baha ha ,	nv::nv nv::nv cm::acc nv::nv nv::adj nv::nv nv::adj verb::vv e::pst.ptcp mark::comma
handu bele ,	nv::nv nv::nv mark::comma
bulangga ,	nv::adj mark::comma
ubahai ,	nn::prpn.person mark::comma
niyaman hūncihin fakca rakū o ho de ,	nv::nv nv::nv verb::vv e::npst.ptcp.neg verb::vv e::pst.ptcp cm::dat mark::comma
muse te nikan be daila ci ,	pn::1pl.incl nv::nv nv::nv cm::acc verb::vv e::cve mark::comma
fakūri ,	nv::nv mark::comma
ume heolede re .	nv::nv verb::vv e::npst.ptcp mark::period
hūsun bu he ambula seme ,	nv::nv verb::vv e::pst.ptcp nv::nv comp mark::comma
juse omosi jalan hala me gosi re doro be ume lashala ra .	nv::nv nv::nv nv::nv verb::vv e::cve verb::vv e::npst.ptcp nv::nv cm::acc nv::nv verb::vv e::npst.ptcp mark::period
sure_kundulen_han i juwe jui morin šusihala me jilida me hendu me ,	nn::prpn cm::gen nv::nv nv::nv nv::nv verb::vv e::cve verb::vv e::cve verb::vv e::cve mark::comma
ume ebše re ,	nv::nv verb::vv e::npst.ptcp mark::comma
fuce ci ,	verb::vv e::cve mark::comma
○ ice duin de ,	mark::circle nv::adj nv::nv cm::dat mark::comma
hūrha_golo i amban bi he ,	nn::prpn cm::gen nv::nv verb::vv e::pst.ptcp mark::comma
fujiyang fakca hakū seme wesihun han de ala ∅ ,	nv::nv verb::vv e::pst.ptcp.neg comp nv::nv nv::nv cm::dat verb::vv e::fve.imperative mark::comma
tere ba be ,	nv::nv nv::nv cm::acc mark::comma
sain be sain ,	nv::adj cm::acc nv::adj mark::comma
tang_jeo ba i niyalma mederi be doo me ,	nn::prpn nv::nv cm::gen nv::nv nv::nv cm::acc verb::vv e::cve mark::comma
baitakan ,	nn::prpn.person mark::comma
jakūn boo i ai jaka be tuci re bu re gaija ra ba de aca ha niyalma sarkū giyalabu rahū seme acabu habi ,	nv::nv nv::nv cm::gen nv::nv nv::nv cm::acc verb::vv e::npst.ptcp verb::vv e::npst.ptcp verb::vv e::npst.ptcp nv::nv cm::dat verb::vv e::pst.ptcp nv::nv nv::nv verb::vv e::fve.prv comp verb::vv e::fve.prs.prf mark::comma
afabu ha weile be mutebu mbi ,	verb::vv e::pst.ptcp nv::nv cm::acc verb::vv e::fve.npst mark::comma
gūwalca ,	nn::prpn.plc mark::comma
tsai_šu_be ,	nn::prpn mark::comma
orin niyalma de emu niyalma be cooha ilibu mbi ,	nv::nv nv::nv cm::dat nv::nv nv::nv cm::acc nv::nv verb::vv e::fve.npst mark::comma
juwan ci wesihun ,	nv::nv cm::abl nv::nv mark::comma
dari ,	nv::nv mark::comma
ya de acan kila_wei i du_jy_hūi_ciyanši sangguli i jui hūsitu ,	nv::nv cm::dat nv::nv nn::prpn cm::gen nv::nv nn::prpn.person cm::gen nv::nv nn::prpn.person mark::comma
beye i ehe de wasi kini .	nv::nv cm::gen nv::adj cm::dat verb::vv e::fve.opt mark::period
ere juwe hafan be in i ejen sain se mbi ,	nv::nv nv::nv nv::nv cm::acc pn::3sg cm::gen nv::nv nv::adj verb::vv e::fve.npst mark::comma
han tuwa fi ,	nv::nv verb::vv e::cve mark::comma
ere be baha rakū ,	nv::nv cm::acc verb::vv e::npst.ptcp.neg mark::comma
aita ,	nn::prpn.person mark::comma
bi fulu ekiyehun akū ,	pn::1sg nv::nv nv::adj nv::adj mark::comma
ubahai ,	nn::prpn.person mark::comma
aca ki seme orin gūsin mudan takūra ci ,	verb::vv e::fve.opt comp nv::nv nv::nv nv::nv verb::vv e::cve mark::comma
monggo gurun i korcin i minggan_beile i amba haha jui ilduci_taiji ,	nv::nv nv::nv cm::gen nn::prpn.plc cm::gen nn::prpn cm::gen nv::adj nv::nv nv::nv nn::prpn mark::comma
afabu ha weile be mute mbi ,	verb::vv e::pst.ptcp nv::nv cm::acc verb::vv e::fve.npst mark::comma
emte ihan ,	nv::nv nv::nv mark::comma
○ juwan uyun de ,	mark::circle nv::nv nv::nv cm::dat mark::comma
agūra hajun aika jaka be dasa me te ,	nv::nv nv::nv nv::nv nv::nv cm::acc verb::vv e::cve nv::nv mark::comma
amba genggiyen_han i cooha gene he aniya ,	nv::adj nn::prpn cm::gen nv::nv verb::vv e::pst.ptcp nv::nv mark::comma
sejen kalka be ilibu fi ali me gai ha manggi ,	nv::nv nv::nv cm::acc verb::vv e::cve verb::vv e::cve verb::vv e::pst.ptcp nv::nv mark::comma
hūrha_golo be sucu fi ,	nn::prpn cm::acc verb::vv e::cve mark::comma
han de ala fi ,	nv::nv cm::dat verb::vv e::cve mark::comma
ai be sarkū ,	nv::nv cm::acc nv::nv mark::comma
nomci ,	nn::prpn.person mark::comma
gama rakū yaya ba de bi kini se ci ,	verb::vv e::npst.ptcp.neg nv::nv nv::nv cm::dat verb::vv e::fve.opt verb::vv e::cve mark::comma
○ orin ninggun de ,	mark::circle nv::nv nv::nv cm::dat mark::comma
hokton buri ha amba hiyase de sinda ha menggun baha fi gaji ha ,	nv::nv verb::vv e::pst.ptcp nv::adj nv::nv cm::dat verb::vv e::pst.ptcp nv::nv verb::vv e::cve verb::vv e::pst.ptcp mark::comma
soro moo ninggun tanggū ,	nv::nv nv::nv nv::nv nv::nv mark::comma
sunja niru i ejen tulkun ,	nv::nv nv::nv cm::gen nv::nv nn::prpn.person mark::comma
boo ci tuci ke inenggi ci boo de isinji tele ,	nv::nv cm::abl verb::vv e::pst.ptcp nv::nv cm::abl nv::nv cm::dat verb::vv e::cve mark::comma
amaga jalan de afabu ha weile be gemu akūmbu ha se ci ,	nv::adj nv::nv cm::dat verb::vv e::pst.ptcp nv::nv cm::acc nv::nv verb::vv e::pst.ptcp verb::vv e::cve mark::comma
han i pai be gai fi ,	nv::nv cm::gen nv::nv cm::acc verb::vv e::cve mark::comma
tere be gašan gašan i jeku akū niyalma de bu fi ,	nv::nv cm::acc nv::nv nv::nv cm::gen nv::nv nv::adj nv::nv cm::dat verb::vv e::cve mark::comma
boihoci_ecike ,	nn::prpn mark::comma
ere juwan niyalma be kadala me mute rakū seme ,	nv::nv nv::nv nv::nv cm::acc verb::vv e::cve verb::vv e::npst.ptcp.neg comp mark::comma
erin ehe ,	nv::nv nv::adj mark::comma
○ omšon biya i ice ilan de ,	mark::circle nv::nv nv::nv cm::gen nv::adj nv::nv cm::dat mark::comma
emu gung de juwan šusiha waliya ha ,	nv::nv nv::nv cm::dat nv::nv nv::nv verb::vv e::pst.ptcp mark::comma
juwan ninggun de wasimbu ha ,	nv::nv nv::nv cm::dat verb::vv e::pst.ptcp mark::comma
jakūnju sunja cooha ilibu ∅ ,	nv::nv nv::nv nv::nv verb::vv e::fve.imperative mark::comma
ulin gaija ra weile baha ci waliya ∅ ,	nv::nv verb::vv e::npst.ptcp nv::nv verb::vv e::cve verb::vv e::fve.imperative mark::comma
te re boo ,	verb::vv e::npst.ptcp nv::nv mark::comma
jai g'ai_jeo ,	nv::nv nn::prpn mark::comma
orin sunja yan i weile gai ha ,	nv::nv nv::nv nv::nv cm::gen nv::nv verb::vv e::pst.ptcp mark::comma
jeng_giyang ni niyalma donji fi ,	nn::prpn cm::gen nv::nv verb::vv e::cve mark::comma
hai_si hali_wei i du_jy_hūi_ciyanši losi i jui abuha ,	nn::prpn nn::prpn cm::gen nv::nv nn::prpn.person cm::gen nv::nv nn::prpn.person mark::comma
fu_jeo i aita fujiyang baha fi benji he .	nn::prpn cm::gen nn::prpn.person nv::nv verb::vv e::cve verb::vv e::pst.ptcp mark::period
hūdun juwe me waji ci ,	nv::adj verb::vv e::cve verb::vv e::cve mark::comma
han i bithe ,	nv::nv cm::gen nv::nv mark::comma
arki nure omi ha niyalma bi ,	nv::nv nv::nv verb::vv e::pst.ptcp nv::nv verb::vv.npst mark::comma
geren i baru hebeše re gisun ,	nv::adj cm::gen nv::nv verb::vv e::npst.ptcp nv::nv mark::comma
dalingho i juwe cikin be jaha baibu ∅ ,	nn::prpn.plc cm::gen nv::nv nv::nv cm::acc nv::nv verb::vv e::fve.imperative mark::comma
dailiyoo gurun be gemu dahabu fi ,	nn::prpn.plc nv::nv cm::acc nv::nv verb::vv e::cve mark::comma
han i mujilen de gurun be isabu fi uji ki ,	nv::nv cm::gen nv::nv cm::dat nv::nv cm::acc verb::vv e::cve verb::vv e::fve.opt mark::comma
bodonggo niru i akdun boo i emu solho ,	nv::nv nv::nv cm::gen nv::adj nv::nv cm::gen nv::nv nv::nv mark::comma
wei_giya_ling ,	nn::prpn mark::comma
uttu kemuni dain bata o fi niyakūn hengkin be hono seole re niyalma be adarame uji mbi seme baha ha ,	nv::nv nv::nv nv::nv nv::nv verb::vv e::cve nv::nv nv::nv cm::acc nv::nv verb::vv e::npst.ptcp nv::nv cm::acc nv::nv verb::vv e::fve.npst comp verb::vv e::pst.ptcp mark::comma
ulha adula ra niyalma ,	nv::nv verb::vv e::npst.ptcp nv::nv mark::comma
in i ama i tsanjiyang ni hergen bu he .	pn::3sg cm::gen nv::nv cm::gen nv::nv cm::gen nv::nv verb::vv e::pst.ptcp mark::period
duici_beile i sadun ,	nn::prpn cm::gen nv::nv mark::comma
kemuni dzung_bing_guwan obu ha .	nv::nv nv::nv verb::vv e::pst.ptcp mark::period
jaisai sin be abka wakala fi sui isi fi buce kini ,	nn::prpn.person pn::2sg cm::acc nv::nv verb::vv e::cve nv::nv verb::vv e::cve verb::vv e::fve.opt mark::comma
manggūldai de guise juwanta ,	nn::prpn.person cm::dat nv::nv nv::nv mark::comma
dulin be du_tang ,	nv::adj cm::acc nv::nv mark::comma
niyaman hūncihin seme harša rakū ,	nv::nv nv::nv comp verb::vv e::npst.ptcp.neg mark::comma
tere bithe be gaji fi han de bu he manggi ,	nv::nv nv::nv cm::acc verb::vv e::cve nv::nv cm::dat verb::vv e::pst.ptcp nv::nv mark::comma
afabu ha weile be mute mbi ,	verb::vv e::pst.ptcp nv::nv cm::acc verb::vv e::fve.npst mark::comma
geli bi nene me gisure he bi he seme fonjibu re jaka de ,	nv::nv pn::1sg verb::vv e::cve verb::vv e::pst.ptcp verb::vv e::pst.ptcp comp verb::vv e::npst.ptcp nv::nv cm::dat mark::comma
han ,	nv::nv mark::comma
boo i uji he ujima ,	nv::nv cm::gen verb::vv e::pst.ptcp nv::nv mark::comma
uba ci unggi he taiju gebungge šeo_pu jori me gama kini ,	nv::nv cm::abl verb::vv e::pst.ptcp nn::prpn.person nv::adj nv::nv verb::vv e::cve verb::vv e::fve.opt mark::comma
ubaša me gene re niyalma be juwe tanggū ba de isi tala amca ha ,	verb::vv e::cve verb::vv e::npst.ptcp nv::nv cm::acc nv::nv nv::nv nv::nv cm::dat verb::vv e::cve verb::vv e::pst.ptcp mark::comma
ere sunja amban be sasa ainu dosi rakū seme hafan nakabu ha ,	nv::nv nv::nv nv::nv cm::acc nv::nv nv::nv verb::vv e::npst.ptcp.neg comp nv::nv verb::vv e::pst.ptcp mark::comma
○ ineku tere inenggi ,	mark::circle nv::nv nv::nv nv::nv mark::comma
kuwaišeo duin ,	nv::nv nv::nv mark::comma
emu morin waliya fi yafahan burula me suju he ,	nv::nv nv::nv verb::vv e::cve nv::adj verb::vv e::cve verb::vv e::pst.ptcp mark::comma
han i baru hendu me ,	nv::nv cm::gen nv::nv verb::vv e::cve mark::comma
juwe siden be saikan songko faita me te ,	nv::nv nv::nv cm::acc nv::adj nv::nv verb::vv e::cve nv::nv mark::comma
iogi hergen be wesibu fi fujiyang obu fi ,	nv::nv nv::nv cm::acc verb::vv e::cve nv::nv verb::vv e::cve mark::comma
nikan i šan_yang_ioi hecen ci ,	nv::nv cm::gen nn::prpn nv::nv cm::abl mark::comma
acan hai_si wei_lai_wei i du_jy_hūi_ciyanši sibu i jui hūsimu ,	nv::nv nn::prpn nn::prpn cm::gen nv::nv nn::prpn.person cm::gen nv::nv nn::prpn.person mark::comma
min i yehe i ba de ji fi ,	pn::1sg cm::gen nv::nv cm::gen nv::nv cm::dat verb::vv e::cve mark::comma
han i pai be gai fi ,	nv::nv cm::gen nv::nv cm::acc verb::vv e::cve mark::comma
juwan haha be bu he ,	nv::nv nv::nv cm::acc verb::vv e::pst.ptcp mark::comma
guwangning ci guribu me gaji ha niyalma be ,	nn::prpn.plc cm::abl verb::vv e::cve verb::vv e::pst.ptcp nv::nv cm::acc mark::comma
monggo gurun i korcin i konggor_beile i jui be han i beye de sargan benji he ,	nv::nv nv::nv cm::gen nn::prpn.plc cm::gen nn::prpn cm::gen nv::nv cm::acc nv::nv cm::gen nv::nv cm::dat nv::nv verb::vv e::pst.ptcp mark::comma
nikan be afa ci ,	nv::nv cm::acc verb::vv e::cve mark::comma
morin de ulebu re ngge akū ulebu kini ,	nv::nv cm::dat verb::vv e::npst.ptcp nmlz::nmlz nv::adj verb::vv e::fve.opt mark::comma
xuwang_šan i beiguwan miyoo_i_juwang be ,	nn::prpn cm::gen nv::nv nn::prpn cm::acc mark::comma
buyeri ,	nn::prpn.person mark::comma
niru i hūwaita ha sunja morin ,	nv::nv cm::gen verb::vv e::pst.ptcp nv::nv nv::nv mark::comma
morin juwan uyun ,	nv::nv nv::nv nv::nv mark::comma
ari_šan_wei i du_jy_hūi_tungjy jiruha i jui eimija ,	nn::prpn cm::gen nv::nv nn::prpn.person cm::gen nv::nv nn::prpn.person mark::comma
ere cooha ili mbi o ,	nv::nv nv::nv verb::vv e::fve.npst ptcl mark::comma
yoo_jeo ,	nn::prpn mark::comma
muhaliyan janggin ,	nv::nv nv::nv mark::comma
alin i wesihun juwe jurgan i afa me gene he ,	nv::nv cm::gen nv::nv nv::nv nv::nv cm::gen verb::vv e::cve verb::vv e::pst.ptcp mark::comma
darhan_efu ,	nn::prpn mark::comma
emu haha i alban i tuci re ngge ,	nv::nv nv::nv cm::gen nv::nv cm::gen verb::vv e::npst.ptcp nmlz::nmlz mark::comma
○ orin nadan de ,	mark::circle nv::nv nv::nv cm::dat mark::comma
tere be gemu wa ha seme ala ha .	nv::nv cm::acc nv::nv verb::vv e::pst.ptcp comp verb::vv e::pst.ptcp mark::period
nikan i jeku be gemu miyali fi ,	nv::nv cm::gen nv::nv cm::acc nv::nv verb::vv e::cve mark::comma
kalka i bagadarhan_beile i dehi niyalma ,	nv::nv cm::gen nn::prpn cm::gen nv::nv nv::nv mark::comma
langkio ,	nn::prpn.person mark::comma
ere jaisai duri me gai ha ,	nv::nv nn::prpn.person verb::vv e::cve verb::vv e::pst.ptcp mark::comma
haldaba huwekiyebu re niyalma i gisun ,	nv::adj verb::vv e::npst.ptcp nv::nv cm::gen nv::nv mark::comma
sejen de ihasa toho fi nukci me gene re de ,	nv::nv cm::dat nv::nv verb::vv e::cve verb::vv e::cve verb::vv e::npst.ptcp cm::dat mark::comma
cooha i ejen io_dzung_bing_guwan ,	nv::nv cm::gen nv::nv nn::prpn mark::comma
amba gebu hūla ki seme geren hebde me gisure me toktobu fi ,	nv::adj nv::nv verb::vv e::fve.opt comp nv::adj verb::vv e::cve verb::vv e::cve verb::vv e::cve mark::comma
ahūta i juse deote sin be karu sin i boo de bene ci ,	nv::nv cm::gen nv::nv nv::nv pn::2sg cm::acc nv::nv pn::2sg cm::gen nv::nv cm::dat verb::vv e::cve mark::comma
mafa i weile be gida me ,	nv::nv cm::gen nv::nv cm::acc verb::vv e::cve mark::comma
fulu aliya rakū seme hendu fi unggi ∅ ,	nv::nv verb::vv e::npst.ptcp.neg comp verb::vv e::cve verb::vv e::fve.imperative mark::comma
erdemu be tuwa me amban ara ki dere ,	nv::nv cm::acc verb::vv e::cve nv::nv verb::vv e::fve.opt ptcl mark::comma
emu yan de ilan fun obu ha .	nv::nv nv::nv cm::dat nv::nv nv::nv verb::vv e::pst.ptcp mark::period
fe taka ha sa ha niyaman hūncihin i adali uthai okdo me daha ha ,	nv::adj verb::vv e::pst.ptcp verb::vv e::pst.ptcp nv::nv nv::nv cm::gen nv::adj nv::nv verb::vv e::cve verb::vv e::pst.ptcp mark::comma
jamu_ho_wei i du_jy_hūi_ciyanši belingge i jui deyengge ,	nn::prpn cm::gen nv::nv nn::prpn.person cm::gen nv::nv nv::adj mark::comma
duin erin be jurce rakū o fi ,	nv::nv nv::nv cm::acc verb::vv e::npst.ptcp.neg verb::vv e::cve mark::comma
emu jui tuba de bisi re boo adun ulha gurun be tuwa me gene ci ,	nv::nv nv::nv nv::nv cm::dat verb::vv e::npst.ptcp nv::nv nv::nv nv::nv nv::nv cm::acc verb::vv e::cve verb::vv e::cve mark::comma
bi geli sin de te emgeri ilinja rakū doro bi o ,	pn::1sg nv::nv pn::2sg cm::dat nv::nv nv::nv verb::vv e::npst.ptcp.neg nv::nv verb::vv.npst ptcl mark::comma
han de waka sabu fi weile baha fi boo yada kini ,	nv::nv cm::dat nv::adj verb::vv e::cve nv::nv verb::vv e::cve nv::nv verb::vv e::fve.opt mark::comma
cingginu ,	nn::prpn.person mark::comma
muse i elcin akū ci ,	nv::nv cm::gen nv::nv verb::vv e::cve mark::comma
beile se bu ci ,	nv::nv nv::nv verb::vv e::cve mark::comma
gūwa i gisun de ume dosi re ,	nv::nv cm::gen nv::nv cm::dat nv::nv verb::vv e::npst.ptcp mark::comma
hoifa gurun be daila me efule fi gai ha ,	nn::prpn.plc nv::nv cm::acc verb::vv e::cve verb::vv e::cve verb::vv e::pst.ptcp mark::comma
jai cimari daha rakū bisi re de ,	nv::nv nv::nv verb::vv e::npst.ptcp.neg verb::vv e::npst.ptcp cm::dat mark::comma
tere niyalma sere fi suju he ,	nv::nv nv::nv verb::vv e::cve verb::vv e::pst.ptcp mark::comma
wa ha niyalma i boo de uyun tanggū yan menggun ,	verb::vv e::pst.ptcp nv::nv cm::gen nv::nv cm::dat nv::nv nv::nv nv::nv nv::nv mark::comma
han de waka sabu fi weile baha fi boo yada kini ,	nv::nv cm::dat nv::adj verb::vv e::cve nv::nv verb::vv e::cve nv::nv verb::vv e::fve.opt mark::comma
sure_kundulen_han baica me gemu gaji ∅ seme ,	nn::prpn verb::vv e::cve nv::nv verb::vv e::fve.imperative comp mark::comma
min i amba cooha axša rakū bi o ,	pn::1sg cm::gen nv::adj nv::nv verb::vv e::npst.ptcp.neg verb::vv.npst ptcl mark::comma
lii_dzung_ciyan bithe wesimbu me ,	nn::prpn nv::nv verb::vv e::cve mark::comma
tanggū funce me niyalma be sinda fi unggi he ,	nv::nv verb::vv e::cve nv::nv cm::acc verb::vv e::cve verb::vv e::pst.ptcp mark::comma
ula i bujantai weihun jafabu ha ,	nv::nv cm::gen nn::prpn.person nv::adj verb::vv e::pst.ptcp mark::comma
aisin han amasi gaji ∅ se ci ,	nv::nv nv::nv nv::nv verb::vv e::fve.imperative verb::vv e::cve mark::comma
tanggūdai ,	nn::prpn.person mark::comma
hūlha holo koimali jalingga akū tondo mujilen jafa fi banji mbi .	nv::nv nv::nv nv::adj nv::adj nv::adj nv::adj nv::nv verb::vv e::cve verb::vv e::fve.npst mark::period
duin suje ,	nv::nv nv::nv mark::comma
sin i gurun be amban seme min be gidaša mbi kai ,	pn::2sg cm::gen nv::nv cm::acc nv::nv comp pn::1sg cm::acc verb::vv e::fve.npst ptcl mark::comma
hashū ergi dzung_bing_guwan hergen i uju jergi amban fiongdon buce he ,	nv::nv nv::nv nv::nv nv::nv cm::gen nv::nv nv::nv nv::nv nn::prpn.person verb::vv e::pst.ptcp mark::comma
○ orin de ,	mark::circle nv::nv cm::dat mark::comma
○ ice jakūn de liyoha bira de dedu he ,	mark::circle nv::adj nv::nv cm::dat nn::prpn.plc nv::nv cm::dat verb::vv e::pst.ptcp mark::comma
han de waka sabu fi weile baha fi boo yada kini ,	nv::nv cm::dat nv::adj verb::vv e::cve nv::nv verb::vv e::cve nv::nv verb::vv e::fve.opt mark::comma
suwen i nikan han be enteheme ,	pn::2pl cm::gen nv::nv nv::nv cm::acc nv::nv mark::comma
gubci golo gemu daha habi ,	nv::adj nv::nv nv::nv verb::vv e::fve.prs.prf mark::comma
jeku bisi re niyalma i ton de dosimbu fi boigon unggi ∅ ,	nv::nv verb::vv e::npst.ptcp nv::nv cm::gen nv::nv cm::dat verb::vv e::cve nv::nv verb::vv e::fve.imperative mark::comma
abka nene me tuwa fi ehe sui isi kini ,	nv::nv verb::vv e::cve verb::vv e::cve nv::adj nv::nv verb::vv e::fve.opt mark::comma
niyalma ,	nv::nv mark::comma
beye buce kini ,	nv::nv verb::vv e::fve.opt mark::comma
jakūta de emu feye baha ha ,	nv::nv cm::dat nv::nv nv::nv verb::vv e::pst.ptcp mark::comma
ama bi inu urgunje mbi ,	nv::nv pn::1sg nv::nv verb::vv e::fve.npst mark::comma
saci me wa ∅ seme ,	verb::vv e::cve verb::vv e::fve.imperative comp mark::comma
jalangga ,	nv::adj mark::comma
men i juwe gurun ,	pn::1pl.excl cm::gen nv::nv nv::nv mark::comma
beiguwan ci wesihun ,	nv::nv cm::abl nv::nv mark::comma
hoton ara ra be men i geren i emgi gisure fi ,	nv::nv verb::vv e::npst.ptcp cm::acc pn::1pl.excl cm::gen nv::adj cm::gen nv::nv verb::vv e::cve mark::comma
ambula gisure rakū bi he ,	nv::nv verb::vv e::npst.ptcp.neg verb::vv e::pst.ptcp mark::comma
wan_lii i orin emuci aniya uyun biya i orin ilan de baha ha ,	nn::prpn cm::gen nv::nv nv::nv nv::nv nv::nv nv::nv cm::gen nv::nv nv::nv cm::dat verb::vv e::pst.ptcp mark::comma
gege be jobobu re aibi ,	nv::nv cm::acc verb::vv e::npst.ptcp nv::nv mark::comma
geren de juwete guise bu he .	nv::adj cm::dat nv::nv nv::nv verb::vv e::pst.ptcp mark::period
baha ha niyalma de emu hontoho bu mbi ,	verb::vv e::pst.ptcp nv::nv cm::dat nv::nv nv::nv verb::vv e::fve.npst mark::comma
unege dzung_bing_guwan ,	nn::prpn.person nv::nv mark::comma
juwe ihan ,	nv::nv nv::nv mark::comma
ai gebungge amba_hoton hecen be efule he ,	nv::nv nv::adj nn::prpn nv::nv cm::acc verb::vv e::pst.ptcp mark::comma
○ ice duin de ,	mark::circle nv::adj nv::nv cm::dat mark::comma
hohori ,	nv::nv mark::comma
gūlha ,	nv::nv mark::comma
men be sin i baru afa ci ete rakū aca ki se re adali ,	pn::1pl.excl cm::acc pn::2sg cm::gen nv::nv verb::vv e::cve verb::vv e::npst.ptcp.neg verb::vv e::fve.opt verb::vv e::npst.ptcp nv::adj mark::comma
solho hafan de emu nikan hengke ,	nv::nv nv::nv cm::dat nv::nv nv::nv nv::nv mark::comma
aca ha de beile ebu re se mbi seme hendu he manggi ,	verb::vv e::pst.ptcp cm::dat nv::nv verb::vv e::npst.ptcp verb::vv e::fve.npst comp verb::vv e::pst.ptcp nv::nv mark::comma
umiyesun ,	nv::nv mark::comma
suwen i akdula ha gisun be tuwa me beide ki .	pn::2pl cm::gen verb::vv e::pst.ptcp nv::nv cm::acc verb::vv e::cve verb::vv e::fve.opt mark::period
○ ineku tere inenggi ,	mark::circle nv::nv nv::nv nv::nv mark::comma
wan_lii i orin emuci aniya uyun biya i orin ilan de baha ha ,	nn::prpn cm::gen nv::nv nv::nv nv::nv nv::nv nv::nv cm::gen nv::nv nv::nv cm::dat verb::vv e::pst.ptcp mark::comma
duka tolo ci ,	nv::nv verb::vv e::cve mark::comma
suwe amba gurun ,	pn::2pl nv::adj nv::nv mark::comma
ilaci de ,	nv::nv cm::dat mark::comma
gartai be weile ara fi ,	nn::prpn.person cm::acc nv::nv verb::vv e::cve mark::comma
amaga jalan de sain gebu weri he dabala ,	nv::adj nv::nv cm::dat nv::adj nv::nv verb::vv e::pst.ptcp ptcl mark::comma
hai_jeo i tsang ni jeku be gai fi bu ∅ ,	nn::prpn cm::gen nv::nv cm::gen nv::nv cm::acc verb::vv e::cve verb::vv e::fve.imperative mark::comma
cuwan i gai ∅ ,	nv::nv cm::gen verb::vv e::fve.imperative mark::comma
mukšan dagila ra ai ai ehe be deribu re ngge ,	nv::nv verb::vv e::npst.ptcp nv::nv nv::nv nv::adj cm::acc verb::vv e::npst.ptcp nmlz::nmlz mark::comma
wa ha niyalma i songko be daha me gene ci ,	verb::vv e::pst.ptcp nv::nv cm::gen nv::nv cm::acc verb::vv e::cve verb::vv e::cve mark::comma
xi_san_šan i cooha i niyalma de salabu ∅ ,	nn::prpn cm::gen nv::nv cm::gen nv::nv cm::dat verb::vv e::fve.imperative mark::comma
hūlha holo ehe kiyangdu koimali jalingga mujilen be deribu rakū ,	nv::nv nv::nv nv::adj nv::adj nv::adj nv::adj nv::nv cm::acc verb::vv e::npst.ptcp.neg mark::comma
gašan i niyalma ,	nv::nv cm::gen nv::nv mark::comma
tere i wargi jaka geli gene me doo ha gese juhe jafa habi ,	nv::nv cm::gen nv::nv nv::nv nv::nv verb::vv e::cve verb::vv e::pst.ptcp nv::nv nv::nv verb::vv e::fve.prs.prf mark::comma
sin i amba gurun be si adarame bargiya me mutebu mbi ,	pn::2sg cm::gen nv::adj nv::nv cm::acc pn::2sg nv::nv verb::vv e::cve verb::vv e::fve.npst mark::comma
duka de hūwaita ra morin be tarhūn turga be tuwa ra ,	nv::nv cm::dat verb::vv e::npst.ptcp nv::nv cm::acc nv::adj nv::adj cm::acc verb::vv e::npst.ptcp mark::comma
bojiri de da fi ,	nn::prpn.person cm::dat verb::vv e::cve mark::comma
afabu ha weile be mute mbi ,	verb::vv e::pst.ptcp nv::nv cm::acc verb::vv e::fve.npst mark::comma
muse i gašan i beile se be wa ha girubu ha ngge ,	nv::nv cm::gen nv::nv cm::gen nv::nv nv::nv cm::acc verb::vv e::pst.ptcp verb::vv e::pst.ptcp nmlz::nmlz mark::comma
nene me šeo_pu ,	verb::vv e::cve nv::nv mark::comma
amba_fujin gege i boo de gene fi sarila ha ,	nn::prpn nv::nv cm::gen nv::nv cm::dat verb::vv e::cve verb::vv e::pst.ptcp mark::comma
han donji fi ,	nv::nv verb::vv e::cve mark::comma
hendu he gisun be onggo rahū ,	verb::vv e::pst.ptcp nv::nv cm::acc verb::vv e::fve.prv mark::comma
juwan duin de guwangning de isinji re de ,	nv::nv nv::nv cm::dat nn::prpn.plc cm::dat verb::vv e::npst.ptcp cm::dat mark::comma
hai_jeo ba i cooha i dele ilan minggan cooha te ,	nn::prpn nv::nv cm::gen nv::nv cm::gen nv::nv nv::nv nv::nv nv::nv nv::nv mark::comma
lidai ,	nn::prpn.person mark::comma
han ,	nv::nv mark::comma
aha ,	nv::nv mark::comma
ama i gung ,	nv::nv cm::gen nv::nv mark::comma
tuttu o ci ,	nv::nv verb::vv e::cve mark::comma
simiyan de guri me muduri erin de dung_ging ci tuci fi ,	nn::prpn.plc cm::dat verb::vv e::cve nv::nv nv::nv cm::dat nn::prpn cm::abl verb::vv e::cve mark::comma
wan_lii i orin nadaci aniya juwe biya i uyun de baha ha ,	nn::prpn cm::gen nv::nv nv::nv nv::nv nv::nv nv::nv cm::gen nv::nv cm::dat verb::vv e::pst.ptcp mark::comma
iogi ,	nv::nv mark::comma
buya niyalma i bele he gisun be ainu gai mbi ,	nv::adj nv::nv cm::gen verb::vv e::pst.ptcp nv::nv cm::acc nv::nv verb::vv e::fve.npst mark::comma
šajin i niyalma duile ci mujangga o fi ,	nv::nv cm::gen nv::nv verb::vv e::cve nv::adj verb::vv e::cve mark::comma
ala ha manggi ,	verb::vv e::pst.ptcp nv::nv mark::comma
○ sunja biya de ,	mark::circle nv::nv nv::nv cm::dat mark::comma
nikan ci hoko fi min i emgi sain o mbi dere seme ,	nv::nv cm::abl verb::vv e::cve pn::1sg cm::gen nv::nv nv::adj verb::vv e::fve.npst ptcl comp mark::comma
juwe niyalma be ana ha seme amala donji ha de ,	nv::nv nv::nv cm::acc verb::vv e::pst.ptcp comp nv::nv verb::vv e::pst.ptcp cm::dat mark::comma
adun ulha be gaji me uka me ji he .	nv::nv nv::nv cm::acc verb::vv e::cve verb::vv e::cve verb::vv e::pst.ptcp mark::period
aniya biya de unggi he bithe de ,	nv::nv nv::nv cm::dat verb::vv e::pst.ptcp nv::nv cm::dat mark::comma
emu yan menggun šangna me bu fi unggi he ,	nv::nv nv::nv nv::nv verb::vv e::cve verb::vv e::cve verb::vv e::pst.ptcp mark::comma
turgei ,	nn::prpn.person mark::comma
tanggū ci fusihūn ,	nv::nv cm::abl nv::adj mark::comma
○ maltu be ,	mark::circle nn::prpn.person cm::acc mark::comma
juwan ihan ,	nv::nv nv::nv mark::comma
wan_lii i orin nadaci aniya juwe biya i ice uyun de baha ha ,	nn::prpn cm::gen nv::nv nv::nv nv::nv nv::nv nv::nv cm::gen nv::adj nv::nv cm::dat verb::vv e::pst.ptcp mark::comma
monggo gurun ci ubaša me ji he urut ,	nv::nv nv::nv cm::abl verb::vv e::cve verb::vv e::pst.ptcp nn::prpn.plc mark::comma
jai suwe nikan be daila ci ,	nv::nv pn::2pl nv::nv cm::acc verb::vv e::cve mark::comma
morila ha ba ci ebu ∅ ,	verb::vv e::pst.ptcp nv::nv cm::abl verb::vv e::fve.imperative mark::comma
emu jalan de juwe amba poo ,	nv::nv nv::nv cm::dat nv::nv nv::adj nv::nv mark::comma
gene re be fude re ,	verb::vv e::npst.ptcp cm::acc verb::vv e::npst.ptcp mark::comma
batangga angga be wa ha jalin de ,	nv::adj nv::nv cm::acc verb::vv e::pst.ptcp nv::nv cm::dat mark::comma
han geren be gai fi ,	nv::nv nv::adj cm::acc verb::vv e::cve mark::comma
gašan bošokū ,	nv::nv nv::nv mark::comma
tuttu tondo i fafula rakū ehe miosihon jurgan i yabu ci ,	nv::nv nv::adj cm::gen verb::vv e::npst.ptcp.neg nv::adj nv::adj nv::nv cm::gen verb::vv e::cve mark::comma
gai fi ji he ejen be wa ha ,	verb::vv e::cve verb::vv e::pst.ptcp nv::nv cm::acc verb::vv e::pst.ptcp mark::comma
tungken fori ∅ seme toktobu fi ,	nv::nv verb::vv e::fve.imperative comp verb::vv e::cve mark::comma
ganggada aba seme fonji re jaka de ,	nn::prpn.person nv::nv comp verb::vv e::npst.ptcp nv::nv cm::dat mark::comma
suje i jibehun ,	nv::nv cm::gen nv::nv mark::comma
jai tere hafan i unggi he bithe i gisun ,	nv::nv nv::nv nv::nv cm::gen verb::vv e::pst.ptcp nv::nv cm::gen nv::nv mark::comma
eitere ci gene he beile i ciha o ∅ ,	verb::vv e::cve verb::vv e::pst.ptcp nv::nv cm::gen nv::nv verb::vv e::fve.imperative mark::comma
wargi duka i kiyoo be duri fi dosi fi ,	nv::nv nv::nv cm::gen nv::nv cm::acc verb::vv e::cve verb::vv e::cve mark::comma
jai emu ihan be ejen amca fi gama ha ,	nv::nv nv::nv nv::nv cm::acc nv::nv verb::vv e::cve verb::vv e::pst.ptcp mark::comma
sain be sain ,	nv::adj cm::acc nv::adj mark::comma
tuttu sain banji ki seme takūra ha niyalma be wa ra be wa ha ,	nv::nv nv::adj verb::vv e::fve.opt comp verb::vv e::pst.ptcp nv::nv cm::acc verb::vv e::npst.ptcp cm::acc verb::vv e::pst.ptcp mark::comma
amasi gene re niyalma de jasi me hendu me ,	nv::nv verb::vv e::npst.ptcp nv::nv cm::dat verb::vv e::cve verb::vv e::cve mark::comma
monggo cooha emu minggan ,	nv::nv nv::nv nv::nv nv::nv mark::comma
sain niyalma ,	nv::adj nv::nv mark::comma
ehe miosihon mujilen i hūlha me holto me banji ci ,	nv::adj nv::adj nv::nv cm::gen verb::vv e::cve verb::vv e::cve verb::vv e::cve mark::comma
ula i bira i amba_tun i burga de dosi ka niyalma be sa fi ,	nv::nv cm::gen nv::nv cm::gen nn::prpn cm::gen nv::nv cm::dat verb::vv e::pst.ptcp nv::nv cm::acc verb::vv e::cve mark::comma
ere nadan niyalma de guise horho sunjata ,	nv::nv nv::nv nv::nv cm::dat nv::nv nv::nv nv::nv mark::comma
ahūn de ,	nv::nv cm::dat mark::comma
cangguna in i sunja niru i ufara ha ba be ufara ha seme ,	nn::prpn.person pn::3sg cm::gen nv::nv nv::nv cm::gen verb::vv e::pst.ptcp nv::nv cm::acc verb::vv e::pst.ptcp comp mark::comma
morin de folo ho enggemu hadala toho hoi fude fi unggi he .	nv::nv cm::dat verb::vv e::pst.ptcp nv::nv nv::nv verb::vv e::cve verb::vv e::cve verb::vv e::pst.ptcp mark::period
juwe pu i emu tumen sunja minggan anggala be gaji fi guwangning de tebu he .	nv::nv nv::nv cm::gen nv::nv nv::nv nv::nv nv::nv nv::nv cm::acc verb::vv e::cve nn::prpn.plc cm::dat verb::vv e::pst.ptcp mark::period
pan tū re be donji ha ,	nv::nv verb::vv e::npst.ptcp cm::acc verb::vv e::pst.ptcp mark::comma
duin ciyandzung gemu bithe ara me gai fi yamji cimari baica ∅ ,	nv::nv nv::nv nv::nv nv::nv verb::vv e::cve verb::vv e::cve nv::nv nv::nv verb::vv e::fve.imperative mark::comma
aba de ucara fi weilengge korcin i elcin be ilga fi jafa ha ,	nv::nv cm::dat verb::vv e::cve nv::adj nn::prpn.plc cm::gen nv::nv cm::acc verb::vv e::cve verb::vv e::pst.ptcp mark::comma
abka i kesi de jirga me banji re be hihala rakū ,	nv::nv cm::gen nv::nv cm::dat verb::vv e::cve verb::vv e::npst.ptcp cm::acc verb::vv e::npst.ptcp.neg mark::comma
tuba i dulin niyalma be gama ha be sarkū ,	nv::nv cm::gen nv::adj nv::nv cm::acc verb::vv e::pst.ptcp cm::acc nv::nv mark::comma
hū_ši_el gebungge gucu be gai fi min i beye bene he ,	nn::prpn nv::adj nv::nv cm::acc verb::vv e::cve pn::1sg cm::gen nv::nv verb::vv e::pst.ptcp mark::comma
jodon ,	nv::nv mark::comma
jai jergi iogi obu ha ,	nv::nv nv::nv nv::nv verb::vv e::pst.ptcp mark::comma
ere emu jurgan i weile .	nv::nv nv::nv nv::nv cm::gen nv::nv mark::period
wang_hai_to ,	nn::prpn mark::comma
kalka i sunja tatan i doro jafa ha beile se ,	nv::nv cm::gen nv::nv nv::nv cm::gen nv::nv verb::vv e::pst.ptcp nv::nv nv::nv mark::comma
men i solho be odzy daila fi ,	pn::1pl.excl cm::gen nv::nv cm::acc nn::prpn.plc verb::vv e::cve mark::comma
tulan ,	nn::prpn.person mark::comma
○ wanggin be ,	mark::circle nn::prpn.person cm::acc mark::comma
emu niyalma be wa ha ,	nv::nv nv::nv cm::acc verb::vv e::pst.ptcp mark::comma
nikasa ,	nv::nv mark::comma
ere bithe be dele duile ci ,	nv::nv nv::nv cm::acc nv::nv verb::vv e::cve mark::comma
bata kimun seme gida rakū ,	nv::nv nv::nv comp verb::vv e::npst.ptcp.neg mark::comma
beye buce kini ,	nv::nv verb::vv e::fve.opt mark::comma
emu tanggū juwan juwe honin ,	nv::nv nv::nv nv::nv nv::nv nv::nv mark::comma
beye de ali fi ujula me yabu ha gung de ,	nv::nv cm::dat verb::vv e::cve verb::vv e::cve verb::vv e::pst.ptcp nv::nv cm::dat mark::comma
keyen i hecen be afa me baha ra unde dere seme ,	nn::prpn.plc cm::gen nv::nv cm::acc verb::vv e::cve verb::vv e::npst.ptcp nv::nv ptcl comp mark::comma
wan_lii i nadaci aniya ninggun biya i juwan juwe de baha ha ,	nn::prpn cm::gen nv::nv nv::nv nv::nv nv::nv cm::gen nv::nv nv::nv cm::dat verb::vv e::pst.ptcp mark::comma
seke i dahū ,	nv::nv cm::gen nv::nv mark::comma
poo sinda me tuwa mbi ,	nv::nv verb::vv e::cve verb::vv e::fve.npst mark::comma
ihan morin bisi re monggo ,	nv::nv nv::nv verb::vv e::npst.ptcp nv::nv mark::comma
jase tuci ke cooha be amasi bederebu ci ,	nv::nv verb::vv e::pst.ptcp nv::nv cm::acc nv::nv verb::vv e::cve mark::comma
han i gisun be ,	nv::nv cm::gen nv::nv cm::acc mark::comma
nikan gurun de min i korso ho ngge ,	nv::nv nv::nv cm::dat pn::1sg cm::gen verb::vv e::pst.ptcp nmlz::nmlz mark::comma
cen_iogi si ,	nn::prpn pn::2sg mark::comma
muke tebu re juwe kukuri ,	nv::nv verb::vv e::npst.ptcp nv::nv nv::nv mark::comma
iogi i hergen be efule he ,	nv::nv cm::gen nv::nv cm::acc verb::vv e::pst.ptcp mark::comma
wan_lii i uyuci aniya sunja biya i orin nadan de baha ha ,	nn::prpn cm::gen nv::nv nv::nv nv::nv nv::nv cm::gen nv::nv nv::nv cm::dat verb::vv e::pst.ptcp mark::comma
cooha be ujula fi gai fi yabu re beile se amban sa emke hono ufara hakū ngge ,	nv::nv cm::acc verb::vv e::cve verb::vv e::cve verb::vv e::npst.ptcp nv::nv nv::nv nv::nv nv::nv nv::nv nv::nv verb::vv e::pst.ptcp.neg nmlz::nmlz mark::comma
yehe i subahai ,	nv::nv cm::gen nn::prpn.person mark::comma
geren beile se amban sa be gai fi ,	nv::adj nv::nv nv::nv nv::nv nv::nv cm::acc verb::vv e::cve mark::comma
tere ilan gašan i ilan niyalma be ,	nv::nv nv::nv nv::nv cm::gen nv::nv nv::nv cm::acc mark::comma
inu abka i gama ha ngge ,	nv::nv nv::nv cm::gen verb::vv e::pst.ptcp nmlz::nmlz mark::comma
yamun i dele tafa fi uce i tule hengkile fi ,	nv::nv cm::gen nv::nv verb::vv e::cve nv::nv cm::gen nv::nv verb::vv e::cve mark::comma
○ juwan ilan de ,	mark::circle nv::nv nv::nv cm::dat mark::comma
dzung_bing_guwan ci fusihūn ,	nv::nv cm::abl nv::adj mark::comma
hoifa de emte feye baha ha ,	nn::prpn.plc cm::dat nv::nv nv::nv verb::vv e::pst.ptcp mark::comma
hūlha ha niyalma i ulin be ,	verb::vv e::pst.ptcp nv::nv cm::gen nv::nv cm::acc mark::comma
ba be baha ha manggi ,	nv::nv cm::acc verb::vv e::pst.ptcp nv::nv mark::comma
morin ,	nv::nv mark::comma
darhan fujiyang ,	nn::prpn.person nv::nv mark::comma
sanako_pu de gaji fi sinda fi ,	nn::prpn cm::dat verb::vv e::cve verb::vv e::cve mark::comma
ginjeo i duin wei harangga weihu sa ra niyalma be baha ra i teile baica me tucibu fi ,	nn::prpn.plc cm::gen nv::nv nv::nv nv::nv nv::nv verb::vv e::npst.ptcp nv::nv cm::acc verb::vv e::npst.ptcp cm::gen nv::nv verb::vv e::cve verb::vv e::cve mark::comma
gemu amban sa be sinda fi kadalabu habi ,	nv::nv nv::nv nv::nv cm::acc verb::vv e::cve verb::vv e::fve.prs.prf mark::comma
tumburu bi ,	nn::prpn.person verb::vv.npst mark::comma
muse i fe monggo ,	nv::nv cm::gen nv::adj nv::nv mark::comma
tuntasi min be wa kini ,	nn::prpn.person pn::1sg cm::acc verb::vv e::fve.opt mark::comma
○ orin ninggun de ,	mark::circle nv::nv nv::nv cm::dat mark::comma
wa ha gebu ci uji he gebu dele dere ,	verb::vv e::pst.ptcp nv::nv cm::abl verb::vv e::pst.ptcp nv::nv nv::nv ptcl mark::comma
tuttu uji cibe ,	nv::nv verb::vv e::cve mark::comma
○ ibai be ,	mark::circle nn::prpn.person cm::acc mark::comma
borkan i dehi niyalma be gai fi ,	nn::prpn.person cm::gen nv::nv nv::nv cm::acc verb::vv e::cve mark::comma
jase dolo dosi fi facuhūn yabu ci ,	nv::nv nv::nv verb::vv e::cve nv::adj verb::vv e::cve mark::comma
bele i teile bu ∅ ,	nv::nv cm::gen nv::nv verb::vv e::fve.imperative mark::comma
ere fujin i bu he be ,	nv::nv nv::nv cm::gen verb::vv e::pst.ptcp cm::acc mark::comma
wan_lii i orin nadaci aniya juwe biya i ice uyun de baha ha ,	nn::prpn cm::gen nv::nv nv::nv nv::nv nv::nv nv::nv cm::gen nv::adj nv::nv cm::dat verb::vv e::pst.ptcp mark::comma
cahar ,	nn::prpn.plc mark::comma
fuma dzung_bing_guwan tung_yang_sing ,	nv::nv nv::nv nn::prpn mark::comma
emu ba de duite poo sinda ∅ ,	nv::nv nv::nv cm::dat nv::nv nv::nv verb::vv e::fve.imperative mark::comma
g'ai_jeo de anafu te he yangguri dzung_bing_guwan de unggi he ,	nn::prpn cm::dat nv::nv verb::vv e::pst.ptcp nn::prpn.person nv::nv cm::dat verb::vv e::pst.ptcp mark::comma
tere gurun efuje mbi kai seme ,	nv::nv nv::nv verb::vv e::fve.npst ptcl comp mark::comma
in i tuwa sinda ha boo tuwa da me waji ha manggi ,	pn::3sg cm::gen nv::nv verb::vv e::pst.ptcp nv::nv nv::nv verb::vv e::cve verb::vv e::pst.ptcp nv::nv mark::comma
dube deri mujilen gūwaliya fi fudasihūn o fi wasibu ha bi he ,	nv::nv nv::nv nv::nv verb::vv e::cve nv::adj verb::vv e::cve verb::vv e::pst.ptcp verb::vv e::pst.ptcp mark::comma
hoton weile re jalin de ,	nv::nv verb::vv e::npst.ptcp nv::nv cm::dat mark::comma
kina_ho_wei i du_jy_hūi_ši gūcin i omolo giya_jing ni gūsin jakūci aniya jakūn biya i orin emu de baha ha ,	nn::prpn cm::gen nv::nv nn::prpn.person cm::gen nv::nv nn::prpn cm::gen nv::nv nv::nv nv::nv nv::nv nv::nv cm::gen nv::nv nv::nv cm::dat verb::vv e::pst.ptcp mark::comma
cooha i jurgan be ,	nv::nv cm::gen nv::nv cm::acc mark::comma
juwe temen ,	nv::nv nv::nv mark::comma
uka ka sunja niyalma sunja morin be nikan i gašan de dosimbu fi ,	verb::vv e::pst.ptcp nv::nv nv::nv nv::nv nv::nv cm::acc nv::nv cm::gen nv::nv cm::dat verb::vv e::cve mark::comma
niyalma i weile ninggun biya de niya mbi o ,	nv::nv cm::gen nv::nv nv::nv nv::nv cm::dat verb::vv e::fve.npst ptcl mark::comma
juwe honin ,	nv::nv nv::nv mark::comma
wang_šeobei sa mbi ,	nn::prpn verb::vv e::fve.npst mark::comma
uju jergi de kobsoni ,	nv::nv nv::nv cm::dat nn::prpn.person mark::comma
jai te he juwe minggan niyalma jurce me benji ∅ ,	nv::nv verb::vv e::pst.ptcp nv::nv nv::nv nv::nv verb::vv e::cve verb::vv e::fve.imperative mark::comma
saikan olho me sere me akūmbu re be gūni ∅ ,	nv::adj verb::vv e::cve verb::vv e::cve verb::vv e::npst.ptcp cm::acc verb::vv e::fve.imperative mark::comma
tongki fuka sinda ha hergen i dangse .	nv::nv nv::nv verb::vv e::pst.ptcp nv::nv cm::gen nv::nv mark::period
keri gulhun uliki_šan_wei i du_jy_hūi_ciyanši afikū i jui gungtai ,	nn::prpn.person nv::adj nn::prpn cm::gen nv::nv nn::prpn.person cm::gen nv::nv nn::prpn.person mark::comma
kūrcan amca fi gaji ha ,	nv::nv verb::vv e::cve verb::vv e::pst.ptcp mark::comma
fe juwe iogi be unggi fi tuwa me icihiyabu ∅ ,	nv::adj nv::nv nv::nv cm::acc verb::vv e::cve verb::vv e::cve verb::vv e::fve.imperative mark::comma
lung_king ni te he aniya jakūn biya i orin ilan de baha ha ,	nn::prpn cm::gen verb::vv e::pst.ptcp nv::nv nv::nv nv::nv cm::gen nv::nv nv::nv cm::dat verb::vv e::pst.ptcp mark::comma
elhe akū ci ,	nv::nv verb::vv e::cve mark::comma
min i donji ha julge i gisun tere inu ,	pn::1sg cm::gen verb::vv e::pst.ptcp nv::nv cm::gen nv::nv nv::nv nv::nv mark::comma
cooha i amban asihan yaya niyalma be ume wa ra seme geli takūra ha ,	nv::nv cm::gen nv::nv nv::adj nv::nv nv::nv cm::acc nv::nv verb::vv e::npst.ptcp comp nv::nv verb::vv e::pst.ptcp mark::comma
jušen ,	nv::nv mark::comma
afa fi baha rakū bedere ci ,	verb::vv e::cve verb::vv e::npst.ptcp.neg verb::vv e::cve mark::comma
min i juse omosi jalan hala me han de gosibu me wesihun banji kini .	pn::1sg cm::gen nv::nv nv::nv nv::nv verb::vv e::cve nv::nv cm::dat verb::vv e::cve nv::nv verb::vv e::fve.opt mark::period
fung_ji_pu de unggi ∅ ,	nn::prpn cm::dat verb::vv e::fve.imperative mark::comma
beile se be ume dabu re ,	nv::nv nv::nv cm::acc nv::nv verb::vv e::npst.ptcp mark::comma
abka sa kini seme hendu me ,	nv::nv verb::vv e::fve.opt comp verb::vv e::cve mark::comma
si ihan sejen niyalma be bošo me gama rakū ,	pn::2sg nv::nv nv::nv nv::nv cm::acc verb::vv e::cve verb::vv e::npst.ptcp.neg mark::comma
baigal duli re dobori juleri unggi he babai de medege donji fi casi gene hebi ,	nn::prpn.person verb::vv e::npst.ptcp nv::nv nv::nv verb::vv e::pst.ptcp nn::prpn.person cm::dat nv::nv verb::vv e::cve nv::nv verb::vv e::fve.prs.prf mark::comma
dobori ji fi ebergi dalin i boigon be doobu ki seme ji he ngge be ,	nv::nv verb::vv e::cve nv::nv nv::nv cm::gen nv::nv cm::acc verb::vv e::fve.opt comp verb::vv e::pst.ptcp nmlz::nmlz cm::acc mark::comma
in i beye gene ki se re be ,	pn::3sg cm::gen nv::nv verb::vv e::fve.opt verb::vv e::npst.ptcp cm::acc mark::comma
usin icihiya ra amban sa gene fi icihiya kini .	nv::nv verb::vv e::npst.ptcp nv::nv nv::nv verb::vv e::cve verb::vv e::fve.opt mark::period
gida me jafa fi wa mbi seme uttu habša ra jaka de ,	verb::vv e::cve verb::vv e::cve verb::vv e::fve.npst comp nv::nv verb::vv e::npst.ptcp nv::nv cm::dat mark::comma
amin_taiji i eme ,	nn::prpn cm::gen nv::nv mark::comma
todo ,	nv::nv mark::comma
darhan_baturu ,	nn::prpn mark::comma
○ kamdani ilan gūsa be gai fi ,	mark::circle nn::prpn.person nv::nv nv::nv cm::acc verb::vv e::cve mark::comma
jori ha jurgan be jurce rakū seme beiguwan obu ha .	verb::vv e::pst.ptcp nv::nv cm::acc verb::vv e::npst.ptcp.neg comp nv::nv verb::vv e::pst.ptcp mark::period
kubu he lamun ,	verb::vv e::pst.ptcp nv::adj mark::comma
○ du_tang ni bithe ,	mark::circle nv::nv cm::gen nv::nv mark::comma
gemu boigon ara fi gaji me jura fi ,	nv::nv nv::nv verb::vv e::cve verb::vv e::cve verb::vv e::cve mark::comma
min i ere gisun be gaija rakū ci ,	pn::1sg cm::gen nv::nv nv::nv cm::acc verb::vv e::npst.ptcp.neg e::cve mark::comma
fiyada ,	nv::nv mark::comma
cige de buce mbi kai ,	nv::nv cm::dat verb::vv e::fve.npst ptcl mark::comma
amba poo juwan ,	nv::adj nv::nv nv::nv mark::comma
duin amban sinda fi baica mbi ,	nv::nv nv::nv verb::vv e::cve verb::vv e::fve.npst mark::comma
min i beye inu buce he ton kai seme bai ha manggi ,	pn::1sg cm::gen nv::nv nv::nv verb::vv e::pst.ptcp nv::nv ptcl comp verb::vv e::pst.ptcp nv::nv mark::comma
men de ambula bu me ,	pn::1pl.excl cm::dat nv::nv verb::vv e::cve mark::comma
tongki fuka sinda ha hergen i dangse .	nv::nv nv::nv verb::vv e::pst.ptcp nv::nv cm::gen nv::nv mark::period
jai amba hecen ci julesi ,	nv::nv nv::adj nv::nv cm::abl nv::nv mark::comma
aduci ,	nn::prpn.person mark::comma
dergi abka sa mbi kai .	nv::nv nv::nv verb::vv e::fve.npst ptcl mark::period
ilan yan menggun be bodo fi ,	nv::nv nv::nv nv::nv cm::acc verb::vv e::cve mark::comma
liyoodung ni jeku be monggo ,	nn::prpn.plc cm::gen nv::nv cm::acc nv::nv mark::comma
○ juwan emu de ,	mark::circle nv::nv nv::nv cm::dat mark::comma
orin jakūn se bi he .	nv::nv nv::nv nv::nv verb::vv e::pst.ptcp mark::period
sain cooha te kini ,	nv::adj nv::nv verb::vv e::fve.opt mark::comma
waji re inenggi be bithe ara fi wesimbu ∅ .	verb::vv e::npst.ptcp nv::nv cm::acc nv::nv verb::vv e::cve verb::vv e::fve.imperative mark::period
suwen de gung kai .	pn::2pl cm::dat nv::nv ptcl mark::period
han sa ∅ ,	nv::nv verb::vv e::fve.imperative mark::comma
kamju ,	nn::prpn.person mark::comma
abka be dabu rakū ,	nv::nv cm::acc verb::vv e::npst.ptcp.neg mark::comma
keikede ,	nn::prpn.person mark::comma
hoton i niyalma hendu me ,	nv::nv cm::gen nv::nv verb::vv e::cve mark::comma
erdeni_baksi i boo be suwele fi ,	nn::prpn cm::gen nv::nv cm::acc verb::vv e::cve mark::comma
fejergi buya niyalma i gisun de dosi fi ,	nv::nv nv::adj nv::nv cm::gen nv::nv cm::dat verb::vv e::cve mark::comma
ilan šeo_pu de juwete niyalma ,	nv::nv nv::nv cm::dat nv::nv nv::nv mark::comma
jeku be gemu muse baha mbi ,	nv::nv cm::acc nv::nv pn::1pl.incl verb::vv e::fve.npst mark::comma
ju_ji_wen bargiya me gana fi hoton de dosimbu ha ,	nn::prpn verb::vv e::cve verb::vv e::cve nv::nv cm::dat verb::vv e::pst.ptcp mark::comma
wang_beiguwan ,	nn::prpn mark::comma
be_tu_cang ni lio_fujiyang ,	nn::prpn cm::gen nn::prpn mark::comma
tanggūdai_age be ilaci jergi dzung_bing_guwan obu ha .	nn::prpn cm::acc nv::nv nv::nv nv::nv verb::vv e::pst.ptcp mark::period
ere gisun be jurce ci ,	nv::nv nv::nv cm::acc verb::vv e::cve mark::comma
han jili banji fi hendu me ,	nv::nv nv::nv verb::vv e::cve verb::vv e::cve mark::comma
mungtan ,	nn::prpn.person mark::comma
○ orin juwe de ,	mark::circle nv::nv nv::nv cm::dat mark::comma
šose ,	nn::prpn.person mark::comma
adun ,	nv::nv mark::comma
sarin sarila me banji ∅ ,	nv::nv verb::vv e::cve verb::vv e::fve.imperative mark::comma
gosin isinji ha ,	nv::nv verb::vv e::pst.ptcp mark::comma
tere sa mbi ,	nv::nv verb::vv e::fve.npst mark::comma
han i tacibu ha tondo fafun be jurce rakū banji ci ,	nv::nv cm::gen verb::vv e::pst.ptcp nv::adj nv::nv cm::acc verb::vv e::npst.ptcp.neg verb::vv e::cve mark::comma
halhūn o ho manggi ,	nv::adj verb::vv e::pst.ptcp nv::nv mark::comma
○ eksingge fujiyang ,	mark::circle nn::prpn.person nv::nv mark::comma
tere ci monggo gurun i jarut ba i neici_han i non be ,	nv::nv cm::abl nv::nv nv::nv cm::gen nn::prpn.plc nv::nv cm::gen nn::prpn cm::gen nv::nv cm::acc mark::comma
gintaisi hendu me ,	nn::prpn.person verb::vv e::cve mark::comma
san_kiowan_tun i ma_sy_kuwai ,	nn::prpn cm::gen nn::prpn mark::comma
hengkile me ji he šeobei de ,	verb::vv e::cve verb::vv e::pst.ptcp nv::nv cm::dat mark::comma
minggan ulha benji me ji he .	nv::nv nv::nv verb::vv e::cve verb::vv e::pst.ptcp mark::period
yendebu ,	nn::prpn.person mark::comma
jai ilan wei be ,	nv::nv nv::nv nv::nv cm::acc mark::comma
○ kaljan_not i batai ,	mark::circle nn::prpn cm::gen nn::prpn.person mark::comma
cooha be kadala me ete mbi seme ,	nv::nv cm::acc verb::vv e::cve verb::vv e::fve.npst comp mark::comma
basutu_mafa ,	nn::prpn mark::comma
fujiyang ci fakca ha de ,	nv::nv cm::abl verb::vv e::pst.ptcp cm::dat mark::comma
han ama ,	nv::nv nv::nv mark::comma
susai cooha be gai fi isina ha manggi ,	nv::nv nv::nv cm::acc verb::vv e::cve verb::vv e::pst.ptcp nv::nv mark::comma
hahasi meni meni juse sargan be bai me gene kini ,	nv::nv nv::nv nv::nv nv::nv nv::nv cm::acc verb::vv e::cve verb::vv e::fve.opt mark::comma
sain be sain ,	nv::adj cm::acc nv::adj mark::comma
○ ice jakūn de ,	mark::circle nv::adj nv::nv cm::dat mark::comma
budasiri ,	nn::prpn.person mark::comma
bayara i idu i niyalma ,	nv::nv cm::gen nv::nv cm::gen nv::nv mark::comma
juwan funce me niyalma be gaibu fi untuhun bedere he ,	nv::nv verb::vv e::cve nv::nv cm::acc verb::vv e::cve nv::adj verb::vv e::pst.ptcp mark::comma
hoošan ,	nv::nv mark::comma
○ ice nadan de ,	mark::circle nv::adj nv::nv cm::dat mark::comma
ineku duka deri ebu fi ,	nv::nv nv::nv nv::nv verb::vv e::cve mark::comma
suwe sile baha fi je kekūbi kai seme emu honin bu he ,	pn::2pl nv::nv verb::vv e::cve verb::vv e::fve.prs.prf.neg ptcl comp nv::nv nv::nv verb::vv e::pst.ptcp mark::comma
sure_kundulen_han ,	nn::prpn mark::comma
nikan i han gubci gurun donji hakūbi o ,	nv::nv cm::gen nv::nv nv::adj nv::nv verb::vv e::fve.prs.prf.neg ptcl mark::comma
duici_beile ,	nn::prpn mark::comma
cen_je_gui ,	nn::prpn mark::comma
cang_an ,	nn::prpn mark::comma
ihan jakūnju ,	nv::nv nv::nv mark::comma
gūsin tumen olji be dende me minggan boigon ara ha ,	nv::nv nv::nv nv::nv cm::acc verb::vv e::cve nv::nv nv::nv verb::vv e::pst.ptcp mark::comma
yaya gurun donji ci ,	nv::nv nv::nv verb::vv e::cve mark::comma
juwan emu i cimari ,	nv::nv nv::nv cm::gen nv::nv mark::comma
weile ujen o mbi kai ,	nv::nv nv::adj verb::vv e::fve.npst ptcl mark::comma
seogen gebungge niyalma gai ha bi he ,	nn::prpn.person nv::adj nv::nv verb::vv e::pst.ptcp verb::vv e::pst.ptcp mark::comma
sihada ,	nn::prpn.person mark::comma
ilan yafahan de emu uksin gama me gene fi ,	nv::nv nv::adj cm::dat nv::nv nv::nv verb::vv e::cve verb::vv e::cve mark::comma
erin tuli rahū ,	nv::nv verb::vv e::fve.prv mark::comma
orin duin de ,	nv::nv nv::nv cm::dat mark::comma
karun tuwa ha niyalma ,	nv::nv verb::vv e::pst.ptcp nv::nv mark::comma
bagadarhan ,	nn::prpn.person mark::comma
baha ra ba de gūwa ci fulu baha ki seme somi me ,	verb::vv e::npst.ptcp nv::nv cm::dat nv::nv cm::abl nv::nv verb::vv e::fve.opt comp verb::vv e::cve mark::comma
hehe juse ,	nv::nv nv::nv mark::comma
šanggiyan tu jafa fi cooha i juleri suwen be hūla ra ,	nv::nv nv::nv verb::vv e::cve nv::nv cm::gen nv::nv pn::2pl cm::acc verb::vv e::npst.ptcp mark::comma
○ usantai be ,	mark::circle nn::prpn.person cm::acc mark::comma
ula gurun de unggi fi ejen obu ha ,	nv::nv nv::nv cm::dat verb::vv e::cve nv::nv verb::vv e::pst.ptcp mark::comma
emgeri han i hecen i weile beide re amba yamun de isa fi ,	nv::nv nv::nv cm::gen nv::nv cm::gen nv::nv verb::vv e::npst.ptcp nv::adj nv::nv cm::dat verb::vv e::cve mark::comma
beile i sain de jušen ,	nv::nv cm::gen nv::adj cm::dat nv::nv mark::comma
han hendu me ,	nv::nv verb::vv e::cve mark::comma
ilata suje ,	nv::nv nv::nv mark::comma
gemu huthu fi asara ∅ ,	nv::nv verb::vv e::cve verb::vv e::fve.imperative mark::comma
mangko ,	nn::prpn.person mark::comma
jai uyunju uksin be dende fi ,	nv::nv nv::nv nv::nv cm::acc verb::vv e::cve mark::comma
juwe tanggū weihu de ,	nv::nv nv::nv nv::nv cm::dat mark::comma
nangnuk_beile de ,	nn::prpn cm::dat mark::comma
tere sunja koro ,	nv::nv nv::nv nv::nv mark::comma
abka i fulingga i fon be ali ha han hendu me ci ,	nv::nv cm::gen nv::adj cm::gen nv::nv cm::acc verb::vv e::pst.ptcp nv::nv verb::vv e::cve cm::abl mark::comma
han i hecen de te me hūdun ji ∅ ,	nv::nv cm::gen nv::nv cm::dat verb::vv e::cve nv::adj verb::vv e::fve.imperative mark::comma
cooha geren komso neme re be ,	nv::nv nv::adj nv::adj verb::vv e::npst.ptcp cm::acc mark::comma
ba i niyalma de ulin jeku gai ha turgun de ,	nv::nv cm::gen nv::nv cm::dat nv::nv nv::nv verb::vv e::pst.ptcp nv::nv cm::dat mark::comma
han i fafun i tondo i kadala mbi ,	nv::nv cm::gen nv::nv cm::gen nv::adj cm::gen verb::vv e::fve.npst mark::comma
amba_beile ,	nn::prpn mark::comma
meni meni niru i jeku be ,	nv::nv nv::nv nv::nv cm::gen nv::nv cm::acc mark::comma
adun_age weile baha ha seme hendu he manggi ,	nn::prpn nv::nv verb::vv e::pst.ptcp comp verb::vv e::pst.ptcp nv::nv mark::comma
baduri dzung_bing_guwan gai fi usin yangsa me gene he ,	nn::prpn.person nv::nv verb::vv e::cve nv::nv verb::vv e::cve verb::vv e::pst.ptcp mark::comma
emu niru i susai uksin ,	nv::nv nv::nv cm::gen nv::nv nv::nv mark::comma
emu temen ,	nv::nv nv::nv mark::comma
gurun i banji re ngge ere inu ,	nv::nv cm::gen verb::vv e::npst.ptcp nmlz::nmlz nv::nv nv::nv mark::comma
donggo_efu i jui de bu he gege fasi me buce he seme ,	nn::prpn cm::gen nv::nv cm::dat verb::vv e::pst.ptcp nv::nv verb::vv e::cve verb::vv e::pst.ptcp comp mark::comma
dobori o ci ,	nv::nv verb::vv e::cve mark::comma
morin turgala habi seme donji ha ,	nv::nv verb::vv e::fve.prs.prf comp verb::vv e::pst.ptcp mark::comma
monggo ,	nv::nv mark::comma
ninju ilan boo ,	nv::nv nv::nv nv::nv mark::comma
bele ufa tubihe be ,	nv::nv nv::nv nv::nv cm::acc mark::comma
moohai tsanjiyang be wasibu fi iogi obu ha ,	nn::prpn.person nv::nv cm::acc verb::vv e::cve nv::nv verb::vv e::pst.ptcp mark::comma
niru i ejen ,	nv::nv cm::gen nv::nv mark::comma
○ orin uyun de ,	mark::circle nv::nv nv::nv cm::dat mark::comma
iogi ,	nv::nv mark::comma
yafahan i cooha bi kini ,	nv::adj cm::gen nv::nv verb::vv e::fve.opt mark::comma
cangguna i gese ume holto ro ,	nn::prpn.person cm::gen nv::nv nv::nv verb::vv e::npst.ptcp mark::comma
han i šangna ra šang ,	nv::nv cm::gen verb::vv e::npst.ptcp nv::nv mark::comma
juwan emute yan i weile waliya mbi ,	nv::nv nv::nv nv::nv cm::gen nv::nv verb::vv e::fve.npst mark::comma
jase i dolo onco juwan da ,	nv::nv cm::gen nv::nv nv::adj nv::nv nv::nv mark::comma
han gosi me bulekuše fi juse enen i adali obu ha ,	nv::nv verb::vv e::cve verb::vv e::cve nv::nv nv::nv cm::gen nv::adj verb::vv e::pst.ptcp mark::comma
solho juwe gurun gisun encu gojime ,	nv::nv nv::nv nv::nv nv::nv nv::nv nv::nv mark::comma
arki nure gama fi sarila ha .	nv::nv nv::nv verb::vv e::cve verb::vv e::pst.ptcp mark::period
burai ,	nn::prpn.person mark::comma
harakcin_fujin ,	nn::prpn mark::comma
daiju ,	nn::prpn.person mark::comma
ebergi leose noho tai de ,	nv::nv nv::nv nv::nv nv::nv cm::dat mark::comma
han i toktobu me wasimbu ha bithe i gisun ,	nv::nv cm::gen verb::vv e::cve verb::vv e::pst.ptcp nv::nv cm::gen nv::nv mark::comma
fejergi alban weile me jobo ro suila ra niyalma be je kini se mbi kai ,	nv::nv nv::nv verb::vv e::cve verb::vv e::npst.ptcp verb::vv e::npst.ptcp nv::nv cm::acc verb::vv e::fve.opt verb::vv e::fve.npst ptcl mark::comma
han i fujisa de hengkile me aca ha ,	nv::nv cm::gen nv::nv cm::dat verb::vv e::cve verb::vv e::pst.ptcp mark::comma
afabu ha weile be mute mbi ,	verb::vv e::pst.ptcp nv::nv cm::acc verb::vv e::fve.npst mark::comma
bi_yan ,	nn::prpn mark::comma
jirgalang_beile ,	nn::prpn mark::comma
unenggi baturu niyalma se re ngge tere kai ,	nv::adj nv::nv nv::nv verb::vv e::npst.ptcp nmlz::nmlz nv::nv ptcl mark::comma
nikan cooha ,	nv::nv nv::nv mark::comma
min be albala me in i ba de unggi ∅ seme unggibu fi ,	pn::1sg cm::acc verb::vv e::cve pn::3sg cm::gen nv::nv cm::dat verb::vv e::fve.imperative comp verb::vv e::cve mark::comma
hada de emu feye ,	nn::prpn.plc cm::dat nv::nv nv::nv mark::comma
geren beile se be gai fi hecen ci jura ka .	nv::adj nv::nv nv::nv cm::acc verb::vv e::cve nv::nv cm::abl verb::vv e::pst.ptcp mark::period
○ tottoi iogi ,	mark::circle nn::prpn.person nv::nv mark::comma
bu ci ,	verb::vv e::cve mark::comma
sin i tere gisun be dacila me unggi he min i juwe elcin be amasi unggi hekūbi ,	pn::2sg cm::gen nv::nv nv::nv cm::acc verb::vv e::cve verb::vv e::pst.ptcp pn::1sg cm::gen nv::nv nv::nv cm::acc nv::nv verb::vv e::fve.prs.prf.neg mark::comma
emu gašan da_ta_ioi tere niyalma i gebu wang_be_cio ,	nv::nv nv::nv nn::prpn nv::nv nv::nv cm::gen nv::nv nn::prpn mark::comma
aika sain gisun tuci fi doro jafa ra gisun be gisure re o seme ,	nv::nv nv::adj nv::nv verb::vv e::cve nv::nv verb::vv e::npst.ptcp nv::nv cm::acc verb::vv e::npst.ptcp ptcl comp mark::comma
emu jergi buce re weile be guwebu mbi .	nv::nv nv::nv verb::vv e::npst.ptcp nv::nv cm::acc verb::vv e::fve.npst mark::period
tere ula i cooha be gida ha manggi ,	nv::nv nv::nv cm::gen nv::nv cm::acc verb::vv e::pst.ptcp nv::nv mark::comma
giya_jing ni gūsin jakūci aniya nadan biya i juwan uyun de baha ha ,	nn::prpn cm::gen nv::nv nv::nv nv::nv nv::nv nv::nv cm::gen nv::nv nv::nv cm::dat verb::vv e::pst.ptcp mark::comma
○ nikan be wa ra de ,	mark::circle nv::nv cm::acc verb::vv e::npst.ptcp cm::dat mark::comma
erdemu i gung de uji re ,	nv::nv cm::gen nv::nv cm::dat verb::vv e::npst.ptcp mark::comma
suwen i solho gurun be ,	pn::2pl cm::gen nv::nv nv::nv cm::acc mark::comma
jai monggo ,	nv::nv nv::nv mark::comma
kalka ,	nv::nv mark::comma
haha be wa rakū ūn .	nv::nv cm::acc verb::vv e::npst.ptcp.neg ptcl mark::period
uji he han be waliya fi uka ka ,	verb::vv e::pst.ptcp nv::nv cm::acc verb::vv e::cve verb::vv e::pst.ptcp mark::comma
jakūci de abatai_age ,	nv::nv cm::dat nn::prpn mark::comma
suwe ula de daha fi banji ha dere ,	pn::2pl nv::nv cm::dat verb::vv e::cve verb::vv e::pst.ptcp ptcl mark::comma
tuttu akū šanaha be afa fi ,	nv::nv nv::adj nn::prpn.plc cm::acc verb::vv e::cve mark::comma
yaya niyalma gurun de tusangga ba be encule me gūni me bahana ci ,	nv::nv nv::nv nv::nv cm::dat nv::adj nv::nv cm::acc verb::vv e::cve verb::vv e::cve verb::vv e::cve mark::comma
bi hono guwangning ni hecen be baha ha manggi ,	pn::1sg nv::nv nn::prpn.plc cm::gen nv::nv cm::acc verb::vv e::pst.ptcp nv::nv mark::comma
yangginu be ,	nn::prpn.person cm::acc mark::comma
gio orin wa ha ,	nv::nv nv::nv verb::vv e::pst.ptcp mark::comma
jai doro be gisure cina seme menggetu be elcin takūra ha .	nv::nv nv::nv cm::acc verb::vv e::fve.opt comp nn::prpn.person cm::acc nv::nv verb::vv e::pst.ptcp mark::period
beliyen i gebu gai fi aina mbi ,	nv::adj cm::gen nv::nv verb::vv e::cve verb::vv e::fve.npst mark::comma
jai emu niru i tanggūta uksin be gai fi ,	nv::nv nv::nv nv::nv cm::gen nv::nv nv::nv cm::acc verb::vv e::cve mark::comma
emu minggan sunja tanggū nikan bu he bi he ,	nv::nv nv::nv nv::nv nv::nv nv::nv verb::vv e::pst.ptcp verb::vv e::pst.ptcp mark::comma
deo duilešen be han i hanci goci fi ,	nv::nv nn::prpn.person cm::acc nv::nv cm::gen nv::adj verb::vv e::cve mark::comma
dergi geren wang ,	nv::nv nv::adj nv::nv mark::comma
darhan_hiya de karu bithe wasimbu me ,	nn::prpn cm::dat nv::nv nv::nv verb::vv e::cve mark::comma
gecuheri etuku ,	nv::nv nv::nv mark::comma
enggeder_efu monggo ci isinji ha .	nn::prpn nv::nv cm::abl verb::vv e::pst.ptcp mark::period
doyonggo ,	nv::nv mark::comma
○ dodo_age i nadan monggo ,	mark::circle nn::prpn cm::gen nv::nv nv::nv mark::comma
hecen de akū bigan i ba de bi o ,	nv::nv cm::dat nv::adj nv::nv cm::gen nv::nv cm::dat verb::vv.npst ptcl mark::comma
jarting_ho_wei i dudu ciyanši almintaiju ,	nn::prpn cm::gen nv::nv nv::nv nn::prpn.person mark::comma
han ,	nv::nv mark::comma
ice inenggi emu minggan cooha be gai fi ,	nv::adj nv::nv nv::nv nv::nv nv::nv cm::acc verb::vv e::cve mark::comma
lafa ,	nn::prpn.plc mark::comma
fujiyang ci fakca ha de ,	nv::nv cm::abl verb::vv e::pst.ptcp cm::dat mark::comma
tai de te he jušen ,	nv::nv cm::dat verb::vv e::pst.ptcp nv::nv mark::comma
hendu fi unggi he gisun ,	verb::vv e::cve verb::vv e::pst.ptcp nv::nv mark::comma
tere benji he beri be ,	nv::nv verb::vv e::pst.ptcp nv::nv cm::acc mark::comma
in i dolo han tere be temšendu me facuhūra fi ,	pn::3sg cm::gen nv::nv nv::nv nv::nv cm::acc verb::vv e::cve verb::vv e::cve mark::comma
jai sarhū i baru gene re boigon de ,	nv::nv nv::nv cm::gen nv::nv verb::vv e::npst.ptcp nv::nv cm::dat mark::comma
puse noho ojin bu he ,	nv::nv nv::nv nv::nv verb::vv e::pst.ptcp mark::comma
subahai tsanjiyang ,	nn::prpn.person nv::nv mark::comma
afabu ha weile be mute mbi ,	verb::vv e::pst.ptcp nv::nv cm::acc verb::vv e::fve.npst mark::comma
ginjeo ,	nn::prpn.plc mark::comma
neodei ,	nn::prpn.person mark::comma
in i ahūn deo i niyalma ,	pn::3sg cm::gen nv::nv nv::nv cm::gen nv::nv mark::comma
jaisai_beile i bu re eden ulha jalin de tebu he tabunang be ,	nn::prpn cm::gen verb::vv e::npst.ptcp nv::adj nv::nv nv::nv cm::dat verb::vv e::pst.ptcp nv::nv cm::acc mark::comma
cooha kadala me gai fi yabu re uju jergi amban sa ci fusihūn ,	nv::nv verb::vv e::cve verb::vv e::cve verb::vv e::npst.ptcp nv::nv nv::nv nv::nv nv::nv cm::abl nv::adj mark::comma
ilan šeo_pu de juwete niyalma ,	nv::nv nv::nv cm::dat nv::nv nv::nv mark::comma
juwan honin ,	nv::nv nv::nv mark::comma
ilan šeo_pu de juwete niyalma ,	nv::nv nv::nv cm::dat nv::nv nv::nv mark::comma
duin niyalma be gabta me tuhebu he ,	nv::nv nv::nv cm::acc verb::vv e::cve verb::vv e::pst.ptcp mark::comma
šumuru orin yan weile faita ha ,	nn::prpn.person nv::nv nv::nv nv::nv verb::vv e::pst.ptcp mark::comma
suwen i beye de jobolon isi mbi kai ,	pn::2pl cm::gen nv::nv cm::dat nv::nv verb::vv e::fve.npst ptcl mark::comma
tanggū ba i dube de cooha isina fi ,	nv::nv nv::nv cm::gen nv::nv cm::dat nv::nv verb::vv e::cve mark::comma
giyansi jafa ra ,	nv::nv verb::vv e::npst.ptcp mark::comma
yangguri yaya dain de ujula me yabu ha gung de ,	nn::prpn.person nv::nv nv::nv cm::dat verb::vv e::cve verb::vv e::pst.ptcp nv::nv cm::dat mark::comma
ba i niyalma de emu inenggi sunja sin bele ,	nv::nv cm::gen nv::nv cm::dat nv::nv nv::nv nv::nv nv::nv nv::nv mark::comma
daimbulu ,	nn::prpn.person mark::comma
eihen duin ,	nv::nv nv::nv mark::comma
ujula ha beile se ,	verb::vv e::pst.ptcp nv::nv nv::nv mark::comma
○ juwan emu de ,	mark::circle nv::nv nv::nv cm::dat mark::comma
bi banji ci ojo rakū ūn ,	pn::1sg verb::vv e::cve verb::vv e::npst.ptcp.neg ptcl mark::comma
min i kadala ra emu jalan i sunja niru i cooha be fujiyang ci fakca rakū ,	pn::1sg cm::gen verb::vv e::npst.ptcp nv::nv nv::nv cm::gen nv::nv nv::nv cm::gen nv::nv cm::acc nv::nv cm::abl verb::vv e::npst.ptcp.neg mark::comma
aohan dureng_beile i elcin be ,	nn::prpn.plc nn::prpn cm::gen nv::nv cm::acc mark::comma
min i dolo ,	pn::1sg cm::gen nv::nv mark::comma
uhereme juse hehe nadanju niyalma gama ha .	nv::nv nv::nv nv::nv nv::nv nv::nv verb::vv e::pst.ptcp mark::period
enggeder ,	nn::prpn.person mark::comma
urut teling_taiji i sargan de emte gecuheri ,	nn::prpn.plc nn::prpn cm::gen nv::nv cm::dat nv::nv nv::nv mark::comma
tongki fuka sinda ha hergen i dangse .	nv::nv nv::nv verb::vv e::pst.ptcp nv::nv cm::gen nv::nv mark::period
be efule re ngge akū ,	pn::1pl.excl verb::vv e::npst.ptcp nmlz::nmlz nv::adj mark::comma
tere ci geren cooha i niyalma ,	nv::nv cm::abl nv::adj nv::nv cm::gen nv::nv mark::comma
adun de gene fi ji he manggi ,	nv::nv cm::dat verb::vv e::cve verb::vv e::pst.ptcp nv::nv mark::comma
sin i gisun be daha ci ,	pn::2sg cm::gen nv::nv cm::acc verb::vv e::cve mark::comma
geli juwe niyalma de emu gin dabsun bu he .	nv::nv nv::nv nv::nv cm::dat nv::nv nv::nv nv::nv verb::vv e::pst.ptcp mark::period
in i ahūn deo be gaji me bai me ji he gung ,	pn::3sg cm::gen nv::nv nv::nv cm::acc verb::vv e::cve verb::vv e::cve verb::vv e::pst.ptcp nv::nv mark::comma
ninggun biya i juwan uyun de wasimbu ha ,	nv::nv nv::nv cm::gen nv::nv nv::nv cm::dat verb::vv e::pst.ptcp mark::comma
min i juse omosi mujilen gemu gūwaliya kabi ,	pn::1sg cm::gen nv::nv nv::nv nv::nv nv::nv verb::vv e::fve.prs.prf mark::comma
tere efin efi he nikasa de susai yan menggun šangna me bu he .	nv::nv nv::nv verb::vv e::pst.ptcp nv::nv cm::dat nv::nv nv::nv nv::nv verb::vv e::cve verb::vv e::pst.ptcp mark::period
men i niyalma ,	pn::1pl.excl cm::gen nv::nv mark::comma
gūsa i ejen de alanji ∅ ,	nv::nv cm::gen nv::nv cm::dat verb::vv e::fve.imperative mark::comma
amba gurun be ajigen obu ci ,	nv::adj nv::nv cm::acc nv::adj verb::vv e::cve mark::comma
ūljeitu ,	nn::prpn.person mark::comma
hehe niyalma de eigen ai jobo ro ,	nv::nv nv::nv cm::dat nv::nv nv::nv verb::vv e::npst.ptcp mark::comma
sin i jui han beye nime me o fi ,	pn::2sg cm::gen nv::nv nv::nv nv::nv verb::vv e::cve verb::vv e::cve mark::comma
abka de ilanggeri hengkile he ,	nv::nv cm::dat nv::nv verb::vv e::pst.ptcp mark::comma
moro juwe ,	nv::nv nv::nv mark::comma
ihan ,	nv::nv mark::comma
dube i niyalma de emte juru aha ,	nv::nv cm::gen nv::nv cm::dat nv::nv nv::nv nv::nv mark::comma
ihan ,	nv::nv mark::comma
io_tun_wei i jeku be jaha i juwe ki ,	nn::prpn cm::gen nv::nv cm::acc nv::nv cm::gen verb::vv e::fve.opt mark::comma
nikan i hūlha be nikan baica mbi ,	nv::nv cm::gen nv::nv cm::acc nv::nv verb::vv e::fve.npst mark::comma
emu eme de banji ha damu deo seme ,	nv::nv nv::nv cm::dat verb::vv e::pst.ptcp nv::nv nv::nv comp mark::comma
juwan ilaci jergi ,	nv::nv nv::nv nv::nv mark::comma
wan_lii i sunjaci aniya jorgon biya i orin nadan de baha ha ,	nn::prpn cm::gen nv::nv nv::nv nv::nv nv::nv cm::gen nv::nv nv::nv cm::dat verb::vv e::pst.ptcp mark::comma
amba_beile in i efu buyanggū_beile i hadala i cilburi be kutule me jafa fi yabu ∅ ,	nn::prpn pn::3sg cm::gen nv::nv nn::prpn cm::gen nv::nv cm::gen nv::nv cm::acc verb::vv e::cve verb::vv e::cve verb::vv e::fve.imperative mark::comma
jori ha jurgan be jurce rakū seme beiguwan obu ha .	verb::vv e::pst.ptcp nv::nv cm::acc verb::vv e::npst.ptcp.neg comp nv::nv verb::vv e::pst.ptcp mark::period
han hendu me ,	nv::nv verb::vv e::cve mark::comma
cooha be bargiya fi ,	nv::nv cm::acc verb::vv e::cve mark::comma
liyoha i dogon be tuwana me gene he de ,	nn::prpn.plc cm::gen nv::nv cm::acc verb::vv e::cve verb::vv e::pst.ptcp cm::dat mark::comma
šanaha be baha ci ,	nn::prpn.plc cm::acc verb::vv e::cve mark::comma
adarame akda fi suwen de elcin yabu re seme bithe unggi he ,	nv::nv verb::vv e::cve pn::2pl cm::dat nv::nv verb::vv e::npst.ptcp comp nv::nv verb::vv e::pst.ptcp mark::comma
hebe akū ume yabu re ,	nv::nv nv::adj nv::nv verb::vv e::npst.ptcp mark::comma
aisin tana i beye be dasa fi ,	nv::nv nv::nv cm::gen nv::nv cm::acc verb::vv e::cve mark::comma
tere gisun be donji fi ,	nv::nv nv::nv cm::acc verb::vv e::cve mark::comma
wang_i_de gebungge emu niyalma buce hebi ,	nn::prpn nv::adj nv::nv nv::nv verb::vv e::fve.prs.prf mark::comma
nene me gene he ilan minggan ninggun tanggū sejen i jeku be ,	verb::vv e::cve verb::vv e::pst.ptcp nv::nv nv::nv nv::nv nv::nv nv::nv cm::gen nv::nv cm::acc mark::comma
sain niyalma tuci fi cooha ili rakū o mbi ,	nv::adj nv::nv verb::vv e::cve nv::nv verb::vv e::npst.ptcp.neg verb::vv e::fve.npst mark::comma
šun dekde re ergi ci šun tuhe re baru ,	nv::nv verb::vv e::npst.ptcp nv::nv cm::abl nv::nv verb::vv e::npst.ptcp nv::nv mark::comma
han i šangna me bu he jaka ,	nv::nv cm::gen verb::vv e::cve verb::vv e::pst.ptcp nv::nv mark::comma
seke silun i ara ∅ ,	nv::nv nv::nv cm::gen verb::vv e::fve.imperative mark::comma
kambulu ,	nn::prpn.person mark::comma
cai omi fi han dosi ka ,	nv::nv verb::vv e::cve nv::nv verb::vv e::pst.ptcp mark::comma
inu akū se mbi ,	nv::nv nv::adj verb::vv e::fve.npst mark::comma
jui be akdun akū ara ci ,	nv::nv cm::acc nv::adj nv::adj verb::vv e::cve mark::comma
sunja tanggū boigon ara ha ,	nv::nv nv::nv nv::nv verb::vv e::pst.ptcp mark::comma
juwanci jergi ,	nv::nv nv::nv mark::comma
○ amba_beile ,	mark::circle nn::prpn mark::comma
muse juwe gurun ehe o mbi kai ,	pn::1pl.incl nv::nv nv::nv nv::adj verb::vv e::fve.npst ptcl mark::comma
tangkio be ilaci jergi iogi obu ha ,	nn::prpn.person cm::acc nv::nv nv::nv nv::nv verb::vv e::pst.ptcp mark::comma
wargi hoton de afa ra cooha šun tuci me isina ci ,	nv::nv nv::nv cm::dat verb::vv e::npst.ptcp nv::nv nv::nv verb::vv e::cve verb::vv e::cve mark::comma
gala ci turibu he de baha rakū ,	nv::nv cm::abl verb::vv e::pst.ptcp cm::dat verb::vv e::npst.ptcp.neg mark::comma
mušu_ho_wei i du_jy_hūi_tungjy daimbulu i jui mangsi ,	nn::prpn cm::gen nv::nv nn::prpn.person cm::gen nv::nv nn::prpn.person mark::comma
beile se amban sa de waka sabu fi wasibu kini ,	nv::nv nv::nv nv::nv nv::nv cm::dat nv::adj verb::vv e::cve verb::vv e::fve.opt mark::comma
si ahūta be bene ci ,	pn::2sg nv::nv cm::acc verb::vv e::cve mark::comma
jakūn tanggū jakūnju hule jeku ,	nv::nv nv::nv nv::nv nv::nv nv::nv mark::comma
hafasa usin boo jeku be getuken i gese jobobu me guribu rakū ,	nv::nv nv::nv nv::nv nv::nv cm::acc nv::adj cm::gen nv::nv verb::vv e::cve verb::vv e::npst.ptcp.neg mark::comma
bujantai_han in i ilan tumen isinji ha ,	nn::prpn pn::3sg cm::gen nv::nv nv::nv verb::vv e::pst.ptcp mark::comma
solho gurun ci amasi ,	nv::nv nv::nv cm::abl nv::nv mark::comma
šanggiyan_hada de juwe tanggū susai uksin .	nn::prpn cm::dat nv::nv nv::nv nv::nv nv::nv mark::period
monggo_fujin de takūra me fonji re jaka de ,	nn::prpn cm::dat verb::vv e::cve verb::vv e::npst.ptcp nv::nv cm::dat mark::comma
hūngniyaka iogi ,	nn::prpn.person nv::nv mark::comma
bagadarhan i hehe haha ,	nn::prpn.person cm::gen nv::nv nv::nv mark::comma
ice nadan de wasimbu ha ,	nv::adj nv::nv cm::dat verb::vv e::pst.ptcp mark::comma
tere gisun be yehe gūwaliya fi bu mbi se he sargan jui be bu rakū bi ,	nv::nv nv::nv cm::acc nv::nv verb::vv e::cve verb::vv e::fve.npst verb::vv e::pst.ptcp nv::nv nv::nv cm::acc verb::vv e::npst.ptcp.neg verb::vv.npst mark::comma
ere juwe aniya jušen nikan ,	nv::nv nv::nv nv::nv nv::nv nv::nv mark::comma
genggiyen_han ,	nn::prpn mark::comma
orin juwe hehe uka me ji he .	nv::nv nv::nv nv::nv verb::vv e::cve verb::vv e::pst.ptcp mark::period
○ juwan uyun de ,	mark::circle nv::nv nv::nv cm::dat mark::comma
wan_lii i uyuci aniya duin biya i orin jakūn de baha ha ,	nn::prpn cm::gen nv::nv nv::nv nv::nv nv::nv cm::gen nv::nv nv::nv cm::dat verb::vv e::pst.ptcp mark::comma
buyara me hūlha me usin weile re aha be tanggū wa ci ,	verb::vv e::cve verb::vv e::cve nv::nv verb::vv e::npst.ptcp nv::nv cm::acc nv::nv verb::vv e::cve mark::comma
hai_si ici_ho_wei i du_jy_hūi_ši šanggung ni jui busengge ,	nn::prpn nn::prpn cm::gen nv::nv nn::prpn.person cm::gen nv::nv nn::prpn.person mark::comma
koimali jalingga o ci ,	nv::adj nv::adj verb::vv e::cve mark::comma
dain i cooha komso ,	nv::nv cm::gen nv::nv nv::adj mark::comma
tuttu han i jalin de faxša rakū ci ,	nv::nv nv::nv cm::gen nv::nv cm::dat verb::vv e::npst.ptcp.neg e::cve mark::comma
laida ,	nn::prpn.person mark::comma
hecen hoton ba na be gemu duribu fi ,	nv::nv nv::nv nv::nv nv::nv cm::acc nv::nv verb::vv e::cve mark::comma
han de nene me giyan_jeo i šurde me ba be uhe obu fi bu he ,	nv::nv cm::dat verb::vv e::cve nn::prpn cm::gen verb::vv e::cve nv::nv cm::acc nv::nv verb::vv e::cve verb::vv e::pst.ptcp mark::comma
ningguci jergi ,	nv::nv nv::nv mark::comma
ice tari ha jeku be balai morin ulebu rahū ,	nv::adj verb::vv e::pst.ptcp nv::nv cm::acc nv::nv nv::nv verb::vv e::fve.prv mark::comma
bebuhei ,	nn::prpn.person mark::comma
elbihe juwe tanggū jakūnju emu ,	nv::nv nv::nv nv::nv nv::nv nv::nv mark::comma
emu udu niyalma fulahūn yali goi fi da hakū ,	nv::nv nv::nv nv::nv nv::nv nv::nv verb::vv e::cve verb::vv e::pst.ptcp.neg mark::comma
cahar i cooha korcin be afa me baha ra isi ka ngge ,	nn::prpn.plc cm::gen nv::nv nn::prpn.plc cm::acc verb::vv e::cve verb::vv e::npst.ptcp verb::vv e::pst.ptcp nmlz::nmlz mark::comma
abuni gebungge niyalma be si ainu guwangguša ha seme tanggū šusiha šusihala ha .	nn::prpn.person nv::adj nv::nv cm::acc pn::2sg nv::nv verb::vv e::pst.ptcp comp nv::nv nv::nv verb::vv e::pst.ptcp mark::period
muhaliyan i jui sirai ,	nv::nv cm::gen nv::nv nn::prpn.person mark::comma
wan_lii i orin sunjaci aniya sunja biya i ice de baha ha .	nn::prpn cm::gen nv::nv nv::nv nv::nv nv::nv nv::nv cm::gen nv::adj cm::dat verb::vv e::pst.ptcp mark::period
oforo šan be faita ha ,	nv::nv nv::nv cm::acc verb::vv e::pst.ptcp mark::comma
ende me cala me buce re weile baha ci guwebu ∅ ,	verb::vv e::cve verb::vv e::cve verb::vv e::npst.ptcp nv::nv verb::vv e::cve verb::vv e::fve.imperative mark::comma
emu gurun i gese kai ,	nv::nv nv::nv cm::gen nv::nv ptcl mark::comma
solho i ji he niyalma amasi gene fi ,	nv::nv cm::gen verb::vv e::pst.ptcp nv::nv nv::nv verb::vv e::cve mark::comma
○ sanoko ci ji fi hai_jeo be dule fi ,	mark::circle nn::prpn.plc cm::abl verb::vv e::cve nn::prpn cm::acc verb::vv e::cve mark::comma
šusai be sin i niyamangga niyalma be ,	nv::nv cm::acc pn::2sg cm::gen nv::nv nv::nv cm::acc mark::comma
fusi hejige i wala dedu he .	nn::prpn.plc nn::prpn.plc cm::gen nv::nv verb::vv e::pst.ptcp mark::period
juwan juwe amban be weihun jafa ha ,	nv::nv nv::nv nv::nv cm::acc nv::adj verb::vv e::pst.ptcp mark::comma
jakūcin ,	nn::prpn.person mark::comma
tukiye he be baha ci je me banji mbi kai ,	verb::vv e::pst.ptcp cm::acc verb::vv e::cve verb::vv e::cve verb::vv e::fve.npst ptcl mark::comma
ere duin boigon be yoo_jeo de tebu he .	nv::nv nv::nv nv::nv cm::acc nn::prpn cm::dat verb::vv e::pst.ptcp mark::period
cekemu emu da de juwe yan ,	nv::nv nv::nv nv::nv cm::dat nv::nv nv::nv mark::comma
niyaman hūncihin kemuni bi seme ,	nv::nv nv::nv nv::nv verb::vv.npst comp mark::comma
juwan ba i dube ci fujisa bedere me ji he ,	nv::nv nv::nv cm::gen nv::nv cm::abl nv::nv verb::vv e::cve verb::vv e::pst.ptcp mark::comma
ula ci bai me ji he gung ,	nv::nv cm::abl verb::vv e::cve verb::vv e::pst.ptcp nv::nv mark::comma
○ nahantai be ,	mark::circle nn::prpn.person cm::acc mark::comma
abka ,	nv::nv mark::comma
jai juce tere niyalma ,	nv::nv nv::nv nv::nv nv::nv mark::comma
juwan duici jergi ,	nv::nv nv::nv nv::nv mark::comma
ihan i boco fiyan be ,	nv::nv cm::gen nv::nv nv::nv cm::acc mark::comma
orhoda guru me ,	nv::nv verb::vv e::cve mark::comma
hai_si namu_wei i du_jy_hūi_ciyanši silingga i jui taoge ,	nn::prpn nn::prpn cm::gen nv::nv nn::prpn.person cm::gen nv::nv nn::prpn.person mark::comma
sunja niru i ejen ci wesihun ,	nv::nv nv::nv cm::gen nv::nv cm::abl nv::nv mark::comma
○ dahū be ,	mark::circle nv::nv cm::acc mark::comma
moo i giyase ,	nv::nv cm::gen nv::nv mark::comma
sihan_saman ,	nn::prpn mark::comma
○ ginjeo juwe wei i niyalma guwangning de te he ,	mark::circle nn::prpn.plc nv::nv nv::nv cm::gen nv::nv nn::prpn.plc cm::dat verb::vv e::pst.ptcp mark::comma
○ kalka i sunja tatan i beile se i gashū re de ,	mark::circle nv::nv cm::gen nv::nv nv::nv cm::gen nv::nv nv::nv cm::gen verb::vv e::npst.ptcp cm::dat mark::comma
kūwaci ,	nn::prpn.person mark::comma
jeku bu fi tokso ara ∅ ,	nv::nv verb::vv e::cve nv::nv verb::vv e::fve.imperative mark::comma
tsanjiyang ,	nv::nv mark::comma
○ lenggeri be ,	mark::circle nv::nv cm::acc mark::comma
mao_jiyanggiyūn si aina me han i jalin de faxša ha seme ,	nn::prpn pn::2sg verb::vv e::cve nv::nv cm::gen nv::nv cm::dat verb::vv e::pst.ptcp comp mark::comma
sargan de ,	nv::nv cm::dat mark::comma
tere usin be suwen i monggo emgi acan weile he bi he o ,	nv::nv nv::nv cm::acc pn::2pl cm::gen nv::nv nv::nv nv::nv verb::vv e::pst.ptcp verb::vv e::pst.ptcp ptcl mark::comma
beile se ,	nv::nv nv::nv mark::comma
min i kadala ra emu gala i cooha be han i fafun i tondo i kadala mbi ,	pn::1sg cm::gen verb::vv e::npst.ptcp nv::nv nv::nv cm::gen nv::nv cm::acc nv::nv cm::gen nv::nv cm::gen nv::adj cm::gen verb::vv e::fve.npst mark::comma
beye buce kini ,	nv::nv verb::vv e::fve.opt mark::comma
han i fafun i tondo i kadala mbi ,	nv::nv cm::gen nv::nv cm::gen nv::adj cm::gen verb::vv e::fve.npst mark::comma
bu ∅ ,	verb::vv e::fve.imperative mark::comma
olji be gemu bargiya me isabu fi waji ha manggi ,	nv::nv cm::acc nv::nv verb::vv e::cve verb::vv e::cve verb::vv e::pst.ptcp nv::nv mark::comma
aca fi emu dobori dedu fi ,	verb::vv e::cve nv::nv nv::nv verb::vv e::cve mark::comma
ai ai ci museingge be gūwa de gaibu rakū dain be ete ci ,	nv::nv nv::nv cm::abl nv::nv cm::acc nv::nv cm::dat verb::vv e::npst.ptcp.neg nv::nv cm::acc verb::vv e::cve mark::comma
tanggū dehi susai hoki banjibu fi takūra ∅ ,	nv::nv nv::nv nv::nv nv::nv verb::vv e::cve verb::vv e::fve.imperative mark::comma
ci_iogi ,	nn::prpn mark::comma
nikan gemu han i irgen o hobi ,	nv::nv nv::nv nv::nv cm::gen nv::nv verb::vv e::fve.prs.prf mark::comma
fengse ara fi benji he niyalma de ,	nv::nv verb::vv e::cve verb::vv e::pst.ptcp nv::nv cm::dat mark::comma
afabu ha weile be mute mbi ,	verb::vv e::pst.ptcp nv::nv cm::acc verb::vv e::fve.npst mark::comma
hoton i dorgi cooha i niyalma ,	nv::nv cm::gen nv::nv nv::nv cm::gen nv::nv mark::comma
gaija ra tofohon yan i weile waliya ha ,	verb::vv e::npst.ptcp nv::nv nv::nv cm::gen nv::nv verb::vv e::pst.ptcp mark::comma
beile se i ji he be sa rakū ūn .	nv::nv nv::nv cm::gen verb::vv e::pst.ptcp cm::acc verb::vv e::npst.ptcp.neg ptcl mark::period
bonio erin de hecen be baha ha ,	nv::nv nv::nv cm::dat nv::nv cm::acc verb::vv e::pst.ptcp mark::comma
han i fafun i tondo i kadala mbi ,	nv::nv cm::gen nv::nv cm::gen nv::adj cm::gen verb::vv e::fve.npst mark::comma
liyan_šan ,	nn::prpn mark::comma
ere dain be bi ulhi rakū farhūn i ara ha ngge waka ,	nv::nv nv::nv cm::acc pn::1sg verb::vv e::npst.ptcp.neg nv::adj cm::gen verb::vv e::pst.ptcp nmlz::nmlz nv::adj mark::comma
silun i dahū ,	nv::nv cm::gen nv::nv mark::comma
tere jakūnju ilan niyalma be ,	nv::nv nv::nv nv::nv nv::nv cm::acc mark::comma
solho han i takūra fi unggi he hafan ,	nv::nv nv::nv cm::gen verb::vv e::cve verb::vv e::pst.ptcp nv::nv mark::comma
han i hendu re ngge ,	nv::nv cm::gen verb::vv e::npst.ptcp nmlz::nmlz mark::comma
gūsin ninggun morin ,	nv::nv nv::nv nv::nv mark::comma
○ minggan_mafa i elcin ,	mark::circle nn::prpn cm::gen nv::nv mark::comma
non be akū o ho seme gene re de ,	nv::nv cm::acc nv::adj verb::vv e::pst.ptcp comp verb::vv e::npst.ptcp cm::dat mark::comma
tere warkasi_golo be tuwana ∅ seme takūra fi unggi he ,	nv::nv nn::prpn cm::acc verb::vv e::fve.imperative comp verb::vv e::cve verb::vv e::pst.ptcp mark::comma
tere dehi uksin be gama ha manggi ,	nv::nv nv::nv nv::nv cm::acc verb::vv e::pst.ptcp nv::nv mark::comma
jori ha jurgan be jurce rakū seme beiguwan obu ha .	verb::vv e::pst.ptcp nv::nv cm::acc verb::vv e::npst.ptcp.neg comp nv::nv verb::vv e::pst.ptcp mark::period
julge i niyalma hendu me ,	nv::nv cm::gen nv::nv verb::vv e::cve mark::comma
g'o_iogi i ciyandzung be ura tū he ,	nn::prpn cm::gen nv::nv cm::acc nv::nv verb::vv e::pst.ptcp mark::comma
kiyoo_bang_kui gene fi dedu he tai niyalma be ,	nn::prpn verb::vv e::cve verb::vv e::pst.ptcp nv::nv nv::nv cm::acc mark::comma
han ,	nv::nv mark::comma
uyun biya i ice duin de ,	nv::nv nv::nv cm::gen nv::adj nv::nv cm::dat mark::comma
tere be gai fi gene he ejen lii_ji_hiyo tsanjiyang donji fi ,	nv::nv cm::acc verb::vv e::cve verb::vv e::pst.ptcp nv::nv nn::prpn nv::nv verb::vv e::cve mark::comma
komso baha ha seme ala ∅ ,	nv::adj verb::vv e::pst.ptcp comp verb::vv e::fve.imperative mark::comma
emu niyalma be tanggū šusiha šusihala ha ,	nv::nv nv::nv cm::acc nv::nv nv::nv verb::vv e::pst.ptcp mark::comma
gūsin yan menggun ,	nv::nv nv::nv nv::nv mark::comma
○ ilaci mukūn i nadaci tatan ,	mark::circle nv::nv nv::nv cm::gen nv::nv nv::nv mark::comma
fakca ha de ,	verb::vv e::pst.ptcp cm::dat mark::comma
abka na i siden de ai hacin i gurun akū ,	nv::nv nv::nv cm::gen nv::nv cm::dat nv::nv nv::nv cm::gen nv::nv nv::adj mark::comma
geren beile se aca fi ,	nv::adj nv::nv nv::nv verb::vv e::cve mark::comma
ubai ,	nn::prpn.person mark::comma
juse omosi jalan hala me gosi re doro be ume lashala ra .	nv::nv nv::nv nv::nv verb::vv e::cve verb::vv e::npst.ptcp nv::nv cm::acc nv::nv verb::vv e::npst.ptcp mark::period
genggiyen_han da ci aba cooha de amuran o fi ,	nn::prpn nv::nv cm::abl nv::nv nv::nv cm::dat nv::adj verb::vv e::cve mark::comma
boihoci_ecike ,	nn::prpn mark::comma
ginjeo de jušen i cooha gūsin ,	nn::prpn.plc cm::dat nv::nv cm::gen nv::nv nv::nv mark::comma
ujula ha sehene ,	verb::vv e::pst.ptcp nn::prpn.person mark::comma
afabu ha weile be mute mbi ,	verb::vv e::pst.ptcp nv::nv cm::acc verb::vv e::fve.npst mark::comma
aisin be gai ha ,	nv::nv cm::acc verb::vv e::pst.ptcp mark::comma
ere ilan jugūn de emu minggan uksin i cooha tebu ∅ ,	nv::nv nv::nv nv::nv cm::dat nv::nv nv::nv nv::nv cm::gen nv::nv verb::vv e::fve.imperative mark::comma
ajige_age i boo de tuwana ra jaka de ,	nn::prpn cm::gen nv::nv cm::dat verb::vv e::npst.ptcp nv::nv cm::dat mark::comma
sin i beye i teile yangguri_efu i funde te .	pn::2sg cm::gen nv::nv cm::gen nv::nv nn::prpn cm::gen nv::nv nv::nv mark::period
bahi ,	nn::prpn.person mark::comma
loohan janggin ,	nn::prpn.person nv::nv mark::comma
dailiyoo i baru dain o fi ,	nn::prpn.plc cm::gen nv::nv nv::nv verb::vv e::cve mark::comma
geren de ala fi gene ∅ ,	nv::adj cm::dat verb::vv e::cve verb::vv e::fve.imperative mark::comma
be_gi_jai i niyalma gene he seme ,	nn::prpn cm::gen nv::nv verb::vv e::pst.ptcp comp mark::comma
cooha ambula komso unggi re be ,	nv::nv nv::nv nv::adj verb::vv e::npst.ptcp cm::acc mark::comma
nikan cooha in i jase be tuci fi yehe de da fi tuwakiya me te he be ,	nv::nv nv::nv pn::3sg cm::gen nv::nv cm::acc verb::vv e::cve nv::nv cm::dat verb::vv e::cve verb::vv e::cve verb::vv e::pst.ptcp cm::acc mark::comma
ere gisun gemu mujangga ,	nv::nv nv::nv nv::nv nv::adj mark::comma
namdulu_golo i amban bi he ,	nn::prpn cm::gen nv::nv verb::vv e::pst.ptcp mark::comma
hūsibu ,	nn::prpn.person mark::comma
baksi seme beye i teile .	nv::nv comp nv::nv cm::gen nv::nv mark::period
simiyan de bene re emu tanggū hule be ,	nn::prpn.plc cm::dat verb::vv e::npst.ptcp nv::nv nv::nv nv::nv cm::acc mark::comma
cifun be ,	nv::nv cm::acc mark::comma
suwayan eje he de bithe ara fi doron gida fi busan de bu hebi .	nv::adj verb::vv e::pst.ptcp cm::dat nv::nv verb::vv e::cve nv::nv verb::vv e::cve nn::prpn.person cm::dat verb::vv e::fve.prs.prf mark::period
ere orin nadan niyalma ilaci jergi ,	nv::nv nv::nv nv::nv nv::nv nv::nv nv::nv mark::comma
alibu ,	nn::prpn.person mark::comma
sunja tanggū susai hule jeku ,	nv::nv nv::nv nv::nv nv::nv nv::nv mark::comma
min be dulba i bi seme gūni rahū ,	pn::1sg cm::acc nv::adj cm::gen verb::vv.npst comp verb::vv e::fve.prv mark::comma
jai takūra ha elcin be wa ha seme donji fi ,	nv::nv verb::vv e::pst.ptcp nv::nv cm::acc verb::vv e::pst.ptcp comp verb::vv e::cve mark::comma
iogi ,	nv::nv mark::comma
beye buce kini ,	nv::nv verb::vv e::fve.opt mark::comma
teleri ,	nv::nv mark::comma
ama jui juwe han be baha fi ,	nv::nv nv::nv nv::nv nv::nv cm::acc verb::vv e::cve mark::comma
uji he han de amasi gene mbi seme habša ra jaka de ,	verb::vv e::pst.ptcp nv::nv cm::dat nv::nv verb::vv e::fve.npst comp verb::vv e::npst.ptcp nv::nv cm::dat mark::comma
aika gisun de gisure ci ,	nv::nv nv::nv cm::dat verb::vv e::cve mark::comma
juwe niongniyaha benji he ,	nv::nv nv::nv verb::vv e::pst.ptcp mark::comma
hanci ahūn deo boigon be gemu uba de unggi ∅ ,	nv::adj nv::nv nv::nv nv::nv cm::acc nv::nv nv::nv cm::dat verb::vv e::fve.imperative mark::comma
ice duin de isinji ha ,	nv::adj nv::nv cm::dat verb::vv e::pst.ptcp mark::comma
ocirsang ,	nn::prpn.person mark::comma
tere weile be geren duile fi ,	nv::nv nv::nv cm::acc nv::adj verb::vv e::cve mark::comma
geren gurun gemu suwen i karun de akda habi kai ,	nv::adj nv::nv nv::nv pn::2pl cm::gen nv::nv cm::dat verb::vv e::fve.prs.prf ptcl mark::comma
○ juwan de beide he weile ,	mark::circle nv::nv cm::dat verb::vv e::pst.ptcp nv::nv mark::comma
yehe i šanggiyan_hada ,	nv::nv cm::gen nn::prpn mark::comma
han ,	nv::nv mark::comma
○ hošotu boo i aha ,	mark::circle nn::prpn.person nv::nv cm::gen nv::nv mark::comma
orin ulhūma ,	nv::nv nv::nv mark::comma
folo ho hadala enggemu emke ,	verb::vv e::pst.ptcp nv::nv nv::nv nv::nv mark::comma
gene he sejen guwangning ni šurde me jeku be juwebu ∅ ,	verb::vv e::pst.ptcp nv::nv nn::prpn.plc cm::gen verb::vv e::cve nv::nv cm::acc verb::vv e::fve.imperative mark::comma
bohonari ,	nn::prpn.person mark::comma
jeku be tū fi edumiye fi ,	nv::nv cm::acc verb::vv e::cve verb::vv e::cve mark::comma
○ nadan biya i juwan emu de ,	mark::circle nv::nv nv::nv cm::gen nv::nv nv::nv cm::dat mark::comma
muse ai gurun i niyalma be uji hekū ,	pn::1pl.incl nv::nv nv::nv cm::gen nv::nv cm::acc verb::vv e::pst.ptcp.neg mark::comma
niyaman hūncihin seme harša rakū ,	nv::nv nv::nv comp verb::vv e::npst.ptcp.neg mark::comma
men i ilan uju i teile hoton de te hebi ,	pn::1pl.excl cm::gen nv::nv nv::nv cm::gen nv::nv nv::nv cm::dat verb::vv e::fve.prs.prf mark::comma
ula be gai ha de juwe feye sacibu ha ,	nv::nv cm::acc verb::vv e::pst.ptcp cm::dat nv::nv nv::nv verb::vv e::pst.ptcp mark::comma
han hendu me ,	nv::nv verb::vv e::cve mark::comma
emu udu tanggū jeng_giyang ni hecen tule kaica habi ,	nv::nv nv::nv nv::nv nn::prpn cm::gen nv::nv nv::nv verb::vv e::fve.prs.prf mark::comma
tuttu hengkile he manggi ,	nv::nv verb::vv e::pst.ptcp nv::nv mark::comma
jiyanggiyūn sin i sarkū aibi ,	nv::nv pn::2sg cm::gen nv::nv nv::nv mark::comma
yasun i boo de gene fi tetun doola ra de ucara fi ,	nn::prpn.person cm::gen nv::nv cm::dat verb::vv e::cve nv::nv verb::vv e::npst.ptcp cm::dat verb::vv e::cve mark::comma
jakūta de emte feye baha ha seme sunjata yan i weile waliya mbi .	nv::nv cm::dat nv::nv nv::nv verb::vv e::pst.ptcp comp nv::nv nv::nv cm::gen nv::nv verb::vv e::fve.npst mark::period
jai jergi de obogo ,	nv::nv nv::nv cm::dat nn::prpn.person mark::comma
hūwang_gu_doo i ebele ,	nn::prpn cm::gen nv::nv mark::comma
juwe ihan ,	nv::nv nv::nv mark::comma
han donji fi ,	nv::nv verb::vv e::cve mark::comma
cooha i niyalma hoton i duka i tule buren burde me kaica me sure me ili habi ,	nv::nv cm::gen nv::nv nv::nv cm::gen nv::nv cm::gen nv::nv nv::nv verb::vv e::cve verb::vv e::cve verb::vv e::cve verb::vv e::fve.prs.prf mark::comma
hengke ,	nv::nv mark::comma
orin tumen cooha be wa ra de ,	nv::nv nv::nv nv::nv cm::acc verb::vv e::npst.ptcp cm::dat mark::comma
nikan i baru o fi gisure re de ,	nv::nv cm::gen nv::nv verb::vv e::cve verb::vv e::npst.ptcp cm::dat mark::comma
bu he niyalma be wa mbi .	verb::vv e::pst.ptcp nv::nv cm::acc verb::vv e::fve.npst mark::period
juwe honin ,	nv::nv nv::nv mark::comma
beile se i hanci bisi re niyalma ,	nv::nv nv::nv cm::gen nv::adj verb::vv e::npst.ptcp nv::nv mark::comma
niyakūra me aca rakū ojo ro jaka de ,	verb::vv e::cve verb::vv e::npst.ptcp.neg verb::vv e::npst.ptcp nv::nv cm::dat mark::comma
beiguwan i hergen bu he .	nv::nv cm::gen nv::nv verb::vv e::pst.ptcp mark::period
ice jakūn de enggeder_efu ,	nv::adj nv::nv cm::dat nn::prpn mark::comma
geren be kadala me suila mbi seme ,	nv::adj cm::acc verb::vv e::cve verb::vv e::fve.npst comp mark::comma
jai fusi_golo de dosi fi ,	nv::nv nn::prpn cm::dat verb::vv e::cve mark::comma
turgei de unggi he ,	nn::prpn.person cm::dat verb::vv e::pst.ptcp mark::comma
bulanju sin de lii_wei_lung be kamcibu ha ngge ,	nn::prpn.person pn::2sg cm::dat nn::prpn cm::acc verb::vv e::pst.ptcp nmlz::nmlz mark::comma
tantaiju weile i jalin de ,	nn::prpn.person nv::nv cm::gen nv::nv cm::dat mark::comma
beye buce kini ,	nv::nv verb::vv e::fve.opt mark::comma
ūljeitu ,	nn::prpn.person mark::comma
ulacan ,	nn::prpn.person mark::comma
yamun de tuci fi ,	nv::nv cm::dat verb::vv e::cve mark::comma
holto me hafasa takūra ha seme ,	verb::vv e::cve nv::nv verb::vv e::pst.ptcp comp mark::comma
g'o_iogi ,	nn::prpn mark::comma
gurun be akūmbu me tai tebu he ,	nv::nv cm::acc verb::vv e::cve nv::nv verb::vv e::pst.ptcp mark::comma
ehe mujilen be waliya me ,	nv::adj nv::nv cm::acc verb::vv e::cve mark::comma
in i juwan niru i niyalma be tere duin amban baica rakū ,	pn::3sg cm::gen nv::nv nv::nv cm::gen nv::nv cm::acc nv::nv nv::nv nv::nv verb::vv e::npst.ptcp.neg mark::comma
juwe sejen kūru ,	nv::nv nv::nv nv::nv mark::comma
suwen i nene me bu mbi seme holto me gisure fi šang bu hekū be ,	pn::2pl cm::gen verb::vv e::cve verb::vv e::fve.npst comp verb::vv e::cve verb::vv e::cve nv::nv verb::vv e::pst.ptcp.neg cm::acc mark::comma
tere morin i cooha i amala ,	nv::nv nv::nv cm::gen nv::nv cm::gen nv::nv mark::comma
○ dumbai be ,	mark::circle nn::prpn.person cm::acc mark::comma
jakūnju anggala niyalma ,	nv::nv nv::nv nv::nv mark::comma
hūlha holo koimali jalingga ehe kiyangdu akū tondo i banji ki ,	nv::nv nv::nv nv::adj nv::adj nv::adj nv::adj nv::adj nv::adj cm::gen verb::vv e::fve.opt mark::comma
gemu acamja ha baitakū cooha bi ,	nv::nv verb::vv e::pst.ptcp nv::adj nv::nv verb::vv.npst mark::comma
bahūn_taiji ,	nn::prpn mark::comma
ninju juwe se ,	nv::nv nv::nv nv::nv mark::comma
jide re ngge goida ra jaka de ,	verb::vv e::npst.ptcp nmlz::nmlz verb::vv e::npst.ptcp nv::nv cm::dat mark::comma
juwe ulgiyan ,	nv::nv nv::nv mark::comma
in i jui enggeder_efu ,	pn::3sg cm::gen nv::nv nn::prpn mark::comma
○ gusantai_efu ,	mark::circle nn::prpn mark::comma
beye i sui de wasi kini .	nv::nv cm::gen nv::nv cm::dat verb::vv e::fve.opt mark::period
beye buce kini ,	nv::nv verb::vv e::fve.opt mark::comma
○ abtai bi ,	mark::circle nn::prpn.person verb::vv.npst mark::comma
juwe tumen sunja minggan susai ninggun hule ilan sin bu he ,	nv::nv nv::nv nv::nv nv::nv nv::nv nv::nv nv::nv nv::nv nv::nv verb::vv e::pst.ptcp mark::comma
be mute ci ,	pn::1pl.excl verb::vv e::cve mark::comma
moobari ,	nn::prpn.person mark::comma
tanggūta mocin ,	nv::nv nv::nv mark::comma
ilan hehe yafahan uka me ji he .	nv::nv nv::nv nv::adj verb::vv e::cve verb::vv e::pst.ptcp mark::period
nikan de inu juwan niyalma de emu ejen ara ∅ ,	nv::nv cm::dat nv::nv nv::nv nv::nv cm::dat nv::nv nv::nv verb::vv e::fve.imperative mark::comma
han i beye ,	nv::nv cm::gen nv::nv mark::comma
bi aina ha seme han de ehe ojo rakū ,	pn::1sg verb::vv e::pst.ptcp comp nv::nv cm::dat nv::adj verb::vv e::npst.ptcp.neg mark::comma
jušen nikan i yaya hafasa ,	nv::nv nv::nv cm::gen nv::nv nv::nv mark::comma
○ bayot i baigal_taiji ,	mark::circle nn::prpn.plc cm::gen nn::prpn mark::comma
ama sengge ,	nv::nv nv::nv mark::comma
○ esen be ,	mark::circle nn::prpn.person cm::acc mark::comma
bulakan de dehi niyalma be adabu fi ,	nn::prpn.person cm::dat nv::nv nv::nv cm::acc verb::vv e::cve mark::comma
jete re dabsun be geren alban i niyalma be ume dabu re ,	verb::vv e::npst.ptcp nv::nv cm::acc nv::adj nv::nv cm::gen nv::nv cm::acc nv::nv verb::vv e::npst.ptcp mark::comma
jai ai šolo de jirga mbi ,	nv::nv nv::nv nv::adj cm::dat verb::vv e::fve.npst mark::comma
ji he anggala haha i ton be tolo fi ji ∅ ,	verb::vv e::pst.ptcp nv::nv nv::nv cm::gen nv::nv cm::acc verb::vv e::cve verb::vv e::fve.imperative mark::comma
haha bu me funce ci gai ∅ ,	nv::nv verb::vv e::cve verb::vv e::cve verb::vv e::fve.imperative mark::comma
ginjeo ci casi hūwang_gu_doo ,	nn::prpn.plc cm::abl nv::nv nn::prpn mark::comma
gaji ha duin hafan ,	verb::vv e::pst.ptcp nv::nv nv::nv mark::comma
cooha i agūra be benji hekū asara habi seme gercile he de ,	nv::nv cm::gen nv::nv cm::acc verb::vv e::pst.ptcp.neg verb::vv e::fve.prs.prf comp verb::vv e::pst.ptcp cm::dat mark::comma
aibari ,	nn::prpn.person mark::comma
si emu akdun gisun be hendu me gashū fi ,	pn::2sg nv::nv nv::adj nv::nv cm::acc verb::vv e::cve verb::vv e::cve mark::comma
singgebu me baha rakū benji he manggi ,	verb::vv e::cve verb::vv e::npst.ptcp.neg verb::vv e::pst.ptcp nv::nv mark::comma
han i pai be gai fi ,	nv::nv cm::gen nv::nv cm::acc verb::vv e::cve mark::comma
lišan ,	nn::prpn.person mark::comma
wan_lii i orin sunjaci aniya biya i baha ha ,	nn::prpn cm::gen nv::nv nv::nv nv::nv nv::nv cm::gen verb::vv e::pst.ptcp mark::comma
tere ula i cooha be gida fi ,	nv::nv nv::nv cm::gen nv::nv cm::acc verb::vv e::cve mark::comma
suwen i ciha dere ,	pn::2pl cm::gen nv::nv ptcl mark::comma
jide rakū ci ,	verb::vv e::npst.ptcp.neg e::cve mark::comma
sunja biya i orin emu de wasimbu ha ,	nv::nv nv::nv cm::gen nv::nv nv::nv cm::dat verb::vv e::pst.ptcp mark::comma
juwe jergi tuwa sinda me gemu gai ha ,	nv::nv nv::nv nv::nv verb::vv e::cve nv::nv verb::vv e::pst.ptcp mark::comma
niyalma tooda ra ,	nv::nv verb::vv e::npst.ptcp mark::comma
fung_hūwang ,	nn::prpn mark::comma
olji be ,	nv::nv cm::acc mark::comma
yasun i boo i bele yali ci ana me karu fete me tucibu fi ,	nn::prpn.person cm::gen nv::nv cm::gen nv::nv nv::nv cm::abl verb::vv e::cve nv::nv verb::vv e::cve verb::vv e::cve mark::comma
han i fafun i tondo i kadala mbi ,	nv::nv cm::gen nv::nv cm::gen nv::adj cm::gen verb::vv e::fve.npst mark::comma
yarhū ,	nn::prpn.plc mark::comma
han hendu me ,	nv::nv verb::vv e::cve mark::comma
gemu guwangning deb i seme akda rakū gana ha .	nv::nv nn::prpn.plc nv::nv cm::gen comp verb::vv e::npst.ptcp.neg verb::vv e::pst.ptcp mark::period
takūra mbi seme hehesi jaka de ume bibu re ,	verb::vv e::fve.npst comp nv::nv nv::nv cm::dat nv::nv verb::vv e::npst.ptcp mark::comma
deote be ba ba de gashūbu re ,	nv::nv cm::acc nv::nv nv::nv cm::dat verb::vv e::npst.ptcp mark::comma
sain niyalma ambula o ci ,	nv::adj nv::nv nv::nv verb::vv e::cve mark::comma
hūda hūdaša me yabu re de ,	nv::nv verb::vv e::cve verb::vv e::npst.ptcp cm::dat mark::comma
darhan_baturu ,	nn::prpn mark::comma
○ tang_šan ,	mark::circle nn::prpn mark::comma
usin tari re be tuwa me aba sinda fi ,	nv::nv verb::vv e::npst.ptcp cm::acc verb::vv e::cve nv::nv verb::vv e::cve mark::comma
ama eme be gaji hakū ,	nv::nv nv::nv cm::acc verb::vv e::pst.ptcp.neg mark::comma
weile he jeku i dabala ,	verb::vv e::pst.ptcp nv::nv cm::gen ptcl mark::comma
han hendu me ,	nv::nv verb::vv e::cve mark::comma
fulha gebungge hoton be dule me okdo me ji he manggi ,	nn::prpn.plc nv::adj nv::nv cm::acc verb::vv e::cve verb::vv e::cve verb::vv e::pst.ptcp nv::nv mark::comma
gemu abka i forgošo ro erin ,	nv::nv nv::nv cm::gen verb::vv e::npst.ptcp nv::nv mark::comma
liyoha i kiyoo de nimaha bai re tofohon niyalma be wa ha .	nn::prpn.plc cm::gen nv::nv cm::dat nv::nv verb::vv e::npst.ptcp nv::nv nv::nv cm::acc verb::vv e::pst.ptcp mark::period
yecengge ,	nn::prpn.person mark::comma
amba hafan be takūra fi ,	nv::adj nv::nv cm::acc verb::vv e::cve mark::comma
niyalma be urgunjebu me ,	nv::nv cm::acc verb::vv e::cve mark::comma
bithe unggi he ,	nv::nv verb::vv e::pst.ptcp mark::comma
○ kiowan_iogi ginjeo ba i emu minggan boigon i niyalma be facabu fi ,	mark::circle nn::prpn nn::prpn.plc nv::nv cm::gen nv::nv nv::nv nv::nv cm::gen nv::nv cm::acc verb::vv e::cve mark::comma
ere weile be setkil si sa ∅ seme gisun hendubu he .	nv::nv nv::nv cm::acc nn::prpn.person pn::2sg verb::vv e::fve.imperative comp nv::nv verb::vv e::pst.ptcp mark::period
afabu ha weile be mute mbi ,	verb::vv e::pst.ptcp nv::nv cm::acc verb::vv e::fve.npst mark::comma
jakūn ubu sinda me dende fi bu he .	nv::nv nv::nv verb::vv e::cve verb::vv e::cve verb::vv e::pst.ptcp mark::period
guile he moo juwe tanggū dehi ninggun ,	verb::vv e::pst.ptcp nv::nv nv::nv nv::nv nv::nv nv::nv mark::comma
suwen i solho i mi_šan de te fi ,	pn::2pl cm::gen nv::nv cm::gen nn::prpn cm::dat verb::vv e::cve mark::comma
fe_ala i hoton de ilan minggan uksin i cooha tebu ∅ ,	nn::prpn cm::gen nv::nv cm::dat nv::nv nv::nv nv::nv cm::gen nv::nv verb::vv e::fve.imperative mark::comma
han i beye ,	nv::nv cm::gen nv::nv mark::comma
tuttu o ci ,	nv::nv verb::vv e::cve mark::comma
usin bošo ro janggin hūdun bošo me weilebu ∅ .	nv::nv verb::vv e::npst.ptcp nv::nv nv::adj verb::vv e::cve verb::vv e::fve.imperative mark::period
tun tokso i niyalma be ,	nv::nv nv::nv cm::gen nv::nv cm::acc mark::comma
aba abala me ulha uji me ,	nv::nv verb::vv e::cve nv::nv verb::vv e::cve mark::comma
juwan ilan de meihe inenggi meihe erin de na axša ha ,	nv::nv nv::nv cm::dat nv::nv nv::nv nv::nv nv::nv cm::dat nv::nv verb::vv e::pst.ptcp mark::comma
artai i juwan yan faita ha ,	nn::prpn.person cm::gen nv::nv nv::nv verb::vv e::pst.ptcp mark::comma
jao_hoidzung han be wasibu fi farhūn_gung ,	nn::prpn nv::nv cm::acc verb::vv e::cve nn::prpn mark::comma
abka na i salgabu ha ngge dere seme gūni fi ,	nv::nv nv::nv cm::gen verb::vv e::pst.ptcp nmlz::nmlz ptcl comp verb::vv e::cve mark::comma
ulin gaija ra weile baha ci waliya ∅ ,	nv::nv verb::vv e::npst.ptcp nv::nv verb::vv e::cve verb::vv e::fve.imperative mark::comma
dahai ,	nn::prpn.person mark::comma
aika jaka be bu re ,	nv::nv nv::nv cm::acc verb::vv e::npst.ptcp mark::comma
dehite šusiha šusihala ha ,	nv::nv nv::nv verb::vv e::pst.ptcp mark::comma
ba goro o fi suila mbi ,	nv::nv nv::nv verb::vv e::cve verb::vv e::fve.npst mark::comma
○ juwan nadan de ,	mark::circle nv::nv nv::nv cm::dat mark::comma
si_uli efu ,	nn::prpn nv::nv mark::comma
geli buce he ,	nv::nv verb::vv e::pst.ptcp mark::comma
niowanggiyaha i golo i niyalma be bele okdo me benji ∅ seme niyalma takūra fi unggi he ,	nn::prpn.plc cm::gen nv::nv cm::gen nv::nv cm::acc nv::nv verb::vv e::cve verb::vv e::fve.imperative comp nv::nv verb::vv e::cve verb::vv e::pst.ptcp mark::comma
dobori seruken de umbubu ∅ ,	nv::nv nv::adj cm::dat verb::vv e::fve.imperative mark::comma
g'ai_jeo i fujiyang de wasimbu ha ,	nn::prpn cm::gen nv::nv cm::dat verb::vv e::pst.ptcp mark::comma
wang_ging_lung de weile tuhe ke ,	nn::prpn cm::dat nv::nv verb::vv e::pst.ptcp mark::comma
sakda i šusai gebungge niyalma ,	nv::adj cm::gen nv::nv nv::adj nv::nv mark::comma
jušen be gosi ∅ ,	nv::nv cm::acc verb::vv e::fve.imperative mark::comma
meni meni cisu i facuhūn o mbi kai ,	nv::nv nv::nv nv::nv cm::gen nv::adj verb::vv e::fve.npst ptcl mark::comma
puse noho ojin ,	nv::nv nv::nv nv::nv mark::comma
mucu duin to ,	nv::nv nv::nv nv::nv mark::comma
emke juwe unggi rakū seme takūra ha ,	nv::nv nv::nv verb::vv e::npst.ptcp.neg comp verb::vv e::pst.ptcp mark::comma
emu nikan ,	nv::nv nv::nv mark::comma
min i gurun be deote de gese dende he manggi ,	pn::1sg cm::gen nv::nv cm::acc nv::nv cm::dat nv::nv verb::vv e::pst.ptcp nv::nv mark::comma
emu niyalma be weihun gama ha ,	nv::nv nv::nv cm::acc nv::adj verb::vv e::pst.ptcp mark::comma
folin_šan_wei i du_jy_hūi_tungjy dahišan i omolo mungtu ,	nn::prpn cm::gen nv::nv nn::prpn.person cm::gen nv::nv nn::prpn.person mark::comma
ca_ši efen emu hacin ,	nv::nv nv::nv nv::nv nv::nv mark::comma
ingtori emu kuwangse benji he ,	nv::nv nv::nv nv::nv verb::vv e::pst.ptcp mark::comma
casi ulan ulan i giyamun hala me ,	nv::nv nv::nv nv::nv cm::gen nv::nv verb::vv e::cve mark::comma
jeku tari re sunja cimari ,	nv::nv verb::vv e::npst.ptcp nv::nv nv::nv mark::comma
weihu hūwaja fi dalin de ji he gūsin sunja niyalma be baha fi benji he seme ,	nv::nv verb::vv e::cve nv::nv cm::dat verb::vv e::pst.ptcp nv::nv nv::nv nv::nv cm::acc verb::vv e::cve verb::vv e::pst.ptcp comp mark::comma
doro i ejen seme gele ci ,	nv::nv cm::gen nv::nv comp verb::vv e::cve mark::comma
bayan niyalma jeku isabu fi niya ra ,	nv::adj nv::nv nv::nv verb::vv e::cve verb::vv e::npst.ptcp mark::comma
jai be daha ra seme hendu re jaka de ,	nv::nv cm::acc verb::vv e::npst.ptcp comp verb::vv e::npst.ptcp nv::nv cm::dat mark::comma
josingga be yahican de alana me goida ha seme ,	nn::prpn.person cm::acc nn::prpn.person cm::dat verb::vv e::cve verb::vv e::pst.ptcp comp mark::comma
ula gurun ,	nv::nv nv::nv mark::comma
juse be damtun benji rakū ci ,	nv::nv cm::acc nv::nv verb::vv e::npst.ptcp.neg e::cve mark::comma
○ teisu bira doo fi gai ki se he ba ,	mark::circle nv::nv nv::nv verb::vv e::cve verb::vv e::fve.opt verb::vv e::pst.ptcp nv::nv mark::comma
ai ai weile o ho de ,	nv::nv nv::nv nv::nv verb::vv e::pst.ptcp cm::dat mark::comma
min i kadala ra emu gūsa i cooha be han i fafun i tondo i kadala mbi ,	pn::1sg cm::gen verb::vv e::npst.ptcp nv::nv nv::nv cm::gen nv::nv cm::acc nv::nv cm::gen nv::nv cm::gen nv::adj cm::gen verb::vv e::fve.npst mark::comma
lung_king ni sunjaci aniya jakūn biya i orin sunja de baha ha ,	nn::prpn cm::gen nv::nv nv::nv nv::nv nv::nv cm::gen nv::nv nv::nv cm::dat verb::vv e::pst.ptcp mark::comma
ihan gūsin ninggun ,	nv::nv nv::nv nv::nv mark::comma
sain gucu de amban sa de bu fi ,	nv::adj nv::nv cm::dat nv::nv nv::nv cm::dat verb::vv e::cve mark::comma
giya_jing ni dehi juwe ci aniya ninggun biya i juwan duin de baha ha ,	nn::prpn cm::gen nv::nv verb::vv e::cve nv::nv nv::nv nv::nv cm::gen nv::nv nv::nv cm::dat verb::vv e::pst.ptcp mark::comma
kubun kice me tari fi ,	nv::nv verb::vv e::cve verb::vv e::cve mark::comma
kele ,	nn::prpn.person mark::comma
ibari iogi bi he ,	nn::prpn.person nv::nv verb::vv e::pst.ptcp mark::comma
juwan duin i cimari ci jai sabu hakū naka ha ,	nv::nv nv::nv cm::gen nv::nv cm::abl nv::nv verb::vv e::pst.ptcp.neg verb::vv e::pst.ptcp mark::comma
morin yalu fi boo de han i doron akū gene ci ,	nv::nv verb::vv e::cve nv::nv cm::dat nv::nv cm::gen nv::nv nv::adj verb::vv e::cve mark::comma
sin i nikan gurun i usin be hecen i dolo weile mbi o seme bithe ara fi ,	pn::2sg cm::gen nv::nv nv::nv cm::gen nv::nv cm::acc nv::nv cm::gen nv::nv verb::vv e::fve.npst ptcl comp nv::nv verb::vv e::cve mark::comma
ilu ,	nn::prpn.plc mark::comma
ehe be ehe seme han de ala mbi ,	nv::adj cm::acc nv::adj comp nv::nv cm::dat verb::vv e::fve.npst mark::comma
tere ci uthai amasi bedere he .	nv::nv cm::abl nv::nv nv::nv verb::vv e::pst.ptcp mark::period
fulu o ci ,	nv::nv verb::vv e::cve mark::comma
○ orin ninggun de ,	mark::circle nv::nv nv::nv cm::dat mark::comma
fu_jeo ,	nn::prpn mark::comma
jai sunja tanggū boigon be dali me gaji ha .	nv::nv nv::nv nv::nv nv::nv cm::acc verb::vv e::cve verb::vv e::pst.ptcp mark::period
kalka faida fi ,	nv::nv verb::vv e::cve mark::comma
abka min de bu re jaka de ,	nv::nv pn::1sg cm::dat verb::vv e::npst.ptcp nv::nv cm::dat mark::comma
si min de daha ci ,	pn::2sg pn::1sg cm::dat verb::vv e::cve mark::comma
han i pai be gai fi ,	nv::nv cm::gen nv::nv cm::acc verb::vv e::cve mark::comma
šongkoro_baturu gai fi gene fi ,	nn::prpn verb::vv e::cve verb::vv e::cve mark::comma
kamdani gaji me jide re de ,	nn::prpn.person verb::vv e::cve verb::vv e::npst.ptcp cm::dat mark::comma
bu he manggi ,	verb::vv e::pst.ptcp nv::nv mark::comma
ujula me ehe deribu he duin sunja niyalma be jafa fi benji ∅ ,	verb::vv e::cve nv::adj verb::vv e::pst.ptcp nv::nv nv::nv nv::nv cm::acc verb::vv e::cve verb::vv e::fve.imperative mark::comma
dehi morin ,	nv::nv nv::nv mark::comma
han ,	nv::nv mark::comma
šun dekde re ergi mederi muke de isi tala ,	nv::nv verb::vv e::npst.ptcp nv::nv nv::nv nv::nv cm::dat verb::vv e::cve mark::comma
uju i ton kai seme hendu fi ,	nv::nv cm::gen nv::nv ptcl comp verb::vv e::cve mark::comma
bata kimun seme gida rakū ,	nv::nv nv::nv comp verb::vv e::npst.ptcp.neg mark::comma
ume bithe wesimbu ∅ ,	nv::nv nv::nv verb::vv e::fve.imperative mark::comma
ere ci julesi gung gai ci ,	nv::nv cm::abl nv::nv nv::nv verb::vv e::cve mark::comma
sin be min de bu he manggi ,	pn::2sg cm::acc pn::1sg cm::dat verb::vv e::pst.ptcp nv::nv mark::comma
daya_taiji si ,	nn::prpn pn::2sg mark::comma
buksi fi sirdan i gabta me tuhebu ∅ ,	verb::vv e::cve nv::nv cm::gen verb::vv e::cve verb::vv e::fve.imperative mark::comma
gašu .	nn::prpn.person mark::period
wang_beiguwan bithe wesimbu me ,	nn::prpn nv::nv verb::vv e::cve mark::comma
kubun tari re niyalma ,	nv::nv verb::vv e::npst.ptcp nv::nv mark::comma
orin jakūn de wasimbu ha ,	nv::nv nv::nv cm::dat verb::vv e::pst.ptcp mark::comma
jušen ,	nv::nv mark::comma
yangsi ,	nn::prpn.person mark::comma
hecemu ,	nn::prpn.plc mark::comma
tuba de aca ha doro i amba sarin sarila ha .	nv::nv cm::dat verb::vv e::pst.ptcp nv::nv cm::gen nv::adj nv::nv verb::vv e::pst.ptcp mark::period
han i fafun i tondo i kadala mbi ,	nv::nv cm::gen nv::nv cm::gen nv::adj cm::gen verb::vv e::fve.npst mark::comma
sin i gurun i efuje re erin isi fi ,	pn::2sg cm::gen nv::nv cm::gen verb::vv e::npst.ptcp nv::nv verb::vv e::cve mark::comma
fujiyang ci fakca ha de ,	nv::nv cm::abl verb::vv e::pst.ptcp cm::dat mark::comma
hūwaktaka min be wa kini ,	nn::prpn.person pn::1sg cm::acc verb::vv e::fve.opt mark::comma
juwe jui emke gene me emke ji me amasi julesi yabu kini ,	nv::nv nv::nv nv::nv verb::vv e::cve nv::nv verb::vv e::cve nv::nv nv::nv verb::vv e::fve.opt mark::comma
han de waka sabu fi weile baha fi boo yada kini ,	nv::nv cm::dat nv::adj verb::vv e::cve nv::nv verb::vv e::cve nv::nv verb::vv e::fve.opt mark::comma
dobori emhun duka dosi ka tere niyalma be ,	nv::nv nv::nv nv::nv verb::vv e::pst.ptcp nv::nv nv::nv cm::acc mark::comma
○ suna bi ,	mark::circle nv::nv verb::vv.npst mark::comma
han i šangna me bu re jaka dabala ,	nv::nv cm::gen verb::vv e::cve verb::vv e::npst.ptcp nv::nv ptcl mark::comma
emhun yabu ha be sa ha de ,	nv::nv verb::vv e::pst.ptcp cm::acc verb::vv e::pst.ptcp cm::dat mark::comma
tang_šan de tofohon niyalma wa ha ,	nn::prpn cm::dat nv::nv nv::nv verb::vv e::pst.ptcp mark::comma
tere ci amasi amba hecen de ji fi ,	nv::nv cm::abl nv::nv nv::adj nv::nv cm::dat verb::vv e::cve mark::comma
nikan hehe juse ,	nv::nv nv::nv nv::nv mark::comma
○ juwan nadan de ,	mark::circle nv::nv nv::nv cm::dat mark::comma
jai hoifa gurun efuje he ,	nv::nv nn::prpn.plc nv::nv verb::vv e::pst.ptcp mark::comma
mocin samsu ambula bu he ,	nv::nv nv::nv nv::nv verb::vv e::pst.ptcp mark::comma
fu_jeo i lio_fujiyang ,	nn::prpn cm::gen nn::prpn mark::comma
sunja tanggū boigon gaji me isinji fi ,	nv::nv nv::nv nv::nv verb::vv e::cve verb::vv e::cve mark::comma
○ kūrcan be ,	mark::circle nv::nv cm::acc mark::comma
min i kadala ra emu jalan i sunja niru i cooha be fujiyang ci fakca rakū ,	pn::1sg cm::gen verb::vv e::npst.ptcp nv::nv nv::nv cm::gen nv::nv nv::nv cm::gen nv::nv cm::acc nv::nv cm::abl verb::vv e::npst.ptcp.neg mark::comma
giyamuhū angga de inde he inenggi ,	nn::prpn.plc nv::nv cm::dat verb::vv e::pst.ptcp nv::nv mark::comma
sin i wesimbu he bithe be gemu tuwa ha ,	pn::2sg cm::gen verb::vv e::pst.ptcp nv::nv cm::acc nv::nv verb::vv e::pst.ptcp mark::comma
uju jergi šabtu ,	nv::nv nv::nv nn::prpn.person mark::comma
nikan ,	nv::nv mark::comma
wang_i_ping ,	nn::prpn mark::comma
amba_beile ,	nn::prpn mark::comma
ju_dzung_bing_guwan ,	nn::prpn mark::comma
seke hayahan i jibca emke ,	nv::nv nv::nv cm::gen nv::nv nv::nv mark::comma
hoifa ,	nn::prpn.plc mark::comma
ujungga jakūn hūwašan be hergen i loo ara fi omihon hori fi ,	nv::adj nv::nv nv::nv cm::acc nv::nv cm::gen nv::nv verb::vv e::cve nv::adj verb::vv e::cve mark::comma
duin gio ,	nv::nv nv::nv mark::comma
jangkio i jui beye yalu ha morin ,	nn::prpn.person cm::gen nv::nv nv::nv verb::vv e::pst.ptcp nv::nv mark::comma
šajin de ,	nv::nv cm::dat mark::comma
nene me kuwa_lan_ho de unggi he bithe i songko i ara fi unggi he .	verb::vv e::cve nn::prpn cm::dat verb::vv e::pst.ptcp nv::nv cm::gen nv::nv cm::gen verb::vv e::cve verb::vv e::pst.ptcp mark::period
hūlha holo koimali jalingga akū tondo i banji ki .	nv::nv nv::nv nv::adj nv::adj nv::adj nv::adj cm::gen verb::vv e::fve.opt mark::period
juwe niyalma de emu sin bu he ,	nv::nv nv::nv cm::dat nv::nv nv::nv verb::vv e::pst.ptcp mark::comma
nikan de ume unca ra ,	nv::nv cm::dat nv::nv verb::vv e::npst.ptcp mark::comma
gemu gashū ha amala ji fi akdun gisun be aifu rahū seme bu he .	nv::nv verb::vv e::pst.ptcp nv::nv verb::vv e::cve nv::adj nv::nv cm::acc verb::vv e::fve.prv comp verb::vv e::pst.ptcp mark::period
aita fujiyang de wasimbu ha ,	nn::prpn.person nv::nv cm::dat verb::vv e::pst.ptcp mark::comma
amargi dere be dain dosi re jaka de ,	nv::nv nv::nv cm::acc nv::nv verb::vv e::npst.ptcp nv::nv cm::dat mark::comma
sure_kundulen_han hendu me ,	nn::prpn verb::vv e::cve mark::comma
ilan bedzung de ilata niyalma ,	nv::nv nv::nv cm::dat nv::nv nv::nv mark::comma
langšan janggin in i sargan i jalin de habša me ,	nn::prpn.person nv::nv pn::3sg cm::gen nv::nv cm::gen nv::nv cm::dat verb::vv e::cve mark::comma
emu niyalma ,	nv::nv nv::nv mark::comma
yahū ,	nn::prpn.person mark::comma
wangšan_ecike ,	nn::prpn mark::comma
○ ice juwe de ,	mark::circle nv::adj nv::nv cm::dat mark::comma
hoifa i gurun ,	nn::prpn.plc cm::gen nv::nv mark::comma
jeku gaija ra niyalma ,	nv::nv verb::vv e::npst.ptcp nv::nv mark::comma
dahai ,	nn::prpn.person mark::comma
hūlha holo koimali jalingga akū tondo banji mbi .	nv::nv nv::nv nv::adj nv::adj nv::adj nv::adj verb::vv e::fve.npst mark::period
ama de banji ha duin deo ,	nv::nv cm::dat verb::vv e::pst.ptcp nv::nv nv::nv mark::comma
amba hūda be gemu han i hecen de hūdaša ∅ ,	nv::adj nv::nv cm::acc nv::nv nv::nv cm::gen nv::nv cm::dat verb::vv e::fve.imperative mark::comma
lio_gi_cang ,	nn::prpn mark::comma
abka i fulingga i banji ha genggiyen_han hendu me ,	nv::nv cm::gen nv::adj cm::gen verb::vv e::pst.ptcp nn::prpn verb::vv e::cve mark::comma
○ sunja biya i orin sunja de ,	mark::circle nv::nv nv::nv cm::gen nv::nv nv::nv cm::dat mark::comma
boo i uji he ujima ,	nv::nv cm::gen verb::vv e::pst.ptcp nv::nv mark::comma
○ kubu he lamun i gūsa i bargiya ra ba ,	mark::circle verb::vv e::pst.ptcp nv::adj cm::gen nv::nv cm::gen verb::vv e::npst.ptcp nv::nv mark::comma
jeku acan je ∅ ,	nv::nv nv::nv verb::vv e::fve.imperative mark::comma
se jalgan de isibu rakū aldasi buce kini ,	nv::nv nv::nv cm::dat verb::vv e::npst.ptcp.neg nv::adj verb::vv e::fve.opt mark::comma
nene me šanggiyan_hada de wabu fi ,	verb::vv e::cve nn::prpn cm::dat verb::vv e::cve mark::comma
fakca rakū ci ,	verb::vv e::npst.ptcp.neg e::cve mark::comma
dehi sunja ihan ,	nv::nv nv::nv nv::nv mark::comma
sain be sain ,	nv::adj cm::acc nv::adj mark::comma
afabu ha weile be mute mbi ,	verb::vv e::pst.ptcp nv::nv cm::acc verb::vv e::fve.npst mark::comma
fe jeku elgiyen niyalma de muji tari ha niyalma de jeku muji gai fi bu ∅ ,	nv::adj nv::nv nv::adj nv::nv cm::dat nv::nv verb::vv e::pst.ptcp nv::nv cm::dat nv::nv nv::nv verb::vv e::cve verb::vv e::fve.imperative mark::comma
giya_jing ni dehi duici aniya uyun biya i juwan ilan de baha ha ,	nn::prpn cm::gen nv::nv nv::nv nv::nv nv::nv nv::nv cm::gen nv::nv nv::nv cm::dat verb::vv e::pst.ptcp mark::comma
juwan ilan de wasimbu ha ,	nv::nv nv::nv cm::dat verb::vv e::pst.ptcp mark::comma
tasha i dahū juwe ,	nv::nv cm::gen nv::nv nv::nv mark::comma
juwe boo emu boo seme gūni me banji mbi kai ,	nv::nv nv::nv nv::nv nv::nv comp verb::vv e::cve verb::vv e::fve.npst ptcl mark::comma
juwanci jergi ,	nv::nv nv::nv mark::comma
ice han be tebu he gungge amban bi he ,	nv::adj nv::nv cm::acc verb::vv e::pst.ptcp nv::nv nv::nv verb::vv e::pst.ptcp mark::comma
muse i beye boo de gene ki ,	nv::nv cm::gen nv::nv nv::nv cm::dat verb::vv e::fve.opt mark::comma
budai be ,	nn::prpn.person cm::acc mark::comma
jai jergi gūsa i ejen amban sa de ,	nv::nv nv::nv nv::nv cm::gen nv::nv nv::nv nv::nv cm::dat mark::comma
han i bu he šang ,	nv::nv cm::gen verb::vv e::pst.ptcp nv::nv mark::comma
ninggucin ,	nn::prpn.person mark::comma
fu_jeo ,	nn::prpn mark::comma
tai_jeo ci jaha de te fi ubaša me ji he emu šeobei de ,	nn::prpn cm::abl nv::nv cm::dat verb::vv e::cve verb::vv e::cve verb::vv e::pst.ptcp nv::nv nv::nv cm::dat mark::comma
sin be wa rakū hori fi asara mbi ,	pn::2sg cm::acc verb::vv e::npst.ptcp.neg verb::vv e::cve verb::vv e::fve.npst mark::comma
elmin de buta ha ,	nv::nv cm::dat verb::vv e::pst.ptcp mark::comma
si ,	pn::2sg mark::comma
beile se i funce he ulin be ,	nv::nv nv::nv cm::gen verb::vv e::pst.ptcp nv::nv cm::acc mark::comma
beye i ehe de wasi kini ,	nv::nv cm::gen nv::adj cm::dat verb::vv e::fve.opt mark::comma
jušen nikan be kamcibu fi karun poo sinda ∅ ,	nv::nv nv::nv cm::acc verb::vv e::cve nv::nv nv::nv verb::vv e::fve.imperative mark::comma
dadai_subargan ,	nn::prpn mark::comma
buya niyalma ci wesihun ,	nv::adj nv::nv cm::abl nv::nv mark::comma
dobori tuci fi daha cina se re jaka de ,	nv::nv verb::vv e::cve verb::vv e::fve.opt verb::vv e::npst.ptcp nv::nv cm::dat mark::comma
jakūn dangse be sasa efule ∅ ,	nv::nv nv::nv cm::acc nv::nv verb::vv e::fve.imperative mark::comma
muse afa ci hūsun isi kakū ,	pn::1pl.incl verb::vv e::cve nv::nv verb::vv e::pst.ptcp.neg mark::comma
durbi_ala be šurde me tuwa fi ,	nn::prpn cm::acc verb::vv e::cve verb::vv e::cve mark::comma
jai inenggi nikan i dain be sabu fi ,	nv::nv nv::nv nv::nv cm::gen nv::nv cm::acc verb::vv e::cve mark::comma
si min de alanji ∅ ,	pn::2sg pn::1sg cm::dat verb::vv e::fve.imperative mark::comma
bangsun min be wa kini ,	nn::prpn.person pn::1sg cm::acc verb::vv e::fve.opt mark::comma
suwe jecen i ba de te he niyalma ume dulbada ra ,	pn::2pl nv::nv cm::gen nv::nv cm::dat verb::vv e::pst.ptcp nv::nv nv::nv verb::vv e::npst.ptcp mark::comma
○ du_tang ni bithe ,	mark::circle nv::nv cm::gen nv::nv mark::comma
gucuse de hecen i dolo dehi boo ,	nv::nv cm::dat nv::nv cm::gen nv::nv nv::nv nv::nv mark::comma
jušen jafa ∅ ,	nv::nv verb::vv e::fve.imperative mark::comma
ulin gai me weile be harša me facuhūn beide ci ,	nv::nv verb::vv e::cve nv::nv cm::acc verb::vv e::cve nv::adj verb::vv e::cve mark::comma
boigon jurambu ha ,	nv::nv verb::vv e::pst.ptcp mark::comma
○ orin uyun de ,	mark::circle nv::nv nv::nv cm::dat mark::comma
gemu sin i niyalma tuwakiyabu fi saikan icihiyabu ∅ ,	nv::nv pn::2sg cm::gen nv::nv verb::vv e::cve nv::adj verb::vv e::fve.imperative mark::comma
min i jafan bu he sargan jui be monggo de bu he ,	pn::1sg cm::gen nv::nv verb::vv e::pst.ptcp nv::nv nv::nv cm::acc nv::nv cm::dat verb::vv e::pst.ptcp mark::comma
ere gese uka ka niyalma i ejen ,	nv::nv nv::nv verb::vv e::pst.ptcp nv::nv cm::gen nv::nv mark::comma
feniyen de afa me bi he seme ,	nv::nv cm::dat verb::vv e::cve verb::vv e::pst.ptcp comp mark::comma
○ ancungga be ,	mark::circle nn::prpn.person cm::acc mark::comma
gūsin yan i weile gai ha .	nv::nv nv::nv cm::gen nv::nv verb::vv e::pst.ptcp mark::period
amasi ji he de ,	nv::nv verb::vv e::pst.ptcp cm::dat mark::comma
menggun susai yan bu fi ,	nv::nv nv::nv nv::nv verb::vv e::cve mark::comma
abka sin be urule ci ,	nv::nv pn::2sg cm::acc verb::vv e::cve mark::comma
beye buce kini ,	nv::nv verb::vv e::fve.opt mark::comma
geren gemu niyakūra ha uthai bi ,	nv::adj nv::nv verb::vv e::pst.ptcp nv::nv verb::vv.npst mark::comma
beiguwan i hergen bu he bi he ,	nv::nv cm::gen nv::nv verb::vv e::pst.ptcp verb::vv e::pst.ptcp mark::comma
tongki fuka sinda ha hergen i dangse .	nv::nv nv::nv verb::vv e::pst.ptcp nv::nv cm::gen nv::nv mark::period
šan oforo toko ho ,	nv::nv nv::nv verb::vv e::pst.ptcp mark::comma
han hendu me ,	nv::nv verb::vv e::cve mark::comma
tuttu deo beile be girubu fi ,	nv::nv nv::nv nv::nv cm::acc verb::vv e::cve mark::comma
darhan_hiya ,	nn::prpn mark::comma
tuttu mergen sain o ci ,	nv::nv nv::adj nv::adj verb::vv e::cve mark::comma
lifahan o fi taka gene ci ojo rakū ,	nv::nv verb::vv e::cve nv::nv verb::vv e::cve verb::vv e::npst.ptcp.neg mark::comma
gūlha ,	nv::nv mark::comma
eje he gung be samha ji fi faita ha .	verb::vv e::pst.ptcp nv::nv cm::acc nv::nv verb::vv e::cve verb::vv e::pst.ptcp mark::period
tuttu o fi ,	nv::nv verb::vv e::cve mark::comma
emu bethe niyakūra fi mahala gai fi hengkile hekū ili ha ,	nv::nv nv::nv verb::vv e::cve nv::nv verb::vv e::cve verb::vv e::pst.ptcp.neg verb::vv e::pst.ptcp mark::comma
lung_king ni sunjaci aniya jakūn biya i orin sunja de baha ha .	nn::prpn cm::gen nv::nv nv::nv nv::nv nv::nv cm::gen nv::nv nv::nv cm::dat verb::vv e::pst.ptcp mark::period
tungken ,	nv::nv mark::comma
ninggun biya i ice jakūn de amasi isinji ha ,	nv::nv nv::nv cm::gen nv::adj nv::nv cm::dat nv::nv verb::vv e::pst.ptcp mark::comma
hai_jeo i medege de golo fi ,	nn::prpn cm::gen nv::nv cm::dat verb::vv e::cve mark::comma
ahūn deo i dolo ,	nv::nv nv::nv cm::gen nv::nv mark::comma
uru ambula niyalma be bungna me wa ki se ci ,	nv::nv nv::nv nv::nv cm::acc verb::vv e::cve verb::vv e::fve.opt verb::vv e::cve mark::comma
suwen i ehe gisun i karu ehe gisun hendu ki se he bi he ,	pn::2pl cm::gen nv::adj nv::nv cm::gen nv::nv nv::adj nv::nv verb::vv e::fve.opt verb::vv e::pst.ptcp verb::vv e::pst.ptcp mark::comma
niyalma ninggun minggan nadan tanggū ,	nv::nv nv::nv nv::nv nv::nv nv::nv mark::comma
delger_taiji be amasi gama fi wa mbi seme jafa ha ,	nn::prpn cm::acc nv::nv verb::vv e::cve verb::vv e::fve.npst comp verb::vv e::pst.ptcp mark::comma
juwan yan menggun ,	nv::nv nv::nv nv::nv mark::comma
jakūn gūsa i dehi niyalma be gai fi ,	nv::nv nv::nv cm::gen nv::nv nv::nv cm::acc verb::vv e::cve mark::comma
šuban meng_yang_jeng de orin yan menggun ,	nv::nv nn::prpn cm::dat nv::nv nv::nv nv::nv mark::comma
nikan ,	nv::nv mark::comma
isina fi tere nikan cooha i ili ha be tuwa fi ,	verb::vv e::cve nv::nv nv::nv nv::nv cm::gen verb::vv e::pst.ptcp cm::acc verb::vv e::cve mark::comma
fung_hūwang de ji fi te kini ,	nn::prpn cm::dat verb::vv e::cve verb::vv e::fve.opt mark::comma
sele ,	nv::nv mark::comma
saikan ginggule ∅ ,	nv::adj verb::vv e::fve.imperative mark::comma
beile se amban sa i fafun i ai ai gisun be ,	nv::nv nv::nv nv::nv nv::nv cm::gen nv::nv cm::gen nv::nv nv::nv nv::nv cm::acc mark::comma
tere bira be doo ha ,	nv::nv nv::nv cm::acc verb::vv e::pst.ptcp mark::comma
fakca rakū ci ,	verb::vv e::npst.ptcp.neg e::cve mark::comma
fujisa i isinji ha inenggi ,	nv::nv cm::gen verb::vv e::pst.ptcp nv::nv mark::comma
○ busan dzung_bing_guwan ,	mark::circle nn::prpn.person nv::nv mark::comma
sain be sain ,	nv::adj cm::acc nv::adj mark::comma
weile he jeku i dabala ,	verb::vv e::pst.ptcp nv::nv cm::gen ptcl mark::comma
○ ice juwe de ,	mark::circle nv::adj nv::nv cm::dat mark::comma
dende fi anggala bodo me je ∅ seme tuttu donji ha kai ,	verb::vv e::cve nv::nv verb::vv e::cve verb::vv e::fve.imperative comp nv::nv verb::vv e::pst.ptcp ptcl mark::comma
poo sinda ∅ ,	nv::nv verb::vv e::fve.imperative mark::comma
munggatu ,	nn::prpn.person mark::comma
duin biya de ,	nv::nv nv::nv cm::dat mark::comma
moo be sonjo fi do mbi ,	nv::nv cm::acc verb::vv e::cve verb::vv e::fve.npst mark::comma
menggun i pai emte bu he ,	nv::nv cm::gen nv::nv nv::nv verb::vv e::pst.ptcp mark::comma
yamun de bi he jai jergi amban sa donji fi ,	nv::nv cm::dat verb::vv e::pst.ptcp nv::nv nv::nv nv::nv nv::nv verb::vv e::cve mark::comma
sin be han i takūra ha juwe amba hafan be wa ha ,	pn::2sg cm::acc nv::nv cm::gen verb::vv e::pst.ptcp nv::nv nv::adj nv::nv cm::acc verb::vv e::pst.ptcp mark::comma
kalka i joriktu_beile ci juwan ilan niyalma ,	nv::nv cm::gen nn::prpn cm::abl nv::nv nv::nv nv::nv mark::comma
bošo me gama hai hecen i juwe hošo be gai ha ,	verb::vv e::cve verb::vv e::cve nv::nv cm::gen nv::nv nv::nv cm::acc verb::vv e::pst.ptcp mark::comma
boo i uji he ujima ,	nv::nv cm::gen verb::vv e::pst.ptcp nv::nv mark::comma
men de hendu he bi he ,	pn::1pl.excl cm::dat verb::vv e::pst.ptcp verb::vv e::pst.ptcp mark::comma
eiten niyaman hūncihin gemu emu hecen de aca fi te hebi ,	nv::adj nv::nv nv::nv nv::nv nv::nv nv::nv cm::dat verb::vv e::cve verb::vv e::fve.prs.prf mark::comma
miosihon be sabubu ha seme min i dolo korso me gūni mbi kai ,	nv::adj cm::acc verb::vv e::pst.ptcp comp pn::1sg cm::gen nv::nv verb::vv e::cve verb::vv e::fve.npst ptcl mark::comma
jai inenggi ,	nv::nv nv::nv mark::comma
amban weile ara fi ,	nv::nv nv::nv verb::vv e::cve mark::comma
ere be wa rakū ci o mbi o ,	nv::nv cm::acc verb::vv e::npst.ptcp.neg e::cve verb::vv e::fve.npst ptcl mark::comma
sancara_fu de ili fi olji icihiya ra de ,	nn::prpn cm::dat verb::vv e::cve nv::nv verb::vv e::npst.ptcp cm::dat mark::comma
men de ai bi ,	pn::1pl.excl cm::dat nv::nv verb::vv.npst mark::comma
hoton de gaji re de ,	nv::nv cm::dat verb::vv e::npst.ptcp cm::dat mark::comma
taimuka ,	nn::prpn.person mark::comma
fulgiyan jafu emken ,	nv::nv nv::nv nv::nv mark::comma
juwan emu yan i weile waliya mbi ,	nv::nv nv::nv nv::nv cm::gen nv::nv verb::vv e::fve.npst mark::comma
uksin etu rakū beri jafa ra ngge bujai ,	nv::nv verb::vv e::npst.ptcp.neg nv::nv verb::vv e::npst.ptcp nmlz::nmlz nn::prpn.person mark::comma
juwan jakūn morin ,	nv::nv nv::nv nv::nv mark::comma
solho i ergi de anafu te me gene he .	nv::nv cm::gen nv::nv cm::dat nv::nv verb::vv e::cve verb::vv e::pst.ptcp mark::period
tere ara ha šoro be sunja niru i ejen de tuwabu ∅ .	nv::nv verb::vv e::pst.ptcp nv::nv cm::acc nv::nv nv::nv cm::gen nv::nv cm::dat verb::vv e::fve.imperative mark::period
gui_fu_pu ,	nn::prpn mark::comma
fulha ci casi ,	nn::prpn.plc cm::abl nv::nv mark::comma
abka i afabu ha amba gurun i weile be alimbaha rakū amtangga i icihiya ki ,	nv::nv cm::gen verb::vv e::pst.ptcp nv::adj nv::nv cm::gen nv::nv cm::acc verb::vv e::npst.ptcp.neg nv::adj cm::gen verb::vv e::fve.opt mark::comma
emu ba i juwete niyalma be tucibu fi ,	nv::nv nv::nv cm::gen nv::nv nv::nv cm::acc verb::vv e::cve mark::comma
niyaman hūncihin seme harša rakū ,	nv::nv nv::nv comp verb::vv e::npst.ptcp.neg mark::comma
min i dolo ,	pn::1sg cm::gen nv::nv mark::comma
dosi fi han i te he boo i wargi fiyasha be šurde me gene fi ,	verb::vv e::cve nv::nv cm::gen verb::vv e::pst.ptcp nv::nv cm::gen nv::nv nv::nv cm::acc verb::vv e::cve verb::vv e::cve mark::comma
solho i cooha buye me ji he ngge waka ,	nv::nv cm::gen nv::nv verb::vv e::cve verb::vv e::pst.ptcp nmlz::nmlz nv::adj mark::comma
usin fehu me boo jeku icihiya me bu me gene ∅ ,	nv::nv verb::vv e::cve nv::nv nv::nv verb::vv e::cve verb::vv e::cve verb::vv e::fve.imperative mark::comma
tere be men i jase i jaka de gaji fi niyalma de tuwabu me wa ∅ ,	nv::nv cm::acc pn::1pl.excl cm::gen nv::nv cm::gen nv::nv cm::dat verb::vv e::cve nv::nv cm::dat verb::vv e::cve verb::vv e::fve.imperative mark::comma
juwe dzung_bing_guwan de emu silun dahū ,	nv::nv nv::nv cm::dat nv::nv nv::nv nv::nv mark::comma
juwe ubu be ejen de bu he ,	nv::nv nv::nv cm::acc nv::nv cm::dat verb::vv e::pst.ptcp mark::comma
yahū bi ,	nn::prpn.person verb::vv.npst mark::comma
jai balai ume sinda ra ,	nv::nv nv::nv nv::nv verb::vv e::npst.ptcp mark::comma
solho ,	nv::nv mark::comma
suwen i nikan i hafan i takūra ha emu juwe niyalma ,	pn::2pl cm::gen nv::nv cm::gen nv::nv cm::gen verb::vv e::pst.ptcp nv::nv nv::nv nv::nv mark::comma
urunakū wa mbi seme bithe wasimbu ha .	nv::nv verb::vv e::fve.npst comp nv::nv verb::vv e::pst.ptcp mark::period
wan_lii i orin sunjaci aniya sunja biya i ice de baha ha ,	nn::prpn cm::gen nv::nv nv::nv nv::nv nv::nv nv::nv cm::gen nv::adj cm::dat verb::vv e::pst.ptcp mark::comma
emu ama de banji ha juwe fujin sargan bu he bujantai gūwaliya fi ,	nv::nv nv::nv cm::dat verb::vv e::pst.ptcp nv::nv nv::nv nv::nv verb::vv e::pst.ptcp nn::prpn.person verb::vv e::cve mark::comma
han de juleri niyakūra fi ,	nv::nv cm::dat nv::nv verb::vv e::cve mark::comma
gebu kukuci ,	nv::nv nn::prpn.person mark::comma
dain i bata i niyalma be mujilen bahabu rakū šolo tucibu rakū ,	nv::nv cm::gen nv::nv cm::gen nv::nv cm::acc nv::nv verb::vv e::npst.ptcp.neg nv::adj verb::vv e::npst.ptcp.neg mark::comma
ahūta deote de weile baha fi hoton hecen akū ,	nv::nv nv::nv cm::dat nv::nv verb::vv e::cve nv::nv nv::nv nv::adj mark::comma
jeku bisi re niyalma hehe juse be dosi benji fi ,	nv::nv verb::vv e::npst.ptcp nv::nv nv::nv nv::nv cm::acc nv::nv verb::vv e::cve mark::comma
muse te yehe be efuje kini seme amba dain arabu me ,	pn::1pl.incl nv::nv nv::nv cm::acc verb::vv e::fve.opt comp nv::adj nv::nv verb::vv e::cve mark::comma
ilan temen benji he ,	nv::nv nv::nv verb::vv e::pst.ptcp mark::comma
aita fujiyang ni karun i niyalma nene me sabu fi ,	nn::prpn.person nv::nv cm::gen nv::nv cm::gen nv::nv verb::vv e::cve verb::vv e::cve mark::comma
gisun jaci amban kai seme hendu he .	nv::nv nv::nv nv::nv ptcl comp verb::vv e::pst.ptcp mark::period
hai_jeo ,	nn::prpn mark::comma
dzung_bing_guwan tanggūdai ,	nv::nv nn::prpn.person mark::comma
akū niyalma be tuwa me bu ∅ ,	nv::adj nv::nv cm::acc verb::vv e::cve verb::vv e::fve.imperative mark::comma
jori ha jurgan be jurce rakū seme beiguwan obu ha .	verb::vv e::pst.ptcp nv::nv cm::acc verb::vv e::npst.ptcp.neg comp nv::nv verb::vv e::pst.ptcp mark::period
ba be waliya fi bai me ji he gung de ,	nv::nv cm::acc verb::vv e::cve verb::vv e::cve verb::vv e::pst.ptcp nv::nv cm::dat mark::comma
yoo_jeo ,	nn::prpn mark::comma
ukanju ,	nv::nv mark::comma
ari_wei i du_jy_hūi_tungjy tangšeng ni omolo erimbulu ,	nn::prpn cm::gen nv::nv nn::prpn.person cm::gen nv::nv nn::prpn.person mark::comma
juwe yan sunja jiha menggun bu he .	nv::nv nv::nv nv::nv nv::nv nv::nv verb::vv e::pst.ptcp mark::period
sintai ,	nn::prpn.person mark::comma
orin juwe de ice_hecen ara ra ba de geren beile se be isabu fi hendu me ,	nv::nv nv::nv cm::dat nn::prpn verb::vv e::npst.ptcp nv::nv cm::dat nv::adj nv::nv nv::nv cm::acc verb::vv e::cve verb::vv e::cve mark::comma
juwan jafu gai ha .	nv::nv nv::nv verb::vv e::pst.ptcp mark::period
ilan biya de ,	nv::nv nv::nv cm::dat mark::comma
han be abka gosi fi guwangning ni hecen be baha ha seme hengkile mbi seme hendu me hengkile me aca ha ,	nv::nv cm::acc nv::nv verb::vv e::cve nn::prpn.plc cm::gen nv::nv cm::acc verb::vv e::pst.ptcp comp verb::vv e::fve.npst comp verb::vv e::cve verb::vv e::cve verb::vv e::pst.ptcp mark::comma
jaisai be jafa fi ,	nn::prpn.person cm::acc verb::vv e::cve mark::comma
ilhi bi fi dosi kakū ilai gebungge niyalma be ,	nv::nv verb::vv e::cve verb::vv e::pst.ptcp.neg nn::prpn.person nv::adj nv::nv cm::acc mark::comma
tule poo sinda ∅ ,	nv::nv nv::nv verb::vv e::fve.imperative mark::comma
monggo han be daila ra de ,	nv::nv nv::nv cm::acc verb::vv e::npst.ptcp cm::dat mark::comma
eihen emu minggan ilan tanggū jakūnju ninggun .	nv::nv nv::nv nv::nv nv::nv nv::nv nv::nv nv::nv mark::period
joboltu ,	nn::prpn.person mark::comma
enggeder_efu de emu goksi unggi he .	nn::prpn cm::dat nv::nv nv::nv verb::vv e::pst.ptcp mark::period
lio_ši_cing tu jafa ha niyalma be in i ejen sain se mbi ,	nn::prpn nv::nv verb::vv e::pst.ptcp nv::nv cm::acc pn::3sg cm::gen nv::nv nv::adj verb::vv e::fve.npst mark::comma
giya_jing ni dehi sunjaci aniya nadan biya i orin emu de baha ha ,	nn::prpn cm::gen nv::nv nv::nv nv::nv nv::nv nv::nv cm::gen nv::nv nv::nv cm::dat verb::vv e::pst.ptcp mark::comma
sebun_beile i gashū ha bithe i gisun ,	nn::prpn cm::gen verb::vv e::pst.ptcp nv::nv cm::gen nv::nv mark::comma
alban i sain ihan be yaka hūlaša me gaija rahū ,	nv::nv cm::gen nv::adj nv::nv cm::acc nv::nv verb::vv e::cve verb::vv e::fve.prv mark::comma
bi baibi umai weile akū jase i orho bila me sa me hūlha ci ,	pn::1sg nv::nv nv::nv nv::nv nv::adj nv::nv cm::gen nv::nv verb::vv e::cve verb::vv e::cve verb::vv e::cve mark::comma
afabu ha weile be mute mbi ,	verb::vv e::pst.ptcp nv::nv cm::acc verb::vv e::fve.npst mark::comma
gurun i bahana rakū jaka be bahana ra ,	nv::nv cm::gen verb::vv e::npst.ptcp.neg nv::nv cm::acc verb::vv e::npst.ptcp mark::comma
tere juwe ,	nv::nv nv::nv mark::comma
jai jergi beiguwan i caliyan ,	nv::nv nv::nv nv::nv cm::gen nv::nv mark::comma
g'arma ,	nn::prpn.person mark::comma
nio_juwang de anafu te he niyalma jafa fi ,	nn::prpn cm::dat nv::nv verb::vv e::pst.ptcp nv::nv verb::vv e::cve mark::comma
nikan i wan_lii_han ,	nv::nv cm::gen nn::prpn mark::comma
han i ciha dere seme gisure he manggi ,	nv::nv cm::gen nv::nv ptcl comp verb::vv e::pst.ptcp nv::nv mark::comma
ula de juwe feye baha ha ,	nv::nv cm::dat nv::nv nv::nv verb::vv e::pst.ptcp mark::comma
sargan ,	nv::nv mark::comma
emu hūsun tusa bu rakū bi me ,	nv::nv nv::nv nv::nv verb::vv e::npst.ptcp.neg verb::vv e::cve mark::comma
meni meni ba i ejete be icihiya me bu ∅ seme afabu habi ,	nv::nv nv::nv nv::nv cm::gen nv::nv cm::acc verb::vv e::cve verb::vv e::fve.imperative comp verb::vv e::fve.prs.prf mark::comma
amin_beile ,	nn::prpn mark::comma
subahai hai_si durbi_wei i du_jy_hūi_tungjy elingge i jui fudacan ,	nn::prpn.person nn::prpn nn::prpn cm::gen nv::nv nn::prpn.person cm::gen nv::nv nn::prpn.person mark::comma
afabu ha weile be mute mbi ,	verb::vv e::pst.ptcp nv::nv cm::acc verb::vv e::fve.npst mark::comma
amba_beile ,	nn::prpn mark::comma
den hashan i boo de hori fi tebu he ,	nv::adj nv::nv cm::gen nv::nv cm::dat verb::vv e::cve verb::vv e::pst.ptcp mark::comma
suwen i morin i tarhūn be amca me ,	pn::2pl cm::gen nv::nv cm::gen nv::adj cm::acc verb::vv e::cve mark::comma
ara ha etuku ,	verb::vv e::pst.ptcp nv::nv mark::comma
jai funce he cooha meni meni gūsa de gene ∅ ,	nv::nv verb::vv e::pst.ptcp nv::nv nv::nv nv::nv nv::nv cm::dat verb::vv e::fve.imperative mark::comma
ho_si_men_wei i du_jy_hūi_ciyanši šota i omolo hada ,	nn::prpn cm::gen nv::nv nn::prpn.person cm::gen nv::nv nn::prpn.person mark::comma
uju jergi dzung_bing_guwan ,	nv::nv nv::nv nv::nv mark::comma
tang_jan ,	nn::prpn mark::comma
○ juwan uyun de ,	mark::circle nv::nv nv::nv cm::dat mark::comma
jai gurun i ejen beye ,	nv::nv nv::nv cm::gen nv::nv nv::nv mark::comma
hiya_age weile baha ha ,	nn::prpn nv::nv verb::vv e::pst.ptcp mark::comma
han i pai be gai fi ,	nv::nv cm::gen nv::nv cm::acc verb::vv e::cve mark::comma
min i kadala ra emu gūsa i cooha be han i fafun i tondo i kadala mbi ,	pn::1sg cm::gen verb::vv e::npst.ptcp nv::nv nv::nv cm::gen nv::nv cm::acc nv::nv cm::gen nv::nv cm::gen nv::adj cm::gen verb::vv e::fve.npst mark::comma
han uji ∅ seme afabu habi seme mujakū ume haira ra ,	nv::nv verb::vv e::fve.imperative comp verb::vv e::fve.prs.prf comp nv::nv nv::nv verb::vv e::npst.ptcp mark::comma
daha rakū se ci afa mbi seme hendu he manggi ,	verb::vv e::npst.ptcp.neg verb::vv e::cve verb::vv e::fve.npst comp verb::vv e::pst.ptcp nv::nv mark::comma
corji ,	nn::prpn.person mark::comma
cifun juwe ubu be cifun i niyalma gai ∅ ,	nv::nv nv::nv nv::nv cm::acc nv::nv cm::gen nv::nv verb::vv e::fve.imperative mark::comma
han de unege ,	nv::nv cm::dat nn::prpn.person mark::comma
monggo i beile se be gemu isabu fi ,	nv::nv cm::gen nv::nv nv::nv cm::acc nv::nv verb::vv e::cve mark::comma
iletu tucibu fi usha ∅ ,	nv::adj verb::vv e::cve verb::vv e::fve.imperative mark::comma
giran jafa ra unde o ci ,	nv::nv verb::vv e::npst.ptcp nv::nv verb::vv e::cve mark::comma
han i bithe ,	nv::nv cm::gen nv::nv mark::comma
bederebu me bu rakū o fi daila ra jaka de ,	verb::vv e::cve verb::vv e::npst.ptcp.neg verb::vv e::cve verb::vv e::npst.ptcp nv::nv cm::dat mark::comma
nikan i sonjo ho mangga sain cooha juwe tumen juleri ji me ,	nv::nv cm::gen verb::vv e::pst.ptcp nv::adj nv::adj nv::nv nv::nv nv::nv nv::nv verb::vv e::cve mark::comma
loho de ume akda ra ,	nv::nv cm::dat nv::nv verb::vv e::npst.ptcp mark::comma
yoo_jeo ,	nn::prpn mark::comma
soosangga ,	nn::prpn.person mark::comma
juwanta juru niyalma ,	nv::nv nv::nv nv::nv mark::comma
han i hūla me bu re šang ni dabala ,	nv::nv cm::gen verb::vv e::cve verb::vv e::npst.ptcp nv::nv cm::gen ptcl mark::comma
šanggiyan_hada ,	nn::prpn mark::comma
emu sa ra getuken ulhisu niyalma seme gūni ha bi he ,	nv::nv verb::vv e::npst.ptcp nv::adj nv::adj nv::nv comp verb::vv e::pst.ptcp verb::vv e::pst.ptcp mark::comma
hūlha kiyangdu mujilengge niyalma ,	nv::nv nv::adj nv::adj nv::nv mark::comma
beile se de ainu ala hakū ,	nv::nv nv::nv cm::dat nv::nv verb::vv e::pst.ptcp.neg mark::comma
juwe honin ,	nv::nv nv::nv mark::comma
hahasi meni meni ba de jeku gana kini ,	nv::nv nv::nv nv::nv nv::nv cm::dat nv::nv verb::vv e::fve.opt mark::comma
bithe ara fi wesimbu ∅ ,	nv::nv verb::vv e::cve verb::vv e::fve.imperative mark::comma
nikan ci bai me ji he geren tsanjiyang ,	nv::nv cm::abl verb::vv e::cve verb::vv e::pst.ptcp nv::adj nv::nv mark::comma
min de dain o ho cargi beile se de bi koro fi cooha yabu ci ,	pn::1sg cm::dat nv::nv verb::vv e::pst.ptcp nv::nv nv::nv nv::nv cm::dat pn::1sg verb::vv e::cve nv::nv verb::vv e::cve mark::comma
io_tun_wei jeku i jalin de ,	nn::prpn nv::nv cm::gen nv::nv cm::dat mark::comma
ehe sain be dere bani rakū ,	nv::adj nv::adj cm::acc nv::nv verb::vv e::npst.ptcp.neg mark::comma
cahar i han sin i unggi he bithe de ,	nn::prpn.plc cm::gen nv::nv pn::2sg cm::gen verb::vv e::pst.ptcp nv::nv cm::dat mark::comma
manggūldai ,	nn::prpn.person mark::comma
tanggū niyalma de emu niyalma tucibu fi weilebu mbi ,	nv::nv nv::nv cm::dat nv::nv nv::nv verb::vv e::cve verb::vv e::fve.npst mark::comma
uka ka niyalma be amala baha fi wa ha .	verb::vv e::pst.ptcp nv::nv cm::acc nv::nv verb::vv e::cve verb::vv e::pst.ptcp mark::period
deote de bai ci aca rakū seme gūni fi ,	nv::nv cm::dat verb::vv e::cve verb::vv e::npst.ptcp.neg comp verb::vv e::cve mark::comma
in i beye i jalan ,	pn::3sg cm::gen nv::nv cm::gen nv::nv mark::comma
○ ineku tere inenggi ,	mark::circle nv::nv nv::nv nv::nv mark::comma
amba_beile hendu me ,	nn::prpn verb::vv e::cve mark::comma
jaha i io_tun_wei i jeku be juwe ,	nv::nv cm::gen nn::prpn cm::gen nv::nv cm::acc nv::nv mark::comma
afabu ha weile be mute mbi ,	verb::vv e::pst.ptcp nv::nv cm::acc verb::vv e::fve.npst mark::comma
jimiki_wei i du_jy_hūi_ši dotoga i jui ubadai ,	nn::prpn cm::gen nv::nv nn::prpn.person cm::gen nv::nv nn::prpn.person mark::comma
juwe horho ,	nv::nv nv::nv mark::comma
( alagai ,	mark::lparen nn::prpn.plc mark::comma
jase be tata me efule fi hoton be dosi fi ,	nv::nv cm::acc verb::vv e::cve verb::vv e::cve nv::nv cm::acc verb::vv e::cve mark::comma
abka wakala fi ,	nv::nv verb::vv e::cve mark::comma
boo i uji he ujima ,	nv::nv cm::gen verb::vv e::pst.ptcp nv::nv mark::comma
duin mama de ,	nv::nv nv::nv cm::dat mark::comma
juwe honin wa fi sarin sarila fi ,	nv::nv nv::nv verb::vv e::cve nv::nv verb::vv e::cve mark::comma
han ,	nv::nv mark::comma
cen_liyang_tse donji fi ,	nn::prpn verb::vv e::cve mark::comma
duin juru kiru i hafan ,	nv::nv nv::nv nv::nv cm::gen nv::nv mark::comma
beye hala hakūbi ,	nv::nv verb::vv e::fve.prs.prf.neg mark::comma
ula de emu feye gidalabu ha seme ,	nv::nv cm::dat nv::nv nv::nv verb::vv e::pst.ptcp comp mark::comma
manggūltai_beile ,	nn::prpn mark::comma
lii_dzung_ciyan be ciyandzung obu ha ,	nn::prpn cm::acc nv::nv verb::vv e::pst.ptcp mark::comma
anio ,	nn::prpn.person mark::comma
tung_an_lo ,	nn::prpn mark::comma
iogi hafan suwe tondo banji ∅ ,	nv::nv nv::nv pn::2pl nv::adj verb::vv e::fve.imperative mark::comma
ba ba de somi me boo boo de bene me ,	nv::nv nv::nv cm::dat verb::vv e::cve nv::nv nv::nv cm::dat verb::vv e::cve mark::comma
na be saci me wehe be efule me weile fi ,	nv::nv cm::acc verb::vv e::cve nv::nv cm::acc verb::vv e::cve verb::vv e::cve mark::comma
jambulu niru i sabi ,	nn::prpn.person nv::nv cm::gen nv::nv mark::comma
hebe be efule rakū ,	nv::nv cm::acc verb::vv e::npst.ptcp.neg mark::comma
encu niyalma tucibu fi asarabu ∅ ,	nv::nv nv::nv verb::vv e::cve verb::vv e::fve.imperative mark::comma
sara kiru tukiye fi ,	nv::nv nv::nv verb::vv e::cve mark::comma
○ dumbai beiguwan .	mark::circle nn::prpn.person nv::nv mark::period
○ dzung_bing_guwan turgei ,	mark::circle nv::nv nn::prpn.person mark::comma
lii_ši_gung be ,	nn::prpn cm::acc mark::comma
men i budun de ,	pn::1pl.excl cm::gen nv::adj cm::dat mark::comma
usha ra ba akū ,	verb::vv e::npst.ptcp nv::nv nv::adj mark::comma
jeku i da i orho be baha fi wacihiya me yangsabu rahū ,	nv::nv cm::gen nv::nv cm::gen nv::nv cm::acc verb::vv e::cve verb::vv e::cve verb::vv e::fve.prv mark::comma
jakūn juse suwe jakūn wang o ∅ ,	nv::nv nv::nv pn::2pl nv::nv nv::nv verb::vv e::fve.imperative mark::comma
bai re niyalma ume bai re ,	verb::vv e::npst.ptcp nv::nv nv::nv verb::vv e::npst.ptcp mark::comma
abka min be ainu urule re bi he ,	nv::nv pn::1sg cm::acc nv::nv verb::vv e::npst.ptcp verb::vv e::pst.ptcp mark::comma
kubu he suwayan i gūsa i ejen adun gaji me ji fi han de acabu re de ,	verb::vv e::pst.ptcp nv::adj cm::gen nv::nv cm::gen nv::nv nv::nv verb::vv e::cve verb::vv e::cve nv::nv cm::dat verb::vv e::npst.ptcp cm::dat mark::comma
jorgon biya de gece mbi o ,	nv::nv nv::nv cm::dat verb::vv e::fve.npst ptcl mark::comma
○ tomin be ,	mark::circle nn::prpn.person cm::acc mark::comma
han i bithe wasi ka manggi ,	nv::nv cm::gen nv::nv verb::vv e::pst.ptcp nv::nv mark::comma
sin i dolo jušen han ulhi rakū ara fi ,	pn::2sg cm::gen nv::nv nv::nv nv::nv verb::vv e::npst.ptcp.neg verb::vv e::cve mark::comma
ulin gaija ra weile baha ci waliya ∅ ,	nv::nv verb::vv e::npst.ptcp nv::nv verb::vv e::cve verb::vv e::fve.imperative mark::comma
sin i han de weile baha fi nikan de gene ci ojo rakū ,	pn::2sg cm::gen nv::nv cm::dat nv::nv verb::vv e::cve nv::nv cm::dat verb::vv e::cve verb::vv e::npst.ptcp.neg mark::comma
bi cooha gene ki seme mita ci aca mbi ,	pn::1sg nv::nv verb::vv e::fve.opt comp verb::vv e::cve verb::vv e::fve.npst mark::comma
○ g'ai_jeo i tung_iogi ,	mark::circle nn::prpn cm::gen nn::prpn mark::comma
ilan ba de afa ha seme ,	nv::nv nv::nv cm::dat verb::vv e::pst.ptcp comp mark::comma
jušen nikan i jeku bisi re hafasa ,	nv::nv nv::nv cm::gen nv::nv verb::vv e::npst.ptcp nv::nv mark::comma
deo beile de darhan_baturu seme gebu bu he ,	nv::nv nv::nv cm::dat nn::prpn comp nv::nv verb::vv e::pst.ptcp mark::comma
suwen i baha ha tanggū monggo be sonjo me tuwa fi ,	pn::2pl cm::gen verb::vv e::pst.ptcp nv::nv nv::nv cm::acc verb::vv e::cve verb::vv e::cve mark::comma
ama arki de daba fi buce he manggi ,	nv::nv nv::nv cm::dat verb::vv e::cve verb::vv e::pst.ptcp nv::nv mark::comma
juwan ilaci jergi ,	nv::nv nv::nv nv::nv mark::comma
sahaliyan ,	nv::adj mark::comma
jai liyoha i bira be kiyoo ca ra de ,	nv::nv nn::prpn.plc cm::gen nv::nv cm::acc nv::nv verb::vv e::npst.ptcp cm::dat mark::comma
wan_lii i sunjaci aniya jorgon biya i orin nadan de baha ha .	nn::prpn cm::gen nv::nv nv::nv nv::nv nv::nv cm::gen nv::nv nv::nv cm::dat verb::vv e::pst.ptcp mark::period
yamun de tuci fi ,	nv::nv cm::dat verb::vv e::cve mark::comma
i_jeo i niyalma be ,	nn::prpn cm::gen nv::nv cm::acc mark::comma
juwan emu morin ,	nv::nv nv::nv nv::nv mark::comma
akūmbu rakū heolede me jurce ci ,	verb::vv e::npst.ptcp.neg verb::vv e::cve verb::vv e::cve mark::comma
abka na de šanggiyan morin sahaliyan ihan wa fi ,	nv::nv nv::nv cm::dat nv::nv nv::nv nv::adj nv::nv verb::vv e::cve mark::comma
juwe tanggū cooha i juleri jušen juwan ,	nv::nv nv::nv nv::nv cm::gen nv::nv nv::nv nv::nv mark::comma
munggu i adali o mbi kai .	nn::prpn.person cm::gen nv::adj verb::vv e::fve.npst ptcl mark::period
neme me yehe i sargan jui be bujantai gai mbi ,	verb::vv e::cve nv::nv cm::gen nv::nv nv::nv cm::acc nn::prpn.person verb::vv e::fve.npst mark::comma
min i sinda fi unggi he juleri gene he cooha ,	pn::1sg cm::gen verb::vv e::cve verb::vv e::pst.ptcp nv::nv verb::vv e::pst.ptcp nv::nv mark::comma
hondai ,	nn::prpn.person mark::comma
jeku i ton be nacibu de bu fi sala me bu kini seme unggi he ,	nv::nv cm::gen nv::nv cm::acc nn::prpn.person cm::dat verb::vv e::cve verb::vv e::cve verb::vv e::fve.opt comp verb::vv e::pst.ptcp mark::comma
usin weile re niyalma be tokso de unggi ∅ ,	nv::nv verb::vv e::npst.ptcp nv::nv cm::acc nv::nv cm::dat verb::vv e::fve.imperative mark::comma
○ tere biya de ,	mark::circle nv::nv nv::nv cm::dat mark::comma
amba boro šangna ha ,	nv::adj nv::nv verb::vv e::pst.ptcp mark::comma
cergei ,	nn::prpn.person mark::comma
ula de emu feye baha ha seme nadan yan i weile waliya mbi ,	nv::nv cm::dat nv::nv nv::nv verb::vv e::pst.ptcp comp nv::nv nv::nv cm::gen nv::nv verb::vv e::fve.npst mark::comma
malhūn jaka be ambula kice me gai ∅ seme hendu ∅ seme hendu he .	nv::adj nv::nv cm::acc nv::nv verb::vv e::cve verb::vv e::fve.imperative comp verb::vv e::fve.imperative comp verb::vv e::pst.ptcp mark::period
ai ai cooha i agūra be ,	nv::nv nv::nv nv::nv cm::gen nv::nv cm::acc mark::comma
wan_lii i sunjaci aniya jorgon biya i orin nadan de baha ha ,	nn::prpn cm::gen nv::nv nv::nv nv::nv nv::nv cm::gen nv::nv nv::nv cm::dat verb::vv e::pst.ptcp mark::comma
juwe ulgiyan ,	nv::nv nv::nv mark::comma
be_tu_cang be tuba de unggi he de ,	nn::prpn cm::acc nv::nv cm::dat verb::vv e::pst.ptcp cm::dat mark::comma
simiyan i bira i dogon de warka de cooha gene he tayu ,	nn::prpn.plc cm::gen nv::nv cm::gen nv::nv cm::dat nn::prpn.plc cm::dat nv::nv verb::vv e::pst.ptcp nn::prpn.person mark::comma
emu jugūn i cooha amasi bedere he ,	nv::nv nv::nv cm::gen nv::nv nv::nv verb::vv e::pst.ptcp mark::comma
○ nikan i ciyanjang ,	mark::circle nv::nv cm::gen nv::nv mark::comma
bire me emu haha de emte hule jeku gai mbi ,	verb::vv e::cve nv::nv nv::nv cm::dat nv::nv nv::nv nv::nv verb::vv e::fve.npst mark::comma
juwanta yan menggun ,	nv::nv nv::nv nv::nv mark::comma
olji geli dulga uka mbihe ,	nv::nv nv::nv nv::adj verb::vv e::fve.pst.ipfv mark::comma
○ monggo i bayot ba i sereng_beile i juwan boigon uka me ji he ,	mark::circle nv::nv cm::gen nn::prpn.plc nv::nv cm::gen nn::prpn cm::gen nv::nv nv::nv verb::vv e::cve verb::vv e::pst.ptcp mark::comma
ula de juwe feye sacibu ha ,	nv::nv cm::dat nv::nv nv::nv verb::vv e::pst.ptcp mark::comma
ula de emu feye gidalabu ha ,	nv::nv cm::dat nv::nv nv::nv verb::vv e::pst.ptcp mark::comma
ba be waliya fi bai me ji he gung ,	nv::nv cm::acc verb::vv e::cve verb::vv e::cve verb::vv e::pst.ptcp nv::nv mark::comma
orin sunja de jakūn hošonggo ordo de tuci fi ,	nv::nv nv::nv cm::dat nv::nv nv::adj nv::nv cm::dat verb::vv e::cve mark::comma
hūng_baturu ,	nn::prpn mark::comma
eihen be niyalma tucibu fi adula ∅ ,	nv::nv cm::acc nv::nv verb::vv e::cve verb::vv e::fve.imperative mark::comma
jaka ambula gai ∅ se ,	nv::nv nv::nv verb::vv e::fve.imperative nv::nv mark::comma
juwan uyun de ,	nv::nv nv::nv cm::dat mark::comma
ehe be ehe seme han de ala mbi ,	nv::adj cm::acc nv::adj comp nv::nv cm::dat verb::vv e::fve.npst mark::comma
baban ,	nn::prpn.person mark::comma
dulga beile se amban sa o ci ,	nv::adj nv::nv nv::nv nv::nv nv::nv verb::vv e::cve mark::comma
ningguci jergi de juwan emte ,	nv::nv nv::nv cm::dat nv::nv nv::nv mark::comma
beile se amasi julesi yabu re de tata mbi .	nv::nv nv::nv nv::nv nv::nv verb::vv e::npst.ptcp cm::dat verb::vv e::fve.npst mark::period
sio_yan i siden de ,	nn::prpn cm::gen nv::nv cm::dat mark::comma
ulha be cihangga niyalma uncanji ∅ seme hūla fi ,	nv::nv cm::acc nv::adj nv::nv verb::vv e::fve.imperative comp verb::vv e::cve mark::comma
gecuheri kurume ,	nv::nv nv::nv mark::comma
ma_ki_gu ,	nn::prpn mark::comma
uksin saca etu fi min de afanji fi ,	nv::nv nv::nv verb::vv e::cve pn::1sg cm::dat verb::vv e::cve mark::comma
amasi bedere fi hebde fi ere ehe mujangga ,	nv::nv verb::vv e::cve verb::vv e::cve nv::nv nv::adj nv::adj mark::comma
sin i beye de aina ha weile ,	pn::2sg cm::gen nv::nv cm::dat verb::vv e::pst.ptcp nv::nv mark::comma
atai ,	nn::prpn.person mark::comma
jaisai de gene he šorohoi gebungge niyalma amasi jide re de ,	nn::prpn.person cm::dat verb::vv e::pst.ptcp nn::prpn.person nv::adj nv::nv nv::nv verb::vv e::npst.ptcp cm::dat mark::comma
bi ama han de gama fi acabu re ,	pn::1sg nv::nv nv::nv cm::dat verb::vv e::cve verb::vv e::npst.ptcp mark::comma
tere i amala jaisai ji fi ninggun beile be wa ha ,	nv::nv cm::gen nv::nv nn::prpn.person verb::vv e::cve nv::nv nv::nv cm::acc verb::vv e::pst.ptcp mark::comma
hailun i haya ha jibca juwe ,	nv::nv cm::gen verb::vv e::pst.ptcp nv::nv nv::nv mark::comma
goro jecen i ba ,	nv::nv nv::nv cm::gen nv::nv mark::comma
sohon ,	nv::adj mark::comma
hada de emu feye baha ha seme ,	nn::prpn.plc cm::dat nv::nv nv::nv verb::vv e::pst.ptcp comp mark::comma
uji ci ,	verb::vv e::cve mark::comma
suwe hūdun baica fi ,	pn::2pl nv::adj verb::vv e::cve mark::comma
be isele he ,	pn::1pl.excl verb::vv e::pst.ptcp mark::comma
ere dain cooha be bi buye me sebjele me ji he ngge waka ,	nv::nv nv::nv nv::nv cm::acc pn::1sg verb::vv e::cve verb::vv e::cve verb::vv e::pst.ptcp nmlz::nmlz nv::adj mark::comma
kemuni daila mbi seme hendu fi unggi he .	nv::nv verb::vv e::fve.npst comp verb::vv e::cve verb::vv e::pst.ptcp mark::period
dain de burula ha niyalma be gida fi ala hakū seme ,	nv::nv cm::dat verb::vv e::pst.ptcp nv::nv cm::acc verb::vv e::cve verb::vv e::pst.ptcp.neg comp mark::comma
○ wang_yuwan_giyo gebungge niyalma be ,	mark::circle nn::prpn nv::adj nv::nv cm::acc mark::comma
abka na de gashū ha gisun de isibu me banji ci ,	nv::nv nv::nv cm::dat verb::vv e::pst.ptcp nv::nv cm::dat verb::vv e::cve verb::vv e::cve mark::comma
gu_ceng ,	nn::prpn mark::comma
jonoi ,	nn::prpn.person mark::comma
cooha be gemu wasihūn jurambu ∅ seme hendu he manggi ,	nv::nv cm::acc nv::nv nv::nv verb::vv e::fve.imperative comp verb::vv e::pst.ptcp nv::nv mark::comma
lung_king ni duici aniya nadan biya i orin jakūn de baha ha ,	nn::prpn cm::gen nv::nv nv::nv nv::nv nv::nv cm::gen nv::nv nv::nv cm::dat verb::vv e::pst.ptcp mark::comma
tere lii_tsanjiyang be ,	nv::nv nn::prpn cm::acc mark::comma
han hendu me ,	nv::nv verb::vv e::cve mark::comma
amba jeku be alban i nikasa be unggi fi tomsobu mbi .	nv::adj nv::nv cm::acc nv::nv cm::gen nv::nv cm::acc verb::vv e::cve verb::vv e::fve.npst mark::period
i_jeo i funce he tuta ha niyalma be baica me gai fi ,	nn::prpn cm::gen verb::vv e::pst.ptcp verb::vv e::pst.ptcp nv::nv cm::acc verb::vv e::cve verb::vv e::cve mark::comma
tabuta ,	nn::prpn.person mark::comma
oforo šan i weile ,	nv::nv nv::nv cm::gen nv::nv mark::comma
ama i wesi ke hergen be jui de uthai bu mbi ,	nv::nv cm::gen verb::vv e::pst.ptcp nv::nv cm::acc nv::nv cm::dat nv::nv verb::vv e::fve.npst mark::comma
niowanggiyaha ci amasi boo de jide re onggolo ,	nn::prpn.plc cm::abl nv::nv nv::nv cm::dat verb::vv e::npst.ptcp nv::nv mark::comma
han i fafun i tondo i kadala mbi ,	nv::nv cm::gen nv::nv cm::gen nv::adj cm::gen verb::vv e::fve.npst mark::comma
beye buce kini ,	nv::nv verb::vv e::fve.opt mark::comma
amba weile o fi ,	nv::adj nv::nv verb::vv e::cve mark::comma
facuhūn ehe mujilen akū seme hendu hebi ,	nv::adj nv::adj nv::nv nv::adj comp verb::vv e::fve.prs.prf mark::comma
bošo fi unggi ∅ seme ,	verb::vv e::cve verb::vv e::fve.imperative comp mark::comma
gerci be uru ara fi amba_beile de bu he .	nv::nv cm::acc nv::nv verb::vv e::cve nn::prpn cm::dat verb::vv e::pst.ptcp mark::period
wan_lii_han mujakū jase i tulergi encu gurun i weile de daha ∅ be ,	nn::prpn nv::nv nv::nv cm::gen nv::nv nv::nv nv::nv cm::gen nv::nv cm::dat verb::vv e::fve.imperative cm::acc mark::comma
kūwaci ,	nn::prpn.person mark::comma
min be fusihūla me elcin ainu takūra ha ,	pn::1sg cm::acc verb::vv e::cve nv::nv nv::nv verb::vv e::pst.ptcp mark::comma
juwe yamun de sunja ihan wa fi hoošan jiha dagila fi waliya ha ,	nv::nv nv::nv cm::dat nv::nv nv::nv verb::vv e::cve nv::nv nv::nv verb::vv e::cve verb::vv e::pst.ptcp mark::comma
in i beye i waka be gūni ha bi ci ,	pn::3sg cm::gen nv::nv cm::gen nv::adj cm::acc verb::vv e::pst.ptcp verb::vv e::cve mark::comma
amba_beile i cooha julergi ci amasi gida fi gama ra ngge ,	nn::prpn cm::gen nv::nv nv::nv cm::abl nv::nv verb::vv e::cve verb::vv e::npst.ptcp nmlz::nmlz mark::comma
morin ihan losa eihen ulha tome ,	nv::nv nv::nv nv::nv nv::nv nv::nv nv::nv mark::comma
ere i dabala ,	nv::nv cm::gen ptcl mark::comma
ice jaha udu ara ha ,	nv::adj nv::nv nv::nv verb::vv e::pst.ptcp mark::comma
jaisai gasa me ,	nn::prpn.person verb::vv e::cve mark::comma
juwan duici jergi ,	nv::nv nv::nv nv::nv mark::comma
men i ahūn deo geren i julergi duile ki ,	pn::1pl.excl cm::gen nv::nv nv::nv nv::adj cm::gen nv::nv verb::vv e::fve.opt mark::comma
bi gūni me ,	pn::1sg verb::vv e::cve mark::comma
ilan bedzung de ilata niyalma ,	nv::nv nv::nv cm::dat nv::nv nv::nv mark::comma
duin janggin de uyute yan i weile waliya mbi ,	nv::nv nv::nv cm::dat nv::nv nv::nv cm::gen nv::nv verb::vv e::fve.npst mark::comma
sunja tanggū yan menggun ,	nv::nv nv::nv nv::nv nv::nv mark::comma
juleri jecen de anafu te he senioke ,	nv::nv nv::nv cm::dat nv::nv verb::vv e::pst.ptcp nn::prpn.person mark::comma
ba i niyalma i jali de tuhene rahū .	nv::nv cm::gen nv::nv cm::gen nv::nv cm::dat verb::vv e::fve.prv mark::period
amba_fujin i ara ha gecuheri jibehun juwe ,	nn::prpn cm::gen verb::vv e::pst.ptcp nv::nv nv::nv nv::nv mark::comma
ama mafa i giran ,	nv::nv nv::nv cm::gen nv::nv mark::comma
namdulu_golo ,	nn::prpn mark::comma
min i jušen gurun i dain kai ,	pn::1sg cm::gen nv::nv nv::nv cm::gen nv::nv ptcl mark::comma
duin niongniyaha ,	nv::nv nv::nv mark::comma
○ fusi_efu i ginjeo ci wesimbu he bithe i gisun ,	mark::circle nn::prpn cm::gen nn::prpn.plc cm::abl verb::vv e::pst.ptcp nv::nv cm::gen nv::nv mark::comma
baica fi ejen de ainu bene rakū ,	verb::vv e::cve nv::nv cm::dat nv::nv verb::vv e::npst.ptcp.neg mark::comma
hoifa de emu feye ,	nn::prpn.plc cm::dat nv::nv nv::nv mark::comma
tari ha usin be waliya ∅ seme gisure re ngge ,	verb::vv e::pst.ptcp nv::nv cm::acc verb::vv e::fve.imperative comp verb::vv e::npst.ptcp nmlz::nmlz mark::comma
sain be sain ,	nv::adj cm::acc nv::adj mark::comma
ere ilan ba i jušen be fanggina si gai fi hadu fi walgiya fi saikan umbu ∅ ,	nv::nv nv::nv nv::nv cm::gen nv::nv cm::acc nn::prpn.person pn::2sg verb::vv e::cve verb::vv e::cve verb::vv e::cve nv::adj verb::vv e::fve.imperative mark::comma
fujiyang ci fakca ha de ,	nv::nv cm::abl verb::vv e::pst.ptcp cm::dat mark::comma
emu beiguwan emte morin ,	nv::nv nv::nv nv::nv nv::nv mark::comma
mao_wen_lung de ertu fi elcin yabu rakū ,	nn::prpn cm::dat verb::vv e::cve nv::nv verb::vv e::npst.ptcp.neg mark::comma
sejen faksi be ,	nv::nv nv::nv cm::acc mark::comma
bada ,	nv::adj mark::comma
dehi boigon i niyalma ,	nv::nv nv::nv cm::gen nv::nv mark::comma
tottoi sunja tanggū cooha be gai fi ,	nn::prpn.person nv::nv nv::nv nv::nv cm::acc verb::vv e::cve mark::comma
aohan ,	nn::prpn.plc mark::comma
ilaci jergi iogi obu ha ,	nv::nv nv::nv nv::nv verb::vv e::pst.ptcp mark::comma
uyute yan i weile waliya mbi ,	nv::nv nv::nv cm::gen nv::nv verb::vv e::fve.npst mark::comma
○ suwayan bonio aniya ,	mark::circle nv::adj nv::nv nv::nv mark::comma
giya_jing ni dehi duici aniya nadan biya i orin sunja de baha ha ,	nn::prpn cm::gen nv::nv nv::nv nv::nv nv::nv nv::nv cm::gen nv::nv nv::nv cm::dat verb::vv e::pst.ptcp mark::comma
ilhi gecuheri emte ,	nv::nv nv::nv nv::nv mark::comma
○ dusy i kadala ra gašan i duin boigon be hai_jeo de tebu he .	mark::circle nv::nv cm::gen verb::vv e::npst.ptcp nv::nv cm::gen nv::nv nv::nv cm::acc nn::prpn cm::dat verb::vv e::pst.ptcp mark::period
○ tung_dusy i kadala ra emu gašan i sunja boigon be yoo_jeo de tebu he .	mark::circle nn::prpn cm::gen verb::vv e::npst.ptcp nv::nv nv::nv cm::gen nv::nv nv::nv cm::acc nn::prpn cm::dat verb::vv e::pst.ptcp mark::period
baha ci guwebu ∅ ,	verb::vv e::cve verb::vv e::fve.imperative mark::comma
maikan ,	nv::nv mark::comma
alban gai ha orho turi ulebu ki ,	nv::nv verb::vv e::pst.ptcp nv::nv nv::nv verb::vv e::fve.opt mark::comma
moncon hada me ice asha i mahala ,	nv::nv verb::vv e::cve nv::adj nv::nv cm::gen nv::nv mark::comma
simiyan de isina fi ,	nn::prpn.plc cm::dat verb::vv e::cve mark::comma
bi ,	verb::vv.npst mark::comma
urgūdai_efu ,	nn::prpn mark::comma
sunja yan i weile waliya mbi ,	nv::nv nv::nv cm::gen nv::nv verb::vv e::fve.npst mark::comma
orin mocin gemu gai ha .	nv::nv nv::nv nv::nv verb::vv e::pst.ptcp mark::period
udu dele aca ra sain jaka se he seme ,	nv::nv nv::nv verb::vv e::npst.ptcp nv::adj nv::nv verb::vv e::pst.ptcp comp mark::comma
ai ai gūni ha jaka be gemu jalukiya me baha ha ,	nv::nv nv::nv verb::vv e::pst.ptcp nv::nv cm::acc nv::nv verb::vv e::cve verb::vv e::pst.ptcp mark::comma
weile be tondo i beide rakū o ci ,	nv::nv cm::acc nv::adj cm::gen verb::vv e::npst.ptcp.neg verb::vv e::cve mark::comma
meni meni ejen i jalin de faxša ra be ,	nv::nv nv::nv nv::nv cm::gen nv::nv cm::dat verb::vv e::npst.ptcp cm::acc mark::comma
asha ha jebele beri be ninggun biya i ice duin de gemu gai ha .	verb::vv e::pst.ptcp nv::nv nv::nv cm::acc nv::nv nv::nv cm::gen nv::adj nv::nv cm::dat nv::nv verb::vv e::pst.ptcp mark::period
boo i aika jaka be gemu gai ha ,	nv::nv cm::gen nv::nv nv::nv cm::acc nv::nv verb::vv e::pst.ptcp mark::comma
beye boo enteheme wesihun banji mbi kai ,	nv::nv nv::nv nv::nv nv::nv verb::vv e::fve.npst ptcl mark::comma
jecen i ergi jakūn tai de ,	nv::nv cm::gen nv::nv nv::nv nv::nv cm::dat mark::comma
daise beiguwan ,	nv::nv nv::nv mark::comma
gūwa beile se ainu sarkū ,	nv::nv nv::nv nv::nv nv::nv nv::nv mark::comma
darhan ,	nn::prpn.person mark::comma
bata kimun seme gida rakū ,	nv::nv nv::nv comp verb::vv e::npst.ptcp.neg mark::comma
sin be karun sinda ha ai tusa seme ,	pn::2sg cm::acc nv::nv verb::vv e::pst.ptcp nv::nv nv::nv comp mark::comma
ju_yuwan_jang ni beye ,	nn::prpn cm::gen nv::nv mark::comma
lio_fujiyang ,	nn::prpn mark::comma
ebu ci ebu kini ,	verb::vv e::cve verb::vv e::fve.opt mark::comma
in i afa ra de wabu ha ngge wabu ha ,	pn::3sg cm::gen verb::vv e::npst.ptcp cm::dat verb::vv e::pst.ptcp nmlz::nmlz verb::vv e::pst.ptcp mark::comma
ere ilan niyalma de emte morin ,	nv::nv nv::nv nv::nv cm::dat nv::nv nv::nv mark::comma
busan beliyen niyalma ,	nn::prpn.person nv::adj nv::nv mark::comma
amba_beile i cooha ,	nn::prpn cm::gen nv::nv mark::comma
orin nadan niyalma be baha fi jafa ha ,	nv::nv nv::nv nv::nv cm::acc verb::vv e::cve verb::vv e::pst.ptcp mark::comma
deli_wehe ,	nn::prpn mark::comma
uru be tucibu me ,	nv::nv cm::acc verb::vv e::cve mark::comma
garin ,	nv::nv mark::comma
abka na gosi fi hoton hecen be ambula efule me ,	nv::nv nv::nv verb::vv e::cve nv::nv nv::nv cm::acc nv::nv verb::vv e::cve mark::comma
○ aiha i šeobei g'ao_ming_ho i bithe ,	mark::circle nv::nv cm::gen nv::nv nn::prpn cm::gen nv::nv mark::comma
emu minggan ihan ,	nv::nv nv::nv nv::nv mark::comma
ihan_alin de emu feye ,	nn::prpn cm::dat nv::nv nv::nv mark::comma
tere ninggun ,	nv::nv nv::nv mark::comma
ilan haha juwe hehe ,	nv::nv nv::nv nv::nv nv::nv mark::comma
weile akū gaija ra wa ra de ,	nv::nv nv::adj verb::vv e::npst.ptcp verb::vv e::npst.ptcp cm::dat mark::comma
jarut i ūljeitu_daicing de unggi he bithe i gisun ,	nn::prpn.plc cm::gen nn::prpn cm::dat verb::vv e::pst.ptcp nv::nv cm::gen nv::nv mark::comma
nikan i cooha dalda de ili fi ,	nv::nv cm::gen nv::nv nv::nv cm::dat verb::vv e::cve mark::comma
buce he jobolon de sinagala ra ,	verb::vv e::pst.ptcp nv::nv cm::dat verb::vv e::npst.ptcp mark::comma
afa fi jakūta i hoton be gai ha ,	verb::vv e::cve nv::nv cm::gen nv::nv cm::acc verb::vv e::pst.ptcp mark::comma
tede emu doron ,	nv::nv nv::nv nv::nv mark::comma
tuttu o ci ,	nv::nv verb::vv e::cve mark::comma
yargiyala me fonji mbi dere ,	verb::vv e::cve verb::vv e::fve.npst ptcl mark::comma
lekerhi ,	nv::nv mark::comma
xuwang_šan ,	nn::prpn mark::comma
in i erdemu in i hūsun de banji mbi seme ,	pn::3sg cm::gen nv::nv pn::3sg cm::gen nv::nv cm::dat verb::vv e::fve.npst comp mark::comma
deli_wehe ,	nn::prpn mark::comma
banji ha ba ,	verb::vv e::pst.ptcp nv::nv mark::comma
boo de jeku emu tanggū susai hule bi se he bi he ,	nv::nv cm::dat nv::nv nv::nv nv::nv nv::nv nv::nv verb::vv.npst verb::vv e::pst.ptcp verb::vv e::pst.ptcp mark::comma
min be jeku akū jobo kini seme gūni me gama ha seme gūni mbi ,	pn::1sg cm::acc nv::nv nv::adj verb::vv e::fve.opt comp verb::vv e::cve verb::vv e::pst.ptcp comp verb::vv e::fve.npst mark::comma
duin dere uhereme juwe minggan dehi da ,	nv::nv nv::nv nv::nv nv::nv nv::nv nv::nv nv::nv mark::comma
tuttu tondo i fafula rakū ehe miosihon jurgan i yabu ci ,	nv::nv nv::adj cm::gen verb::vv e::npst.ptcp.neg nv::adj nv::adj nv::nv cm::gen verb::vv e::cve mark::comma
jaha i uka me ji he gūsin uyun niyalma de ,	nv::nv cm::gen verb::vv e::cve verb::vv e::pst.ptcp nv::nv nv::nv nv::nv cm::dat mark::comma
ira i mimi i gese gele rakū seme hendu hebi ,	nv::nv cm::gen nv::nv cm::gen nv::nv verb::vv e::npst.ptcp.neg comp verb::vv e::fve.prs.prf mark::comma
jabuhai iogi bi he ,	nn::prpn.person nv::nv verb::vv e::pst.ptcp mark::comma
amasi bedere ∅ seme hendu fi amasi bedere he ,	nv::nv verb::vv e::fve.imperative comp verb::vv e::cve nv::nv verb::vv e::pst.ptcp mark::comma
tang_jan_pu i šeo_pu be gama ha seme alanji ha .	nn::prpn cm::gen nv::nv cm::acc verb::vv e::pst.ptcp comp verb::vv e::pst.ptcp mark::period
jakūn boo i tuwa me weilebu he jakūn niyalma de sunjata yan bu he ,	nv::nv nv::nv cm::gen verb::vv e::cve verb::vv e::pst.ptcp nv::nv nv::nv cm::dat nv::nv nv::nv verb::vv e::pst.ptcp mark::comma
uka ka niyalma in i beye be singgebu kini seme holto ho gisun be ainu akda mbi ,	verb::vv e::pst.ptcp nv::nv pn::3sg cm::gen nv::nv cm::acc verb::vv e::fve.opt comp verb::vv e::pst.ptcp nv::nv cm::acc nv::nv verb::vv e::fve.npst mark::comma
sin i batangga gurun be bi daila ra seme abka de nene me emu jergi gashū habi ,	pn::2sg cm::gen nv::adj nv::nv cm::acc pn::1sg verb::vv e::npst.ptcp comp nv::nv cm::dat verb::vv e::cve nv::nv nv::nv verb::vv e::fve.prs.prf mark::comma
kadala ra tuwa ra be uhe i tuwa ∅ .	verb::vv e::npst.ptcp verb::vv e::npst.ptcp cm::acc nv::nv cm::gen verb::vv e::fve.imperative mark::period
○ yasun ,	mark::circle nn::prpn.person mark::comma
○ juwan de ,	mark::circle nv::nv cm::dat mark::comma
iogi karda ,	nv::nv nn::prpn.person mark::comma
indesi ,	nn::prpn.person mark::comma
ba i gebu .	nv::nv cm::gen nv::nv mark::period
han i hendu he fafun i gisun be geren de tacibu me ala rakū ci ,	nv::nv cm::gen verb::vv e::pst.ptcp nv::nv cm::gen nv::nv cm::acc nv::adj cm::dat verb::vv e::cve verb::vv e::npst.ptcp.neg e::cve mark::comma
sunja tanggū susai nadan sejen ,	nv::nv nv::nv nv::nv nv::nv nv::nv mark::comma
morin yalu fi uka me ji he ,	nv::nv verb::vv e::cve verb::vv e::cve verb::vv e::pst.ptcp mark::comma
baban ,	nn::prpn.person mark::comma
muse de niyalma latunji re sain o mbi kai ,	pn::1pl.incl cm::dat nv::nv verb::vv e::npst.ptcp nv::adj verb::vv e::fve.npst ptcl mark::comma
han i hecen i weile beide re amba yamun de gaji fi ,	nv::nv cm::gen nv::nv cm::gen nv::nv verb::vv e::npst.ptcp nv::adj nv::nv cm::dat verb::vv e::cve mark::comma
○ giošan be ,	mark::circle nn::prpn.person cm::acc mark::comma
ya emu juwe beile se be ,	nv::nv nv::nv nv::nv nv::nv nv::nv cm::acc mark::comma
min be da ci gasabu ha gojime ,	pn::1sg cm::acc nv::nv cm::abl verb::vv e::pst.ptcp nv::nv mark::comma
hada de emu feye ,	nn::prpn.plc cm::dat nv::nv nv::nv mark::comma
giyahūn i ejen be bithe ara fi benji ∅ ,	nv::nv cm::gen nv::nv cm::acc nv::nv verb::vv e::cve verb::vv e::fve.imperative mark::comma
○ ineku tere inenggi ,	mark::circle nv::nv nv::nv nv::nv mark::comma
fakca rakū ci ,	verb::vv e::npst.ptcp.neg e::cve mark::comma
burai ,	nn::prpn.person mark::comma
○ hithai be ,	mark::circle nn::prpn.person cm::acc mark::comma
boo de ji he manggi ,	nv::nv cm::dat verb::vv e::pst.ptcp nv::nv mark::comma
sain doro be ududu jalan de bai ci baha rakū se re seme ,	nv::adj nv::nv cm::acc nv::nv nv::nv cm::dat verb::vv e::cve verb::vv e::npst.ptcp.neg verb::vv e::npst.ptcp comp mark::comma
beiguwan ci wesihun šangna me bu he .	nv::nv cm::abl nv::nv verb::vv e::cve verb::vv e::pst.ptcp mark::period
alban i ihan hecen weile re niyalma gana ∅ seme ,	nv::nv cm::gen nv::nv nv::nv verb::vv e::npst.ptcp nv::nv verb::vv e::fve.imperative comp mark::comma
jamuka ,	nn::prpn.person mark::comma
○ juwan emu de ,	mark::circle nv::nv nv::nv cm::dat mark::comma
ilaci jergi niyalma de ilata haha ,	nv::nv nv::nv nv::nv cm::dat nv::nv nv::nv mark::comma
dalingho ,	nn::prpn.plc mark::comma
afuni min be wa kini ,	nn::prpn.person pn::1sg cm::acc verb::vv e::fve.opt mark::comma
an_šan ci juwan uyun de gvlmahūn erin de jura fi ,	nn::prpn cm::abl nv::nv nv::nv cm::dat nv::nv nv::nv cm::dat verb::vv e::cve mark::comma
han de daha ki seme ji he manggi ,	nv::nv cm::dat verb::vv e::fve.opt comp verb::vv e::pst.ptcp nv::nv mark::comma
tofohon de wasimbu ha ,	nv::nv cm::dat verb::vv e::pst.ptcp mark::comma
ere bithe be aina mbi seme dacila ra jaka de ,	nv::nv nv::nv cm::acc verb::vv e::fve.npst comp verb::vv e::npst.ptcp nv::nv cm::dat mark::comma
manggūldai_daicing ,	nn::prpn mark::comma
min i niyaman i gese ilan haha jui ,	pn::1sg cm::gen nv::nv cm::gen nv::nv nv::nv nv::nv nv::nv mark::comma
sibe i funde in i eshen yesi be sinda ha ,	nv::nv cm::gen nv::nv pn::3sg cm::gen nv::nv nn::prpn.person cm::acc verb::vv e::pst.ptcp mark::comma
juwe biya de mederi dalin i jakara me samsi fi te he gurun be sucu fi gai ha .	nv::nv nv::nv cm::dat nv::nv nv::nv cm::gen verb::vv e::cve verb::vv e::cve verb::vv e::pst.ptcp nv::nv cm::acc verb::vv e::cve verb::vv e::pst.ptcp mark::period
si nikan_age i eniye be da banji ha doro i kemuni kundule me banji ∅ ,	pn::2sg nn::prpn cm::gen nv::nv cm::acc nv::nv verb::vv e::pst.ptcp nv::nv cm::gen nv::nv verb::vv e::cve verb::vv e::fve.imperative mark::comma
dzung_bing_guwan ci fusihūn ,	nv::nv cm::abl nv::adj mark::comma
○ onoi ,	mark::circle nn::prpn.person mark::comma
weile he jeku i dabala ,	verb::vv e::pst.ptcp nv::nv cm::gen ptcl mark::comma
han de ala ra jaka de ,	nv::nv cm::dat verb::vv e::npst.ptcp nv::nv cm::dat mark::comma
tuttu sarkū se re jaka de ,	nv::nv nv::nv verb::vv e::npst.ptcp nv::nv cm::dat mark::comma
bi sin de akda rakū seme hendu fi amasi bedere me ji fi ,	pn::1sg pn::2sg cm::dat verb::vv e::npst.ptcp.neg comp verb::vv e::cve nv::nv verb::vv e::cve verb::vv e::cve mark::comma
usin weile re šolo tuci ke erin de ,	nv::nv verb::vv e::npst.ptcp nv::adj verb::vv e::pst.ptcp nv::nv cm::dat mark::comma
ice nadan de amasi bedere he ,	nv::adj nv::nv cm::dat nv::nv verb::vv e::pst.ptcp mark::comma
sin be hojihon o fi tacibu me hendu mbi ,	pn::2sg cm::acc nv::nv verb::vv e::cve verb::vv e::cve verb::vv e::fve.npst mark::comma
muke de ,	nv::nv cm::dat mark::comma
○ borjin_hiya ,	mark::circle nn::prpn mark::comma
beile se de ala fi ,	nv::nv nv::nv cm::dat verb::vv e::cve mark::comma
min be waka se ci ,	pn::1sg cm::acc nv::adj verb::vv e::cve mark::comma
niyang_niyang_gung ni ba i ubaša ha jakūn gašan i maise be ,	nn::prpn cm::gen nv::nv cm::gen verb::vv e::pst.ptcp nv::nv nv::nv cm::gen nv::nv cm::acc mark::comma
nikan i harangga niyalma unca ci ,	nv::nv cm::gen nv::nv nv::nv verb::vv e::cve mark::comma
hafasa usin boo jeku be getuken i icihiya me bu hekū o fi ,	nv::nv nv::nv nv::nv nv::nv cm::acc nv::adj cm::gen verb::vv e::cve verb::vv e::pst.ptcp.neg verb::vv e::cve mark::comma
ere beye i teile jeku i alban guwe mbi ,	nv::nv nv::nv cm::gen nv::nv nv::nv cm::gen nv::nv verb::vv e::fve.npst mark::comma
tulergi weri ulin be gai me ,	nv::nv nv::nv nv::nv cm::acc verb::vv e::cve mark::comma
sele ,	nv::nv mark::comma
enteke niyalma wa ra ulin duri me gaija ra weile be ,	nv::nv nv::nv verb::vv e::npst.ptcp nv::nv verb::vv e::cve verb::vv e::npst.ptcp nv::nv cm::acc mark::comma
min i duka de huncu de te hei dosinji ha ,	pn::1sg cm::gen nv::nv cm::dat nv::nv cm::dat verb::vv e::cve verb::vv e::pst.ptcp mark::comma
ilu ,	nn::prpn.plc mark::comma
jaha yabu ci ojo rakū o ho ,	nv::nv verb::vv e::cve verb::vv e::npst.ptcp.neg verb::vv e::pst.ptcp mark::comma
jušen i angga tolo me miyali me gaija ra be naka ha ,	nv::nv cm::gen nv::nv verb::vv e::cve verb::vv e::cve verb::vv e::npst.ptcp cm::acc verb::vv e::pst.ptcp mark::comma
tere juwe niyalma ,	nv::nv nv::nv nv::nv mark::comma
degelei_taiji ,	nn::prpn mark::comma
beye buce kini ,	nv::nv verb::vv e::fve.opt mark::comma
eje he dangse gung faita ha .	verb::vv e::pst.ptcp nv::nv nv::nv verb::vv e::pst.ptcp mark::period
jang de emu feye ,	nv::nv cm::dat nv::nv nv::nv mark::comma
hehe niyalma gisun de da rakū bi he kai ,	nv::nv nv::nv nv::nv cm::dat verb::vv e::npst.ptcp.neg verb::vv e::pst.ptcp ptcl mark::comma
majige jobo ro be jobo mbi se ci ,	nv::adj verb::vv e::npst.ptcp cm::acc verb::vv e::fve.npst verb::vv e::cve mark::comma
jaisai ilan jui ,	nn::prpn.person nv::nv nv::nv mark::comma
daha ra daha rakū be suwe inu ambula seole he de sain kai ,	verb::vv e::npst.ptcp verb::vv e::npst.ptcp.neg cm::acc pn::2pl nv::nv nv::nv verb::vv e::pst.ptcp cm::dat nv::adj ptcl mark::comma
bata kimun seme gida rakū ,	nv::nv nv::nv comp verb::vv e::npst.ptcp.neg mark::comma
jori ha jurgan be jurce rakū seme ,	verb::vv e::pst.ptcp nv::nv cm::acc verb::vv e::npst.ptcp.neg comp mark::comma
juwan mocin ,	nv::nv nv::nv mark::comma
hecen i tulergi ci jase i dolo jafa ha nikan de bithe jafabu fi unggi he bithe i gisun ,	nv::nv cm::gen nv::nv cm::abl nv::nv cm::gen nv::nv verb::vv e::pst.ptcp nv::nv cm::dat nv::nv verb::vv e::cve verb::vv e::pst.ptcp nv::nv cm::gen nv::nv mark::comma
cen i gašan be sio_yan ci ebsi ,	pn::3pl cm::gen nv::nv cm::acc nn::prpn cm::abl nv::nv mark::comma
hadala yooni unggi he .	nv::nv nv::nv verb::vv e::pst.ptcp mark::period
julergi de baha ha olji ton ,	nv::nv cm::dat verb::vv e::pst.ptcp nv::nv nv::nv mark::comma
duka ,	nv::nv mark::comma
gvlmahūn erin de ,	nv::nv nv::nv cm::dat mark::comma
gemu niru de sala fi taka uji ∅ ,	nv::nv nv::nv cm::dat verb::vv e::cve nv::nv verb::vv e::fve.imperative mark::comma
men i jirga ra inenggi bi dere seme ,	pn::1pl.excl cm::gen verb::vv e::npst.ptcp nv::nv verb::vv.npst ptcl comp mark::comma
o ho de sunja niru .	verb::vv e::pst.ptcp cm::dat nv::nv nv::nv mark::period
jori ha jurgan be jurce rakū seme beiguwan obu ha .	verb::vv e::pst.ptcp nv::nv cm::acc verb::vv e::npst.ptcp.neg comp nv::nv verb::vv e::pst.ptcp mark::period
aniya biya be dule ke de ,	nv::nv nv::nv cm::acc verb::vv e::pst.ptcp cm::dat mark::comma
siyoo_fung_siyan tafula me hendu me ,	nn::prpn verb::vv e::cve verb::vv e::cve mark::comma
unggi fi ,	verb::vv e::cve mark::comma
puho de tebu he ,	nn::prpn.plc cm::dat verb::vv e::pst.ptcp mark::comma
ši_lii_ho de dedu ki seme gisure me bisi re de ,	nn::prpn cm::dat verb::vv e::fve.opt comp verb::vv e::cve verb::vv e::npst.ptcp cm::dat mark::comma
jakūn beile se i emte tokso jaka i niyalma ,	nv::nv nv::nv nv::nv cm::gen nv::nv nv::nv nv::nv cm::gen nv::nv mark::comma
gosi me uji rakū ci ,	verb::vv e::cve verb::vv e::npst.ptcp.neg e::cve mark::comma
fujiyang atai ,	nv::nv nn::prpn.person mark::comma
bata kimun seme sain be gida me ,	nv::nv nv::nv comp nv::adj cm::acc verb::vv e::cve mark::comma
isamu ,	nn::prpn.person mark::comma
ilata boso ,	nv::nv nv::nv mark::comma
gurehu ,	nn::prpn.person mark::comma
○ busan ,	mark::circle nn::prpn.person mark::comma
○ songgotu be ,	mark::circle nv::adj cm::acc mark::comma
nikan cooha ambula burgi me gene re de ,	nv::nv nv::nv nv::nv verb::vv e::cve verb::vv e::npst.ptcp cm::dat mark::comma
min i emgi emu hebe o fi ,	pn::1sg cm::gen nv::nv nv::nv nv::nv verb::vv e::cve mark::comma
baindari ,	nn::prpn.person mark::comma
gemu abka i enduri neme me toko ho aise ,	nv::nv nv::nv cm::gen nv::nv verb::vv e::cve verb::vv e::pst.ptcp nv::nv mark::comma
tere i gese ya alin hada de šancila fi bisi re ngge be gemu bai me wa ∅ ,	nv::nv cm::gen nv::nv nv::nv nv::nv nv::nv cm::dat verb::vv e::cve verb::vv e::npst.ptcp nmlz::nmlz cm::acc nv::nv verb::vv e::cve verb::vv e::fve.imperative mark::comma
ilan yan menggun gai ha seme gercile he manggi ,	nv::nv nv::nv nv::nv verb::vv e::pst.ptcp comp verb::vv e::pst.ptcp nv::nv mark::comma
ajigan_fiyanggū ,	nn::prpn mark::comma
hefeliyene ci ,	verb::vv e::cve mark::comma
orin sunja morin ,	nv::nv nv::nv nv::nv mark::comma
○ guwangning ci emu inenggi juwe jergi dehi uyun monggo uka me ji he ,	mark::circle nn::prpn.plc cm::abl nv::nv nv::nv nv::nv nv::nv nv::nv nv::nv nv::nv verb::vv e::cve verb::vv e::pst.ptcp mark::comma
giya_jing ni dehi ilaci aniya ninggun biya i orin juwe de baha ha ,	nn::prpn cm::gen nv::nv nv::nv nv::nv nv::nv nv::nv cm::gen nv::nv nv::nv cm::dat verb::vv e::pst.ptcp mark::comma
bileri ,	nv::nv mark::comma
gašan gašan i amban sa bayan sa uksun geren niyalma i akdun akdun be sin i jaka de gaji fi tebu ∅ seme hendu he bi he ,	nv::nv nv::nv cm::gen nv::nv nv::nv nv::nv nv::nv nv::nv nv::adj nv::nv cm::gen nv::adj nv::adj cm::acc pn::2sg cm::gen nv::nv cm::dat verb::vv e::cve verb::vv e::fve.imperative comp verb::vv e::pst.ptcp verb::vv e::pst.ptcp mark::comma
jaisai_beile be bene he yahican_buku isinji ha .	nn::prpn cm::acc verb::vv e::pst.ptcp nn::prpn verb::vv e::pst.ptcp mark::period
emu nionioru guile he ,	nv::nv nv::nv verb::vv e::pst.ptcp mark::comma
tulergi be can fori me ,	nv::nv cm::acc nv::nv verb::vv e::cve mark::comma
darhan_hošooci gebu bu he ,	nn::prpn nv::nv verb::vv e::pst.ptcp mark::comma
tokso uhereme sunja tanggū funce me gai fi ,	nv::nv nv::nv nv::nv nv::nv verb::vv e::cve verb::vv e::cve mark::comma
jakūn amban be tucibu fi ,	nv::nv nv::nv cm::acc verb::vv e::cve mark::comma
○ hai_jeo i niyalma alanji me ,	mark::circle nn::prpn cm::gen nv::nv verb::vv e::cve mark::comma
jai duici_beile ,	nv::nv nn::prpn mark::comma
uji he ujima i dabala ,	verb::vv e::pst.ptcp nv::nv cm::gen ptcl mark::comma
○ nomin be ,	mark::circle nv::nv cm::acc mark::comma
uda me gene mbi se he de ,	verb::vv e::cve verb::vv e::fve.npst verb::vv e::pst.ptcp cm::dat mark::comma
ejen i sa hakū ukanju be mujilen i tucibu fi bu re ngge ,	nv::nv cm::gen verb::vv e::pst.ptcp.neg nv::nv cm::acc nv::nv cm::gen verb::vv e::cve verb::vv e::npst.ptcp nmlz::nmlz mark::comma
tottoi ,	nn::prpn.person mark::comma
umai tuwa rakū dosi re jaka de ,	nv::nv verb::vv e::npst.ptcp.neg verb::vv e::npst.ptcp nv::nv cm::dat mark::comma
jecen i ba ba i ejen akū jeku be waliya ra anggala ,	nv::nv cm::gen nv::nv nv::nv cm::gen nv::nv nv::adj nv::nv cm::acc verb::vv e::npst.ptcp nv::nv mark::comma
erdeni ,	nn::prpn.person mark::comma
tumen boigon ara fi gaji ha ,	nv::nv nv::nv verb::vv e::cve verb::vv e::pst.ptcp mark::comma
gecuheri etuku šangna ha ,	nv::nv nv::nv verb::vv e::pst.ptcp mark::comma
men i beye ci ana me nene me tucibu fi bu ki ,	pn::1pl.excl cm::gen nv::nv cm::abl verb::vv e::cve verb::vv e::cve verb::vv e::cve verb::vv e::fve.opt mark::comma
○ ice ninggun de ,	mark::circle nv::adj nv::nv cm::dat mark::comma
○ enggetu be ,	mark::circle nn::prpn.person cm::acc mark::comma
g'an sele susai gin gaji habi .	nv::nv nv::nv nv::nv nv::nv verb::vv e::fve.prs.prf mark::period
han tukiye fi uji ci ,	nv::nv verb::vv e::cve verb::vv e::cve mark::comma
orin juwe jaha i mederi be gene me ,	nv::nv nv::nv nv::nv cm::gen nv::nv cm::acc verb::vv e::cve mark::comma
du_tang ,	nv::nv mark::comma
boigon min be wa kini ,	nv::nv pn::1sg cm::acc verb::vv e::fve.opt mark::comma
beile se amban sa be ama ara fi ,	nv::nv nv::nv nv::nv nv::nv cm::acc nv::nv verb::vv e::cve mark::comma
iogi hergen i niyalma ci wesihun ,	nv::nv nv::nv cm::gen nv::nv cm::abl nv::nv mark::comma
han tede hendu me ,	nv::nv nv::nv verb::vv e::cve mark::comma
abka i enduri da fi aisila me toko hobi dere ,	nv::nv cm::gen nv::nv verb::vv e::cve verb::vv e::cve verb::vv e::fve.prs.prf ptcl mark::comma
ginjeo ci hada gida me gene fi ,	nn::prpn.plc cm::abl nv::nv verb::vv e::cve verb::vv e::cve mark::comma
jete re jeku icihiya me bu mbi kai .	verb::vv e::npst.ptcp nv::nv verb::vv e::cve verb::vv e::fve.npst ptcl mark::period
beye i ehe de wasi kini .	nv::nv cm::gen nv::adj cm::dat verb::vv e::fve.opt mark::period
si ainu tuttu mentuhun banji mbi seme gasa fi ,	pn::2sg nv::nv nv::nv nv::adj verb::vv e::fve.npst comp verb::vv e::cve mark::comma
barin ,	nv::nv mark::comma
juwan de ,	nv::nv cm::dat mark::comma
haha be ume funcebu re .	nv::nv cm::acc nv::nv verb::vv e::npst.ptcp mark::period
guri re ba de gama me yooni isibu ci ,	verb::vv e::npst.ptcp nv::nv cm::dat verb::vv e::cve nv::nv verb::vv e::cve mark::comma
hife ,	nv::nv mark::comma
kalka i oforo ,	nv::nv cm::gen nv::nv mark::comma
afabu ha weile be mute mbi ,	verb::vv e::pst.ptcp nv::nv cm::acc verb::vv e::fve.npst mark::comma
isi rakū o ho de aina mbi .	verb::vv e::npst.ptcp.neg verb::vv e::pst.ptcp cm::dat verb::vv e::fve.npst mark::period
( tere fon de jeku haji ,	mark::lparen nv::nv nv::nv cm::dat nv::nv nv::adj mark::comma
dabki me dahū me waji ha manggi ,	verb::vv e::cve verb::vv e::cve verb::vv e::pst.ptcp nv::nv mark::comma
ji he ba de emu mujilen i banji ci ,	verb::vv e::pst.ptcp nv::nv cm::dat nv::nv nv::nv cm::gen verb::vv e::cve mark::comma
duin morin gaji me uka me ice duin de isinji ha .	nv::nv nv::nv verb::vv e::cve verb::vv e::cve nv::adj nv::nv cm::dat verb::vv e::pst.ptcp mark::period
dosi ka juse bithe šunde rakū o ci ,	verb::vv e::pst.ptcp nv::nv nv::nv verb::vv e::npst.ptcp.neg verb::vv e::cve mark::comma
doro i jalin de gūni rakū ,	nv::nv cm::gen nv::nv cm::dat verb::vv e::npst.ptcp.neg mark::comma
afabu ha weile be mute mbi ,	verb::vv e::pst.ptcp nv::nv cm::acc verb::vv e::fve.npst mark::comma
○ tofohon de ,	mark::circle nv::nv cm::dat mark::comma
amba ulgiyan de emu juwe jiha makta me bu fi ,	nv::adj nv::nv cm::dat nv::nv nv::nv nv::nv verb::vv e::cve verb::vv e::cve mark::comma
○ dayangga be ,	mark::circle nn::prpn.plc cm::acc mark::comma
suwe inenggi tuwakiya ra sira me idu i niyalma be dosimbu fi gene ∅ ,	pn::2pl nv::nv verb::vv e::npst.ptcp verb::vv e::cve nv::nv cm::gen nv::nv cm::acc verb::vv e::cve verb::vv e::fve.imperative mark::comma
hūlha holo koimali jalingga akū tondo banji ki .	nv::nv nv::nv nv::adj nv::adj nv::adj nv::adj verb::vv e::fve.opt mark::period
han i afabu ha jurgan be ,	nv::nv cm::gen verb::vv e::pst.ptcp nv::nv cm::acc mark::comma
cihala fi wa ki se mbihe de ,	verb::vv e::cve verb::vv e::fve.opt verb::vv e::fve.pst.ipfv cm::dat mark::comma
juwe minggan cooha adabu fi ,	nv::nv nv::nv nv::nv verb::vv e::cve mark::comma
tere ci bošo me gama fi šokin gebungge alin de tafambu fi ,	nv::nv cm::abl verb::vv e::cve verb::vv e::cve nn::prpn.plc nv::adj nv::nv cm::dat verb::vv e::cve mark::comma
ula de emu feye gidalabu ha ,	nv::nv cm::dat nv::nv nv::nv verb::vv e::pst.ptcp mark::comma
aika buce re weile o ci ,	nv::nv verb::vv e::npst.ptcp nv::nv verb::vv e::cve mark::comma
ningguni ,	nn::prpn.person mark::comma
ahūn han i uji he ambula de daba fi encu tene ki se he ,	nv::nv nv::nv cm::gen verb::vv e::pst.ptcp nv::nv cm::dat verb::vv e::cve nv::nv verb::vv e::fve.opt verb::vv e::pst.ptcp mark::comma
sirana i mafa monggo de elcin gene he ,	nn::prpn.person cm::gen nv::nv nv::nv cm::dat nv::nv verb::vv e::pst.ptcp mark::comma
gemu boo de ji fi gemu baica fi acabu me bu he ,	nv::nv nv::nv cm::dat verb::vv e::cve nv::nv verb::vv e::cve verb::vv e::cve verb::vv e::pst.ptcp mark::comma
warka in i cihangga ahūn deo be bai me acana fi banji kini seme ,	nn::prpn.plc pn::3sg cm::gen nv::adj nv::nv nv::nv cm::acc verb::vv e::cve verb::vv e::cve verb::vv e::fve.opt comp mark::comma
orin ilan yan i weile waliya mbihe ,	nv::nv nv::nv nv::nv cm::gen nv::nv verb::vv e::fve.pst.ipfv mark::comma
boo be gemu tuwa sinda ∅ ,	nv::nv cm::acc nv::nv nv::nv verb::vv e::fve.imperative mark::comma
afabu ha weile be mute mbi ,	verb::vv e::pst.ptcp nv::nv cm::acc verb::vv e::fve.npst mark::comma
jeku bisi re niyalma tucibu fi bu ∅ ,	nv::nv verb::vv e::npst.ptcp nv::nv verb::vv e::cve verb::vv e::fve.imperative mark::comma
bak ,	nn::prpn.person mark::comma
min i nene me te mbi seme dasa ha ba de ,	pn::1sg cm::gen verb::vv e::cve verb::vv e::fve.npst comp verb::vv e::pst.ptcp nv::nv cm::dat mark::comma
jori ha jurgan be jurce rakū seme beiguwan obu ha .	verb::vv e::pst.ptcp nv::nv cm::acc verb::vv e::npst.ptcp.neg comp nv::nv verb::vv e::pst.ptcp mark::period
amba_beile aca ha doro i sarin sarila ha ,	nn::prpn verb::vv e::pst.ptcp nv::nv cm::gen nv::nv verb::vv e::pst.ptcp mark::comma
jai jergi tsanjiyang ni caliyan ,	nv::nv nv::nv nv::nv cm::gen nv::nv mark::comma
suwen i jili banji re inu mujangga ,	pn::2pl cm::gen nv::nv verb::vv e::npst.ptcp nv::nv nv::adj mark::comma
afabu ha weile be mute mbi ,	verb::vv e::pst.ptcp nv::nv cm::acc verb::vv e::fve.npst mark::comma
juwe jangturi boo be emu ba de tebu ∅ ,	nv::nv nv::nv nv::nv cm::acc nv::nv nv::nv cm::dat verb::vv e::fve.imperative mark::comma
○ juwan juwe de ,	mark::circle nv::nv nv::nv cm::dat mark::comma
jeku bošo me juwe kini .	nv::nv verb::vv e::cve verb::vv e::fve.opt mark::period
yaki ,	nn::prpn.person mark::comma
sin i duwali udu bi he ,	pn::2sg cm::gen nv::nv nv::nv verb::vv e::pst.ptcp mark::comma
ula i ihan_alin i hoton be ka fi afa me gai ha ,	nv::nv cm::gen nn::prpn cm::gen nv::nv cm::acc verb::vv e::cve verb::vv e::cve verb::vv e::pst.ptcp mark::comma
abka gosi ha seme emgeri amba mujilen be jafa hakū ,	nv::nv verb::vv e::pst.ptcp comp nv::nv nv::adj nv::nv cm::acc verb::vv e::pst.ptcp.neg mark::comma
aika waka gisun o ho de ,	nv::nv nv::adj nv::nv verb::vv e::pst.ptcp cm::dat mark::comma
beile se i faksi tū fi bu kini .	nv::nv nv::nv cm::gen nv::nv verb::vv e::cve verb::vv e::fve.opt mark::period
ere sunja pu be ,	nv::nv nv::nv nv::nv cm::acc mark::comma
tubihe ali me gai ∅ ,	nv::nv verb::vv e::cve verb::vv e::fve.imperative mark::comma
jang_u_lii be ,	nn::prpn cm::acc mark::comma
hai_jeo de gese dende hebi ,	nn::prpn cm::dat nv::nv verb::vv e::fve.prs.prf mark::comma
○ jafa ha niyalma be asarabu re ,	mark::circle verb::vv e::pst.ptcp nv::nv cm::acc verb::vv e::npst.ptcp mark::comma
bohori be ,	nv::nv cm::acc mark::comma
jakūta de emu feye baha ha ,	nv::nv cm::dat nv::nv nv::nv verb::vv e::pst.ptcp mark::comma
ilaci jergi iogi obu ha ,	nv::nv nv::nv nv::nv verb::vv e::pst.ptcp mark::comma
juwan ninggun de ,	nv::nv nv::nv cm::dat mark::comma
nikan juwe nofi aca fi emgi te re ,	nv::nv nv::nv nv::nv verb::vv e::cve nv::nv verb::vv e::npst.ptcp mark::comma
aita tsanjiyang be wesibu fi fujiyang obu ha .	nn::prpn.person nv::nv cm::acc verb::vv e::cve nv::nv verb::vv e::pst.ptcp mark::period
uksile re de galanda rakū bi he bi ci ,	verb::vv e::npst.ptcp cm::dat verb::vv e::npst.ptcp.neg verb::vv e::pst.ptcp verb::vv e::cve mark::comma
han i soorin ara fi ,	nv::nv cm::gen nv::nv verb::vv e::cve mark::comma
bithe de ara ha gisun ,	nv::nv cm::dat verb::vv e::pst.ptcp nv::nv mark::comma
sain niyalma tuci fi tulergi deri toso ∅ ,	nv::adj nv::nv verb::vv e::cve nv::nv nv::nv verb::vv e::fve.imperative mark::comma
sain be sain ,	nv::adj cm::acc nv::adj mark::comma
men i jušen i adali alban de dabu rakū ergembu re ,	pn::1pl.excl cm::gen nv::nv cm::gen nv::adj nv::nv cm::dat verb::vv e::npst.ptcp.neg verb::vv e::npst.ptcp mark::comma
ficakū ,	nv::nv mark::comma
○ tsoo_ho_pu de ,	mark::circle nn::prpn cm::dat mark::comma
ušan ,	nn::prpn.person mark::comma
○ lio_ji_kuwan gebungge niyalma ,	mark::circle nn::prpn nv::adj nv::nv mark::comma
sin i gisun be donji ki seme ,	pn::2sg cm::gen nv::nv cm::acc verb::vv e::fve.opt comp mark::comma
acinggiya me folo ho enggemu hadala toho hoi emu morin ,	verb::vv e::cve verb::vv e::pst.ptcp nv::nv nv::nv verb::vv e::cve nv::nv nv::nv mark::comma
g'ao_ping ni teisu ,	nn::prpn cm::gen nv::nv mark::comma
○ sele be ,	mark::circle nv::nv cm::acc mark::comma
jenjuken ,	nn::prpn.person mark::comma
inu abka sahaliyan gurun be bojiri de da fi ,	nv::nv nv::nv nv::adj nv::nv cm::acc nn::prpn.person cm::dat verb::vv e::cve mark::comma
sunja tanggū nikan bu he ,	nv::nv nv::nv nv::nv verb::vv e::pst.ptcp mark::comma
emu jergi buce re weile be guwebu mbi .	nv::nv nv::nv verb::vv e::npst.ptcp nv::nv cm::acc verb::vv e::fve.npst mark::period
jakūmu de juwan niru ,	nn::prpn.plc cm::dat nv::nv nv::nv mark::comma
bolori unggi ki se he elcin ,	nv::nv verb::vv e::fve.opt verb::vv e::pst.ptcp nv::nv mark::comma
weile de afana ha manggi ,	nv::nv cm::dat verb::vv e::pst.ptcp nv::nv mark::comma
nikan cooha waka ,	nv::nv nv::nv nv::adj mark::comma
beile se i gisun i han de fonji fi ,	nv::nv nv::nv cm::gen nv::nv cm::gen nv::nv cm::dat verb::vv e::cve mark::comma
tere ilan ,	nv::nv nv::nv mark::comma
cooha i aika jaka be gemu dasa me jalukiya fi ,	nv::nv cm::gen nv::nv nv::nv cm::acc nv::nv verb::vv e::cve verb::vv e::cve mark::comma
si mujakū jobobu rakū ,	pn::2sg nv::nv verb::vv e::npst.ptcp.neg mark::comma
jaifiyan ,	nv::nv mark::comma
fakca ha de ,	verb::vv e::pst.ptcp cm::dat mark::comma
○ amba_beile de ,	mark::circle nn::prpn cm::dat mark::comma
cilin ,	nv::nv mark::comma
uru be waka ,	nv::nv cm::acc nv::adj mark::comma
tere cuwan be tuwa sinda fi ,	nv::nv nv::nv cm::acc nv::nv verb::vv e::cve mark::comma
niowanggiyaha i jugūn be cooha ji he seme taka isinji rakū ,	nn::prpn.plc cm::gen nv::nv cm::acc nv::nv verb::vv e::pst.ptcp comp nv::nv verb::vv e::npst.ptcp.neg mark::comma
ginjeo hecen de isina ci ,	nn::prpn.plc nv::nv cm::dat verb::vv e::cve mark::comma
fulgiyaha de emu feye ,	nn::prpn.plc cm::dat nv::nv nv::nv mark::comma
nisiha ,	nv::nv mark::comma
beye buce kini ,	nv::nv verb::vv e::fve.opt mark::comma
niru bošo ro be nakabu ha ,	nv::nv verb::vv e::npst.ptcp cm::acc verb::vv e::pst.ptcp mark::comma
sycuwan ,	nv::nv mark::comma
○ gene re be fude re ,	mark::circle verb::vv e::npst.ptcp cm::acc verb::vv e::npst.ptcp mark::comma
bi inu donji ha bi he ,	pn::1sg nv::nv verb::vv e::pst.ptcp verb::vv e::pst.ptcp mark::comma
niowanggiyaha ,	nn::prpn.plc mark::comma
morin ci ebu fi ili ∅ ,	nv::nv cm::abl verb::vv e::cve verb::vv e::fve.imperative mark::comma
emu dusy hafan de ,	nv::nv nv::nv nv::nv cm::dat mark::comma
jai ilan ihan nime me bedere he ,	nv::nv nv::nv nv::nv verb::vv e::cve verb::vv e::pst.ptcp mark::comma
suwe geli daha rakū efule ci ,	pn::2pl nv::nv verb::vv e::npst.ptcp.neg verb::vv e::cve mark::comma
ala hakū boigon lata uksun geren sakdasa juse bisi re niyalma be emu ba ,	verb::vv e::pst.ptcp.neg nv::nv nv::adj nv::nv nv::adj nv::nv nv::nv verb::vv e::npst.ptcp nv::nv cm::acc nv::nv nv::nv mark::comma
boo_wehe de nadan niru ,	nn::prpn cm::dat nv::nv nv::nv mark::comma
ishun de gungne me bene me yabu mbi dere ,	nv::nv cm::dat verb::vv e::cve verb::vv e::cve verb::vv e::fve.npst ptcl mark::comma
darhan_hiya jabu me ,	nn::prpn verb::vv e::cve mark::comma
sereng se re tabunang ,	nn::prpn.person verb::vv e::npst.ptcp nv::nv mark::comma
ai ai jaka de saikan olho ∅ ,	nv::nv nv::nv nv::nv cm::dat nv::adj verb::vv e::fve.imperative mark::comma
nadan biya i juwan uyun de ,	nv::nv nv::nv cm::gen nv::nv nv::nv cm::dat mark::comma
baha ha seme ai tusa ,	verb::vv e::pst.ptcp comp nv::nv nv::nv mark::comma
eiten gurun i banji re doro i jalin de gūni me jobo me hono jabdu rakū kai ,	nv::adj nv::nv cm::gen verb::vv e::npst.ptcp nv::nv cm::gen nv::nv cm::dat verb::vv e::cve verb::vv e::cve nv::nv verb::vv e::npst.ptcp.neg ptcl mark::comma
eksingge fujiyang ,	nn::prpn.person nv::nv mark::comma
nikan sin be jalda me bu he ulin waka o ,	nv::nv pn::2sg cm::acc verb::vv e::cve verb::vv e::pst.ptcp nv::nv nv::nv ptcl mark::comma
jori ha jurgan be jurce rakū seme beiguwan obu ha .	verb::vv e::pst.ptcp nv::nv cm::acc verb::vv e::npst.ptcp.neg comp nv::nv verb::vv e::pst.ptcp mark::period
fung_ji_pu i tung_beiguwan ,	nn::prpn cm::gen nn::prpn mark::comma
juwe fan efen ,	nv::nv nv::nv nv::nv mark::comma
šusai niru i niyalma gemu akū bi he ,	nv::nv nv::nv cm::gen nv::nv nv::nv nv::adj verb::vv e::pst.ptcp mark::comma
jide re juwe jaha be aca fi ,	verb::vv e::npst.ptcp nv::nv nv::nv cm::acc verb::vv e::cve mark::comma
afuni ,	nn::prpn.person mark::comma
guwangning ni hafan de unggi ∅ ,	nn::prpn.plc cm::gen nv::nv cm::dat verb::vv e::fve.imperative mark::comma
bahū ,	nn::prpn.person mark::comma
ebu ci ebu kini ,	verb::vv e::cve verb::vv e::fve.opt mark::comma
ara ha jaha i ton udu ,	verb::vv e::pst.ptcp nv::nv cm::gen nv::nv nv::nv mark::comma
uji he be ,	verb::vv e::pst.ptcp cm::acc mark::comma
○ ice nadan de ,	mark::circle nv::adj nv::nv cm::dat mark::comma
boso samsu jodon i ergume etu ∅ ,	nv::nv nv::nv nv::nv cm::gen nv::nv verb::vv e::fve.imperative mark::comma
niyengniyeri bolori etu re gecuheri goksi ,	nv::nv nv::nv verb::vv e::npst.ptcp nv::nv nv::nv mark::comma
guwangning be gai ha ci ebsi ,	nn::prpn.plc cm::acc verb::vv e::pst.ptcp cm::abl nv::nv mark::comma
ehe sain be dere bani rakū ,	nv::adj nv::adj cm::acc nv::nv verb::vv e::npst.ptcp.neg mark::comma
min i kadala ra emu gala i cooha be han i fafun i tondo i kadala mbi ,	pn::1sg cm::gen verb::vv e::npst.ptcp nv::nv nv::nv cm::gen nv::nv cm::acc nv::nv cm::gen nv::nv cm::gen nv::adj cm::gen verb::vv e::fve.npst mark::comma
ping_lu_pu de enggeder_efu i sargan gege be gana me unggi re de ,	nn::prpn cm::dat nn::prpn cm::gen nv::nv nv::nv cm::acc verb::vv e::cve verb::vv e::npst.ptcp cm::dat mark::comma
nikan i jase be tuci fi ,	nv::nv cm::gen nv::nv cm::acc verb::vv e::cve mark::comma
yarga i dahū ,	nv::nv cm::gen nv::nv mark::comma
ere nikan i alimbaha rakū gidaša ra korsobu re de aka fi doso rakū dain deribu he dere ,	nv::nv nv::nv cm::gen verb::vv e::npst.ptcp.neg verb::vv e::npst.ptcp verb::vv e::npst.ptcp cm::dat verb::vv e::cve verb::vv e::npst.ptcp.neg nv::nv verb::vv e::pst.ptcp ptcl mark::comma
ende me cala me buce re weile baha ci guwebu ∅ ,	verb::vv e::cve verb::vv e::cve verb::vv e::npst.ptcp nv::nv verb::vv e::cve verb::vv e::fve.imperative mark::comma
ula de emgeri langtula bu ha seme juwan emu yan i weile waliya mbi ,	nv::nv cm::dat nv::nv verb::vv sfx e::pst.ptcp comp nv::nv nv::nv nv::nv cm::gen nv::nv verb::vv e::fve.npst mark::comma
boo be tala ha ,	nv::nv cm::acc verb::vv e::pst.ptcp mark::comma
wei_ning_ing ci wesihun ,	nn::prpn cm::abl nv::nv mark::comma
enggemu hadala ,	nv::nv nv::nv mark::comma
dere tukiye fi juwe amji de ,	nv::nv verb::vv e::cve nv::nv nv::nv cm::dat mark::comma
han i bithe ,	nv::nv cm::gen nv::nv mark::comma
haha sunja tanggū dehi .	nv::nv nv::nv nv::nv nv::nv mark::period
juwan duin se de uji he ,	nv::nv nv::nv nv::nv cm::dat verb::vv e::pst.ptcp mark::comma
liyoodung ,	nn::prpn.plc mark::comma
amala jai juwe niyalma de duin sain morin yalubu fi takūra ha ,	nv::nv nv::nv nv::nv nv::nv cm::dat nv::nv nv::adj nv::nv verb::vv e::cve verb::vv e::pst.ptcp mark::comma
darhan_baturu de unggi he bithe i gisun ,	nn::prpn cm::dat verb::vv e::pst.ptcp nv::nv cm::gen nv::nv mark::comma
nikan i giyai de ume gene re ,	nv::nv cm::gen nv::nv cm::dat nv::nv verb::vv e::npst.ptcp mark::comma
nikan be wa fi ,	nv::nv cm::acc verb::vv e::cve mark::comma
ere jaisai mujakū encu jurgan i banji re nikan gurun i emgi akdula me gashū ha seme donji fi ,	nv::nv nn::prpn.person nv::nv nv::nv nv::nv cm::gen verb::vv e::npst.ptcp nv::nv nv::nv cm::gen nv::nv verb::vv e::cve verb::vv e::pst.ptcp comp verb::vv e::cve mark::comma
te aifu fi wa ci ,	nv::nv verb::vv e::cve verb::vv e::cve mark::comma
ice_hecen i iogi giyamcan de te kini ,	nn::prpn cm::gen nv::nv nn::prpn.plc cm::dat verb::vv e::fve.opt mark::comma
sunta ,	nn::prpn.person mark::comma
sin i ba de gama ci gama ∅ ,	pn::2sg cm::gen nv::nv cm::dat verb::vv e::cve verb::vv e::fve.imperative mark::comma
suje jakūta ,	nv::nv nv::nv mark::comma
tuttu anafu te he niyalma de gemu ala cina ,	nv::nv nv::nv verb::vv e::pst.ptcp nv::nv cm::dat nv::nv verb::vv e::fve.opt mark::comma
be isa fi han de gisun wesimbu re ,	pn::1pl.excl verb::vv e::cve nv::nv cm::dat nv::nv verb::vv e::npst.ptcp mark::comma
dahabu rakū wa ra o ,	verb::vv e::npst.ptcp.neg verb::vv e::npst.ptcp ptcl mark::comma
han i dasa ha ba be isheliyen ,	nv::nv cm::gen verb::vv e::pst.ptcp nv::nv cm::acc nv::adj mark::comma
han ,	nv::nv mark::comma
salibu ha nikan be gemu gai me ,	verb::vv e::pst.ptcp nv::nv cm::acc nv::nv verb::vv e::cve mark::comma
wan_lii i orin sunjaci aniya sunja biya i ice de baha ha ,	nn::prpn cm::gen nv::nv nv::nv nv::nv nv::nv nv::nv cm::gen nv::adj cm::dat verb::vv e::pst.ptcp mark::comma
tere ci ama han ula de cooha gene he amala ,	nv::nv cm::abl nv::nv nv::nv nv::nv cm::dat nv::nv verb::vv e::pst.ptcp nv::nv mark::comma
han hendu me ,	nv::nv verb::vv e::cve mark::comma
morin ,	nv::nv mark::comma
tsanjiyang seme ara habi ,	nv::nv comp verb::vv e::fve.prs.prf mark::comma
manggūldai cihangga i gene cibe ,	nn::prpn.person nv::adj cm::gen verb::vv e::cve mark::comma
jakūn morin gaji me uka me ji he .	nv::nv nv::nv verb::vv e::cve verb::vv e::cve verb::vv e::pst.ptcp mark::period
beye buce kini ,	nv::nv verb::vv e::fve.opt mark::comma
kalka i bahūn i ilan elcin ji he ,	nv::nv cm::gen nn::prpn.person cm::gen nv::nv nv::nv verb::vv e::pst.ptcp mark::comma
amin_beile ,	nn::prpn mark::comma
umai weile baha hakū ,	nv::nv nv::nv verb::vv e::pst.ptcp.neg mark::comma
min i gurun min i ba be bi baha ha ,	pn::1sg cm::gen nv::nv pn::1sg cm::gen nv::nv cm::acc pn::1sg verb::vv e::pst.ptcp mark::comma
( pojan cargilakū be ,	mark::lparen nv::nv nv::nv cm::acc mark::comma
muse i cooha i ka me ili ha ba de fu saha fi ili ∅ ,	nv::nv cm::gen nv::nv cm::gen verb::vv e::cve verb::vv e::pst.ptcp nv::nv cm::dat nv::nv verb::vv e::cve verb::vv e::fve.imperative mark::comma
kubu he lamun i bithe monggoli re de ,	verb::vv e::pst.ptcp nv::adj cm::gen nv::nv verb::vv e::npst.ptcp cm::dat mark::comma
tere unggi he bithe i gisun ,	nv::nv verb::vv e::pst.ptcp nv::nv cm::gen nv::nv mark::comma
duin biya i juwan uyun de wasimbu ha ,	nv::nv nv::nv cm::gen nv::nv nv::nv cm::dat verb::vv e::pst.ptcp mark::comma
morin i cooha be olhon be gene he ,	nv::nv cm::gen nv::nv cm::acc nv::nv cm::acc verb::vv e::pst.ptcp mark::comma
je ke muke be waliya fi ,	verb::vv e::pst.ptcp nv::nv cm::acc verb::vv e::cve mark::comma
boo i aha emu jibehun hūlha ha be ,	nv::nv cm::gen nv::nv nv::nv nv::nv verb::vv e::pst.ptcp cm::acc mark::comma
miosihon ,	nv::adj mark::comma
gašan de banji ci ,	nv::nv cm::dat verb::vv e::cve mark::comma
geren šajin i niyalma duile fi ,	nv::adj nv::nv cm::gen nv::nv verb::vv e::cve mark::comma
menggun susaita yan ,	nv::nv nv::nv nv::nv mark::comma
nikan han dailandu fi we ete mbi ,	nv::nv nv::nv verb::vv e::cve nv::nv verb::vv e::fve.npst mark::comma
juwe ilan jergi nacin de ala ra anggala ,	nv::nv nv::nv nv::nv nv::nv cm::dat verb::vv e::npst.ptcp nv::nv mark::comma
afa ra be nakabu fi cooha be bederebu fi ,	verb::vv e::npst.ptcp cm::acc verb::vv e::cve nv::nv cm::acc verb::vv e::cve mark::comma
wan_lii i juwan uyuci aniya ninggun biya i orin duin de baha ha .	nn::prpn cm::gen nv::nv nv::nv nv::nv nv::nv nv::nv cm::gen nv::nv nv::nv cm::dat verb::vv e::pst.ptcp mark::period
ihan_alin de emu feye baha ha seme ,	nn::prpn cm::dat nv::nv nv::nv verb::vv e::pst.ptcp comp mark::comma
okdo ko niyalma be okdo ko doro i ,	verb::vv e::pst.ptcp nv::nv cm::acc verb::vv e::pst.ptcp nv::nv cm::gen mark::comma
ilan bedzung de ilata niyalma ,	nv::nv nv::nv cm::dat nv::nv nv::nv mark::comma
tere gisun be han de alana ha ,	nv::nv nv::nv cm::acc nv::nv cm::dat verb::vv e::pst.ptcp mark::comma
emu ubu be ejen de bu he ,	nv::nv nv::nv cm::acc nv::nv cm::dat verb::vv e::pst.ptcp mark::comma
jori ha jurgan be jurce rakū seme ,	verb::vv e::pst.ptcp nv::nv cm::acc verb::vv e::npst.ptcp.neg comp mark::comma
guwangning ni hecen i julergi duka be tafa fi ,	nn::prpn.plc cm::gen nv::nv cm::gen nv::nv nv::nv cm::acc verb::vv e::cve mark::comma
fakca rakū ci ,	verb::vv e::npst.ptcp.neg e::cve mark::comma
tangju ,	nn::prpn.person mark::comma
hoto de sunja yan ,	nn::prpn.person cm::dat nv::nv nv::nv mark::comma
gai ha gurun gucu be ,	verb::vv e::pst.ptcp nv::nv nv::nv cm::acc mark::comma
○ enggeder_efu i babai be wesibu fi beiguwan obu ha .	mark::circle nn::prpn cm::gen nn::prpn.person cm::acc verb::vv e::cve nv::nv verb::vv e::pst.ptcp mark::period
abka ,	nv::nv mark::comma
ama i gung de ilaci jergi iogi obu ha ,	nv::nv cm::gen nv::nv cm::dat nv::nv nv::nv nv::nv verb::vv e::pst.ptcp mark::comma
kuwan_diyan i iogi ,	nn::prpn cm::gen nv::nv mark::comma
du_tang ,	nv::nv mark::comma
lioi_iogi be ,	nn::prpn cm::acc mark::comma
si yabu cina seme hendu he manggi ,	pn::2sg verb::vv e::fve.opt comp verb::vv e::pst.ptcp nv::nv mark::comma
lang_iogi i ahūn deo i niyalma juwe nofi daha me ji he ,	nn::prpn cm::gen nv::nv nv::nv cm::gen nv::nv nv::nv nv::nv verb::vv e::cve verb::vv e::pst.ptcp mark::comma
monggo i ergi jase de anafu te me gene he .	nv::nv cm::gen nv::nv nv::nv cm::dat nv::nv verb::vv e::cve verb::vv e::pst.ptcp mark::period
wa fi unca ra ulha i bosho be ,	verb::vv e::cve verb::vv e::npst.ptcp nv::nv cm::gen nv::nv cm::acc mark::comma
genggiyen_han i hojihon .	nn::prpn cm::gen nv::nv mark::period
jakūn honin wa fi sarin sarila me ,	nv::nv nv::nv verb::vv e::cve nv::nv verb::vv e::cve mark::comma
šumuru ,	nn::prpn.person mark::comma
liyoodung ni jeku be juwen sinda ha ngge ,	nn::prpn.plc cm::gen nv::nv cm::acc nv::nv verb::vv e::pst.ptcp nmlz::nmlz mark::comma
han hendu me ,	nv::nv verb::vv e::cve mark::comma
cooha unggi re de ,	nv::nv verb::vv e::npst.ptcp cm::dat mark::comma
tuttu bele me men be jili banji fi suwen be wa kini ,	nv::nv verb::vv e::cve pn::1pl.excl cm::acc nv::nv verb::vv e::cve pn::2pl cm::acc verb::vv e::fve.opt mark::comma
○ ineku tere inenggi ,	mark::circle nv::nv nv::nv nv::nv mark::comma
kadala ra beiguwan ,	verb::vv e::npst.ptcp nv::nv mark::comma
ere juwan emu hoton be bargiya mbi .	nv::nv nv::nv nv::nv nv::nv cm::acc verb::vv e::fve.npst mark::period
bedere ci ,	verb::vv e::cve mark::comma
○ fujiyang hahana ,	mark::circle nv::nv nn::prpn.person mark::comma
liyoodung ,	nn::prpn.plc mark::comma
uksun i ahūn ,	nv::nv cm::gen nv::nv mark::comma
jaisanggū_taiji ,	nn::prpn mark::comma
hontoho beiguwan be efule he ,	nv::nv nv::nv cm::acc verb::vv e::pst.ptcp mark::comma
tuttu bu me icihiya me waji ha manggi ,	nv::nv verb::vv e::cve verb::vv e::cve verb::vv e::pst.ptcp nv::nv mark::comma
○ gakda be ,	mark::circle nv::adj cm::acc mark::comma
hahana fujiyang hala me gene he .	nn::prpn.person nv::nv verb::vv e::cve verb::vv e::pst.ptcp mark::period
tere i dabala ,	nv::nv cm::gen ptcl mark::comma
giyang_tai_gung ,	nn::prpn mark::comma
usin yangsa me tucibu rakū ojo rahū ,	nv::nv verb::vv e::cve verb::vv e::npst.ptcp.neg verb::vv e::fve.prv mark::comma
yoto ,	nn::prpn.person mark::comma
ula de juwe feye gidalabu ha seme duin yan i weile waliya mbi ,	nv::nv cm::dat nv::nv nv::nv verb::vv e::pst.ptcp comp nv::nv nv::nv cm::gen nv::nv verb::vv e::fve.npst mark::comma
juwanta yan i juwe menggun i moro ,	nv::nv nv::nv cm::gen nv::nv nv::nv cm::gen nv::nv mark::comma
ere juwe weile ,	nv::nv nv::nv nv::nv mark::comma
jaisai_beile ,	nn::prpn mark::comma
jui bu re ,	nv::nv verb::vv e::npst.ptcp mark::comma
han i hūwa i dolo beye i hanci sula takūra ra kintai gebungge emu hehe ,	nv::nv cm::gen nv::nv cm::gen nv::nv nv::nv cm::gen nv::adj nv::adj verb::vv e::npst.ptcp nn::prpn.person nv::adj nv::nv nv::nv mark::comma
je ci emu erin kai ,	verb::vv e::cve nv::nv nv::nv ptcl mark::comma
amban i gebu de coohala ha dari ambula šangna me bu mbi kai ,	nv::nv cm::gen nv::nv cm::dat verb::vv e::pst.ptcp nv::nv nv::nv verb::vv e::cve verb::vv e::fve.npst ptcl mark::comma
handu bele juwe sin ,	nv::nv nv::nv nv::nv nv::nv mark::comma
han de benji he ,	nv::nv cm::dat verb::vv e::pst.ptcp mark::comma
min be daila ha ,	pn::1sg cm::acc verb::vv e::pst.ptcp mark::comma
yecen daise fujiyang gai fi ,	nn::prpn.person nv::nv nv::nv verb::vv e::cve mark::comma
nio_juwang ni mederi ergi niyalma i juse hehe be gemu bargiya fi ,	nn::prpn cm::gen nv::nv nv::nv nv::nv cm::gen nv::nv nv::nv cm::acc nv::nv verb::vv e::cve mark::comma
ere gisun be geren gurun de doigon serebu me hendu mbi .	nv::nv nv::nv cm::acc nv::adj nv::nv cm::dat nv::nv verb::vv e::cve verb::vv e::fve.npst mark::period
juwan emu de ,	nv::nv nv::nv cm::dat mark::comma
jenjuken ,	nn::prpn.person mark::comma
sargan jui be muse de bubu rakū monggo de bubu me ,	nv::nv nv::nv cm::acc pn::1pl.incl cm::dat verb::vv e::npst.ptcp.neg nv::nv cm::dat verb::vv e::cve mark::comma
○ juwan nadan de ,	mark::circle nv::nv nv::nv cm::dat mark::comma
ejen be gosi ∅ ,	nv::nv cm::acc verb::vv e::fve.imperative mark::comma
han i fafun i tondo i kadala mbi ,	nv::nv cm::gen nv::nv cm::gen nv::adj cm::gen verb::vv e::fve.npst mark::comma
min i gurun bi he ,	pn::1sg cm::gen nv::nv verb::vv e::pst.ptcp mark::comma
naho_wei i du_jy_hūi_ši ahadan i omolo suhūng ,	nn::prpn cm::gen nv::nv nv::nv cm::gen nv::nv nn::prpn.person mark::comma
sunja tanggū honin be ,	nv::nv nv::nv nv::nv cm::acc mark::comma
jai han i ai ai weile be ,	nv::nv nv::nv cm::gen nv::nv nv::nv nv::nv cm::acc mark::comma
jori ha jurgan be jurce rakū seme beiguwan obu ha ,	verb::vv e::pst.ptcp nv::nv cm::acc verb::vv e::npst.ptcp.neg comp nv::nv verb::vv e::pst.ptcp mark::comma
hecen i julergi ci šun dekde re ergi dere be ka me gene fi ,	nv::nv cm::gen nv::nv cm::abl nv::nv verb::vv e::npst.ptcp nv::nv nv::nv cm::acc verb::vv e::cve verb::vv e::cve mark::comma
○ tofohon de ,	mark::circle nv::nv cm::dat mark::comma
tai de duin niyalma ,	nv::nv cm::dat nv::nv nv::nv mark::comma
giya_jing ni dehi juwe ci aniya ninggun biya i juwan duin de baha ha ,	nn::prpn cm::gen nv::nv verb::vv e::cve nv::nv nv::nv nv::nv cm::gen nv::nv nv::nv cm::dat verb::vv e::pst.ptcp mark::comma
mulan ai jaka be gemu jalukiya me bu he .	nv::nv nv::nv nv::nv cm::acc nv::nv verb::vv e::cve verb::vv e::pst.ptcp mark::period
isi rakū ci ,	verb::vv e::npst.ptcp.neg e::cve mark::comma
han i bithe ,	nv::nv cm::gen nv::nv mark::comma
ulin ,	nv::nv mark::comma
banji ci ojo rakū jobo me bi he ,	verb::vv e::cve verb::vv e::npst.ptcp.neg verb::vv e::cve verb::vv e::pst.ptcp mark::comma
doso rakū deribu he dain ere inu ,	verb::vv e::npst.ptcp.neg verb::vv e::pst.ptcp nv::nv nv::nv nv::nv mark::comma
akū se he seme dabu rakū ,	nv::adj verb::vv e::pst.ptcp comp verb::vv e::npst.ptcp.neg mark::comma
suwen de bisi re haha be saikan kimci me baica me tolo fi ,	pn::2pl cm::dat verb::vv e::npst.ptcp nv::nv cm::acc nv::adj verb::vv e::cve verb::vv e::cve verb::vv e::cve mark::comma
fulgiyan jafu ninggute bu he ,	nv::nv nv::nv nv::nv verb::vv e::pst.ptcp mark::comma
juwe ihan ,	nv::nv nv::nv mark::comma
uheri ilan tanggū baha fi benji he ,	nv::nv nv::nv nv::nv verb::vv e::cve verb::vv e::pst.ptcp mark::comma
han ambula jili banji fi hendu me ,	nv::nv nv::nv nv::nv verb::vv e::cve verb::vv e::cve mark::comma
fulu holto me hūlha me gaija rakū .	nv::nv verb::vv e::cve verb::vv e::cve verb::vv e::npst.ptcp.neg mark::period
min i ama i gebu tsoo_io_ši ,	pn::1sg cm::gen nv::nv cm::gen nv::nv nn::prpn mark::comma
○ orin nadan de ,	mark::circle nv::nv nv::nv cm::dat mark::comma
juse hehesi be tere jeku sala ha ba de tebu ∅ ,	nv::nv nv::nv cm::acc nv::nv nv::nv verb::vv e::pst.ptcp nv::nv cm::dat verb::vv e::fve.imperative mark::comma
suje ,	nv::nv mark::comma
weceku de gashū ha bi he ,	nv::nv cm::dat verb::vv e::pst.ptcp verb::vv e::pst.ptcp mark::comma
sin i jui be aca ha seme encu ai gisun ,	pn::2sg cm::gen nv::nv cm::acc verb::vv e::pst.ptcp comp nv::nv nv::nv nv::nv mark::comma
suje i teleri ,	nv::nv cm::gen nv::nv mark::comma
men i gurun i banji re doro šajin ,	pn::1pl.excl cm::gen nv::nv cm::gen verb::vv e::npst.ptcp nv::nv nv::nv mark::comma
dele bithe wesimbu rakū ,	nv::nv nv::nv verb::vv e::npst.ptcp.neg mark::comma
nikan cooha de suwaliya fi yabu ha men i solho cooha be ,	nv::nv nv::nv cm::dat verb::vv e::cve verb::vv e::pst.ptcp pn::1pl.excl cm::gen nv::nv nv::nv cm::acc mark::comma
cargi niyalma ebsi dosi me tū me dain jide re ,	nv::nv nv::nv nv::nv verb::vv e::cve verb::vv e::cve nv::nv verb::vv e::npst.ptcp mark::comma
durbi_ho_wei i du_jy_hūi_ši gimboo i omolo namdari ,	nn::prpn cm::gen nv::nv nn::prpn.person cm::gen nv::nv nn::prpn.person mark::comma
donggo_efu ,	nn::prpn mark::comma
geren cooha i niyalma de ana hakū ,	nv::adj nv::nv cm::gen nv::nv cm::dat verb::vv e::pst.ptcp.neg mark::comma
suwen i ilan nofi emu tanggū niyalma be gai fi te ,	pn::2pl cm::gen nv::nv nv::nv nv::nv nv::nv nv::nv cm::acc verb::vv e::cve nv::nv mark::comma
geren cooha boo de isinji ha ilaci inenggi ji he ,	nv::adj nv::nv nv::nv cm::dat verb::vv e::pst.ptcp nv::nv nv::nv verb::vv e::pst.ptcp mark::comma
○ otonggo beiguwan ,	mark::circle nn::prpn.person nv::nv mark::comma
niru i ejen ,	nv::nv cm::gen nv::nv mark::comma
eidu_baturu ,	nn::prpn mark::comma
nikan ,	nv::nv mark::comma
dobihi jakūn .	nv::nv nv::nv mark::period
balai nikan de gai fi unggi rahū ,	nv::nv nv::nv cm::dat verb::vv e::cve verb::vv e::fve.prv mark::comma
lišan iogi be takūra me ,	nn::prpn.person nv::nv cm::acc verb::vv e::cve mark::comma
○ joriktu_beile ci ,	mark::circle nn::prpn cm::abl mark::comma
yehe de ji fi jeku gama ra ,	nv::nv cm::dat verb::vv e::cve nv::nv verb::vv e::npst.ptcp mark::comma
ahūn deo be suwe wa fi ,	nv::nv nv::nv cm::acc pn::2pl verb::vv e::cve mark::comma
ilan šeo_pu be gaji me ,	nv::nv nv::nv cm::acc verb::vv e::cve mark::comma
ci_lii_ho_wei i du_jy_hūi_ciyanši siboo i omolo nari ,	nn::prpn cm::gen nv::nv nn::prpn.person cm::gen nv::nv nv::nv mark::comma
dobori o ci mujakū ba de gene fi akdun alin de dedu ∅ ,	nv::nv verb::vv e::cve nv::nv nv::nv cm::dat verb::vv e::cve nv::adj nv::nv cm::dat verb::vv e::fve.imperative mark::comma
sin i nakcu sin i gisun be donji fi sin be ji ∅ se mbi se re ,	pn::2sg cm::gen nv::nv pn::2sg cm::gen nv::nv cm::acc verb::vv e::cve pn::2sg cm::acc verb::vv e::fve.imperative verb::vv e::fve.npst verb::vv e::npst.ptcp mark::comma
ere jakūn hoton be bargiya mbi .	nv::nv nv::nv nv::nv cm::acc verb::vv e::fve.npst mark::period
afabu ha weile be mute mbi ,	verb::vv e::pst.ptcp nv::nv cm::acc verb::vv e::fve.npst mark::comma
○ nikasa de wasimbu ha bithe ,	mark::circle nv::nv cm::dat verb::vv e::pst.ptcp nv::nv mark::comma
in i cisu i encule me gaija ra handu ,	pn::3sg cm::gen nv::nv cm::gen verb::vv e::cve verb::vv e::npst.ptcp nv::nv mark::comma
fujiyang ci fakca ha de ,	nv::nv cm::abl verb::vv e::pst.ptcp cm::dat mark::comma
tuttu burula fi si ainu holto mbi seme ,	nv::nv verb::vv e::cve pn::2sg nv::nv verb::vv e::fve.npst comp mark::comma
ai jaka be duri me cuwangna me yabu mbi se re ,	nv::nv nv::nv cm::acc verb::vv e::cve verb::vv e::cve verb::vv e::fve.npst verb::vv e::npst.ptcp mark::comma
camci ,	nv::nv mark::comma
cahara ,	nv::nv mark::comma
hecen i ninggu de tafa fi dedu he ,	nv::nv cm::gen nv::nv cm::dat verb::vv e::cve verb::vv e::pst.ptcp mark::comma
ula gurun be gaji re jugūn bi he ni .	nv::nv nv::nv cm::acc verb::vv e::npst.ptcp nv::nv verb::vv e::pst.ptcp ptcl mark::period
mene ehe ise mbi ,	nv::nv nv::adj verb::vv e::fve.npst mark::comma
○ yahū be ,	mark::circle nn::prpn.person cm::acc mark::comma
jenjuken be ucara fi ,	nn::prpn.person cm::acc verb::vv e::cve mark::comma
juwan niyalma ,	nv::nv nv::nv mark::comma
han ama i tacibu ha gisun be eje fi ,	nv::nv nv::nv cm::gen verb::vv e::pst.ptcp nv::nv cm::acc verb::vv e::cve mark::comma
han donji fi soorin ci jaila fi julesi burula ha ,	nv::nv verb::vv e::cve nv::nv cm::abl verb::vv e::cve nv::nv verb::vv e::pst.ptcp mark::comma
○ jangsiba be ,	mark::circle nn::prpn.person cm::acc mark::comma
gin_iogi ,	nn::prpn mark::comma
kasari ,	nv::nv mark::comma
uhereme ton ,	nv::nv nv::nv mark::comma
cihakū o ci ,	nv::adj verb::vv e::cve mark::comma
junggina ,	nn::prpn.person mark::comma
sara sain kooli be alabu me baitala ki ,	nv::nv nv::adj nv::nv cm::acc verb::vv e::cve verb::vv e::fve.opt mark::comma
fujiyang fakca hakū seme wesihun han de ala ∅ ,	nv::nv verb::vv e::pst.ptcp.neg comp nv::nv nv::nv cm::dat verb::vv e::fve.imperative mark::comma
deo aika ehe mujilen jafa ha de ,	nv::nv nv::nv nv::adj nv::nv verb::vv e::pst.ptcp cm::dat mark::comma
jušen i dangse de ara ha .	nv::nv cm::gen nv::nv cm::dat verb::vv e::pst.ptcp mark::period
ere tai dele afa fi bi ete mbi o ,	nv::nv nv::nv nv::nv verb::vv e::cve pn::1sg verb::vv e::fve.npst ptcl mark::comma
monggo_fujin ala me ,	nn::prpn verb::vv e::cve mark::comma
gūwa goida ra be hendu mbi dere ,	nv::nv verb::vv e::npst.ptcp cm::acc verb::vv e::fve.npst ptcl mark::comma
tere i dabala ,	nv::nv cm::gen ptcl mark::comma
fila juwe ,	nv::nv nv::nv mark::comma
niyalma jailabu me yabu ∅ ,	nv::nv verb::vv e::cve verb::vv e::fve.imperative mark::comma
bobung ,	nn::prpn.person mark::comma
si_uli fujiyang be ,	nn::prpn nv::nv cm::acc mark::comma
afabu ha weile be mute mbi ,	verb::vv e::pst.ptcp nv::nv cm::acc verb::vv e::fve.npst mark::comma
tere gisun be donji fi ,	nv::nv nv::nv cm::acc verb::vv e::cve mark::comma
abutai_nakcu ,	nn::prpn mark::comma
tere golo de dedu he ,	nv::nv nv::nv cm::dat verb::vv e::pst.ptcp mark::comma
ilan bedzung de ilata niyalma ,	nv::nv nv::nv cm::dat nv::nv nv::nv mark::comma
eljige ,	nn::prpn.person mark::comma
sure_kundulen_han i susai se de ,	nn::prpn cm::gen nv::nv nv::nv cm::dat mark::comma
sain niyalma o ci morin gai ∅ ,	nv::adj nv::nv verb::vv e::cve nv::nv verb::vv e::fve.imperative mark::comma
gisun ,	nv::nv mark::comma
hergen i dolo ilan inenggi ilan dobori hori ha ,	nv::nv cm::gen nv::nv nv::nv nv::nv nv::nv nv::nv verb::vv e::pst.ptcp mark::comma
amba_efu i eje he be orin sunja yan ,	nn::prpn cm::gen verb::vv e::pst.ptcp cm::acc nv::nv nv::nv nv::nv mark::comma
tere i sira me geren i baksala fi faksikan i jalan hanci sinda fi yabu ∅ ,	nv::nv cm::gen verb::vv e::cve nv::adj cm::gen verb::vv e::cve nv::adj cm::gen nv::nv nv::adj verb::vv e::cve verb::vv e::fve.imperative mark::comma
te re boo ,	verb::vv e::npst.ptcp nv::nv mark::comma
in i waka be hendu ci ojo rakū o ci ,	pn::3sg cm::gen nv::adj cm::acc verb::vv e::cve verb::vv e::npst.ptcp.neg verb::vv e::cve mark::comma
han ,	nv::nv mark::comma
corji ,	nn::prpn.person mark::comma
○ guwangning de kakduri dzung_bing_guwan ,	mark::circle nn::prpn.plc cm::dat nn::prpn.person nv::nv mark::comma
lungsi ,	nn::prpn.person mark::comma
bi wang_beiguwan i emgi amca fi wa ha ,	pn::1sg nn::prpn cm::gen nv::nv verb::vv e::cve verb::vv e::pst.ptcp mark::comma
i_jeo de isi tala ulebu ∅ ,	nn::prpn cm::dat verb::vv e::cve verb::vv e::fve.imperative mark::comma
tsang ni jeku kai ,	nv::nv cm::gen nv::nv ptcl mark::comma
morin minggan funce me buce he ,	nv::nv nv::nv verb::vv e::cve verb::vv e::pst.ptcp mark::comma
sin i deo be beiguwan obu ha ,	pn::2sg cm::gen nv::nv cm::acc nv::nv verb::vv e::pst.ptcp mark::comma
gosi ha be daha me ,	verb::vv e::pst.ptcp cm::acc verb::vv e::cve mark::comma
liyoodung ni ba i bithe cooha i geren hafasa ,	nn::prpn.plc cm::gen nv::nv cm::gen nv::nv nv::nv cm::gen nv::adj nv::nv mark::comma
juwe daise ,	nv::nv nv::nv mark::comma
facuhūn gašan o ci wa ∅ seme unggi he .	nv::adj nv::nv verb::vv e::cve verb::vv e::fve.imperative comp verb::vv e::pst.ptcp mark::period
mederi tun de ambula bi he de ,	nv::nv nv::nv cm::dat nv::nv verb::vv e::pst.ptcp cm::dat mark::comma
sibetu ,	nn::prpn.person mark::comma
be_ši_jung gebungge emu niyalma ,	nn::prpn nv::adj nv::nv nv::nv mark::comma
hoifa de emu feye baha ha seme ,	nn::prpn.plc cm::dat nv::nv nv::nv verb::vv e::pst.ptcp comp mark::comma
sure_kundulen_han i dehi uyun se de ,	nn::prpn cm::gen nv::nv nv::nv nv::nv cm::dat mark::comma
dabsun akū ,	nv::nv nv::adj mark::comma
suihu me tetun agūra be efule me ,	verb::vv e::cve nv::nv nv::nv cm::acc verb::vv e::cve mark::comma
lung_cuwan de akū bi he ,	nn::prpn cm::dat nv::adj verb::vv e::pst.ptcp mark::comma
hejige de dedu he .	nn::prpn.plc cm::dat verb::vv e::pst.ptcp mark::period
meni meni teisu teisu ba i jeku akū nikasa de unca ∅ .	nv::nv nv::nv nv::nv nv::nv nv::nv cm::gen nv::nv nv::adj nv::nv cm::dat verb::vv e::fve.imperative mark::period
tondo i kadala ki ,	nv::adj cm::gen verb::vv e::fve.opt mark::comma
○ tere inenggi wasimbu ha bithe ,	mark::circle nv::nv nv::nv verb::vv e::pst.ptcp nv::nv mark::comma
ula i tumen uji he ,	nv::nv cm::gen nv::nv verb::vv e::pst.ptcp mark::comma
menggun fiyoose emke ,	nv::nv nv::nv nv::nv mark::comma
ikina ,	nn::prpn.person mark::comma
muse i beye jaifiyan de bi ki ,	nv::nv cm::gen nv::nv nv::nv cm::dat verb::vv e::fve.opt mark::comma
ememu niyalma gama ha bele waji fi omihon yabu ha .	nv::nv nv::nv verb::vv e::pst.ptcp nv::nv verb::vv e::cve nv::adj verb::vv e::pst.ptcp mark::period
mao_wen_lung ni beye de isina ha manggi hūlha me bu ∅ ,	nn::prpn cm::gen nv::nv cm::dat verb::vv e::pst.ptcp nv::nv verb::vv e::cve verb::vv e::fve.imperative mark::comma
nikan cooha afanji ha ,	nv::nv nv::nv verb::vv e::pst.ptcp mark::comma
ehe ara me yabu re be ,	nv::adj verb::vv e::cve verb::vv e::npst.ptcp cm::acc mark::comma
tere cooha muse de afanji rakū kai ,	nv::nv nv::nv pn::1pl.incl cm::dat verb::vv e::npst.ptcp.neg ptcl mark::comma
kirabio ,	nn::prpn.person mark::comma
beile se hendu me ,	nv::nv nv::nv verb::vv e::cve mark::comma
losa ,	nv::nv mark::comma
muhaliyan dosi fi dule rahū ,	nv::nv verb::vv e::cve verb::vv e::fve.prv mark::comma
muse i cooha be teisu teisu okdo fi wa ha se ci ,	nv::nv cm::gen nv::nv cm::acc nv::nv nv::nv verb::vv e::cve verb::vv e::pst.ptcp verb::vv e::cve mark::comma
sain be sain ,	nv::adj cm::acc nv::adj mark::comma
ku i ulin tucibu fi sargan uda me gai ∅ seme ,	nv::nv cm::gen nv::nv verb::vv e::cve nv::nv verb::vv e::cve verb::vv e::fve.imperative comp mark::comma
cooha be okdo ro be tuwa ki seme hendu he manggi ,	nv::nv cm::acc verb::vv e::npst.ptcp cm::acc verb::vv e::fve.opt comp verb::vv e::pst.ptcp nv::nv mark::comma
emu jergi buce re weile be guwebu mbi .	nv::nv nv::nv verb::vv e::npst.ptcp nv::nv cm::acc verb::vv e::fve.npst mark::period
○ orin uyun de ,	mark::circle nv::nv nv::nv cm::dat mark::comma
deo sin i banji re doro ,	nv::nv pn::2sg cm::gen verb::vv e::npst.ptcp nv::nv mark::comma
umai akū yafahan ,	nv::nv nv::adj nv::adj mark::comma
○ niyolmono eimun be ,	mark::circle nn::prpn.person nn::prpn.person cm::acc mark::comma
nikan i cooha jase i dube de sabunji hakū ,	nv::nv cm::gen nv::nv nv::nv cm::gen nv::nv cm::dat verb::vv e::pst.ptcp.neg mark::comma
muse i banji re dube aibide bi ,	nv::nv cm::gen verb::vv e::npst.ptcp nv::nv nv::nv verb::vv.npst mark::comma
solho han sin i dolo muse juwe gurun da ci umai ehe akū bi he ,	nv::nv nv::nv pn::2sg cm::gen nv::nv pn::1pl.incl nv::nv nv::nv nv::nv cm::abl nv::nv nv::adj nv::adj verb::vv e::pst.ptcp mark::comma
ula i bujantai_beile golo fi ,	nv::nv cm::gen nn::prpn verb::vv e::cve mark::comma
tuba be amasi doo fi bedere me ji he ,	nv::nv cm::acc nv::nv verb::vv e::cve verb::vv e::cve verb::vv e::pst.ptcp mark::comma
tuttu o ci ,	nv::nv verb::vv e::cve mark::comma
geren be je kini seme holo gisun ainu hendu mbi seme hendu he .	nv::adj cm::acc verb::vv e::fve.opt comp nv::nv nv::nv nv::nv verb::vv e::fve.npst comp verb::vv e::pst.ptcp mark::period
nemehe ,	nn::prpn.person mark::comma
( ere bahūn de unggi he bithe ,	mark::lparen nv::nv nn::prpn.person cm::dat verb::vv e::pst.ptcp nv::nv mark::comma
geren ahūta deote ci encule me ehe facuhūn mujilen jafa rakū ,	nv::adj nv::nv nv::nv cm::abl verb::vv e::cve nv::adj nv::adj nv::nv verb::vv e::npst.ptcp.neg mark::comma
turgei ,	nn::prpn.person mark::comma
jai cimari bai me suila rakū ,	nv::nv nv::nv verb::vv e::cve verb::vv e::npst.ptcp.neg mark::comma
tayu ,	nn::prpn.person mark::comma
suwen i cooha be subahai_gufu te he ba de aca fi emgi te seme ,	pn::2pl cm::gen nv::nv cm::acc nn::prpn verb::vv e::pst.ptcp nv::nv cm::dat verb::vv e::cve nv::nv nv::nv comp mark::comma
nene me bu hekū ngge ,	verb::vv e::cve verb::vv e::pst.ptcp.neg nmlz::nmlz mark::comma
aika han ama ci fudara me yabu ci ,	nv::nv nv::nv nv::nv cm::abl verb::vv e::cve verb::vv e::cve mark::comma
nacibu i jergi jakūn gūsa i emte amban be hoton ara ∅ seme unggi he bi he ,	nn::prpn.person cm::gen nv::nv nv::nv nv::nv cm::gen nv::nv nv::nv cm::acc nv::nv verb::vv e::fve.imperative comp verb::vv e::pst.ptcp verb::vv e::pst.ptcp mark::comma
sereng_beile i uyunju sunja niyalma uka me ji he ,	nn::prpn cm::gen nv::nv nv::nv nv::nv verb::vv e::cve verb::vv e::pst.ptcp mark::comma
yaran de tofohon yan i weile gai fi ,	nn::prpn.plc cm::dat nv::nv nv::nv cm::gen nv::nv verb::vv e::cve mark::comma
ishun de kundule ci doro mute mbi dere ,	nv::nv cm::dat verb::vv e::cve nv::nv verb::vv e::fve.npst ptcl mark::comma
tofohon de sucu ha ,	nv::nv cm::dat verb::vv e::pst.ptcp mark::comma
tuttu akda rakū o fi ,	nv::nv verb::vv e::npst.ptcp.neg verb::vv e::cve mark::comma
○ šanggiyan bonio aniya ,	mark::circle nv::nv nv::nv nv::nv mark::comma
syšiba be tungse obu ha .	nn::prpn.person cm::acc nv::nv verb::vv e::pst.ptcp mark::period
ulin ambula bu mbi seme jalda me gama fi wa ha ,	nv::nv nv::nv verb::vv e::fve.npst comp verb::vv e::cve verb::vv e::cve verb::vv e::pst.ptcp mark::comma
yoo_jeo ,	nn::prpn mark::comma
min i beye i gese emgi banji ha amban sa ,	pn::1sg cm::gen nv::nv cm::gen nv::nv nv::nv verb::vv e::pst.ptcp nv::nv nv::nv mark::comma
muse juwe gurun ba na aca me te fi ,	pn::1pl.incl nv::nv nv::nv nv::nv nv::nv verb::vv e::cve verb::vv e::cve mark::comma
cooha gene he amban sa ,	nv::nv verb::vv e::pst.ptcp nv::nv nv::nv mark::comma
suwe meni meni cihangga beile se de sadun jafa fi jui bu me urun gai me gucule ci suwen i ciha o ∅ ,	pn::2pl nv::nv nv::nv nv::adj nv::nv nv::nv cm::dat nv::nv verb::vv e::cve nv::nv verb::vv e::cve nv::nv verb::vv e::cve verb::vv e::cve pn::2pl cm::gen nv::nv verb::vv e::fve.imperative mark::comma
sinagan i doro de ambula jobo ci ,	nv::nv cm::gen nv::nv cm::dat nv::nv verb::vv e::cve mark::comma
genggiyen_han hendu me ,	nn::prpn verb::vv e::cve mark::comma
nikan tokto rakū jing uka me gene re ,	nv::nv verb::vv e::npst.ptcp.neg nv::nv verb::vv e::cve verb::vv e::npst.ptcp mark::comma
abka ,	nv::nv mark::comma
han jili banji fi hendu me ,	nv::nv nv::nv verb::vv e::cve verb::vv e::cve mark::comma
○ gaha ,	mark::circle nv::nv mark::comma
an_šan alin de šun tuhe re ergi ,	nn::prpn nv::nv cm::dat nv::nv verb::vv e::npst.ptcp nv::nv mark::comma
je ci isi rakū ,	verb::vv e::cve verb::vv e::npst.ptcp.neg mark::comma
afabu ha weile be mute mbi ,	verb::vv e::pst.ptcp nv::nv cm::acc verb::vv e::fve.npst mark::comma
jase i jaka de ili ha karun i niyalma be han de alana ∅ seme unggi he ,	nv::nv cm::gen nv::nv cm::dat verb::vv e::pst.ptcp nv::nv cm::gen nv::nv cm::acc nv::nv cm::dat verb::vv e::fve.imperative comp verb::vv e::pst.ptcp mark::comma
kemuni nikan i baru ojo ro jaka de ,	nv::nv nv::nv cm::gen nv::nv verb::vv e::npst.ptcp nv::nv cm::dat mark::comma
emgeri gidalabu ha seme orin ilan yan i weile waliya mbi ,	nv::nv verb::vv e::pst.ptcp comp nv::nv nv::nv nv::nv cm::gen nv::nv verb::vv e::fve.npst mark::comma
tere ci ji fi ,	nv::nv cm::abl verb::vv e::cve mark::comma
julergi_mederi jakara me te he emu gūsa i nadan tanggū cooha be ,	nn::prpn verb::vv e::cve verb::vv e::pst.ptcp nv::nv nv::nv cm::gen nv::nv nv::nv nv::nv cm::acc mark::comma
inu suwen i ciha .	nv::nv pn::2pl cm::gen nv::nv mark::period
banji ci emu jurgan o ho ,	verb::vv e::cve nv::nv nv::nv verb::vv e::pst.ptcp mark::comma
meni meni beile se de bu ∅ ,	nv::nv nv::nv nv::nv nv::nv cm::dat verb::vv e::fve.imperative mark::comma
dehi nadan haha ,	nv::nv nv::nv nv::nv mark::comma
han seole me gūni fi ,	nv::nv verb::vv e::cve verb::vv e::cve mark::comma
xi_san_šan de anafu tene he ba ci ,	nn::prpn cm::dat nv::nv verb::vv e::pst.ptcp nv::nv cm::abl mark::comma
pu tokso i irgen niyalma ,	nv::nv nv::nv cm::gen nv::nv nv::nv mark::comma
aha ambula šangna fi ,	nv::nv nv::nv verb::vv e::cve mark::comma
hoifa gašan i teisu sabu fi jai naka ha ,	nn::prpn.plc nv::nv cm::gen nv::nv verb::vv e::cve nv::nv verb::vv e::pst.ptcp mark::comma
ehe sui isi fi buce kini ,	nv::adj nv::nv verb::vv e::cve verb::vv e::fve.opt mark::comma
tatan i angga be ebsi ara ∅ ,	nv::nv cm::gen nv::nv cm::acc nv::nv verb::vv e::fve.imperative mark::comma
konggor_beile i sargan jui be in i ahūn benji me ji mbi seme ,	nn::prpn cm::gen nv::nv nv::nv cm::acc pn::3sg cm::gen nv::nv verb::vv e::cve verb::vv e::fve.npst comp mark::comma
sahalca de hūda gene fi amasi jide re de ,	nv::nv cm::dat nv::nv verb::vv e::cve nv::nv verb::vv e::npst.ptcp cm::dat mark::comma
te ere tai dele bi fi aina mbi ebu ∅ ,	nv::nv nv::nv nv::nv nv::nv verb::vv e::cve verb::vv e::fve.npst verb::vv e::fve.imperative mark::comma
uka ka niyalma morin i ejen cangšu ,	verb::vv e::pst.ptcp nv::nv nv::nv cm::gen nv::nv nn::prpn.person mark::comma
tanggū coko gai habi seme gercile re jaka de ,	nv::nv nv::nv verb::vv e::fve.prs.prf comp verb::vv e::npst.ptcp nv::nv cm::dat mark::comma
niyalma tucibu fi sarhū de bene ∅ ,	nv::nv verb::vv e::cve nv::nv cm::dat verb::vv e::fve.imperative mark::comma
hecen ci tuci me nimaha hūrhada me gene fi ,	nv::nv cm::abl verb::vv e::cve nv::nv verb::vv e::cve verb::vv e::cve mark::comma
hecen i kemun jakūn minggan da bu he .	nv::nv cm::gen nv::nv nv::nv nv::nv nv::nv verb::vv e::pst.ptcp mark::period
ilan minggan kadala ra niyalma ,	nv::nv nv::nv verb::vv e::npst.ptcp nv::nv mark::comma
boo de uji he ujima ,	nv::nv cm::dat verb::vv e::pst.ptcp nv::nv mark::comma
orin muwa boso ,	nv::nv nv::adj nv::nv mark::comma
bi fi bu rakū seme min be akda rakū ci ,	verb::vv e::cve verb::vv e::npst.ptcp.neg comp pn::1sg cm::acc verb::vv e::npst.ptcp.neg e::cve mark::comma
dunduhu_mafa ,	nn::prpn mark::comma
te adarame amasi bederebu re ,	nv::nv nv::nv nv::nv verb::vv e::npst.ptcp mark::comma
dehi duin haha be gama me fe_ala de gene he .	nv::nv nv::nv nv::nv cm::acc verb::vv e::cve nn::prpn cm::dat verb::vv e::pst.ptcp mark::period
akū ci ,	verb::vv e::cve mark::comma
te dabsun baha fi je mbi ,	nv::nv nv::nv verb::vv e::cve verb::vv e::fve.npst mark::comma
suje gecuheri mocin samsu ai jaka be ,	nv::nv nv::nv nv::nv nv::nv nv::nv nv::nv cm::acc mark::comma
jori ha jurgan be jurce rakū seme ilaci jergi iogi obu ha ,	verb::vv e::pst.ptcp nv::nv cm::acc verb::vv e::npst.ptcp.neg comp nv::nv nv::nv nv::nv verb::vv e::pst.ptcp mark::comma
emu niyalma i etu he mahala goi fi yali de isina fi umaina hakū ,	nv::nv nv::nv cm::gen verb::vv e::pst.ptcp nv::nv verb::vv e::cve nv::nv cm::dat verb::vv e::cve verb::vv e::pst.ptcp.neg mark::comma
jalida me gisure cina se he bi he ,	verb::vv e::cve verb::vv e::fve.opt verb::vv e::pst.ptcp verb::vv e::pst.ptcp mark::comma
hūsihan hūwaitabu fi ,	nv::nv verb::vv e::cve mark::comma
ama mafa i giran ,	nv::nv nv::nv cm::gen nv::nv mark::comma
manggūldai de emte morin folo ho enggemu hadala toho hoi bu he ,	nn::prpn.person cm::dat nv::nv nv::nv verb::vv e::pst.ptcp nv::nv nv::nv verb::vv e::cve verb::vv e::pst.ptcp mark::comma
han i kesi ,	nv::nv cm::gen nv::nv mark::comma
ere nikan min be umaina ci hoko rakū o fi ,	nv::nv nv::nv pn::1sg cm::acc verb::vv e::cve verb::vv e::npst.ptcp.neg verb::vv e::cve mark::comma
min be koro bu ha ba be ,	pn::1sg cm::acc verb::vv sfx e::pst.ptcp nv::nv cm::acc mark::comma
wa ha niyalma i beye be ilibu me bu rakū ci ,	verb::vv e::pst.ptcp nv::nv cm::gen nv::nv cm::acc verb::vv e::cve verb::vv e::npst.ptcp.neg e::cve mark::comma
juwan morin gaji me uka me ji he .	nv::nv nv::nv verb::vv e::cve verb::vv e::cve verb::vv e::pst.ptcp mark::period
orin duin de unggi he ,	nv::nv nv::nv cm::dat verb::vv e::pst.ptcp mark::comma
morin yalu ci ,	nv::nv verb::vv e::cve mark::comma
inenggidari aca fi gurun irgen i jobo ro jirga ra doro šajin be ,	nv::nv verb::vv e::cve nv::nv nv::nv cm::gen verb::vv e::npst.ptcp verb::vv e::npst.ptcp nv::nv nv::nv cm::acc mark::comma
ilan sejen ,	nv::nv nv::nv mark::comma
abka de akdula ha gisun de isibu me ,	nv::nv cm::dat verb::vv e::pst.ptcp nv::nv cm::dat verb::vv e::cve mark::comma
dalibun akū ucarabu ha ooba_hūwang_taiji juwe nofi ginggule me abka de donjibu me ala mbi ,	nv::nv nv::adj verb::vv e::pst.ptcp nn::prpn nv::nv nv::nv verb::vv e::cve nv::nv cm::dat verb::vv e::cve verb::vv e::fve.npst mark::comma
donji re de inu gebu sain ,	verb::vv e::npst.ptcp cm::dat nv::nv nv::nv nv::adj mark::comma
fujiyang de ninggun niyalma ,	nv::nv cm::dat nv::nv nv::nv mark::comma
baindari fonji re jaka de ,	nn::prpn.person verb::vv e::npst.ptcp nv::nv cm::dat mark::comma
ainu tanta fi sinda mbi ,	nv::nv verb::vv e::cve verb::vv e::fve.npst mark::comma
ilan biya de ,	nv::nv nv::nv cm::dat mark::comma
morohon i ahūn urgūdai be ,	nv::adj cm::gen nv::nv nn::prpn.person cm::acc mark::comma
dzung_bing_guwan ci fusihūn cooha i amban sa ,	nv::nv cm::abl nv::adj nv::nv cm::gen nv::nv nv::nv mark::comma
muhaliyan i ucikan ,	nv::nv cm::gen nn::prpn.person mark::comma
fusi ,	nn::prpn.plc mark::comma
hecen baha ha manggi ,	nv::nv verb::vv e::pst.ptcp nv::nv mark::comma
girangga mangga i sunja boo ,	nn::prpn.person nv::adj cm::gen nv::nv nv::nv mark::comma
sunjaci jergi ,	nv::nv nv::nv mark::comma
afabu ha weile be mute mbi ,	verb::vv e::pst.ptcp nv::nv cm::acc verb::vv e::fve.npst mark::comma
○ sunja biya i ice ilan de ,	mark::circle nv::nv nv::nv cm::gen nv::adj nv::nv cm::dat mark::comma
tere ci amasi ji fi moo i hoton de dedu he .	nv::nv cm::abl nv::nv verb::vv e::cve nv::nv cm::gen nv::nv cm::dat verb::vv e::pst.ptcp mark::period
uji ci banji ki seme duin sunja jergi hendu ci ,	verb::vv e::cve verb::vv e::fve.opt comp nv::nv nv::nv nv::nv verb::vv e::cve mark::comma
gashū ha gisun be aifu fi jase be daba me ,	verb::vv e::pst.ptcp nv::nv cm::acc verb::vv e::cve nv::nv cm::acc verb::vv e::cve mark::comma
gumunai ,	nn::prpn.person mark::comma
kalka i beile se i juse be ,	nv::nv cm::gen nv::nv nv::nv cm::gen nv::nv cm::acc mark::comma
gemu emu adali asihan ihan be tuwa me gai ∅ ,	nv::nv nv::nv nv::adj nv::adj nv::nv cm::acc verb::vv e::cve verb::vv e::fve.imperative mark::comma
geren de hebde me ala fi gene ∅ ,	nv::adj cm::dat verb::vv e::cve verb::vv e::cve verb::vv e::fve.imperative mark::comma
gashū re anggala ,	verb::vv e::npst.ptcp nv::nv mark::comma
sarhū i alin i ninggu de ili habi ,	nv::nv cm::gen nv::nv cm::gen nv::nv cm::dat verb::vv e::fve.prs.prf mark::comma
g'ai_jeo ,	nn::prpn mark::comma
tofohoci jergi .	nv::nv nv::nv mark::period
guri me jide re niyalma suwe ama ahūta nene me hūdun ji fi ,	verb::vv e::cve verb::vv e::npst.ptcp nv::nv pn::2pl nv::nv nv::nv verb::vv e::cve nv::adj verb::vv e::cve mark::comma
kekji_mafa ,	nn::prpn mark::comma
wan kalka be ,	nv::nv nv::nv cm::acc mark::comma
solho suwen i cooha be nikan de da fi min de ji he manggi ,	nv::nv pn::2pl cm::gen nv::nv cm::acc nv::nv cm::dat verb::vv e::cve pn::1sg cm::dat verb::vv e::pst.ptcp nv::nv mark::comma
guwangning de šangna ha ulin ,	nn::prpn.plc cm::dat verb::vv e::pst.ptcp nv::nv mark::comma
min be genggiyen se re ngge ai ,	pn::1sg cm::acc nv::adj verb::vv e::npst.ptcp nmlz::nmlz nv::nv mark::comma
han i tacibu ha tondo fafun be jurce rakū banji ci ,	nv::nv cm::gen verb::vv e::pst.ptcp nv::adj nv::nv cm::acc verb::vv e::npst.ptcp.neg verb::vv e::cve mark::comma
○ omšon biya de ,	mark::circle nv::nv nv::nv cm::dat mark::comma
ilangga ,	nn::prpn.person mark::comma
min i gese alha ,	pn::1sg cm::gen nv::nv nv::adj mark::comma
cooha gai fi gene he ilan beile de ,	nv::nv verb::vv e::cve verb::vv e::pst.ptcp nv::nv nv::nv cm::dat mark::comma
min de coho me elcin ji ∅ ,	pn::1sg cm::dat verb::vv e::cve nv::nv verb::vv e::fve.imperative mark::comma
hūsun tuci fi takūrabu me banji ∅ ,	nv::nv verb::vv e::cve verb::vv e::cve verb::vv e::fve.imperative mark::comma
tuttu uji ci ,	nv::nv verb::vv e::cve mark::comma
korcin i ukšan_taiji de elcin gene he .	nn::prpn.plc cm::gen nn::prpn cm::dat nv::nv verb::vv e::pst.ptcp mark::period
emu jergi buce re weile be guwebu mbi ,	nv::nv nv::nv verb::vv e::npst.ptcp nv::nv cm::acc verb::vv e::fve.npst mark::comma
gercile he wang_sun_el be unggi ∅ ,	verb::vv e::pst.ptcp nn::prpn cm::acc verb::vv e::fve.imperative mark::comma
ulin gai ha be donji ha de ,	nv::nv verb::vv e::pst.ptcp cm::acc verb::vv e::pst.ptcp cm::dat mark::comma
eidu i fe gung be fete me gisure fi ,	nn::prpn.person cm::gen nv::adj nv::nv cm::acc verb::vv e::cve verb::vv e::cve mark::comma
tongki fuka sinda ha hergen i dangse .	nv::nv nv::nv verb::vv e::pst.ptcp nv::nv cm::gen nv::nv mark::period
yasukei ,	nn::prpn.person mark::comma
u_yen ,	nn::prpn mark::comma
hehe juse be olji ara ∅ seme unggi he ,	nv::nv nv::nv cm::acc nv::nv verb::vv e::fve.imperative comp verb::vv e::pst.ptcp mark::comma
donggo_efu de min i amba sargan jui be bu fi hojihon obu ha ,	nn::prpn cm::dat pn::1sg cm::gen nv::adj nv::nv nv::nv cm::acc verb::vv e::cve nv::nv verb::vv e::pst.ptcp mark::comma
hehe juse jakūn ,	nv::nv nv::nv nv::nv mark::comma
emte getuken icihiya me mutebu re niyalma be tucibu fi ,	nv::nv nv::adj verb::vv e::cve verb::vv e::npst.ptcp nv::nv cm::acc verb::vv e::cve mark::comma
namtai be eksingge_baksi de takūra ha ,	nn::prpn.person cm::acc nn::prpn cm::dat verb::vv e::pst.ptcp mark::comma
emu tu tukiye ∅ ,	nv::nv nv::nv verb::vv e::fve.imperative mark::comma
tere muse de ai gucu ,	nv::nv pn::1pl.incl cm::dat nv::nv nv::nv mark::comma
nikan i cooha i amala ili fi bi he ,	nv::nv cm::gen nv::nv cm::gen nv::nv verb::vv e::cve verb::vv e::pst.ptcp mark::comma
○ liyang_beiguwan i kadala ra dai_giya_tun i si_nai ,	mark::circle nn::prpn cm::gen verb::vv e::npst.ptcp nn::prpn cm::gen nn::prpn mark::comma
gūsin dere dasa fi ,	nv::nv nv::nv verb::vv e::cve mark::comma
yehe i ergi de gene he .	nv::nv cm::gen nv::nv cm::dat verb::vv e::pst.ptcp mark::period
○ ninggun biya i ice uyun de fu_jeo i ba i niyalma be ubaša mbi seme donji fi ,	mark::circle nv::nv nv::nv cm::gen nv::adj nv::nv cm::dat nn::prpn cm::gen nv::nv cm::gen nv::nv cm::acc verb::vv e::fve.npst comp verb::vv e::cve mark::comma
abka geli nikan gurun be asuru saiša hakūbi ,	nv::nv nv::nv nv::nv nv::nv cm::acc nv::nv verb::vv e::fve.prs.prf.neg mark::comma
gvlmahūn juwe tanggū cooha be langgiya de gai fi te mbi .	nv::nv nv::nv nv::nv nv::nv cm::acc nn::prpn.plc cm::dat verb::vv e::cve verb::vv e::fve.npst mark::period
nacin i baru fonji re jaka de ,	nv::nv cm::gen nv::nv verb::vv e::npst.ptcp nv::nv cm::dat mark::comma
ere liyoodung ni hecen ,	nv::nv nn::prpn.plc cm::gen nv::nv mark::comma
kundulen_genggiyen_han ,	nn::prpn mark::comma
fe_ala i garsa ,	nn::prpn cm::gen nv::adj mark::comma
tuttu tuwana fi ji he manggi ,	nv::nv verb::vv e::cve verb::vv e::pst.ptcp nv::nv mark::comma
juwan duin de ,	nv::nv nv::nv cm::dat mark::comma
banji me daba fi efuje mbi kai ,	verb::vv e::cve verb::vv e::cve verb::vv e::fve.npst ptcl mark::comma
han ,	nv::nv mark::comma
han hendu me ,	nv::nv verb::vv e::cve mark::comma
han toktobu me hendu he gisun ,	nv::nv verb::vv e::cve verb::vv e::pst.ptcp nv::nv mark::comma
beile se i beye sebjele ki seme giyahūn makta me aba abala me ,	nv::nv nv::nv cm::gen nv::nv verb::vv e::fve.opt comp nv::nv verb::vv e::cve nv::nv verb::vv e::cve mark::comma
buyanggū_beile i ahūn deo ,	nn::prpn cm::gen nv::nv nv::nv mark::comma
burantai ,	nn::prpn.person mark::comma
mafa ,	nv::nv mark::comma
juwe minggan honin gaji me ubaša me ji he ,	nv::nv nv::nv nv::nv verb::vv e::cve verb::vv e::cve verb::vv e::pst.ptcp mark::comma
han i hese be jurce me ,	nv::nv cm::gen nv::nv cm::acc verb::vv e::cve mark::comma
dule ke aniya jakūn biya ci tiye_šan de te hebi ,	verb::vv e::pst.ptcp nv::nv nv::nv nv::nv cm::abl nn::prpn cm::dat verb::vv e::fve.prs.prf mark::comma
jui fudasihūn ehe gūni ha bi ci ,	nv::nv nv::adj nv::adj verb::vv e::pst.ptcp verb::vv e::cve mark::comma
sunja kiyoo de sunja fujin be tebu fi gaji ha .	nv::nv nv::nv cm::dat nv::nv nv::nv cm::acc verb::vv e::cve verb::vv e::pst.ptcp mark::period
emu dobihi dahū ,	nv::nv nv::nv nv::nv mark::comma
suwen i beye jobo ci jobo kini ,	pn::2pl cm::gen nv::nv verb::vv e::cve verb::vv e::fve.opt mark::comma
hoto_bayan uju jergi ,	nn::prpn nv::nv nv::nv mark::comma
emhun ala ci ,	nv::nv verb::vv e::cve mark::comma
gabta ci saci ci da rakū o fi ,	verb::vv e::cve verb::vv e::cve verb::vv e::npst.ptcp.neg verb::vv e::cve mark::comma
tere be adun_age ,	nv::nv cm::acc nn::prpn mark::comma
tongki fuka sinda ha hergen i dangse .	nv::nv nv::nv verb::vv e::pst.ptcp nv::nv cm::gen nv::nv mark::period
jase i tulergi ci sejen ihan jide re de ,	nv::nv cm::gen nv::nv cm::abl nv::nv nv::nv verb::vv e::npst.ptcp cm::dat mark::comma
nikan i geren iogi de wasimbu ha ,	nv::nv cm::gen nv::adj nv::nv cm::dat verb::vv e::pst.ptcp mark::comma
emu biya de juwan anggala de ilan yan menggun bu ∅ seme hendu he .	nv::nv nv::nv cm::dat nv::nv nv::nv cm::dat nv::nv nv::nv nv::nv verb::vv e::fve.imperative comp verb::vv e::pst.ptcp mark::period
degelei_age ,	nn::prpn mark::comma
sunja ,	nv::nv mark::comma
ehe sain be dere bani rakū ,	nv::adj nv::adj cm::acc nv::nv verb::vv e::npst.ptcp.neg mark::comma
tuhe ke jaka be baha ha niyalma tukiye fi ejen de bu fi ,	verb::vv e::pst.ptcp nv::nv cm::acc verb::vv e::pst.ptcp nv::nv verb::vv e::cve nv::nv cm::dat verb::vv e::cve mark::comma
liyoodung ni hecen de te hebi ,	nn::prpn.plc cm::gen nv::nv cm::dat verb::vv e::fve.prs.prf mark::comma
jakūci ,	nv::nv mark::comma
han de ba be kadala ra hafan baihanji ha manggi ,	nv::nv cm::dat nv::nv cm::acc verb::vv e::npst.ptcp nv::nv verb::vv e::pst.ptcp nv::nv mark::comma
nikan i sin i emu tanggū dehi ninggun hule se re ,	nv::nv cm::gen nv::nv cm::gen nv::nv nv::nv nv::nv nv::nv nv::nv verb::vv e::npst.ptcp mark::comma
niongniyaha ,	nv::nv mark::comma
jeng_giyang ,	nn::prpn mark::comma
gin_ioi_ho ,	nn::prpn mark::comma
fu_jeo i juse hehesi ,	nn::prpn cm::gen nv::nv nv::nv mark::comma
sele urebu re ši_ceng ni tsanjiyang wang_dzy_deng be ,	nv::nv verb::vv e::npst.ptcp nn::prpn cm::gen nv::nv nn::prpn cm::acc mark::comma
weile he jeku gaibu me jobo ho ,	verb::vv e::pst.ptcp nv::nv verb::vv e::cve verb::vv e::pst.ptcp mark::comma
○ monggo gurun i sunja tatan i kalka de ,	mark::circle nv::nv nv::nv cm::gen nv::nv nv::nv cm::gen nv::nv cm::dat mark::comma
han i tacibu ha gisun be eje fi ,	nv::nv cm::gen verb::vv e::pst.ptcp nv::nv cm::acc verb::vv e::cve mark::comma
g'arma ,	nn::prpn.person mark::comma
da de bi inu kiyoo de te rakū bi he ,	nv::nv cm::dat pn::1sg nv::nv nv::nv cm::dat verb::vv e::npst.ptcp.neg verb::vv e::pst.ptcp mark::comma
manggūldai de nadata haha i jušen tokso juwete ,	nn::prpn.person cm::dat nv::nv nv::nv cm::gen nv::nv nv::nv nv::nv mark::comma
ehe be ehe seme han de ala mbi ,	nv::adj cm::acc nv::adj comp nv::nv cm::dat verb::vv e::fve.npst mark::comma
juwe ba de gese dende fi te .	nv::nv nv::nv cm::dat nv::nv verb::vv e::cve nv::nv mark::period
nangnuk ,	nn::prpn.person mark::comma
nene me tsanjiyang hergen i salgūri ,	verb::vv e::cve nv::nv nv::nv cm::gen nn::prpn.person mark::comma
tanggū yan i weile ara ha ,	nv::nv nv::nv cm::gen nv::nv verb::vv e::pst.ptcp mark::comma
○ boroi be ,	mark::circle nn::prpn.person cm::acc mark::comma
orin de isinji ha .	nv::nv cm::dat verb::vv e::pst.ptcp mark::period
juwe niru be manggūltai_beile de bu he .	nv::nv nv::nv cm::acc nn::prpn cm::dat verb::vv e::pst.ptcp mark::period
han i hojihon konatai ,	nv::nv cm::gen nv::nv nn::prpn.person mark::comma
ai ai baita bi ci ,	nv::nv nv::nv nv::nv verb::vv e::cve mark::comma
sure_han i amha ,	nn::prpn cm::gen nv::nv mark::comma
sunja niru be emu baksan ara fi ,	nv::nv nv::nv cm::acc nv::nv nv::nv verb::vv e::cve mark::comma
sain wehe juwebu mbi .	nv::adj nv::nv verb::vv e::fve.npst mark::period
mendu_dagan be weri he ,	nn::prpn cm::acc verb::vv e::pst.ptcp mark::comma
sure_kundulen_han ,	nn::prpn mark::comma
han i juleri tukiye he ,	nv::nv cm::gen nv::nv verb::vv e::pst.ptcp mark::comma
bi daila ha ,	pn::1sg verb::vv e::pst.ptcp mark::comma
menggun ku i da de gene fi ,	nv::nv nv::nv cm::gen nv::nv cm::dat verb::vv e::cve mark::comma
jai emu niru be emte wan ara ∅ seme arabu ha .	nv::nv nv::nv nv::nv cm::acc nv::nv nv::nv verb::vv e::fve.imperative comp verb::vv e::pst.ptcp mark::period
warka_ecike nakabu ha seme weile ara fi ,	nn::prpn verb::vv e::pst.ptcp comp nv::nv verb::vv e::cve mark::comma
nene me unggi he g'aoši bithe be ara fi ,	verb::vv e::cve verb::vv e::pst.ptcp nv::nv nv::nv cm::acc verb::vv e::cve mark::comma
hūsibu ,	nn::prpn.person mark::comma
julge ci jaci oshon o hobi ,	nv::nv cm::abl nv::nv nv::adj verb::vv e::fve.prs.prf mark::comma
suwen i uji he ujima be beile se gai mbi o ,	pn::2pl cm::gen verb::vv e::pst.ptcp nv::nv cm::acc nv::nv nv::nv verb::vv e::fve.npst ptcl mark::comma
han hendu me ,	nv::nv verb::vv e::cve mark::comma
juwe biya i juwan de wasimbu ha ,	nv::nv nv::nv cm::gen nv::nv cm::dat verb::vv e::pst.ptcp mark::comma
labi ,	nv::nv mark::comma
cahar kalka ci ji he beile se guwangning ni hafasa be gama fi amba sarin sarila ha ,	nn::prpn.plc nv::nv cm::abl verb::vv e::pst.ptcp nv::nv nv::nv nn::prpn.plc cm::gen nv::nv cm::acc verb::vv e::cve nv::adj nv::nv verb::vv e::pst.ptcp mark::comma
emu majige ser seme gasacun ehe akū bi he ,	nv::nv nv::adj nv::nv comp nv::nv nv::adj nv::adj verb::vv e::pst.ptcp mark::comma
darhan_efu ,	nn::prpn mark::comma
hūrha i dain de afa ha seme ,	nv::nv cm::gen nv::nv cm::dat verb::vv e::pst.ptcp comp mark::comma
ere ninggun boigon be hai_jeo de tebu he .	nv::nv nv::nv nv::nv cm::acc nn::prpn cm::dat verb::vv e::pst.ptcp mark::period
tumen cooha ,	nv::nv nv::nv mark::comma
mao_wen_lung ni takūra ha tsoo_dusy be wa ha ,	nn::prpn cm::gen verb::vv e::pst.ptcp nn::prpn cm::acc verb::vv e::pst.ptcp mark::comma
hai_si ici_wei i du_jy_hūi_ciyanši hoto i jui etebu ,	nn::prpn nn::prpn cm::gen nv::nv nn::prpn.person cm::gen nv::nv nn::prpn.person mark::comma
tere ucuri han gasa ra labdu o fi ,	nv::nv nv::nv nv::nv verb::vv e::npst.ptcp nv::nv verb::vv e::cve mark::comma
dulembu rakū hendu mbi ,	verb::vv e::npst.ptcp.neg verb::vv e::fve.npst mark::comma
han i etu he seke hayahan i šanggiyan jibca ,	nv::nv cm::gen verb::vv e::pst.ptcp nv::nv nv::nv cm::gen nv::nv nv::nv mark::comma
erhetu ,	nn::prpn.person mark::comma
gisungga ,	nn::prpn.person mark::comma
mao_wen_lung de gamabu fi wabu ha gung be ala fi ,	nn::prpn cm::dat verb::vv e::cve verb::vv e::pst.ptcp nv::nv cm::acc verb::vv e::cve mark::comma
tuttu bu he de ,	nv::nv verb::vv e::pst.ptcp cm::dat mark::comma
moohai ,	nn::prpn.person mark::comma
kūwaktaka donji fi jafa hakū seme ,	nn::prpn.person verb::vv e::cve verb::vv e::pst.ptcp.neg comp mark::comma
juwe niyalma ulhū de dosi fi tuci kebi ,	nv::nv nv::nv nv::nv cm::dat verb::vv e::cve verb::vv e::fve.prs.prf mark::comma
hecemu_golo be tuci me ,	nn::prpn cm::acc verb::vv e::cve mark::comma
○ limbu be ,	mark::circle nn::prpn.person cm::acc mark::comma
amala weile tuci ci gung o kini ,	nv::nv nv::nv verb::vv e::cve nv::nv verb::vv e::fve.opt mark::comma
jeng_dung_pu ,	nn::prpn mark::comma
saikan kimci me bai me wa fi ,	nv::adj verb::vv e::cve verb::vv e::cve verb::vv e::cve mark::comma
ilan jui be bu he ilan jergi hojihon bujantai ,	nv::nv nv::nv cm::acc verb::vv e::pst.ptcp nv::nv nv::nv nv::nv nn::prpn.person mark::comma
gama ra be gama ra ,	verb::vv e::npst.ptcp cm::acc verb::vv e::npst.ptcp mark::comma
○ emu fuka i fejergi bithe emu eje he .	mark::circle nv::nv nv::nv cm::gen nv::nv nv::nv nv::nv verb::vv e::pst.ptcp mark::period
icengge ,	nn::prpn.person mark::comma
moo gana ra haha ,	nv::nv verb::vv e::npst.ptcp nv::nv mark::comma
emte hūwaita ra morin de ,	nv::nv verb::vv e::npst.ptcp nv::nv cm::dat mark::comma
geli ehe facuhūn banji ci o mbi o ,	nv::nv nv::adj nv::adj verb::vv e::cve verb::vv e::fve.npst ptcl mark::comma
han de hengkile me acanji ha bi he ,	nv::nv cm::dat verb::vv e::cve verb::vv e::pst.ptcp verb::vv e::pst.ptcp mark::comma
jai jergi beile se ,	nv::nv nv::nv nv::nv nv::nv mark::comma
šajin de duile ci ,	nv::nv cm::dat verb::vv e::cve mark::comma
ere juwe niyalma gai ha ,	nv::nv nv::nv nv::nv verb::vv e::pst.ptcp mark::comma
han i uttu gosi me uji fi kadala ∅ seme afabu ha jurgan be ,	nv::nv cm::gen nv::nv verb::vv e::cve verb::vv e::cve verb::vv e::fve.imperative comp verb::vv e::pst.ptcp nv::nv cm::acc mark::comma
amargi de monggo gurun bi ,	nv::nv cm::dat nv::nv nv::nv verb::vv.npst mark::comma
amba genggiyen_han ,	nv::adj nn::prpn mark::comma
tere ci kalka be alin i wesihun ibe me gama ra de ,	nv::nv cm::abl nv::nv cm::acc nv::nv cm::gen nv::nv verb::vv e::cve verb::vv e::npst.ptcp cm::dat mark::comma
jori ha jurgan be jurce rakū seme beiguwan obu ha .	verb::vv e::pst.ptcp nv::nv cm::acc verb::vv e::npst.ptcp.neg comp nv::nv verb::vv e::pst.ptcp mark::period
jenjuken tuci fi ,	nn::prpn.person verb::vv e::cve mark::comma
tofohon niyalma be wa ha ,	nv::nv nv::nv cm::acc verb::vv e::pst.ptcp mark::comma
te geli juwe jurgan i cooha ji mbi se re ,	nv::nv nv::nv nv::nv nv::nv cm::gen nv::nv verb::vv e::fve.npst verb::vv e::npst.ptcp mark::comma
geren amban sa de weile tuhe fi ,	nv::adj nv::nv nv::nv cm::dat nv::nv verb::vv e::cve mark::comma
ere be ai turgun se ci ,	nv::nv cm::acc nv::nv nv::nv verb::vv e::cve mark::comma
emu hoton be gai fi sin be afa ci baha rakū seme sin i hoton de sin be tebu fi gene mbi o ,	nv::nv nv::nv cm::acc verb::vv e::cve pn::2sg cm::acc verb::vv e::cve verb::vv e::npst.ptcp.neg comp pn::2sg cm::gen nv::nv cm::dat pn::2sg cm::acc verb::vv e::cve verb::vv e::fve.npst ptcl mark::comma
○ fu_jeo i ba i niyalma be ubaša mbi seme donji fi ,	mark::circle nn::prpn cm::gen nv::nv cm::gen nv::nv cm::acc verb::vv e::fve.npst comp verb::vv e::cve mark::comma
alimba ,	nn::prpn.person mark::comma
daise dende me gai ∅ ,	nv::nv verb::vv e::cve verb::vv e::fve.imperative mark::comma
ihan uyunju nadan ,	nv::nv nv::nv nv::nv mark::comma
○ nikan be ,	mark::circle nv::nv cm::acc mark::comma
jakūnju cimari suwen i beye i jete re ngge .	nv::nv nv::nv pn::2pl cm::gen nv::nv cm::gen verb::vv e::npst.ptcp nmlz::nmlz mark::period
yarkiya me gana ra de ji ci ,	verb::vv e::cve verb::vv e::npst.ptcp cm::dat verb::vv e::cve mark::comma
duin mama de emte gurgu i yali tukiye fi unggi he ,	nv::nv nv::nv cm::dat nv::nv nv::nv cm::gen nv::nv verb::vv e::cve verb::vv e::pst.ptcp mark::comma
sin de tsanjiyang bu he ngge ,	pn::2sg cm::dat nv::nv verb::vv e::pst.ptcp nmlz::nmlz mark::comma
jakūn tanggū ,	nv::nv nv::nv mark::comma
sirin ,	nv::nv mark::comma
suwen i weile beide re amban sa ,	pn::2pl cm::gen nv::nv verb::vv e::npst.ptcp nv::nv nv::nv mark::comma
ere weile be tondo i waji mbi o ,	nv::nv nv::nv cm::acc nv::adj cm::gen verb::vv e::fve.npst ptcl mark::comma
○ ineku tere inenggi ,	mark::circle nv::nv nv::nv nv::nv mark::comma
juwe ulgiyan ,	nv::nv nv::nv mark::comma
tuttu tondo i fafula rakū ehe miosihon jurgan i yabu ci ,	nv::nv nv::adj cm::gen verb::vv e::npst.ptcp.neg nv::adj nv::adj nv::nv cm::gen verb::vv e::cve mark::comma
tere elcin i emgi ,	nv::nv nv::nv cm::gen nv::nv mark::comma
orin uyun de ,	nv::nv nv::nv cm::dat mark::comma
nikan be daila fi liyoodung ni hecen be gai fi ,	nv::nv cm::acc verb::vv e::cve nn::prpn.plc cm::gen nv::nv cm::acc verb::vv e::cve mark::comma
sunja jui ,	nv::nv nv::nv mark::comma
i beye be amtangga i banji kini seme ,	pn::3sg nv::nv cm::acc nv::adj cm::gen verb::vv e::fve.opt comp mark::comma
hasi emu fan benji he ,	nv::nv nv::nv nv::nv verb::vv e::pst.ptcp mark::comma
anculakū de ,	nn::prpn.plc cm::dat mark::comma
ere jakūn hoton be bargiya mbi .	nv::nv nv::nv nv::nv cm::acc verb::vv e::fve.npst mark::period
fe kemuni banji mbi kai ,	nv::adj nv::nv verb::vv e::fve.npst ptcl mark::comma
aisin han i hūncihin ,	nv::nv nv::nv cm::gen nv::nv mark::comma
ere bai me ji he gung de ,	nv::nv verb::vv e::cve verb::vv e::pst.ptcp nv::nv cm::dat mark::comma
bi emu niyalma be takūra me jušen bithe emu hontoho ,	pn::1sg nv::nv nv::nv cm::acc verb::vv e::cve nv::nv nv::nv nv::nv nv::nv mark::comma
afabu ha weile be mute mbi ,	verb::vv e::pst.ptcp nv::nv cm::acc verb::vv e::fve.npst mark::comma
gosi me gungju be bu he ,	verb::vv e::cve nv::nv cm::acc verb::vv e::pst.ptcp mark::comma
doro dasa ra de emu ba de baitala ci ojo ro niyalma aibide bi ,	nv::nv verb::vv e::npst.ptcp cm::dat nv::nv nv::nv cm::dat verb::vv e::cve verb::vv e::npst.ptcp nv::nv nv::nv verb::vv.npst mark::comma
dain de afa ha be ,	nv::nv cm::dat verb::vv e::pst.ptcp cm::acc mark::comma
ilaci jergi dobori hecen be daba me uka ka ,	nv::nv nv::nv nv::nv nv::nv cm::acc verb::vv e::cve verb::vv e::pst.ptcp mark::comma
tere be suwen de salibu habi o ,	nv::nv cm::acc pn::2pl cm::dat verb::vv e::fve.prs.prf ptcl mark::comma
tulergi niyalma gūni mbi seme ala hakū bi he ,	nv::nv nv::nv verb::vv e::fve.npst comp verb::vv e::pst.ptcp.neg verb::vv e::pst.ptcp mark::comma
baha ha niyalma gemu gai kini ,	verb::vv e::pst.ptcp nv::nv nv::nv verb::vv e::fve.opt mark::comma
bo_lo_pu i jaka de hūsita niru i aha šose te hebi ,	nn::prpn cm::gen nv::nv cm::dat nn::prpn.person nv::nv cm::gen nv::nv nn::prpn.person verb::vv e::fve.prs.prf mark::comma
sikse orin uyun i yamji ,	nv::nv nv::nv nv::nv cm::gen nv::nv mark::comma
tere ci sarin sarila fi ,	nv::nv cm::abl nv::nv verb::vv e::cve mark::comma
beile se amban sa wakala fi jobolon gasacun tuša mbi kai ,	nv::nv nv::nv nv::nv nv::nv verb::vv e::cve nv::nv nv::nv verb::vv e::fve.npst ptcl mark::comma
min i bude re giyan o fi deribu he seme jabu ha ,	pn::1sg cm::gen verb::vv e::npst.ptcp nv::nv verb::vv e::cve verb::vv e::pst.ptcp comp verb::vv e::pst.ptcp mark::comma
jaciba ,	nn::prpn.person mark::comma
suje gūsin sunja ,	nv::nv nv::nv nv::nv mark::comma
yaya eje he i uju de gemu ara habi ,	nv::nv verb::vv e::pst.ptcp cm::gen nv::nv cm::dat nv::nv verb::vv e::fve.prs.prf mark::comma
yoto_age ,	nn::prpn mark::comma
emu niyalma be cooha ilibu fi ,	nv::nv nv::nv cm::acc nv::nv verb::vv e::cve mark::comma
gebu ma_el ,	nv::nv nn::prpn mark::comma
duka de te fi carki tū ∅ seme hūla me gaji ha manggi ,	nv::nv cm::dat verb::vv e::cve nv::nv verb::vv e::fve.imperative comp verb::vv e::cve verb::vv e::pst.ptcp nv::nv mark::comma
○ juwe biya i juwan ninggun de ,	mark::circle nv::nv nv::nv cm::gen nv::nv nv::nv cm::dat mark::comma
suwen i ukanju be bederebu mbi ,	pn::2pl cm::gen nv::nv cm::acc verb::vv e::fve.npst mark::comma
tuttu tondo i fafula rakū ehe miosihon jurgan i banji ci ,	nv::nv nv::adj cm::gen verb::vv e::npst.ptcp.neg nv::adj nv::adj nv::nv cm::gen verb::vv e::cve mark::comma
sio_yan i angga de jušen i cooha emu tanggū ,	nn::prpn cm::gen nv::nv cm::dat nv::nv cm::gen nv::nv nv::nv nv::nv mark::comma
ula de emu feye sacibu ha seme nadan niyalma ,	nv::nv cm::dat nv::nv nv::nv verb::vv e::pst.ptcp comp nv::nv nv::nv mark::comma
tuwa fi ambula o ho de ,	verb::vv e::cve nv::nv verb::vv e::pst.ptcp cm::dat mark::comma
beiguwan gai fi ,	nv::nv verb::vv e::cve mark::comma
hehe juse be olji ara cina ,	nv::nv nv::nv cm::acc nv::nv verb::vv e::fve.opt mark::comma
emu jergi buce re weile be guwebu mbi ,	nv::nv nv::nv verb::vv e::npst.ptcp nv::nv cm::acc verb::vv e::fve.npst mark::comma
ere sunja niyalma be ,	nv::nv nv::nv nv::nv cm::acc mark::comma
aisin han te he boo tari ha usin be acinggiya hakū uji he ,	nv::nv nv::nv verb::vv e::pst.ptcp nv::nv verb::vv e::pst.ptcp nv::nv cm::acc verb::vv e::pst.ptcp.neg verb::vv e::pst.ptcp mark::comma
janggin de juwete mocin ,	nv::nv cm::dat nv::nv nv::nv mark::comma
juwan duin eihen ,	nv::nv nv::nv nv::nv mark::comma
○ ineku tere inenggi ,	mark::circle nv::nv nv::nv nv::nv mark::comma
sure_kundulen_han i susai juwe se de ,	nn::prpn cm::gen nv::nv nv::nv nv::nv cm::dat mark::comma
jafabu ha bak ,	verb::vv e::pst.ptcp nn::prpn.person mark::comma
suwen de ai jili ,	pn::2pl cm::dat nv::nv nv::nv mark::comma
deo i ehe waka de ,	nv::nv cm::gen nv::adj nv::adj cm::dat mark::comma
yaki ,	nv::nv mark::comma
uji he ujima i dabala ,	verb::vv e::pst.ptcp nv::nv cm::gen ptcl mark::comma
○ julergi jase i tulergi ci bargiya me jase i dolo gaji fi tebu he ,	mark::circle nv::nv nv::nv cm::gen nv::nv cm::abl verb::vv e::cve nv::nv cm::gen nv::nv verb::vv e::cve verb::vv e::pst.ptcp mark::comma
ula de emte feye baha ha seme ,	nv::nv cm::dat nv::nv nv::nv verb::vv e::pst.ptcp comp mark::comma
šongkoro ,	nv::nv mark::comma
bi inu suwen de akda rakū .	pn::1sg nv::nv pn::2pl cm::dat verb::vv e::npst.ptcp.neg mark::period
buyara me waka ba be ya be hendu re ,	verb::vv e::cve nv::adj nv::nv cm::acc nv::nv cm::acc verb::vv e::npst.ptcp mark::comma
uju jergi fujiyang obu ha .	nv::nv nv::nv nv::nv verb::vv e::pst.ptcp mark::period
juwe jergi senggi eye he ,	nv::nv nv::nv nv::nv verb::vv e::pst.ptcp mark::comma
nacibu gebungge amban de ,	nn::prpn.person nv::adj nv::nv cm::dat mark::comma
g'ai_jeo julergi irešen de goi ha uka me gene re nikan ,	nn::prpn nv::nv nn::prpn.person cm::dat verb::vv e::pst.ptcp verb::vv e::cve verb::vv e::npst.ptcp nv::nv mark::comma
lodori ,	nn::prpn.person mark::comma
○ gulu lamun gūsa i nikan iogi g'ao_ming_ho ,	mark::circle nv::adj nv::adj nv::nv cm::gen nv::nv nv::nv nn::prpn mark::comma
uheri haha i ton emu tanggū gūsin .	nv::nv nv::nv cm::gen nv::nv nv::nv nv::nv nv::nv mark::period
jui se i ehe be men de ala rakū ci ,	nv::nv nv::nv cm::gen nv::adj cm::acc pn::1pl.excl cm::dat verb::vv e::npst.ptcp.neg e::cve mark::comma
ihan losa eihen ilan tanggū seme ,	nv::nv nv::nv nv::nv nv::nv nv::nv comp mark::comma
weile ara fi wa mbihe ,	nv::nv verb::vv e::cve verb::vv e::fve.pst.ipfv mark::comma
yaya fujisa ,	nv::nv nv::nv mark::comma
han hendu me ,	nv::nv verb::vv e::cve mark::comma
suni ,	nn::prpn.person mark::comma
min i emgi gashū ha fe hebe kemuni nikan be daila ki se ci ,	pn::1sg cm::gen nv::nv verb::vv e::pst.ptcp nv::adj nv::nv nv::nv nv::nv cm::acc verb::vv e::fve.opt verb::vv e::cve mark::comma
emu eme de banji ha damu non kai seme ,	nv::nv nv::nv cm::dat verb::vv e::pst.ptcp nv::nv nv::nv ptcl comp mark::comma
han hendu me ,	nv::nv verb::vv e::cve mark::comma
cartu_šan_wei i du_jy_hūi_tungjy atai i jui hada ,	nn::prpn cm::gen nv::nv nn::prpn.person cm::gen nv::nv nn::prpn.person mark::comma
men i juwan tatan i doro jafa ha beile se ,	pn::1pl.excl cm::gen nv::nv nv::nv cm::gen nv::nv verb::vv e::pst.ptcp nv::nv nv::nv mark::comma
ice han te he ci ,	nv::adj nv::nv verb::vv e::pst.ptcp cm::abl mark::comma
orin yan gung be ,	nv::nv nv::nv nv::nv cm::acc mark::comma
abka na de hengkile me niyakūra me gashū mbi ,	nv::nv nv::nv cm::dat verb::vv e::cve verb::vv e::cve verb::vv e::fve.npst mark::comma
jori ha jurgan be jurce rakū seme ,	verb::vv e::pst.ptcp nv::nv cm::acc verb::vv e::npst.ptcp.neg comp mark::comma
fu_jeo ,	nn::prpn mark::comma
akšan ,	nv::nv mark::comma
lenggeri ,	nv::nv mark::comma
alin bira be abala mbi seme dung_ging ni hecen ci jura ka ,	nv::nv nv::nv cm::acc verb::vv e::fve.npst comp nn::prpn cm::gen nv::nv cm::abl verb::vv e::pst.ptcp mark::comma
○ dada i be ,	mark::circle nn::prpn.person cm::gen cm::acc mark::comma
jori ha ba be ufara rakū gabta mbihe ,	verb::vv e::pst.ptcp nv::nv cm::acc verb::vv e::npst.ptcp.neg verb::vv e::fve.pst.ipfv mark::comma
tere ci gege in i gucihi be ,	nv::nv cm::abl nv::nv pn::3sg cm::gen nv::nv cm::acc mark::comma
jakūn gūsa i ubu sinda me wa ha .	nv::nv nv::nv cm::gen nv::nv verb::vv e::cve verb::vv e::pst.ptcp mark::period
šun dekde re baru ,	nv::nv verb::vv e::npst.ptcp nv::nv mark::comma
emu niru i sunjata niyalma ,	nv::nv nv::nv cm::gen nv::nv nv::nv mark::comma
eidege ,	nn::prpn.person mark::comma
○ juwan duin de ,	mark::circle nv::nv nv::nv cm::dat mark::comma
gemu oilori deleri unggi he dere ,	nv::nv nv::nv nv::nv verb::vv e::pst.ptcp ptcl mark::comma
weile akū ba i niyalma be te hei bi ci ,	nv::nv nv::adj nv::nv cm::gen nv::nv cm::acc verb::vv e::cve verb::vv e::cve mark::comma
jeku akū niyalma de unca ∅ ,	nv::nv nv::adj nv::nv cm::dat verb::vv e::fve.imperative mark::comma
muhu_gioro ci ebsi ,	nn::prpn cm::abl nv::nv mark::comma
tere ilan kuren i yafahan cooha de beri jebele akū ,	nv::nv nv::nv nv::adj cm::gen nv::adj nv::nv cm::dat nv::nv nv::nv nv::adj mark::comma
tuttu tondo i fafula rakū ehe miosihon jurgan i yabu ci ,	nv::nv nv::adj cm::gen verb::vv e::npst.ptcp.neg nv::adj nv::adj nv::nv cm::gen verb::vv e::cve mark::comma
uji he ujima ,	verb::vv e::pst.ptcp nv::nv mark::comma
han i šangna me bu he šang ,	nv::nv cm::gen verb::vv e::cve verb::vv e::pst.ptcp nv::nv mark::comma
tulergi ulan i tule ili ha cooha de aca me ji he manggi ,	nv::nv nv::nv cm::gen nv::nv verb::vv e::pst.ptcp nv::nv cm::dat verb::vv e::cve verb::vv e::pst.ptcp nv::nv mark::comma
suwen be hūda tucibu me udabu rakū .	pn::2pl cm::acc nv::nv verb::vv e::cve verb::vv e::npst.ptcp.neg mark::period
isele he niyalma be wa ha ,	verb::vv e::pst.ptcp nv::nv cm::acc verb::vv e::pst.ptcp mark::comma
i_jeo golo be boigon dalibu me unggi he .	nn::prpn nv::nv cm::acc nv::nv verb::vv e::cve verb::vv e::pst.ptcp mark::period
susai kiyan hoošan ,	nv::nv nv::nv nv::nv mark::comma
han i booi nimaha bai re hancuha ,	nv::nv cm::gen nv::nv nv::nv verb::vv e::npst.ptcp nn::prpn.person mark::comma
bojiri i deo yarabu ,	nn::prpn.person cm::gen nv::nv nn::prpn.person mark::comma
fakca ha de ,	verb::vv e::pst.ptcp cm::dat mark::comma
hai_jeo ,	nn::prpn mark::comma
guwangning ni hecen de uka me ji he ,	nn::prpn.plc cm::gen nv::nv cm::dat verb::vv e::cve verb::vv e::pst.ptcp mark::comma
tofohoci jergi ,	nv::nv nv::nv mark::comma
○ kurmei be ,	mark::circle nn::prpn.person cm::acc mark::comma
suwen de weile .	pn::2pl cm::dat nv::nv mark::period
tere gurun geli emu aniya juwe aniya o mbi ,	nv::nv nv::nv nv::nv nv::nv nv::nv nv::nv nv::nv verb::vv e::fve.npst mark::comma
dodo_taiji ,	nn::prpn mark::comma
giyose caru fi je ∅ ,	nv::nv verb::vv e::cve verb::vv e::fve.imperative mark::comma
eihen juwe tanggū ninggun ,	nv::nv nv::nv nv::nv nv::nv mark::comma
tai de duin niyalma ,	nv::nv cm::dat nv::nv nv::nv mark::comma
cing_tai_ioi ,	nn::prpn mark::comma
bira i cargi ci ilan tanggū nikan ebergi dalin de doo fi ,	nv::nv cm::gen nv::nv cm::abl nv::nv nv::nv nv::nv nv::nv nv::nv cm::dat verb::vv e::cve mark::comma
ba de isina ha manggi mujilen gūwaliya ci ,	nv::nv cm::dat verb::vv e::pst.ptcp nv::nv nv::nv verb::vv e::cve mark::comma
gūsita šusiha šusihala ha ,	nv::nv nv::nv verb::vv e::pst.ptcp mark::comma
geli uju fusi fi daha rahū seme olho me ,	nv::nv nv::nv verb::vv e::cve verb::vv e::fve.prv comp verb::vv e::cve mark::comma
fu_jeo ,	nn::prpn mark::comma
bainju ,	nn::prpn.person mark::comma
fulgiyan tu tukiye he de ,	nv::nv nv::nv verb::vv e::pst.ptcp cm::dat mark::comma
hecen pu tai noho ba be bai me boo te ,	nv::nv nv::nv nv::nv nv::nv nv::nv cm::acc verb::vv e::cve nv::nv nv::nv mark::comma
han i beye ice ninggun de okdo me gene mbi ,	nv::nv cm::gen nv::nv nv::adj nv::nv cm::dat verb::vv e::cve verb::vv e::fve.npst mark::comma
asara ra solho be asarabu hakū ukambu ha seme ,	verb::vv e::npst.ptcp nv::nv cm::acc verb::vv e::pst.ptcp.neg verb::vv e::pst.ptcp comp mark::comma
gemu abka i ciha kai ,	nv::nv nv::nv cm::gen nv::nv ptcl mark::comma
hehe niyalma i etu he etuku i ulhun jafa hakū ,	nv::nv nv::nv cm::gen verb::vv e::pst.ptcp nv::nv cm::gen nv::nv verb::vv e::pst.ptcp.neg mark::comma
han beile se i doro ,	nv::nv nv::nv nv::nv cm::gen nv::nv mark::comma
fujin emhe de amba_beile tebeliye me aca ha ,	nv::nv nv::nv cm::dat nn::prpn verb::vv e::cve verb::vv e::pst.ptcp mark::comma
eksingge ,	nn::prpn.person mark::comma
ba na be bekile fi dain ojo ro jaka de ,	nv::nv nv::nv cm::acc verb::vv e::cve nv::nv verb::vv e::npst.ptcp nv::nv cm::dat mark::comma
akiran de emu feye baha ha seme juwan emu yan i weile waliya mbi ,	nn::prpn.plc cm::dat nv::nv nv::nv verb::vv e::pst.ptcp comp nv::nv nv::nv nv::nv cm::gen nv::nv verb::vv e::fve.npst mark::comma
ere ci amasi haha hūlha ci ,	nv::nv cm::abl nv::nv nv::nv verb::vv e::cve mark::comma
tuttu tondo i fafula rakū ehe miosihon jurgan i yabu ci ,	nv::nv nv::adj cm::gen verb::vv e::npst.ptcp.neg nv::adj nv::adj nv::nv cm::gen verb::vv e::cve mark::comma
jeng_giyang ,	nn::prpn mark::comma
tere cimari gerende re onggolo ,	nv::nv nv::nv verb::vv e::npst.ptcp nv::nv mark::comma
jakūta de emu feye baha ha seme sunja yan i weile waliya mbi ,	nv::nv cm::dat nv::nv nv::nv verb::vv e::pst.ptcp comp nv::nv nv::nv cm::gen nv::nv verb::vv e::fve.npst mark::comma
ba be waliya fi bai me ji he gung ,	nv::nv cm::acc verb::vv e::cve verb::vv e::cve verb::vv e::pst.ptcp nv::nv mark::comma
○ jaisai_beile ,	mark::circle nn::prpn mark::comma
beile se amban sa be gai fi abka de hengkile fi ,	nv::nv nv::nv nv::nv nv::nv cm::acc verb::vv e::cve nv::nv cm::dat verb::vv e::cve mark::comma
gangguri ,	nn::prpn.person mark::comma
gama ci ojo rakū deberen banji ha turga ulha be ,	verb::vv e::cve verb::vv e::npst.ptcp.neg nv::nv verb::vv e::pst.ptcp nv::adj nv::nv cm::acc mark::comma
tanggū haha ji hebi ,	nv::nv nv::nv verb::vv e::fve.prs.prf mark::comma
suwe daha ci ,	pn::2pl verb::vv e::cve mark::comma
hoto_bayan ,	nn::prpn mark::comma
hecen be akdula me asikakan ara fi ,	nv::nv cm::acc verb::vv e::cve nv::nv verb::vv e::cve mark::comma
ama mafa i giran ,	nv::nv nv::nv cm::gen nv::nv mark::comma
○ ilan biya i juwan i inenggi cooha tuci ke ,	mark::circle nv::nv nv::nv cm::gen nv::nv cm::gen nv::nv nv::nv verb::vv e::pst.ptcp mark::comma
salgūri tsanjiyang ni niyalma i kalfi ha sirdan de šula goi fi buce he ,	nn::prpn.person nv::nv cm::gen nv::nv cm::gen verb::vv e::pst.ptcp nv::nv cm::dat nv::nv verb::vv e::cve verb::vv e::pst.ptcp mark::comma
niowanggiyaha ,	nn::prpn.plc mark::comma
ede tofohoto yan menggun bu he .	nv::nv nv::nv nv::nv nv::nv verb::vv e::pst.ptcp mark::period
oforo šan be toko fi sinda ha .	nv::nv nv::nv cm::acc verb::vv e::cve verb::vv e::pst.ptcp mark::period
ehe be ehe seme han de ala mbi ,	nv::adj cm::acc nv::adj comp nv::nv cm::dat verb::vv e::fve.npst mark::comma
camci ,	nv::nv mark::comma
○ cohono i emde yungšun i niru i niyalma ,	mark::circle nn::prpn.person cm::gen nv::nv nn::prpn.person cm::gen nv::nv cm::gen nv::nv mark::comma
giyansi amasi julesi yabu me uka me ubaša me gene re ngge be wa rakū ,	nv::nv nv::nv nv::nv verb::vv e::cve verb::vv e::cve verb::vv e::cve verb::vv e::npst.ptcp nmlz::nmlz cm::acc verb::vv e::npst.ptcp.neg mark::comma
ješen ,	nn::prpn.person mark::comma
cooha i morin be gemu hunehe_bira be doo rakū ,	nv::nv cm::gen nv::nv cm::acc nv::nv nn::prpn cm::acc verb::vv e::npst.ptcp.neg mark::comma
han de waka sabu fi weile baha fi boo yada kini ,	nv::nv cm::dat nv::adj verb::vv e::cve nv::nv verb::vv e::cve nv::nv verb::vv e::fve.opt mark::comma
amba_beile in i deote be gai fi uthai tere erin de jura ka ,	nn::prpn pn::3sg cm::gen nv::nv cm::acc verb::vv e::cve nv::nv nv::nv nv::nv cm::dat verb::vv e::pst.ptcp mark::comma
tuša ,	nn::prpn.person mark::comma
○ ilan biya i ice inenggi muduri erin de ,	mark::circle nv::nv nv::nv cm::gen nv::adj nv::nv nv::nv nv::nv cm::dat mark::comma
horot i bahatai ,	nn::prpn.plc cm::gen nn::prpn.person mark::comma
eiten doro be akdula me ilibu fi ,	nv::adj nv::nv cm::acc verb::vv e::cve verb::vv e::cve mark::comma
nene me dosi ka de weile ,	verb::vv e::cve verb::vv e::pst.ptcp cm::dat nv::nv mark::comma
bi suwen i juwe gurun i siden de banji re seme hendu me ,	pn::1sg pn::2pl cm::gen nv::nv nv::nv cm::gen nv::nv cm::dat verb::vv e::npst.ptcp comp verb::vv e::cve mark::comma
aru_wei i du_jy_hūi_tungjy jui sujangga ,	nn::prpn cm::gen nv::nv nv::nv nn::prpn.person mark::comma
min i juse omosi jalan hala me han de gosibu me wesihun banji kini .	pn::1sg cm::gen nv::nv nv::nv nv::nv verb::vv e::cve nv::nv cm::dat verb::vv e::cve nv::nv verb::vv e::fve.opt mark::period
beye buce kini ,	nv::nv verb::vv e::fve.opt mark::comma
○ kasari beiguwan .	mark::circle nv::nv nv::nv mark::period
minggan olji be baha ha ,	nv::nv nv::nv cm::acc verb::vv e::pst.ptcp mark::comma
ilaci jergi dzung_bing_guwan de juwanta bu he ,	nv::nv nv::nv nv::nv cm::dat nv::nv verb::vv e::pst.ptcp mark::comma
han akū o ho manggi ,	nv::nv nv::adj verb::vv e::pst.ptcp nv::nv mark::comma
bayan mohon geren be tuwa me hontoholo fi ,	nv::adj nv::nv nv::adj cm::acc verb::vv e::cve verb::vv e::cve mark::comma
duin tanggū haha ,	nv::nv nv::nv nv::nv mark::comma
hoton i niyalma be daha cina seme hūla me gisure ci ,	nv::nv cm::gen nv::nv cm::acc verb::vv e::fve.opt comp verb::vv e::cve verb::vv e::cve mark::comma
orin sunja de yamun de tuci fi ,	nv::nv nv::nv cm::dat nv::nv cm::dat verb::vv e::cve mark::comma
uhereme ilan minggan olji baha ha ,	nv::nv nv::nv nv::nv nv::nv verb::vv e::pst.ptcp mark::comma
gai fi gene he amban ,	verb::vv e::cve verb::vv e::pst.ptcp nv::nv mark::comma
deo beile be ainu tafula hakū huwekiyebu he seme ,	nv::nv nv::nv cm::acc nv::nv verb::vv e::pst.ptcp.neg verb::vv e::pst.ptcp comp mark::comma
min i elcin weihun bi ci ,	pn::1sg cm::gen nv::nv nv::adj verb::vv e::cve mark::comma
han ,	nv::nv mark::comma
emu morin ,	nv::nv nv::nv mark::comma
baha ha hecen te he boo be waliya fi ,	verb::vv e::pst.ptcp nv::nv verb::vv e::pst.ptcp nv::nv cm::acc verb::vv e::cve mark::comma
bi jing kemuni niyalma takūra me sain gisun i bithe unggi ci ,	pn::1sg nv::nv nv::nv nv::nv verb::vv e::cve nv::adj nv::nv cm::gen nv::nv verb::vv e::cve mark::comma
jui de jafan gai mbi se ci ,	nv::nv cm::dat nv::nv verb::vv e::fve.npst verb::vv e::cve mark::comma
geren cooha i niyalma be gai fi ,	nv::adj nv::nv cm::gen nv::nv cm::acc verb::vv e::cve mark::comma
sirab gulhun hailan_šan_wei i du_jy_hūi_ciyanši keres i jui tanggūna ,	nn::prpn.person nv::adj nn::prpn cm::gen nv::nv nn::prpn.person cm::gen nv::nv nn::prpn.person mark::comma
nikan i cooha amasi bedere fi ,	nv::nv cm::gen nv::nv nv::nv verb::vv e::cve mark::comma
○ orin de ,	mark::circle nv::nv cm::dat mark::comma
nadata haha i jušen tokso juwe ,	nv::nv nv::nv cm::gen nv::nv nv::nv nv::nv mark::comma
○ jakūn biya i juwan jakūn de ,	mark::circle nv::nv nv::nv cm::gen nv::nv nv::nv cm::dat mark::comma
tere ci gūwa geren be gemu uji fi uju fusi fi ,	nv::nv cm::abl nv::nv nv::adj cm::acc nv::nv verb::vv e::cve nv::nv verb::vv e::cve mark::comma
tere ci jai dergi amban sa de ala ∅ ,	nv::nv cm::abl nv::nv nv::nv nv::nv nv::nv cm::dat verb::vv e::fve.imperative mark::comma
botun i meiren ci casi ,	nn::prpn.plc cm::gen nv::nv cm::abl nv::nv mark::comma
g'ai_jeo i tsang ni jeku be tucibu fi unca mbi ,	nn::prpn cm::gen nv::nv cm::gen nv::nv cm::acc verb::vv e::cve verb::vv e::fve.npst mark::comma
○ alanji ∅ be ,	mark::circle verb::vv e::fve.imperative cm::acc mark::comma
han i tukiye he geren amban sa ,	nv::nv cm::gen verb::vv e::pst.ptcp nv::adj nv::nv nv::nv mark::comma
○ ice ilan de ,	mark::circle nv::adj nv::nv cm::dat mark::comma
hali_šo_wei i du_jy_hūi_ciyanši šose i omolo gintaisi ,	nn::prpn cm::gen nv::nv nn::prpn.person cm::gen nv::nv nn::prpn.person mark::comma
in i ehe de guribu re wa ra erin de isinji ha ,	pn::3sg cm::gen nv::adj cm::dat verb::vv e::npst.ptcp verb::vv e::npst.ptcp nv::nv cm::dat verb::vv e::pst.ptcp mark::comma
jai gurun adarame akda mbi ,	nv::nv nv::nv nv::nv verb::vv e::fve.npst mark::comma
geren i ejen ,	nv::adj cm::gen nv::nv mark::comma
ajige_age_beile i morin i cilburi be jafa fi ,	nn::prpn cm::gen nv::nv cm::gen nv::nv cm::acc verb::vv e::cve mark::comma
tondo mujilen jafa fi gurun be ejebu me ulhibu me tacibu me kadala cina ,	nv::adj nv::nv verb::vv e::cve nv::nv cm::acc verb::vv e::cve verb::vv e::cve verb::vv e::cve verb::vv e::fve.opt mark::comma
jai liyoodung ni hoton be gai re de ,	nv::nv nn::prpn.plc cm::gen nv::nv cm::acc verb::vv e::npst.ptcp cm::dat mark::comma
ilga ra an i ilga ∅ ,	verb::vv e::npst.ptcp nv::nv cm::gen verb::vv e::fve.imperative mark::comma
keyen i morin be gemu hūlha me yaluca fi ,	nn::prpn.plc cm::gen nv::nv cm::acc nv::nv verb::vv e::cve verb::vv e::cve mark::comma
cing_tai_ioi de te he hoto jaisa de unggi he gisun ,	nn::prpn cm::dat verb::vv e::pst.ptcp nn::prpn.person nn::prpn.person cm::dat verb::vv e::pst.ptcp nv::nv mark::comma
cing_ho ,	nn::prpn mark::comma
hūlan de isi tala ,	nv::nv cm::dat verb::vv e::cve mark::comma
dajuhū ,	nn::prpn.person mark::comma
tai de duin niyalma ,	nv::nv cm::dat nv::nv nv::nv mark::comma
suwe ainu tafula fi weri hekū seme ,	pn::2pl nv::nv verb::vv e::cve verb::vv e::pst.ptcp.neg comp mark::comma
sargan aca hakū ,	nv::nv verb::vv e::pst.ptcp.neg mark::comma
min i kadala ra emu jalan i sunja niru i cooha be fujiyang ci fakca rakū ,	pn::1sg cm::gen verb::vv e::npst.ptcp nv::nv nv::nv cm::gen nv::nv nv::nv cm::gen nv::nv cm::acc nv::nv cm::abl verb::vv e::npst.ptcp.neg mark::comma
○ orin de ,	mark::circle nv::nv cm::dat mark::comma
fujisa ,	nv::nv mark::comma
han i bithe ,	nv::nv cm::gen nv::nv mark::comma
tsanjiyang kangkalai ,	nv::nv nn::prpn.person mark::comma
min de banji ha jui ,	pn::1sg cm::dat verb::vv e::pst.ptcp nv::nv mark::comma
ehe sain be dere bani rakū ,	nv::adj nv::adj cm::acc nv::nv verb::vv e::npst.ptcp.neg mark::comma
toboi i morin ci ebu hekū ,	nn::prpn.person cm::gen nv::nv cm::abl verb::vv e::pst.ptcp.neg mark::comma
sunja tatan i kalka i doro jafa ha beile se ,	nv::nv nv::nv cm::gen nv::nv cm::gen nv::nv verb::vv e::pst.ptcp nv::nv nv::nv mark::comma
i_jeo i niyalma jori ha ba de gene ∅ se ci ,	nn::prpn cm::gen nv::nv verb::vv e::pst.ptcp nv::nv cm::dat verb::vv e::fve.imperative verb::vv e::cve mark::comma
menggun i cara emte ,	nv::nv cm::gen nv::nv nv::nv mark::comma
umesi muse i baru o fi ,	nv::nv nv::nv cm::gen nv::nv verb::vv e::cve mark::comma
haha i ubu baha kini seme hendu hebi ,	nv::nv cm::gen nv::nv verb::vv e::fve.opt comp verb::vv e::fve.prs.prf mark::comma
duite juru kiru ,	nv::nv nv::nv nv::nv mark::comma
kiyoo_bang_kui i sargan ,	nn::prpn cm::gen nv::nv mark::comma
sunja biya o tolo gerci gisun be gida ha seme ,	nv::nv nv::nv verb::vv e::cve nv::nv nv::nv cm::acc verb::vv e::pst.ptcp comp mark::comma
arbuha i boo be juwe ubu sinda fi ,	nn::prpn.person cm::gen nv::nv cm::acc nv::nv nv::nv verb::vv e::cve mark::comma
suwen i beye i teile gene cina ,	pn::2pl cm::gen nv::nv cm::gen nv::nv verb::vv e::fve.opt mark::comma
ere honin aniya juwari ,	nv::nv nv::nv nv::nv nv::nv mark::comma
sargan de eimebu mbi ,	nv::nv cm::dat verb::vv e::fve.npst mark::comma
jui ara fi gosi me ,	nv::nv verb::vv e::cve verb::vv e::cve mark::comma
gosi re doro be ume lashala ra seme bithe ara fi ,	verb::vv e::npst.ptcp nv::nv cm::acc nv::nv verb::vv e::npst.ptcp comp nv::nv verb::vv e::cve mark::comma
suwen i monggo gurun ishun de hūlha hai ,	pn::2pl cm::gen nv::nv nv::nv nv::nv cm::dat verb::vv e::cve mark::comma
genggiyen juwe ,	nv::adj nv::nv mark::comma
bi sin be sinda mbi o ,	pn::1sg pn::2sg cm::acc verb::vv e::fve.npst ptcl mark::comma
suwe jobo mbi kai ,	pn::2pl verb::vv e::fve.npst ptcl mark::comma
uju jergi iogi obu ha ,	nv::nv nv::nv nv::nv verb::vv e::pst.ptcp mark::comma
hergen bodo me haha bu hebi ,	nv::nv verb::vv e::cve nv::nv verb::vv e::fve.prs.prf mark::comma
niyaman hūncihin seme harša rakū ,	nv::nv nv::nv comp verb::vv e::npst.ptcp.neg mark::comma
dergi wargi de bisi re ngge be ,	nv::nv nv::nv cm::dat verb::vv e::npst.ptcp nmlz::nmlz cm::acc mark::comma
ula ,	nv::nv mark::comma
tere ci hošo i beile se ,	nv::nv cm::abl nv::nv cm::gen nv::nv nv::nv mark::comma
ukanju baica ra ,	nv::nv verb::vv e::npst.ptcp mark::comma
tsanjiyang iogi emu minggan cooha be gai fi ,	nv::nv nv::nv nv::nv nv::nv nv::nv cm::acc verb::vv e::cve mark::comma
mafa be nikan han wa ha ,	nv::nv cm::acc nv::nv nv::nv verb::vv e::pst.ptcp mark::comma
min i beye be inu jušen takūra mbi ,	pn::1sg cm::gen nv::nv cm::acc nv::nv nv::nv verb::vv e::fve.npst mark::comma
bidengtu ,	nn::prpn.person mark::comma
iogi ,	nv::nv mark::comma
han ,	nv::nv mark::comma
○ juwan uyun de ,	mark::circle nv::nv nv::nv cm::dat mark::comma
kanggūri fujiyang guwangning de te me gene he ,	nn::prpn.person nv::nv nn::prpn.plc cm::dat verb::vv e::cve verb::vv e::pst.ptcp mark::comma
toktoi ,	nn::prpn.person mark::comma
abka inu wakala mbi ,	nv::nv nv::nv verb::vv e::fve.npst mark::comma
jao_kindzung han be wasibu fi farhūn_heo se re hergen bu he se re ,	nn::prpn nv::nv cm::acc verb::vv e::cve nn::prpn verb::vv e::npst.ptcp nv::nv verb::vv e::pst.ptcp verb::vv e::npst.ptcp mark::comma
suje boso samsu ,	nv::nv nv::nv nv::nv mark::comma
ba be waliya fi bai me ji he gung de ,	nv::nv cm::acc verb::vv e::cve verb::vv e::cve verb::vv e::pst.ptcp nv::nv cm::dat mark::comma
afabu ha weile be mute mbi ,	verb::vv e::pst.ptcp nv::nv cm::acc verb::vv e::fve.npst mark::comma
jeku jakūn tanggū orin hule ,	nv::nv nv::nv nv::nv nv::nv nv::nv mark::comma
uheri jakūn jebele de beri sirdan sisi hai ,	nv::nv nv::nv nv::nv cm::dat nv::nv nv::nv verb::vv e::cve mark::comma
dain i cooha geren muse i emu gūsa ,	nv::nv cm::gen nv::nv nv::adj nv::nv cm::gen nv::nv nv::nv mark::comma
golo golo i gašan gašan de gemu baica ∅ seme baicabu fi ,	nv::nv nv::nv cm::gen nv::nv nv::nv cm::dat nv::nv verb::vv e::fve.imperative comp verb::vv e::cve mark::comma
ishun de hiyaha me ulin bu re bai re de ,	nv::nv cm::dat verb::vv e::cve nv::nv verb::vv e::npst.ptcp verb::vv e::npst.ptcp cm::dat mark::comma
nio_juwang hanci o ci ,	nn::prpn nv::adj verb::vv e::cve mark::comma
min i dolo ojo rakū be aina ra ,	pn::1sg cm::gen nv::nv verb::vv e::npst.ptcp.neg cm::acc verb::vv e::npst.ptcp mark::comma
šangna ha eihen be amasi gercile fi ,	verb::vv e::pst.ptcp nv::nv cm::acc nv::nv verb::vv e::cve mark::comma
buya jaka be hūlha ha niyalma be ,	nv::adj nv::nv cm::acc verb::vv e::pst.ptcp nv::nv cm::acc mark::comma
baha ha uyun minggan morin ,	verb::vv e::pst.ptcp nv::nv nv::nv nv::nv mark::comma
duin tanggū dere ,	nv::nv nv::nv ptcl mark::comma
han ,	nv::nv mark::comma
kadala ra hafan inu weile ,	verb::vv e::npst.ptcp nv::nv nv::nv nv::nv mark::comma
tere hoton i santan ,	nv::nv nv::nv cm::gen nn::prpn.person mark::comma
duka ,	nv::nv mark::comma
geren beile se be isabu fi ,	nv::adj nv::nv nv::nv cm::acc verb::vv e::cve mark::comma
baise ,	nv::nv mark::comma
aba cooha de gama rakū hecen tuwakiyabu me ,	nv::nv nv::nv cm::dat verb::vv e::npst.ptcp.neg nv::nv verb::vv e::cve mark::comma
han ice ninggun de monggo i gege ,	nv::nv nv::adj nv::nv cm::dat nv::nv cm::gen nv::nv mark::comma
amasi bedere fi ša_ling de dedu he ,	nv::nv verb::vv e::cve nn::prpn cm::dat verb::vv e::pst.ptcp mark::comma
ala ra unde ,	verb::vv e::npst.ptcp nv::nv mark::comma
han i gosi ha be gūni me ,	nv::nv cm::gen verb::vv e::pst.ptcp cm::acc verb::vv e::cve mark::comma
solho i elcin ji mbi seme ,	nv::nv cm::gen nv::nv verb::vv e::fve.npst comp mark::comma
gūwa buya hafan be gemu wa ha ,	nv::nv nv::adj nv::nv cm::acc nv::nv verb::vv e::pst.ptcp mark::comma
hecen i tule dehi boo tucibu fi bu he .	nv::nv cm::gen nv::nv nv::nv nv::nv verb::vv e::cve verb::vv e::pst.ptcp mark::period
fejergi deo ,	nv::nv nv::nv mark::comma
○ orin uyun de hecen saha me waji ha .	mark::circle nv::nv nv::nv cm::dat nv::nv verb::vv e::cve verb::vv e::pst.ptcp mark::period
jai han gūni fi ,	nv::nv nv::nv verb::vv e::cve mark::comma
beile se amban sa i baru hendu me ,	nv::nv nv::nv nv::nv nv::nv cm::gen nv::nv verb::vv e::cve mark::comma
giya_jing ni dehi duici aniya uyun biya i juwan ilan de baha ha ,	nn::prpn cm::gen nv::nv nv::nv nv::nv nv::nv nv::nv cm::gen nv::nv nv::nv cm::dat verb::vv e::pst.ptcp mark::comma
ubaša me gene he niyalma be amca fi ,	verb::vv e::cve verb::vv e::pst.ptcp nv::nv cm::acc verb::vv e::cve mark::comma
○ orin sunja de ,	mark::circle nv::nv nv::nv cm::dat mark::comma
abka i wakala ha yehe de da fi cooha tuwakiya me te ci te kini ,	nv::nv cm::gen verb::vv e::pst.ptcp nv::nv cm::dat verb::vv e::cve nv::nv verb::vv e::cve verb::vv e::cve verb::vv e::fve.opt mark::comma
○ jeng_giyang de cooha gene he eksingge ,	mark::circle nn::prpn cm::dat nv::nv verb::vv e::pst.ptcp nn::prpn.person mark::comma
bi inu umai se rakū ,	pn::1sg nv::nv nv::nv verb::vv e::npst.ptcp.neg mark::comma
jakūta de emu feye baha ha ,	nv::nv cm::dat nv::nv nv::nv verb::vv e::pst.ptcp mark::comma
akdula ha gisun be gemu han de wesimbu ∅ ,	verb::vv e::pst.ptcp nv::nv cm::acc nv::nv nv::nv cm::dat verb::vv e::fve.imperative mark::comma
abka de šanggiyan morin wa fi senggi so me ,	nv::nv cm::dat nv::nv nv::nv verb::vv e::cve nv::nv verb::vv e::cve mark::comma
○ g'ao_giya_ši gebungge niyalma ,	mark::circle nn::prpn nv::adj nv::nv mark::comma
ehe sain be dere bani rakū ,	nv::adj nv::adj cm::acc nv::nv verb::vv e::npst.ptcp.neg mark::comma
ilan minggan niyalma wa ha ,	nv::nv nv::nv nv::nv verb::vv e::pst.ptcp mark::comma
udu niyalma ada fi tafa ci o mbi seme fonji ha ,	nv::nv nv::nv verb::vv e::cve verb::vv e::cve verb::vv e::fve.npst comp verb::vv e::pst.ptcp mark::comma
morin de muke mele ∅ seme hendu fi ,	nv::nv cm::dat nv::nv verb::vv e::fve.imperative comp verb::vv e::cve mark::comma
morila ha daimbu dzung_bing_guwan de afana fi ,	verb::vv e::pst.ptcp nn::prpn.person nv::nv cm::dat verb::vv e::cve mark::comma
huye_golo i niyalma ,	nn::prpn cm::gen nv::nv mark::comma
tere monggoso guwangning be tuci ke .	nv::nv nv::nv nn::prpn.plc cm::acc verb::vv e::pst.ptcp mark::period
solho i benji he ceceri be ali me gai habi ,	nv::nv cm::gen verb::vv e::pst.ptcp nv::nv cm::acc verb::vv e::cve verb::vv e::fve.prs.prf mark::comma
kūwata ,	nn::prpn.person mark::comma
abka uji re da de uji kini ,	nv::nv verb::vv e::npst.ptcp nv::nv cm::dat verb::vv e::fve.opt mark::comma
orin emu yan sunja jiha bi ,	nv::nv nv::nv nv::nv nv::nv nv::nv verb::vv.npst mark::comma
jakūnju emu yan menggun ,	nv::nv nv::nv nv::nv nv::nv mark::comma
dzung_bing_guwan ,	nv::nv mark::comma
han i pai be gai fi ,	nv::nv cm::gen nv::nv cm::acc verb::vv e::cve mark::comma
tere juwe minggan niyalma amasi gene he manggi ,	nv::nv nv::nv nv::nv nv::nv nv::nv verb::vv e::pst.ptcp nv::nv mark::comma
dain daila hai emu jaka hūlha hakū ,	nv::nv verb::vv e::cve nv::nv nv::nv verb::vv e::pst.ptcp.neg mark::comma
yamun de tuci fi ,	nv::nv cm::dat verb::vv e::cve mark::comma
boo de amasi gene mbi se he niyalma ambula gene hekū te he ,	nv::nv cm::dat nv::nv verb::vv e::fve.npst verb::vv e::pst.ptcp nv::nv nv::nv verb::vv e::pst.ptcp.neg verb::vv e::pst.ptcp mark::comma
min i kadala ra emu jalan i cooha be han i fafun i tondo i kadala mbi ,	pn::1sg cm::gen verb::vv e::npst.ptcp nv::nv nv::nv cm::gen nv::nv cm::acc nv::nv cm::gen nv::nv cm::gen nv::adj cm::gen verb::vv e::fve.npst mark::comma
sin be ainu ilibu mbi ,	pn::2sg cm::acc nv::nv verb::vv e::fve.npst mark::comma
○ manggol_efu be tacibu ha gisun ,	mark::circle nn::prpn cm::acc verb::vv e::pst.ptcp nv::nv mark::comma
eitere ci abka i ciha kai ,	verb::vv e::cve nv::nv cm::gen nv::nv ptcl mark::comma
ehe_holo niyalma i bele re gisun be gai mbi ,	nn::prpn nv::nv cm::gen verb::vv e::npst.ptcp nv::nv cm::acc verb::vv e::fve.npst mark::comma
min be ya wa ki se hekū ,	pn::1sg cm::acc nv::nv verb::vv e::fve.opt verb::vv e::pst.ptcp.neg mark::comma
min i ududu jalan hala me sinda ha eje he be faita ha de koro fi ,	pn::1sg cm::gen nv::nv nv::nv verb::vv e::cve verb::vv e::pst.ptcp verb::vv e::pst.ptcp cm::acc verb::vv e::pst.ptcp cm::dat verb::vv e::cve mark::comma
si_uli efu ,	nn::prpn nv::nv mark::comma
tere i sira me dehi beidesi be tucibu fi ,	nv::nv cm::gen verb::vv e::cve nv::nv nv::nv cm::acc verb::vv e::cve mark::comma
niru bodo me goibu ∅ ,	nv::nv verb::vv e::cve verb::vv e::fve.imperative mark::comma
fulgiyan jafu emke ,	nv::nv nv::nv nv::nv mark::comma
suwe ahūn deo i dolo weile bi ,	pn::2pl nv::nv nv::nv cm::gen nv::nv nv::nv verb::vv.npst mark::comma
baduri dzung_bing_guwan holto ho niyalma be šusihala ha ,	nn::prpn.person nv::nv verb::vv e::pst.ptcp nv::nv cm::acc verb::vv e::pst.ptcp mark::comma
adarame yabu mbi seme gisure fi ,	nv::nv verb::vv e::fve.npst comp verb::vv e::cve mark::comma
sunjata yan i weile waliya mbi ,	nv::nv nv::nv cm::gen nv::nv verb::vv e::fve.npst mark::comma
jafa ha doro efuje mbi ,	verb::vv e::pst.ptcp nv::nv verb::vv e::fve.npst mark::comma
ende me cala me buce re weile baha ci guwebu ∅ ,	verb::vv e::cve verb::vv e::cve verb::vv e::npst.ptcp nv::nv verb::vv e::cve verb::vv e::fve.imperative mark::comma
bi goida rakū kai seme mara me gene fi ,	pn::1sg verb::vv e::npst.ptcp.neg ptcl comp verb::vv e::cve verb::vv e::cve mark::comma
lodoi ,	nn::prpn.person mark::comma
fusi de isinji fi dedu he .	nn::prpn.plc cm::dat verb::vv e::cve verb::vv e::pst.ptcp mark::period
in i beye yabu re be naka fi ,	pn::3sg cm::gen nv::nv verb::vv e::npst.ptcp cm::acc verb::vv e::cve mark::comma
nene me wasimbu me ,	verb::vv e::cve verb::vv e::cve mark::comma
kimkala ,	nn::prpn.person mark::comma
hūlha ha weile be ala hakū gida ha seme ,	verb::vv e::pst.ptcp nv::nv cm::acc verb::vv e::pst.ptcp.neg verb::vv e::pst.ptcp comp mark::comma
beye buce kini ,	nv::nv verb::vv e::fve.opt mark::comma
suwe wacihiya me bargiya rakū ,	pn::2pl verb::vv e::cve verb::vv e::npst.ptcp.neg mark::comma
dain de baha ha olji jaka de bi fi ,	nv::nv cm::dat verb::vv e::pst.ptcp nv::nv nv::nv cm::dat verb::vv e::cve mark::comma
suwen i juwe nofi emu tanggū niyalma be gai fi te ,	pn::2pl cm::gen nv::nv nv::nv nv::nv nv::nv nv::nv cm::acc verb::vv e::cve nv::nv mark::comma
juwe biya i juwan duin de ,	nv::nv nv::nv cm::gen nv::nv nv::nv cm::dat mark::comma
du_tang adun ,	nv::nv nv::nv mark::comma
○ nomtu be ,	mark::circle nn::prpn.person cm::acc mark::comma
tere gercile he aha be ,	nv::nv verb::vv e::pst.ptcp nv::nv cm::acc mark::comma
folo ho jebele emke ,	verb::vv e::pst.ptcp nv::nv nv::nv mark::comma
min i emgi mampingga bi he ,	pn::1sg cm::gen nv::nv nn::prpn.person verb::vv e::pst.ptcp mark::comma
jai buya koro i gisun be geli nonggi fi ,	nv::nv nv::adj nv::nv cm::gen nv::nv cm::acc nv::nv verb::vv e::cve mark::comma
○ orin de ,	mark::circle nv::nv cm::dat mark::comma
juse omosi jalan hala me gosi re doro be ume lashala ra .	nv::nv nv::nv nv::nv verb::vv e::cve verb::vv e::npst.ptcp nv::nv cm::acc nv::nv verb::vv e::npst.ptcp mark::period
ememu duka de emu juwe haha bi ,	nv::nv nv::nv cm::dat nv::nv nv::nv nv::nv verb::vv.npst mark::comma
burula me gene he ilan minggan cooha ,	verb::vv e::cve verb::vv e::pst.ptcp nv::nv nv::nv nv::nv mark::comma
hai_si ku_e_wei i du_jy_hūi_ciyanši jabusi i omolo abuhai ,	nn::prpn nn::prpn cm::gen nv::nv nn::prpn.person cm::gen nv::nv nn::prpn.person mark::comma
sure_kundulen_han i juwe jui ,	nn::prpn cm::gen nv::nv nv::nv mark::comma
juwan tumen inenggi usin be tucibu fi bu ∅ .	nv::nv nv::nv nv::nv nv::nv cm::acc verb::vv e::cve verb::vv e::fve.imperative mark::period
afa ha weile de mute rakū niyalma o ci ,	verb::vv e::pst.ptcp nv::nv cm::dat verb::vv e::npst.ptcp.neg nv::nv verb::vv e::cve mark::comma
( da_he_šan i niyalma be ,	mark::lparen nn::prpn cm::gen nv::nv cm::acc mark::comma
gele me somi ha bi he seme tucibu me bu ∅ ,	verb::vv e::cve verb::vv e::pst.ptcp verb::vv e::pst.ptcp comp verb::vv e::cve verb::vv e::fve.imperative mark::comma
jai enggeder_efu ,	nv::nv nn::prpn mark::comma
warka ,	nn::prpn.plc mark::comma
kosili_mafa .	nn::prpn mark::period
gu_ning_fu ,	nn::prpn mark::comma
ambula komso be ilga me šangna me bu he ,	nv::nv nv::adj cm::acc verb::vv e::cve verb::vv e::cve verb::vv e::pst.ptcp mark::comma
waji ha seme bithe benji ∅ seme takūra ha .	verb::vv e::pst.ptcp comp nv::nv verb::vv e::fve.imperative comp verb::vv e::pst.ptcp mark::period
coko aniya i fe an i gaija ra alban i aika jaka be hūdun wacihiya me bu ∅ ,	nv::nv nv::nv cm::gen nv::adj nv::nv cm::gen verb::vv e::npst.ptcp nv::nv cm::gen nv::nv nv::nv cm::acc nv::adj verb::vv e::cve verb::vv e::fve.imperative mark::comma
tere dobori amba_beile de alana ha ,	nv::nv nv::nv nn::prpn cm::dat verb::vv e::pst.ptcp mark::comma
morin baha ha ,	nv::nv verb::vv e::pst.ptcp mark::comma
niyalma emu minggan gūsin nadan ,	nv::nv nv::nv nv::nv nv::nv nv::nv mark::comma
sebun i emte juse ji fi funde te he de ,	nn::prpn.person cm::gen nv::nv nv::nv verb::vv e::cve nv::nv verb::vv e::pst.ptcp cm::dat mark::comma
tuttu ebše me dobori duli me juwan ilan de isina fi ,	nv::nv verb::vv e::cve nv::nv verb::vv e::cve nv::nv nv::nv cm::dat verb::vv e::cve mark::comma
hūcihari de emu feye baha ha ,	nn::prpn.plc cm::dat nv::nv nv::nv verb::vv e::pst.ptcp mark::comma
aisila ∅ ,	verb::vv e::fve.imperative mark::comma
geren beile se amban sa tafula me hendu me ,	nv::adj nv::nv nv::nv nv::nv nv::nv verb::vv e::cve verb::vv e::cve mark::comma
jori ha jurgan be jurce rakū seme jai jergi iogi obu ha ,	verb::vv e::pst.ptcp nv::nv cm::acc verb::vv e::npst.ptcp.neg comp nv::nv nv::nv nv::nv verb::vv e::pst.ptcp mark::comma
beye be wa mbi .	nv::nv cm::acc verb::vv e::fve.npst mark::period
han i bu re šang ni dabala ,	nv::nv cm::gen verb::vv e::npst.ptcp nv::nv cm::gen ptcl mark::comma
han ,	nv::nv mark::comma
folo ho umiyesun ,	verb::vv e::pst.ptcp nv::nv mark::comma
cooha gene re be donji fi ,	nv::nv verb::vv e::npst.ptcp cm::acc verb::vv e::cve mark::comma
uda me gai ha ulha be hūlha me gaija ra ,	verb::vv e::cve verb::vv e::pst.ptcp nv::nv cm::acc verb::vv e::cve verb::vv e::npst.ptcp mark::comma
beye i ehe de wasi kini ,	nv::nv cm::gen nv::adj cm::dat verb::vv e::fve.opt mark::comma
namtai gebungge niyalma gercile fi ,	nn::prpn.person nv::adj nv::nv verb::vv e::cve mark::comma
beye buce kini ,	nv::nv verb::vv e::fve.opt mark::comma
giya_jing ni gūsin duici aniya nadan biya i juwan ninggun de baha ha .	nn::prpn cm::gen nv::nv nv::nv nv::nv nv::nv nv::nv cm::gen nv::nv nv::nv cm::dat verb::vv e::pst.ptcp mark::period
ju_dzung_bing_guwan ,	nn::prpn mark::comma
duin jergi afa fi ,	nv::nv nv::nv verb::vv e::cve mark::comma
bagadarhan i gurun ,	nn::prpn.person cm::gen nv::nv mark::comma
han i tere hecen ara ra de bu rakū ,	nv::nv cm::gen nv::nv nv::nv verb::vv e::npst.ptcp cm::dat verb::vv e::npst.ptcp.neg mark::comma
simiyan i amargi ala ∅ de isinji fi ,	nn::prpn.plc cm::gen nv::nv verb::vv e::fve.imperative cm::dat verb::vv e::cve mark::comma
ejen hendu me ,	nv::nv verb::vv e::cve mark::comma
burgatu ,	nn::prpn.person mark::comma
tongkiri janggin ,	nn::prpn.person nv::nv mark::comma
ehe_holo ci casi jeku be ,	nn::prpn cm::abl nv::nv nv::nv cm::acc mark::comma
ebergi niyalma casi uka me ubaša me gene re ,	nv::nv nv::nv nv::nv verb::vv e::cve verb::vv e::cve verb::vv e::npst.ptcp mark::comma
ice nadan de alanji ha .	nv::adj nv::nv cm::dat verb::vv e::pst.ptcp mark::period
caiha ,	nn::prpn.plc mark::comma
morila ha ba de o ci ,	verb::vv e::pst.ptcp nv::nv cm::dat verb::vv e::cve mark::comma
emu niyalma ihan yalu fi uka me ji he be okdo me jafa fi ,	nv::nv nv::nv nv::nv verb::vv e::cve verb::vv e::cve verb::vv e::pst.ptcp cm::acc verb::vv e::cve verb::vv e::cve mark::comma
ba ba be afa ci ete me mute me yabu ha ,	nv::nv nv::nv cm::acc verb::vv e::cve verb::vv e::cve verb::vv e::cve verb::vv e::pst.ptcp mark::comma
ušisan i gaji ha juwe tanggū yan menggun be ehe ,	nn::prpn.person cm::gen verb::vv e::pst.ptcp nv::nv nv::nv nv::nv nv::nv cm::acc nv::adj mark::comma
du_tang ni bithe ,	nv::nv cm::gen nv::nv mark::comma
ama ci jui be hoko ro o seme tuwa ha ,	nv::nv cm::abl nv::nv cm::acc verb::vv e::npst.ptcp ptcl comp verb::vv e::pst.ptcp mark::comma
suwen de ana ci ,	pn::2pl cm::dat verb::vv e::cve mark::comma
bak_beile i beye de bu he ,	nn::prpn cm::gen nv::nv cm::dat verb::vv e::pst.ptcp mark::comma
u_yeng ,	nn::prpn mark::comma
xuwang_šan ,	nn::prpn mark::comma
jakūta de emu feye ,	nv::nv cm::dat nv::nv nv::nv mark::comma
abutu gebungge amban juwe tanggū monggo cooha be gai fi dosi ka ,	nn::prpn.person nv::adj nv::nv nv::nv nv::nv nv::nv nv::nv cm::acc verb::vv e::cve verb::vv e::pst.ptcp mark::comma
amala sure_kundulen_han ili fi nasa me ,	nv::nv nn::prpn verb::vv e::cve verb::vv e::cve mark::comma
○ orin ilan de ,	mark::circle nv::nv nv::nv cm::dat mark::comma
nene me juwan yan aisin be lii_diyan_kui ,	verb::vv e::cve nv::nv nv::nv nv::nv cm::acc nn::prpn mark::comma
bejang de weile ,	nv::nv cm::dat nv::nv mark::comma
han be hanci daha me yabu re buyanggū_hiya ,	nv::nv cm::acc nv::adj verb::vv e::cve verb::vv e::npst.ptcp nn::prpn mark::comma
men i ajai donji habi ,	pn::1pl.excl cm::gen nn::prpn.person verb::vv e::fve.prs.prf mark::comma
giya_jing ni gūsin juwe ci aniya duin biya i gūsin de baha ha ,	nn::prpn cm::gen nv::nv verb::vv e::cve nv::nv nv::nv nv::nv cm::gen nv::nv cm::dat verb::vv e::pst.ptcp mark::comma
langge ,	nn::prpn.person mark::comma
jušen gurun be dahabu fi taifin banji cibe ,	nv::nv nv::nv cm::acc verb::vv e::cve nv::adj verb::vv e::cve mark::comma
bi tafula mbi ,	pn::1sg verb::vv e::fve.npst mark::comma
kiyoo_bang_kui i uksun mukūn be gemu wa ha ,	nn::prpn cm::gen nv::nv nv::nv cm::acc nv::nv verb::vv e::pst.ptcp mark::comma
geren cooha i tuci me waji re onggolo ,	nv::adj nv::nv cm::gen verb::vv e::cve verb::vv e::npst.ptcp nv::nv mark::comma
takūra ha niyalma ,	verb::vv e::pst.ptcp nv::nv mark::comma
baha ra amban sa hendu me ,	verb::vv e::npst.ptcp nv::nv nv::nv verb::vv e::cve mark::comma
g'ai_jeo de udu hule o mbi ,	nn::prpn cm::dat nv::nv nv::nv verb::vv e::fve.npst mark::comma
šumuru be ,	nn::prpn.person cm::acc mark::comma
afa ci suwen i beye men i cooha i dube i alban i niyalma de buce mbi kai ,	verb::vv e::cve pn::2pl cm::gen nv::nv pn::1pl.excl cm::gen nv::nv cm::gen nv::nv cm::gen nv::nv cm::gen nv::nv cm::dat verb::vv e::fve.npst ptcl mark::comma
karu emu niyalma takūra rakū ,	nv::nv nv::nv nv::nv verb::vv e::npst.ptcp.neg mark::comma
dedu re niyalma suwe šun bisi re de ali me gai ∅ ,	verb::vv e::npst.ptcp nv::nv pn::2pl nv::nv verb::vv e::npst.ptcp cm::dat verb::vv e::cve verb::vv e::fve.imperative mark::comma
han de bithe wesimbu fi ,	nv::nv cm::dat nv::nv verb::vv e::cve mark::comma
konggor ,	nv::nv mark::comma
uba de gaji fi geren de tuwabu me erule me wa mbi ,	nv::nv cm::dat verb::vv e::cve nv::adj cm::dat verb::vv e::cve verb::vv e::cve verb::vv e::fve.npst mark::comma
ninggun jergi ilga me banjibu ha ,	nv::nv nv::nv verb::vv e::cve verb::vv e::pst.ptcp mark::comma
min i beye i funde damtun tebu he jui ocirsang be geli tucibu fi unggi mbi ,	pn::1sg cm::gen nv::nv cm::gen nv::nv nv::nv verb::vv e::pst.ptcp nv::nv nn::prpn.person cm::acc nv::nv verb::vv e::cve verb::vv e::fve.npst mark::comma
○ gin_tsanjiyang ni kadala ra jeng_an_pu ,	mark::circle nn::prpn cm::gen verb::vv e::npst.ptcp nn::prpn mark::comma
jirgalang_taiji ,	nn::prpn mark::comma
afabu ha weile be mute mbi ,	verb::vv e::pst.ptcp nv::nv cm::acc verb::vv e::fve.npst mark::comma
uju i idu de daimbu ,	nv::nv cm::gen nv::nv cm::dat nn::prpn.person mark::comma
wa rakū mejige be donji ha de ,	verb::vv e::npst.ptcp.neg nv::nv cm::acc verb::vv e::pst.ptcp cm::dat mark::comma
ji he doro i jakūn gūsa i juwan ihan wa fi tanggū dere dasa fi ,	verb::vv e::pst.ptcp nv::nv cm::gen nv::nv nv::nv cm::gen nv::nv nv::nv verb::vv e::cve nv::nv nv::nv verb::vv e::cve mark::comma
min i beye gashū fi abka de gele rakū ūn ,	pn::1sg cm::gen nv::nv verb::vv e::cve nv::nv cm::dat verb::vv e::npst.ptcp.neg ptcl mark::comma
min be ehe seme uka ci ,	pn::1sg cm::acc nv::adj comp verb::vv e::cve mark::comma
bi karu mao_wen_lung be bai me cooha gene ci ,	pn::1sg nv::nv nn::prpn cm::acc verb::vv e::cve nv::nv verb::vv e::cve mark::comma
aika weile tuci ke manggi ,	nv::nv nv::nv verb::vv e::pst.ptcp nv::nv mark::comma
morin i cooha i teile be casi gama ∅ ,	nv::nv cm::gen nv::nv cm::gen nv::nv cm::acc nv::nv verb::vv e::fve.imperative mark::comma
○ ice ji he niyalma i anggala tolo ro ,	mark::circle nv::adj verb::vv e::pst.ptcp nv::nv cm::gen nv::nv verb::vv e::npst.ptcp mark::comma
amba_beile gene fi ,	nn::prpn verb::vv e::cve mark::comma
sunja ba i niyalma de wasimbu ha ,	nv::nv nv::nv cm::gen nv::nv cm::dat verb::vv e::pst.ptcp mark::comma
coo_taiji de ,	nn::prpn cm::dat mark::comma
ere emu jurgan i weile .	nv::nv nv::nv nv::nv cm::gen nv::nv mark::period
oohan ,	nn::prpn.person mark::comma
duici inenggi cooha axša fi ,	nv::nv nv::nv nv::nv verb::vv e::cve mark::comma
○ abutai_nakcu emu minggan cooha be gai fi ,	mark::circle nn::prpn nv::nv nv::nv nv::nv cm::acc verb::vv e::cve mark::comma
geren cooha i niyalma ,	nv::adj nv::nv cm::gen nv::nv mark::comma
giyaha i weji de šada me ilinja me gene he cooha i morin ,	nn::prpn.plc cm::gen nv::nv cm::dat verb::vv e::cve verb::vv e::cve verb::vv e::pst.ptcp nv::nv cm::gen nv::nv mark::comma
ninggun biya i juwan nadan de amba_beile de unggi he ,	nv::nv nv::nv cm::gen nv::nv nv::nv cm::dat nn::prpn cm::dat verb::vv e::pst.ptcp mark::comma
jai liyoodung de erdeni seme bai ci ,	nv::nv nn::prpn.plc cm::dat nn::prpn.person comp verb::vv e::cve mark::comma
ehe be ehe seme han de ala mbi ,	nv::adj cm::acc nv::adj comp nv::nv cm::dat verb::vv e::fve.npst mark::comma
emken de dobihi dahū bu ∅ .	nv::nv cm::dat nv::nv nv::nv verb::vv e::fve.imperative mark::period
liyoodung ni ba be min de bu ci ,	nn::prpn.plc cm::gen nv::nv cm::acc pn::1sg cm::dat verb::vv e::cve mark::comma
nikan ,	nv::nv mark::comma
jakūn wang kimci me duile ci tašan o ho ,	nv::nv nv::nv verb::vv e::cve verb::vv e::cve nv::nv verb::vv e::pst.ptcp mark::comma
usiha tuhe re de ,	nv::nv verb::vv e::npst.ptcp cm::dat mark::comma
susai niyalma ,	nv::nv nv::nv mark::comma
nene me gene he niyalma be inenggi bila fi hala me ainu unggi rakū ,	verb::vv e::cve verb::vv e::pst.ptcp nv::nv cm::acc nv::nv verb::vv e::cve verb::vv e::cve nv::nv verb::vv e::npst.ptcp.neg mark::comma
ama mafa i giran be adarame waliya fi gene re seme ,	nv::nv nv::nv cm::gen nv::nv cm::acc nv::nv verb::vv e::cve verb::vv e::npst.ptcp comp mark::comma
fe alban i jeku bisi re ngge ,	nv::adj nv::nv cm::gen nv::nv verb::vv e::npst.ptcp nmlz::nmlz mark::comma
hesihe ,	nn::prpn.plc mark::comma
ere ilan niyalma jai jergi ,	nv::nv nv::nv nv::nv nv::nv nv::nv mark::comma
wan_lii i uyuci aniya duin biya i orin jakūn de baha ha ,	nn::prpn cm::gen nv::nv nv::nv nv::nv nv::nv cm::gen nv::nv nv::nv cm::dat verb::vv e::pst.ptcp mark::comma
sin de bu he gurun ,	pn::2sg cm::dat verb::vv e::pst.ptcp nv::nv mark::comma
toktoi unggi he bithe i gisun ,	nn::prpn.person verb::vv e::pst.ptcp nv::nv cm::gen nv::nv mark::comma
duici_beile ,	nn::prpn mark::comma
ta_šan de isi tala tuwa ci ,	nn::prpn cm::dat verb::vv e::cve verb::vv e::cve mark::comma
bata kimun seme gida rakū ,	nv::nv nv::nv comp verb::vv e::npst.ptcp.neg mark::comma
juwe dedu me olji dende fi ,	nv::nv verb::vv e::cve nv::nv verb::vv e::cve mark::comma
da ci muse i gurun dain daila ci ,	nv::nv cm::abl nv::nv cm::gen nv::nv nv::nv verb::vv e::cve mark::comma
dain naka fi sain doro be jafa ki se mbi o ,	nv::nv verb::vv e::cve nv::adj nv::nv cm::acc verb::vv e::fve.opt verb::vv e::fve.npst ptcl mark::comma
da ci min i emgi bi he gojime ,	nv::nv cm::abl pn::1sg cm::gen nv::nv verb::vv e::pst.ptcp nv::nv mark::comma
si ai be baica ra hafan ,	pn::2sg nv::nv cm::acc verb::vv e::npst.ptcp nv::nv mark::comma
darsun ,	nn::prpn.person mark::comma
nikan solho i orin nadan tumen cooha i emgi afa fi ,	nv::nv nv::nv cm::gen nv::nv nv::nv nv::nv nv::nv cm::gen nv::nv verb::vv e::cve mark::comma
bisi re holo nuhaliyan i boo be tuwa ume sinda ra ,	verb::vv e::npst.ptcp nv::nv nv::adj cm::gen nv::nv cm::acc nv::nv nv::nv verb::vv e::npst.ptcp mark::comma
galaktun ,	nv::nv mark::comma
wan_lii i orin emuci aniya uyun biya i orin ilan de baha ha ,	nn::prpn cm::gen nv::nv nv::nv nv::nv nv::nv nv::nv cm::gen nv::nv nv::nv cm::dat verb::vv e::pst.ptcp mark::comma
wase de ilata niyalma ,	nv::nv cm::dat nv::nv nv::nv mark::comma
sahaliyan ,	nv::adj mark::comma
tutala ba ba de dain dekde he ngge ,	nv::nv nv::nv nv::nv cm::dat nv::nv verb::vv e::pst.ptcp nmlz::nmlz mark::comma
○ orin uyun de ,	mark::circle nv::nv nv::nv cm::dat mark::comma
lii_g'o dzung_bing_guwan i emgi ilan minggan cooha gene fi gemu ete fi ,	nn::prpn nv::nv cm::gen nv::nv nv::nv nv::nv nv::nv verb::vv e::cve nv::nv verb::vv e::cve mark::comma
○ abatai_age i gūsa de ,	mark::circle nn::prpn cm::gen nv::nv cm::dat mark::comma
○ biya i ice inenggi ,	mark::circle nv::nv cm::gen nv::adj nv::nv mark::comma
tere nikan cooha de da fi ji he solho i sunja minggan cooha be dahabu fi ,	nv::nv nv::nv nv::nv cm::dat verb::vv e::cve verb::vv e::pst.ptcp nv::nv cm::gen nv::nv nv::nv nv::nv cm::acc verb::vv e::cve mark::comma
tere be dangse i bithe be tuwa me baica ∅ seme afabu fi ,	nv::nv cm::acc nv::nv cm::gen nv::nv cm::acc verb::vv e::cve verb::vv e::fve.imperative comp verb::vv e::cve mark::comma
aiha i baru gene re de ,	nv::nv cm::gen nv::nv verb::vv e::npst.ptcp cm::dat mark::comma
uciha ,	nn::prpn.person mark::comma
degelei_age ,	nn::prpn mark::comma
kubu he šanggiyan i emu gūsa ,	verb::vv e::pst.ptcp nv::nv cm::gen nv::nv nv::nv mark::comma
○ yangguri_efu i kadala ra juwe gašan i duin boigon be ,	mark::circle nn::prpn cm::gen verb::vv e::npst.ptcp nv::nv nv::nv cm::gen nv::nv nv::nv cm::acc mark::comma
tesu niyalma o ci haha be gemu wa ∅ ,	nv::nv nv::nv verb::vv e::cve nv::nv cm::acc nv::nv verb::vv e::fve.imperative mark::comma
han de waka sabu fi weile baha fi boo yada kini ,	nv::nv cm::dat nv::adj verb::vv e::cve nv::nv verb::vv e::cve nv::nv verb::vv e::fve.opt mark::comma
jaisai ,	nn::prpn.person mark::comma
ere bithe be juwe lamun tu i sunja tanggū cooha de jafabu fi hūwang_gu_doo de unggi ∅ ,	nv::nv nv::nv cm::acc nv::nv nv::adj nv::nv cm::gen nv::nv nv::nv nv::nv cm::dat verb::vv e::cve nn::prpn cm::dat verb::vv e::fve.imperative mark::comma
mocin samsu ,	nv::nv nv::nv mark::comma
amba hecen be baha ha ,	nv::adj nv::nv cm::acc verb::vv e::pst.ptcp mark::comma
badali ,	nn::prpn.person mark::comma
dain i jurgan be jalingga koimali yabu ci ,	nv::nv cm::gen nv::nv cm::acc nv::adj nv::adj verb::vv e::cve mark::comma
juwan ilaci jergi ,	nv::nv nv::nv nv::nv mark::comma
nikan jeku be mamgiya me ume unca ra ,	nv::nv nv::nv cm::acc verb::vv e::cve nv::nv verb::vv e::npst.ptcp mark::comma
gercile re niyalma dulin niyalma be jeku be tuwakiyabu ∅ ,	verb::vv e::npst.ptcp nv::nv nv::adj nv::nv cm::acc nv::nv cm::acc verb::vv e::fve.imperative mark::comma
gašan i banji re de seme tondo i akūmbu ki .	nv::nv cm::gen verb::vv e::npst.ptcp cm::dat comp nv::adj cm::gen verb::vv e::fve.opt mark::period
baibi julge i gisun be gūwaliyambu me bithe ara ha seme we akda ra ,	nv::nv nv::nv cm::gen nv::nv cm::acc verb::vv e::cve nv::nv verb::vv e::pst.ptcp comp nv::nv verb::vv e::npst.ptcp mark::comma
doro be efule re weile ara fi wa ha .	nv::nv cm::acc verb::vv e::npst.ptcp nv::nv verb::vv e::cve verb::vv e::pst.ptcp mark::period
juwe fasilan ,	nv::nv nv::nv mark::comma
g'ai_jeo i amargi ba be neigele me icihiya ∅ ,	nn::prpn cm::gen nv::nv nv::nv cm::acc verb::vv e::cve verb::vv e::fve.imperative mark::comma
bi ilibu ci o mbi o ,	pn::1sg verb::vv e::cve verb::vv e::fve.npst ptcl mark::comma
hilteri uksin saca ,	nv::nv nv::nv nv::nv mark::comma
adarame o ci ufara mbi seme saikan bodo ∅ ,	nv::nv verb::vv e::cve verb::vv e::fve.npst comp nv::adj verb::vv e::fve.imperative mark::comma
darhan_efu be ,	nn::prpn cm::acc mark::comma
sargan jui ,	nv::nv nv::nv mark::comma
hecen i dorgi yamun de ebu he ,	nv::nv cm::gen nv::nv nv::nv cm::dat verb::vv e::pst.ptcp mark::comma
○ adai be ,	mark::circle nn::prpn.person cm::acc mark::comma
sereng ,	nn::prpn.person mark::comma
emhe fujin hendu me ,	nv::nv nv::nv verb::vv e::cve mark::comma
han i afabu ha jurgan be tondo i kice me banji ki .	nv::nv cm::gen verb::vv e::pst.ptcp nv::nv cm::acc nv::adj cm::gen verb::vv e::cve verb::vv e::fve.opt mark::period
gisun encu gojime ,	nv::nv nv::nv nv::nv mark::comma
nikan han i dere ci ,	nv::nv nv::nv cm::gen nv::nv cm::abl mark::comma
fakca rakū ci ,	verb::vv e::npst.ptcp.neg e::cve mark::comma
abka min be ainu gosi re bi he ,	nv::nv pn::1sg cm::acc nv::nv verb::vv e::npst.ptcp verb::vv e::pst.ptcp mark::comma
eigen omi ci ,	nv::nv verb::vv e::cve mark::comma
aika baita o ho de ,	nv::nv nv::nv verb::vv e::pst.ptcp cm::dat mark::comma
te he beiguwan i da de gene fi te .	verb::vv e::pst.ptcp nv::nv cm::gen nv::nv cm::dat verb::vv e::cve nv::nv mark::period
○ juwan de ,	mark::circle nv::nv cm::dat mark::comma
han i afabu ha jurgan be ,	nv::nv cm::gen verb::vv e::pst.ptcp nv::nv cm::acc mark::comma
emu ba i niyalma de juwan boo jafabu ∅ ,	nv::nv nv::nv cm::gen nv::nv cm::dat nv::nv nv::nv verb::vv e::fve.imperative mark::comma
tere amba ninggu de isi tala ,	nv::nv nv::adj nv::nv cm::dat verb::vv e::cve mark::comma
○ asidarhan be ,	mark::circle nn::prpn.person cm::acc mark::comma
cen i ehe be gūni me gemu wa ci ,	pn::3pl cm::gen nv::adj cm::acc verb::vv e::cve nv::nv verb::vv e::cve mark::comma
saimagi de lenggeri ,	nn::prpn.plc cm::dat nv::nv mark::comma
lifa me muke dogon be doo ci ojo rakū o ho manggi ,	verb::vv e::cve nv::nv nv::nv cm::acc verb::vv e::cve verb::vv e::npst.ptcp.neg verb::vv e::pst.ptcp nv::nv mark::comma
tere ci jilakan ai bi ,	nv::nv cm::abl nv::nv nv::nv verb::vv.npst mark::comma
fujiyang ,	nv::nv mark::comma
tuttu tondo i fafula rakū ehe miosihon jurgan i banji ci ,	nv::nv nv::adj cm::gen verb::vv e::npst.ptcp.neg nv::adj nv::adj nv::nv cm::gen verb::vv e::cve mark::comma
ula de emu feye baha ha seme uju jergi beiguwan i caliyan ,	nv::nv cm::dat nv::nv nv::nv verb::vv e::pst.ptcp comp nv::nv nv::nv nv::nv cm::gen nv::nv mark::comma
keyen i dooli ,	nn::prpn.plc cm::gen nv::nv mark::comma
tuwa rakū bire me gene fi ,	verb::vv e::npst.ptcp.neg verb::vv e::cve verb::vv e::cve mark::comma
han hendu me ,	nv::nv verb::vv e::cve mark::comma
muse i cooha gene fi ji he amari ,	nv::nv cm::gen nv::nv verb::vv e::cve verb::vv e::pst.ptcp nv::nv mark::comma
juwe ihan bu he ,	nv::nv nv::nv verb::vv e::pst.ptcp mark::comma
ere temujin ,	nv::nv nn::prpn.person mark::comma
dureng_hūng_baturu ,	nn::prpn mark::comma
juwe gūsa ishun de amban amban i tatan be suwele ∅ ,	nv::nv nv::nv nv::nv cm::dat nv::nv nv::nv cm::gen nv::nv cm::acc verb::vv e::fve.imperative mark::comma
šanggiyan_hada ci gene he juwe minggan cooha ,	nn::prpn cm::abl verb::vv e::pst.ptcp nv::nv nv::nv nv::nv mark::comma
jai cen i niru i juwe niyalma ,	nv::nv pn::3pl cm::gen nv::nv cm::gen nv::nv nv::nv mark::comma
tanggū cooha be gai fi ,	nv::nv nv::nv cm::acc verb::vv e::cve mark::comma
xongšon ,	nn::prpn.person mark::comma
ere biya i orin i ebsihe de ,	nv::nv nv::nv cm::gen nv::nv cm::gen nv::nv cm::dat mark::comma
giya_jing ni dehi ilaci aniya ninggun biya i orin juwe de baha ha ,	nn::prpn cm::gen nv::nv nv::nv nv::nv nv::nv nv::nv cm::gen nv::nv nv::nv cm::dat verb::vv e::pst.ptcp mark::comma
coro_wei i du_jy_hūi_ciyanši kude i omolo keitemu ,	nn::prpn cm::gen nv::nv nv::nv cm::gen nv::nv nn::prpn.person mark::comma
busan ,	nn::prpn.person mark::comma
je ke muke be waliya fi ,	verb::vv e::pst.ptcp nv::nv cm::acc verb::vv e::cve mark::comma
suwen i gene re ba de usin boo jeku be ,	pn::2pl cm::gen verb::vv e::npst.ptcp nv::nv cm::dat nv::nv nv::nv nv::nv cm::acc mark::comma
manggol sin de tumen gucu ,	nn::prpn.person pn::2sg cm::dat nv::nv nv::nv mark::comma
langse ,	nv::adj mark::comma
karun i bosun de juwan yan i weile ara ha ,	nv::nv cm::gen nn::prpn.person cm::dat nv::nv nv::nv cm::gen nv::nv verb::vv e::pst.ptcp mark::comma
baita be tuwa me weilebu mbi ,	nv::nv cm::acc verb::vv e::cve verb::vv e::fve.npst mark::comma
holto me ume ala ra ,	verb::vv e::cve nv::nv verb::vv e::npst.ptcp mark::comma
dosimbu ha šabisa kice me taci rakū ci ,	verb::vv e::pst.ptcp nv::nv verb::vv e::cve verb::vv e::npst.ptcp.neg e::cve mark::comma
taka banji re beye be ainu jobobu mbi ,	nv::nv verb::vv e::npst.ptcp nv::nv cm::acc nv::nv verb::vv e::fve.npst mark::comma
gašan bošo ro šeo_pu de sunjata yan ,	nv::nv verb::vv e::npst.ptcp nv::nv cm::dat nv::nv nv::nv mark::comma
gemu ele tele baha ha kai ,	nv::nv verb::vv e::cve verb::vv e::pst.ptcp ptcl mark::comma
beye buce kini han i tacibu ha tondo fafun be jurce rakū banji ci ,	nv::nv verb::vv e::fve.opt nv::nv cm::gen verb::vv e::pst.ptcp nv::adj nv::nv cm::acc verb::vv e::npst.ptcp.neg verb::vv e::cve mark::comma
butaci_dureng ,	nn::prpn mark::comma
ere juwan nadan boigon be yoo_jeo de tebu he .	nv::nv nv::nv nv::nv nv::nv cm::acc nn::prpn cm::dat verb::vv e::pst.ptcp mark::period
hukše me gūni fi sain i yabu ki seme ,	verb::vv e::cve verb::vv e::cve nv::adj cm::gen verb::vv e::fve.opt comp mark::comma
nei tuci fi uksin suhe niyalma gece me ambula buce he ,	nv::nv verb::vv e::cve nv::nv nv::nv nv::nv verb::vv e::cve nv::nv verb::vv e::pst.ptcp mark::comma
baijuhū_amji ,	nn::prpn mark::comma
aha i emgi uhe je ∅ ,	nv::nv cm::gen nv::nv nv::nv verb::vv e::fve.imperative mark::comma
han i bithe ,	nv::nv cm::gen nv::nv mark::comma
bi ama de tondo be sabu re o seme gūni me banji hai ,	pn::1sg nv::nv cm::dat nv::adj cm::acc verb::vv e::npst.ptcp ptcl comp verb::vv e::cve verb::vv e::cve mark::comma
amba boo de amba boigon ,	nv::adj nv::nv cm::dat nv::adj nv::nv mark::comma
tere i sira me geren gai kini ,	nv::nv cm::gen verb::vv e::cve nv::adj verb::vv e::fve.opt mark::comma
○ looton_mafa ,	mark::circle nn::prpn mark::comma
○ orin nadan de ,	mark::circle nv::nv nv::nv cm::dat mark::comma
cooha i amba tu de sucu fi ,	nv::nv cm::gen nv::adj nv::nv cm::dat verb::vv e::cve mark::comma
ere nikan i wan_lii_han cooha tuci fi yehe de tuwakiya me te fi ,	nv::nv nv::nv cm::gen nn::prpn nv::nv verb::vv e::cve nv::nv cm::dat verb::vv e::cve verb::vv e::cve mark::comma
josingga be alana me goida ha seme ,	nn::prpn.person cm::acc verb::vv e::cve verb::vv e::pst.ptcp comp mark::comma
gu_šan_wei i du_jy_hūi_tungjy lata i jui šose ,	nn::prpn cm::gen nv::nv nv::adj cm::gen nv::nv nn::prpn.person mark::comma
faksikan i elhe i afa ∅ seme nonggi me unggi he .	nv::adj cm::gen nv::nv cm::gen verb::vv e::fve.imperative comp verb::vv e::cve verb::vv e::pst.ptcp mark::period
min i juse omosi jalan hala me han de gosibu me wesihun banji kini .	pn::1sg cm::gen nv::nv nv::nv nv::nv verb::vv e::cve nv::nv cm::dat verb::vv e::cve nv::nv verb::vv e::fve.opt mark::period
beile se amban sa be gemu uji he ,	nv::nv nv::nv nv::nv nv::nv cm::acc nv::nv verb::vv e::pst.ptcp mark::comma
sirai ,	nn::prpn.person mark::comma
hai_si mulan_wei i du_jy_hūi_ciyanši boloko i omolo anjiha ,	nn::prpn nn::prpn cm::gen nv::nv nn::prpn.person cm::gen nv::nv nn::prpn.person mark::comma
giya_jing ni dehici aniya nadan biya i orin uyun de baha ha ,	nn::prpn cm::gen nv::nv nv::nv nv::nv nv::nv cm::gen nv::nv nv::nv cm::dat verb::vv e::pst.ptcp mark::comma
emu niyalma be cooha ilibu ∅ ,	nv::nv nv::nv cm::acc nv::nv verb::vv e::fve.imperative mark::comma
tuttu geren i juleri hūla me bu re šangna ra be ele rakū ,	nv::nv nv::adj cm::gen nv::nv verb::vv e::cve verb::vv e::npst.ptcp verb::vv e::npst.ptcp cm::acc verb::vv e::npst.ptcp.neg mark::comma
niohe dahū emke ,	nv::nv nv::nv nv::nv mark::comma
doro jafa fi sain banji ki seme duin jergi bithe ,	nv::nv verb::vv e::cve nv::adj verb::vv e::fve.opt comp nv::nv nv::nv nv::nv mark::comma
fu_jeo ,	nn::prpn mark::comma
mungtan ,	nn::prpn.person mark::comma
wesibu fi ciyandzung obu ha ,	verb::vv e::cve nv::nv verb::vv e::pst.ptcp mark::comma
○ ilan biya de ,	mark::circle nv::nv nv::nv cm::dat mark::comma
min i juse omosi jalan hala me han de gosibu me wesihun banji kini .	pn::1sg cm::gen nv::nv nv::nv nv::nv verb::vv e::cve nv::nv cm::dat verb::vv e::cve nv::nv verb::vv e::fve.opt mark::period
g'arma ,	nn::prpn.person mark::comma
min be ume huthu re uthai saci me wa ∅ seme hendu he ,	pn::1sg cm::acc nv::nv verb::vv e::npst.ptcp nv::nv verb::vv e::cve verb::vv e::fve.imperative comp verb::vv e::pst.ptcp mark::comma
baita ,	nv::nv mark::comma
sangtu i unggi he bithe ,	nn::prpn.person cm::gen verb::vv e::pst.ptcp nv::nv mark::comma
sarin sarila ra de hendu he gisun ,	nv::nv verb::vv e::npst.ptcp cm::dat verb::vv e::pst.ptcp nv::nv mark::comma
hergengge amban sa de sala me bu he ,	nv::adj nv::nv nv::nv cm::dat verb::vv e::cve verb::vv e::pst.ptcp mark::comma
gisure he gisun de isibu me yabu ci ,	verb::vv e::pst.ptcp nv::nv cm::dat verb::vv e::cve verb::vv e::cve mark::comma
bai niyalma ,	nv::nv nv::nv mark::comma
tofohoto boso ,	nv::nv nv::nv mark::comma
tanggū ci fusihūn ,	nv::nv cm::abl nv::adj mark::comma
emte jergi etuku bu he .	nv::nv nv::nv nv::nv verb::vv e::pst.ptcp mark::period
bugūi ,	nn::prpn.person mark::comma
tuttu o ci ,	nv::nv verb::vv e::cve mark::comma
doo ha manggi ,	verb::vv e::pst.ptcp nv::nv mark::comma
tuttu gashū fi ,	nv::nv verb::vv e::cve mark::comma
tere i dele ,	nv::nv cm::gen nv::nv mark::comma
tuhe re weile gai me beiguwan i hergen efule me ,	verb::vv e::npst.ptcp nv::nv verb::vv e::cve nv::nv cm::gen nv::nv verb::vv e::cve mark::comma
ginjeo de jušen i emu iogi ,	nn::prpn.plc cm::dat nv::nv cm::gen nv::nv nv::nv mark::comma
gūsa i faksi be ,	nv::nv cm::gen nv::nv cm::acc mark::comma
tere wa ha niyalma i jalin de nikan sa hakū baica hakū ba de ,	nv::nv verb::vv e::pst.ptcp nv::nv cm::gen nv::nv cm::dat nv::nv verb::vv e::pst.ptcp.neg verb::vv e::pst.ptcp.neg nv::nv cm::dat mark::comma
hanggūbai gebungge amban be sinda fi gurun be daila me dahabu fi boo de bedere re de ,	nn::prpn.person nv::adj nv::nv cm::acc verb::vv e::cve nv::nv cm::acc verb::vv e::cve verb::vv e::cve nv::nv cm::dat verb::vv e::npst.ptcp cm::dat mark::comma
yungji gene fi ,	nn::prpn.person verb::vv e::cve mark::comma
men i juwe gurun abka na de gashū mbi ,	pn::1pl.excl cm::gen nv::nv nv::nv nv::nv nv::nv cm::dat verb::vv e::fve.npst mark::comma
juwe beile i cooha ,	nv::nv nv::nv cm::gen nv::nv mark::comma
sio_yan i ergi de anafu te he cooha de neme me gene he .	nn::prpn cm::gen nv::nv cm::dat nv::nv verb::vv e::pst.ptcp nv::nv cm::dat verb::vv e::cve verb::vv e::pst.ptcp mark::period
han i bithe ,	nv::nv cm::gen nv::nv mark::comma
wang_iogi sa mbi ,	nn::prpn verb::vv e::fve.npst mark::comma
min i gurun uji re genggiyen mergen o fi ,	pn::1sg cm::gen nv::nv verb::vv e::npst.ptcp nv::adj nv::adj verb::vv e::cve mark::comma
wan_lii i sunjaci aniya jorgon biya i ice sunja de baha ha ,	nn::prpn cm::gen nv::nv nv::nv nv::nv nv::nv cm::gen nv::adj nv::nv cm::dat verb::vv e::pst.ptcp mark::comma
han i tacibu ha tondo fafun be jurce rakū banji ci ,	nv::nv cm::gen verb::vv e::pst.ptcp nv::adj nv::nv cm::acc verb::vv e::npst.ptcp.neg verb::vv e::cve mark::comma
si min be adarame tookabu mbi ,	pn::2sg pn::1sg cm::acc nv::nv verb::vv e::fve.npst mark::comma
in i urun de latu habi seme habša fi ,	pn::3sg cm::gen nv::nv cm::dat verb::vv e::fve.prs.prf comp verb::vv e::cve mark::comma
ula de buce he seme ,	nv::nv cm::dat verb::vv e::pst.ptcp comp mark::comma
han ,	nv::nv mark::comma
tatai ,	nn::prpn.person mark::comma
kundulen_genggiyen_han i juwan tatan i beile se ,	nn::prpn cm::gen nv::nv nv::nv cm::gen nv::nv nv::nv mark::comma
ocirsang be tucibu fi unggi re de ,	nn::prpn.person cm::acc verb::vv e::cve verb::vv e::npst.ptcp cm::dat mark::comma
buya toholiyo efen ara fi sile bara fi je ∅ ,	nv::adj nv::nv nv::nv verb::vv e::cve nv::nv verb::vv e::cve verb::vv e::fve.imperative mark::comma
tere elcin be wa ha ngge ,	nv::nv nv::nv cm::acc verb::vv e::pst.ptcp nmlz::nmlz mark::comma
arki nure ulgiyan bu fi ,	nv::nv nv::nv nv::nv verb::vv e::cve mark::comma
etu re ngge ume bu re seme ,	verb::vv e::npst.ptcp nmlz::nmlz nv::nv verb::vv e::npst.ptcp comp mark::comma
beile se i boo i hūwa de hono orho bi o ,	nv::nv nv::nv cm::gen nv::nv cm::gen nv::nv cm::dat nv::nv nv::nv verb::vv.npst ptcl mark::comma
tanggū takūra fi duin yan menggun šangna me bu ∅ seme arabu ∅ ,	nv::nv verb::vv e::cve nv::nv nv::nv nv::nv verb::vv e::cve verb::vv e::fve.imperative comp verb::vv e::fve.imperative mark::comma
ooba_hūwang_taiji be ubiya ra da de ubiya kini ,	nn::prpn cm::acc verb::vv e::npst.ptcp nv::nv cm::dat verb::vv e::fve.opt mark::comma
○ iogi langse ,	mark::circle nv::nv nv::adj mark::comma
buya niyalma be hoton de tebu fi ,	nv::adj nv::nv cm::acc nv::nv cm::dat verb::vv e::cve mark::comma
nikan suwen de ,	nv::nv pn::2pl cm::dat mark::comma
solho ci amasi ,	nv::nv cm::abl nv::nv mark::comma
hafan sa i takūra ra niyalma ,	nv::nv nv::nv cm::gen verb::vv e::npst.ptcp nv::nv mark::comma
sunja tatan i kalka i beile se de elcin gene he sirana gebungge niyalma ,	nv::nv nv::nv cm::gen nv::nv cm::gen nv::nv nv::nv cm::dat nv::nv verb::vv e::pst.ptcp nn::prpn.person nv::adj nv::nv mark::comma
aniya biya i ice ilan de ,	nv::nv nv::nv cm::gen nv::adj nv::nv cm::dat mark::comma
○ orin emu de ,	mark::circle nv::nv nv::nv cm::dat mark::comma
jao_san_tun i gašan i guile he emu kuwangse ,	nn::prpn cm::gen nv::nv cm::gen verb::vv e::pst.ptcp nv::nv nv::nv mark::comma
sejen ihan niyalma be ,	nv::nv nv::nv nv::nv cm::acc mark::comma
jai monggo i uksin etu he morin akū niyalma de ,	nv::nv nv::nv cm::gen nv::nv verb::vv e::pst.ptcp nv::nv nv::adj nv::nv cm::dat mark::comma
sio_yan de alban i jeku bošo me gene he be ,	nn::prpn cm::dat nv::nv cm::gen nv::nv verb::vv e::cve verb::vv e::pst.ptcp cm::acc mark::comma
tere muduri erin de uthai jura ka ,	nv::nv nv::nv nv::nv cm::dat nv::nv verb::vv e::pst.ptcp mark::comma
emu tumen duin minggan emu tanggū juwan emu hule bi ,	nv::nv nv::nv nv::nv nv::nv nv::nv nv::nv nv::nv nv::nv nv::nv verb::vv.npst mark::comma
gūsin niyalma jafa fi ,	nv::nv nv::nv verb::vv e::cve mark::comma
nadan biya de akū tala jete re bele niohubu ∅ ,	nv::nv nv::nv cm::dat verb::vv e::cve verb::vv e::npst.ptcp nv::nv verb::vv e::fve.imperative mark::comma
ba goro o fi gene hekū bi he ,	nv::nv nv::nv verb::vv e::cve verb::vv e::pst.ptcp.neg verb::vv e::pst.ptcp mark::comma
mulan_šan_wei i du_jy_hūi_ciyanši hangsi i jui moobari ,	nn::prpn cm::gen nv::nv nv::nv cm::gen nv::nv nn::prpn.person mark::comma
hoifa de te he cooha i amban sa ,	nn::prpn.plc cm::dat verb::vv e::pst.ptcp nv::nv cm::gen nv::nv nv::nv mark::comma
nomin ,	nv::nv mark::comma
ba baktanda rakū dali me gama ha .	nv::nv verb::vv e::npst.ptcp.neg verb::vv e::cve verb::vv e::pst.ptcp mark::period
ficakū jafa ra be ,	nv::nv verb::vv e::npst.ptcp cm::acc mark::comma
beile se amban sa i beye be beile se amban sa ete mbi o ,	nv::nv nv::nv nv::nv nv::nv cm::gen nv::nv cm::acc nv::nv nv::nv nv::nv nv::nv verb::vv e::fve.npst ptcl mark::comma
tsoo_ši_yoo ,	nn::prpn mark::comma
amba_gašan i teile bi kini ,	nn::prpn cm::gen nv::nv verb::vv e::fve.opt mark::comma
turi ,	nv::nv mark::comma
muse i cooha i morin de bu ∅ seme bithe unggi hebi ,	nv::nv cm::gen nv::nv cm::gen nv::nv cm::dat verb::vv e::fve.imperative comp nv::nv verb::vv e::fve.prs.prf mark::comma
ujula ha beile se amban sa ,	verb::vv e::pst.ptcp nv::nv nv::nv nv::nv nv::nv mark::comma
nadan jurgan i weile be nakabu fi ,	nv::nv nv::nv cm::gen nv::nv cm::acc verb::vv e::cve mark::comma
dacila fi alanji ∅ .	verb::vv e::cve verb::vv e::fve.imperative mark::period
suwe beile se de benji he giyahūn de hūda bu he o ci waji ha ,	pn::2pl nv::nv nv::nv cm::dat verb::vv e::pst.ptcp nv::nv cm::dat nv::nv verb::vv e::pst.ptcp verb::vv e::cve verb::vv e::pst.ptcp mark::comma
šeo_pu de emte yan menggun bu he .	nv::nv cm::dat nv::nv nv::nv nv::nv verb::vv e::pst.ptcp mark::period
jai ši_fujiyang ni baica ha ngge ,	nv::nv nn::prpn cm::gen verb::vv e::pst.ptcp nmlz::nmlz mark::comma
han amji min de banjinji ∅ ,	nv::nv nv::nv pn::1sg cm::dat verb::vv e::fve.imperative mark::comma
wan_lii i orin emuci aniya ilan de baha ha ,	nn::prpn cm::gen nv::nv nv::nv nv::nv nv::nv cm::dat verb::vv e::pst.ptcp mark::comma
gung be fonji ∅ ,	nv::nv cm::acc verb::vv e::fve.imperative mark::comma
lung_king ni te he aniya jakūn biya i orin ilan de baha ha ,	nn::prpn cm::gen verb::vv e::pst.ptcp nv::nv nv::nv nv::nv cm::gen nv::nv nv::nv cm::dat verb::vv e::pst.ptcp mark::comma
wen_ioi se re nimaha juwan ,	nv::nv verb::vv e::npst.ptcp nv::nv nv::nv mark::comma
adun de ,	nv::nv cm::dat mark::comma
jai yehe ci burula me gene he juwan niyalma bi ,	nv::nv nv::nv cm::abl verb::vv e::cve verb::vv e::pst.ptcp nv::nv nv::nv verb::vv.npst mark::comma
sunja minggan cooha be gai fi daha me alin ci wasi fi ,	nv::nv nv::nv nv::nv cm::acc verb::vv e::cve verb::vv e::cve nv::nv cm::abl verb::vv e::cve mark::comma
suwe emu majige jobo ro jalin de gūni mbi ,	pn::2pl nv::nv nv::adj verb::vv e::npst.ptcp nv::nv cm::dat verb::vv e::fve.npst mark::comma
inenggidari sarin sarila ha .	nv::nv nv::nv verb::vv e::pst.ptcp mark::period
i gurun be ejen se mbi kai ,	pn::3sg nv::nv cm::acc nv::nv verb::vv e::fve.npst ptcl mark::comma
○ ice ninggun de ,	mark::circle nv::adj nv::nv cm::dat mark::comma
niyaman hūncihin seme harša rakū ,	nv::nv nv::nv comp verb::vv e::npst.ptcp.neg mark::comma
han i sonjo fi duka tuwakiya ∅ seme afabu ha hiyasa ,	nv::nv cm::gen verb::vv e::cve nv::nv verb::vv e::fve.imperative comp verb::vv e::pst.ptcp nv::nv mark::comma
ahana ,	nn::prpn.person mark::comma
afabu ha weile be mute mbi ,	verb::vv e::pst.ptcp nv::nv cm::acc verb::vv e::fve.npst mark::comma
giya_jing ni gūsin sunjaci aniya nadan biya i juwan uyun de baha ha ,	nn::prpn cm::gen nv::nv nv::nv nv::nv nv::nv nv::nv cm::gen nv::nv nv::nv cm::dat verb::vv e::pst.ptcp mark::comma
abka geren gurun be uji kini seme sinda ha genggiyen_han seme gebu hūla ha ,	nv::nv nv::adj nv::nv cm::acc verb::vv e::fve.opt comp verb::vv e::pst.ptcp nn::prpn comp nv::nv verb::vv e::pst.ptcp mark::comma
niyaman hūncihin seme harša rakū ,	nv::nv nv::nv comp verb::vv e::npst.ptcp.neg mark::comma
iogi ci wesihun šangna me bu he ,	nv::nv cm::abl nv::nv verb::vv e::cve verb::vv e::pst.ptcp mark::comma
šanggiyan morin be abka de wa fi ,	nv::nv nv::nv cm::acc nv::nv cm::dat verb::vv e::cve mark::comma
suwen de we usin boo bu mbi ,	pn::2pl cm::dat nv::nv nv::nv nv::nv verb::vv e::fve.npst mark::comma
ula i bujantai_han ,	nv::nv cm::gen nn::prpn mark::comma
morin ci ebu fi niyakūra fi hengkile fi dulembu ∅ ,	nv::nv cm::abl verb::vv e::cve verb::vv e::cve verb::vv e::cve verb::vv e::fve.imperative mark::comma
afabu ha weile be mute mbi ,	verb::vv e::pst.ptcp nv::nv cm::acc verb::vv e::fve.npst mark::comma
jori ha jurgan be jurce rakū seme ilaci jergi tsanjiyang obu ha ,	verb::vv e::pst.ptcp nv::nv cm::acc verb::vv e::npst.ptcp.neg comp nv::nv nv::nv nv::nv verb::vv e::pst.ptcp mark::comma
niyalma takūra fi ,	nv::nv verb::vv e::cve mark::comma
liyoodung ni šang be gemu gai ha ,	nn::prpn.plc cm::gen nv::nv cm::acc nv::nv verb::vv e::pst.ptcp mark::comma
sain be sain ,	nv::adj cm::acc nv::adj mark::comma
du_tang ,	nv::nv mark::comma
○ yangšan be beiguwan obu ha .	mark::circle nv::adj cm::acc nv::nv verb::vv e::pst.ptcp mark::period
dehi morin ,	nv::nv nv::nv mark::comma
tere gisun be beile se de ala hakū ,	nv::nv nv::nv cm::acc nv::nv nv::nv cm::dat verb::vv e::pst.ptcp.neg mark::comma
○ ginjeo i hoton i boigon be ,	mark::circle nn::prpn.plc cm::gen nv::nv cm::gen nv::nv cm::acc mark::comma
jai ama han i gelecuke amba gebu bi ,	nv::nv nv::nv nv::nv cm::gen nv::adj nv::adj nv::nv verb::vv.npst mark::comma
○ ilan biya i ice de ,	mark::circle nv::nv nv::nv cm::gen nv::adj cm::dat mark::comma
hahana ,	nn::prpn.person mark::comma
abka da fi uruše he ba de emke juwe endebu re doro ,	nv::nv verb::vv e::cve verb::vv e::pst.ptcp nv::nv cm::dat nv::nv nv::nv verb::vv e::npst.ptcp nv::nv mark::comma
ice juwe de ,	nv::adj nv::nv cm::dat mark::comma
aba gene re onggolo ,	nv::nv verb::vv e::npst.ptcp nv::nv mark::comma
emu farsi suje be hehe niyalma de bu he de ,	nv::nv nv::nv nv::nv cm::acc nv::nv nv::nv cm::dat verb::vv e::pst.ptcp cm::dat mark::comma
eiten hacin i tetun yooni bu he .	nv::adj nv::nv cm::gen nv::nv nv::nv verb::vv e::pst.ptcp mark::period
harangga monggo emu tanggū ninju boigon uka me ji he .	nv::nv nv::nv nv::nv nv::nv nv::nv nv::nv verb::vv e::cve verb::vv e::pst.ptcp mark::period
giyang doo ha be amca fi gaji ha ,	nv::nv verb::vv e::pst.ptcp cm::acc verb::vv e::cve verb::vv e::pst.ptcp mark::comma
bi da ci nikan gurun de ehe ,	pn::1sg nv::nv cm::abl nv::nv nv::nv cm::dat nv::adj mark::comma
seke i mahala ,	nv::nv cm::gen nv::nv mark::comma
tofohon yan i weile gai ha ,	nv::nv nv::nv cm::gen nv::nv verb::vv e::pst.ptcp mark::comma
gonggina_mafa ,	nn::prpn mark::comma
monggo de gaibu fi jai amasi jide re jaka de ,	nv::nv cm::dat verb::vv e::cve nv::nv nv::nv verb::vv e::npst.ptcp nv::nv cm::dat mark::comma
han i tacibu ha tondo fafun be jurce rakū banji ci ,	nv::nv cm::gen verb::vv e::pst.ptcp nv::adj nv::nv cm::acc verb::vv e::npst.ptcp.neg verb::vv e::cve mark::comma
yaya niyaman hūncihin i buce he jobolon de gene rakū seme ,	nv::nv nv::nv nv::nv cm::gen verb::vv e::pst.ptcp nv::nv cm::dat verb::vv e::npst.ptcp.neg comp mark::comma
encule me sunja tanggū nikan bu ∅ ,	verb::vv e::cve nv::nv nv::nv nv::nv verb::vv e::fve.imperative mark::comma
fujiyang be aca ci ,	nv::nv cm::acc verb::vv e::cve mark::comma
sunja inenggi dube de emgeri beile se amban sa be yamun de isabu fi gisun gisurebu me ,	nv::nv nv::nv nv::nv cm::dat nv::nv nv::nv nv::nv nv::nv nv::nv cm::acc nv::nv cm::dat verb::vv e::cve nv::nv verb::vv e::cve mark::comma
hecen i niyalma hendu me ,	nv::nv cm::gen nv::nv verb::vv e::cve mark::comma
○ beiguwan burantai ,	mark::circle nv::nv nn::prpn.person mark::comma
ehe be ehe seme han de ala mbi ,	nv::adj cm::acc nv::adj comp nv::nv cm::dat verb::vv e::fve.npst mark::comma
○ orin duin de ,	mark::circle nv::nv nv::nv cm::dat mark::comma
han i bithe ,	nv::nv cm::gen nv::nv mark::comma
jase i tulergi abka i wakala ha yehe i gisun be gai fi ,	nv::nv cm::gen nv::nv nv::nv cm::gen verb::vv e::pst.ptcp nv::nv cm::gen nv::nv cm::acc verb::vv e::cve mark::comma
ume uda ra ,	nv::nv verb::vv e::npst.ptcp mark::comma
use asara ∅ ,	nv::nv verb::vv e::fve.imperative mark::comma
ere aniya tai jakara me usin tari ∅ ,	nv::nv nv::nv nv::nv verb::vv e::cve nv::nv verb::vv e::fve.imperative mark::comma
beile se i tokso boo i jakūn tanggū niyalma de ,	nv::nv nv::nv cm::gen nv::nv nv::nv cm::gen nv::nv nv::nv nv::nv cm::dat mark::comma
afabu ha weile be mute mbi ,	verb::vv e::pst.ptcp nv::nv cm::acc verb::vv e::fve.npst mark::comma
jai cimari gere me ,	nv::nv nv::nv verb::vv e::cve mark::comma
ginjeo ,	nn::prpn.plc mark::comma
hafasa de bu he haha be ,	nv::nv cm::dat verb::vv e::pst.ptcp nv::nv cm::acc mark::comma
ši_fang_sy de orho hadu me gene he niyalma gemu bedere me ji ∅ ,	nn::prpn cm::dat nv::nv verb::vv e::cve verb::vv e::pst.ptcp nv::nv nv::nv verb::vv e::cve verb::vv e::fve.imperative mark::comma
yacin boso emu tanggū ,	nv::adj nv::nv nv::nv nv::nv mark::comma
han inu baha fi sarkū kai ,	nv::nv nv::nv verb::vv e::cve nv::nv ptcl mark::comma
( dorji ,	mark::lparen nn::prpn.person mark::comma
ehe o ci ,	nv::adj verb::vv e::cve mark::comma
mangga seme sonjo ho sain cooha o fi ,	nv::adj comp verb::vv e::pst.ptcp nv::adj nv::nv verb::vv e::cve mark::comma
jalingga koimali mujilen jafa fi tob seme gisure rakū ci ,	nv::adj nv::adj nv::nv verb::vv e::cve nv::adj comp verb::vv e::npst.ptcp.neg e::cve mark::comma
kimungge niyalma ,	nv::adj nv::nv mark::comma
songko de juleri juwan niyalma be sinda ∅ ,	nv::nv cm::dat nv::nv nv::nv nv::nv cm::acc verb::vv e::fve.imperative mark::comma
jai lo_ting ni ergi de nikan be sinda fi medege gai ci ,	nv::nv nn::prpn cm::gen nv::nv cm::dat nv::nv cm::acc verb::vv e::cve nv::nv verb::vv e::cve mark::comma
heoleku ,	nn::prpn.person mark::comma
min i beye gashū fi geli sa me hūlha ra doro bi o ,	pn::1sg cm::gen nv::nv verb::vv e::cve nv::nv verb::vv e::cve verb::vv e::npst.ptcp nv::nv verb::vv.npst ptcl mark::comma
wase de ilata niyalma ,	nv::nv cm::dat nv::nv nv::nv mark::comma
bohūca ,	nn::prpn.person mark::comma
tere inenggi ,	nv::nv nv::nv mark::comma
jori ha jurgan be jurce rakū seme beiguwan obu ha .	verb::vv e::pst.ptcp nv::nv cm::acc verb::vv e::npst.ptcp.neg comp nv::nv verb::vv e::pst.ptcp mark::period
ai ai alban gemu haha tolo rakū ,	nv::nv nv::nv nv::nv nv::nv nv::nv verb::vv e::npst.ptcp.neg mark::comma
han i buya sargan tainca donji fi ,	nv::nv cm::gen nv::adj nv::nv nn::prpn.person verb::vv e::cve mark::comma
men i geren hafasa hebde fi looye sin de banji re jugūn bai me takūra ha ,	pn::1pl.excl cm::gen nv::adj nv::nv verb::vv e::cve nv::nv pn::2sg cm::dat verb::vv e::npst.ptcp nv::nv verb::vv e::cve verb::vv e::pst.ptcp mark::comma
lii_ši_wei ,	nn::prpn mark::comma
subahai bi ,	nn::prpn.person verb::vv.npst mark::comma
tuttu bu he manggi ,	nv::nv verb::vv e::pst.ptcp nv::nv mark::comma
dehi ulhūma ,	nv::nv nv::nv mark::comma
coko ,	nv::nv mark::comma
mujilen kemuni gūwaliyanda rakū sain o ci ,	nv::nv nv::nv verb::vv e::npst.ptcp.neg nv::adj verb::vv e::cve mark::comma
○ iogi jergene ,	mark::circle nv::nv nn::prpn.person mark::comma
ere aibide bi ,	nv::nv nv::nv verb::vv.npst mark::comma
○ orin nadan de ,	mark::circle nv::nv nv::nv cm::dat mark::comma
daise fujiyang borjin ,	nv::nv nv::nv nn::prpn.person mark::comma
gemu tuwa sinda fi gama habi ,	nv::nv nv::nv verb::vv e::cve verb::vv e::fve.prs.prf mark::comma
suje orin ,	nv::nv nv::nv mark::comma
gida jangkū be inu dasa rakū ,	nv::nv nv::nv cm::acc nv::nv verb::vv e::npst.ptcp.neg mark::comma
ilaci jergi de minggai ,	nv::nv nv::nv cm::dat nn::prpn.person mark::comma
sunja ing ni cooha be wa fi ,	nv::nv nv::nv cm::gen nv::nv cm::acc verb::vv e::cve mark::comma
min i gurun be ajigen seme gidaša me ,	pn::1sg cm::gen nv::nv cm::acc nv::adj comp verb::vv e::cve mark::comma
muse i cooha be jobobu me suilabu me ,	nv::nv cm::gen nv::nv cm::acc verb::vv e::cve verb::vv e::cve mark::comma
han i afabu ha jurgan be ,	nv::nv cm::gen verb::vv e::pst.ptcp nv::nv cm::acc mark::comma
tuci fi ula i cooha be gida ha kai ,	verb::vv e::cve nv::nv cm::gen nv::nv cm::acc verb::vv e::pst.ptcp ptcl mark::comma
juwan tofohon jalan ci ebsi sarkū bi o ,	nv::nv nv::nv nv::nv cm::abl nv::nv nv::nv verb::vv.npst ptcl mark::comma
wa fi je ∅ seme minggan ihan bu he ,	verb::vv e::cve verb::vv e::fve.imperative comp nv::nv nv::nv verb::vv e::pst.ptcp mark::comma
solho i emu niyalma ,	nv::nv cm::gen nv::nv nv::nv mark::comma
jaisai beye be emgeri muse uji me waji ha ,	nn::prpn.person nv::nv cm::acc nv::nv pn::1pl.incl verb::vv e::cve verb::vv e::pst.ptcp mark::comma
manggūldai_taiji sargan be ,	nn::prpn nv::nv cm::acc mark::comma
fejergi niyalma i mujilen be daha me yabu ci ,	nv::nv nv::nv cm::gen nv::nv cm::acc verb::vv e::cve verb::vv e::cve mark::comma
janggiya be gaji ki seme sin de fonji ci ,	nn::prpn.person cm::acc verb::vv e::fve.opt comp pn::2sg cm::dat verb::vv e::cve mark::comma
g'ai_jeo ci ebsi si_mu_ceng ci casi uhereme te ,	nn::prpn cm::abl nv::nv nn::prpn cm::abl nv::nv nv::nv nv::nv mark::comma
ejen i jui aha ,	nv::nv cm::gen nv::nv nv::nv mark::comma
sereng ni uyun niyalma ,	nn::prpn.person cm::gen nv::nv nv::nv mark::comma
hife gebungge juwe elcin be beile se de acabu hakūbi ,	nv::nv nv::adj nv::nv nv::nv cm::acc nv::nv nv::nv cm::dat verb::vv e::fve.prs.prf.neg mark::comma
emu niru de ilata ihan ,	nv::nv nv::nv cm::dat nv::nv nv::nv mark::comma
neodei be niyalma tanta ha ,	nn::prpn.person cm::acc nv::nv verb::vv e::pst.ptcp mark::comma
amargi liyoha i dogon de anafu te me gene he .	nv::nv nn::prpn.plc cm::gen nv::nv cm::dat nv::nv verb::vv e::cve verb::vv e::pst.ptcp mark::period
nangnuk be bagadarhan de ilibu ∅ seme unggi he bi he ,	nn::prpn.person cm::acc nn::prpn.person cm::dat verb::vv e::fve.imperative comp verb::vv e::pst.ptcp verb::vv e::pst.ptcp mark::comma
kalka i darhan_baturu_beile i elcin haha duin ,	nv::nv cm::gen nn::prpn cm::gen nv::nv nv::nv nv::nv mark::comma
○ juwan nadan de ,	mark::circle nv::nv nv::nv cm::dat mark::comma
murtai i ama be cala me wa ha seme ,	nv::nv cm::gen nv::nv cm::acc verb::vv e::cve verb::vv e::pst.ptcp comp mark::comma
cooha bira doo ki se ci ,	nv::nv nv::nv verb::vv e::fve.opt verb::vv e::cve mark::comma
○ ice nadan de ,	mark::circle nv::adj nv::nv cm::dat mark::comma
jai si min i duka de ume jide re ,	nv::nv pn::2sg pn::1sg cm::gen nv::nv cm::dat nv::nv verb::vv e::npst.ptcp mark::comma
du_tang ,	nv::nv mark::comma
kalka i joriktu_hūng_baturu_beile ujula fi ,	nv::nv cm::gen nn::prpn verb::vv e::cve mark::comma
han jili banji fi ,	nv::nv nv::nv verb::vv e::cve mark::comma
hai_si uje_šan_wei i du_jy_hūi_ciyanši haiju i jui carbuha ,	nn::prpn nn::prpn cm::gen nv::nv nn::prpn.person cm::gen nv::nv nn::prpn.person mark::comma
jai ere i adali ehe niyalma bi ci ,	nv::nv nv::nv cm::gen nv::adj nv::adj nv::nv verb::vv e::cve mark::comma
taigiyan sinda fi gurun de ulin gai me o fi ,	nv::nv verb::vv e::cve nv::nv cm::dat nv::nv verb::vv e::cve verb::vv e::cve mark::comma
suwen i beye be tese i jergile me ainu gūni mbi ,	pn::2pl cm::gen nv::nv cm::acc nv::nv cm::gen verb::vv e::cve nv::nv verb::vv e::fve.npst mark::comma
saintu ,	nv::nv mark::comma
yangguri ,	nn::prpn.person mark::comma
gene ci isina mbi ,	verb::vv e::cve verb::vv e::fve.npst mark::comma
juwan jakūn ihan ,	nv::nv nv::nv nv::nv mark::comma
amasi julesi takūra ra niyalma be ,	nv::nv nv::nv verb::vv e::npst.ptcp nv::nv cm::acc mark::comma
bithe deiji me gashū ha ,	nv::nv verb::vv e::cve verb::vv e::pst.ptcp mark::comma
han de sain sabu ci ,	nv::nv cm::dat nv::adj verb::vv e::cve mark::comma
alibu ,	nn::prpn.person mark::comma
aba tuci fi hūsina_šuwa gebungge alin be aba sinda fi gene re de ,	nv::nv verb::vv e::cve nn::prpn nv::adj nv::nv cm::acc nv::nv verb::vv e::cve verb::vv e::npst.ptcp cm::dat mark::comma
beye buce re amba weile be emhun beide rakū ,	nv::nv verb::vv e::npst.ptcp nv::adj nv::nv cm::acc nv::nv verb::vv e::npst.ptcp.neg mark::comma
julge tumen_han i fon ci ebsi ,	nv::nv nn::prpn cm::gen nv::nv cm::abl nv::nv mark::comma
abtai_nakcu i ilaci jergi fujiyang ni hergen be wesibu fi ilaci jergi dzung_bing_guwan obu ha ,	nn::prpn cm::gen nv::nv nv::nv nv::nv cm::gen nv::nv cm::acc verb::vv e::cve nv::nv nv::nv nv::nv verb::vv e::pst.ptcp mark::comma
sure_kundulen_han i cooha i niyalma i gabta ha sirdan toko ho gida de fondo da ra ngge ,	nn::prpn cm::gen nv::nv cm::gen nv::nv cm::gen verb::vv e::pst.ptcp nv::nv verb::vv e::pst.ptcp nv::nv cm::dat nv::adj verb::vv e::npst.ptcp nmlz::nmlz mark::comma
min i juse omosi jalan hala me han de gosibu me wesihun banji kini .	pn::1sg cm::gen nv::nv nv::nv nv::nv verb::vv e::cve nv::nv cm::dat verb::vv e::cve nv::nv verb::vv e::fve.opt mark::period
○ ice ninggun de ,	mark::circle nv::adj nv::nv cm::dat mark::comma
kalka i beile se tede usha fi ,	nv::nv cm::gen nv::nv nv::nv nv::nv verb::vv e::cve mark::comma
ula de emu feye baha ha ,	nv::nv cm::dat nv::nv nv::nv verb::vv e::pst.ptcp mark::comma
beye inu wasi mbi kai ,	nv::nv nv::nv verb::vv e::fve.npst ptcl mark::comma
artai be abala ha seme niru i niyalma gercile fi ,	nn::prpn.person cm::acc verb::vv e::pst.ptcp comp nv::nv cm::gen nv::nv verb::vv e::cve mark::comma
sunja biya i orin ilan de wasimbu ha ,	nv::nv nv::nv cm::gen nv::nv nv::nv cm::dat verb::vv e::pst.ptcp mark::comma
cooha i niyalma hecen i ninggu be tehere me meni meni teisu teisu tatan ili fi ,	nv::nv cm::gen nv::nv nv::nv cm::gen nv::nv cm::acc verb::vv e::cve nv::nv nv::nv nv::nv nv::nv nv::nv verb::vv e::cve mark::comma
tuttu daha rakū ci ,	nv::nv verb::vv e::npst.ptcp.neg e::cve mark::comma
gurun jobo mbi kai ,	nv::nv verb::vv e::fve.npst ptcl mark::comma
han hendu me ,	nv::nv verb::vv e::cve mark::comma
ilaci jergi tsanjiyang obu ha .	nv::nv nv::nv nv::nv verb::vv e::pst.ptcp mark::period
hecen i šun dekde re ergi tasha_bira i dogon be doo me ,	nv::nv cm::gen nv::nv verb::vv e::npst.ptcp nv::nv nn::prpn cm::gen nv::nv cm::acc verb::vv e::cve mark::comma
juleri dain ci šangna ha bu he be gemu amasi gai ci ,	nv::nv nv::nv cm::abl verb::vv e::pst.ptcp verb::vv e::pst.ptcp cm::acc nv::nv nv::nv verb::vv e::cve mark::comma
baindari hendu me ,	nn::prpn.person verb::vv e::cve mark::comma
aha ejen amba ajige seme ainu gūni mbi ,	nv::nv nv::nv nv::adj nv::adj comp nv::nv verb::vv e::fve.npst mark::comma
nikan ,	nv::nv mark::comma
nene me fe_ala de in i boo i emu hehe ,	verb::vv e::cve nn::prpn cm::dat pn::3sg cm::gen nv::nv cm::gen nv::nv nv::nv mark::comma
juwe ci waji rakū ambula bayan niyalma o ci ,	verb::vv e::cve verb::vv e::npst.ptcp.neg nv::nv nv::adj nv::nv verb::vv e::cve mark::comma
tere gisun de ,	nv::nv nv::nv cm::dat mark::comma
han de alanji ha ,	nv::nv cm::dat verb::vv e::pst.ptcp mark::comma
○ darhan_efu be ,	mark::circle nn::prpn cm::acc mark::comma
ula de emgeri langtula bu ha seme ilaci jergi iogi ,	nv::nv cm::dat nv::nv verb::vv sfx e::pst.ptcp comp nv::nv nv::nv nv::nv mark::comma
cilin de juwe morin ili fi aliya ∅ ,	nv::nv cm::dat nv::nv nv::nv verb::vv e::cve verb::vv e::fve.imperative mark::comma
gabta ha sirdan saci ha loho toko ho gida be ,	verb::vv e::pst.ptcp nv::nv verb::vv e::pst.ptcp nv::nv verb::vv e::pst.ptcp nv::nv cm::acc mark::comma
ficakū yooni dagila ∅ ,	nv::nv nv::nv verb::vv e::fve.imperative mark::comma
sucungga juwe jergi ji fi gene he ,	nv::nv nv::nv nv::nv verb::vv e::cve verb::vv e::pst.ptcp mark::comma
omolo i jalan ,	nv::nv cm::gen nv::nv mark::comma
emu niyalma i beye emu jaka be bahana ci ,	nv::nv nv::nv cm::gen nv::nv nv::nv nv::nv cm::acc verb::vv e::cve mark::comma
in i beye morin ci ebu fi ,	pn::3sg cm::gen nv::nv nv::nv cm::abl verb::vv e::cve mark::comma
burula ha seme šanaha i dolo ,	verb::vv e::pst.ptcp comp nn::prpn.plc cm::gen nv::nv mark::comma
juwan mocin gai ha ,	nv::nv nv::nv verb::vv e::pst.ptcp mark::comma
tere na ci tuci ke šanggiyan siren ,	nv::nv nv::nv cm::abl verb::vv e::pst.ptcp nv::nv nv::nv mark::comma
cooha i niyalma be daha me tofohon ba i dube de isina fi naka ha ,	nv::nv cm::gen nv::nv cm::acc verb::vv e::cve nv::nv nv::nv cm::gen nv::nv cm::dat verb::vv e::cve verb::vv e::pst.ptcp mark::comma
ukanju i gisun ,	nv::nv cm::gen nv::nv mark::comma
morin yalu fi jaila fi tuci ke ,	nv::nv verb::vv e::cve verb::vv e::cve verb::vv e::pst.ptcp mark::comma
jori ha jurgan be jurce rakū seme beiguwan obu ha .	verb::vv e::pst.ptcp nv::nv cm::acc verb::vv e::npst.ptcp.neg comp nv::nv verb::vv e::pst.ptcp mark::period
huthu he futa be ainu sula obu ha seme susai šusiha šusihala ha ,	verb::vv e::pst.ptcp nv::nv cm::acc nv::nv nv::adj verb::vv e::pst.ptcp comp nv::nv nv::nv verb::vv e::pst.ptcp mark::comma
ehe be ehe seme han de ala mbi ,	nv::adj cm::acc nv::adj comp nv::nv cm::dat verb::vv e::fve.npst mark::comma
nacin de duin juru niyalma ,	nv::nv cm::dat nv::nv nv::nv nv::nv mark::comma
tongki fuka sinda ha hergen i dangse .	nv::nv nv::nv verb::vv e::pst.ptcp nv::nv cm::gen nv::nv mark::period
juwe bethe be eihen i hefeli i fejergi deri hūwaita fi gaji me ji ∅ ,	nv::nv nv::nv cm::acc nv::nv cm::gen nv::nv cm::gen nv::nv nv::nv verb::vv e::cve verb::vv e::cve verb::vv e::fve.imperative mark::comma
fusi_efu ere bithe be gama me ,	nn::prpn nv::nv nv::nv cm::acc verb::vv e::cve mark::comma
te kini ,	verb::vv e::fve.opt mark::comma
nadan beri baha habi ,	nv::nv nv::nv verb::vv e::fve.prs.prf mark::comma
sin i mujilen den o fi ,	pn::2sg cm::gen nv::nv nv::adj verb::vv e::cve mark::comma
○ juwan jakūn de ,	mark::circle nv::nv nv::nv cm::dat mark::comma
iselen ,	nn::prpn.person mark::comma
min i dehi niyalma be wa fi ubaša ha ,	pn::1sg cm::gen nv::nv nv::nv cm::acc verb::vv e::cve verb::vv e::pst.ptcp mark::comma
erdemu akū niyalma o ci ,	nv::nv nv::adj nv::nv verb::vv e::cve mark::comma
boo de uji he ujima ,	nv::nv cm::dat verb::vv e::pst.ptcp nv::nv mark::comma
hūlha me holto me banji rakū .	verb::vv e::cve verb::vv e::cve verb::vv e::npst.ptcp.neg mark::period
suje juwanta ,	nv::nv nv::nv mark::comma
menggun faksi i morin ci ana me gaji fi uba de hūwaita ∅ .	nv::nv nv::nv cm::gen nv::nv cm::abl verb::vv e::cve verb::vv e::cve nv::nv cm::dat verb::vv e::fve.imperative mark::period
tang_šan ,	nn::prpn mark::comma
waka be ali me gaija rakū cira alja mbi ,	nv::adj cm::acc verb::vv e::cve verb::vv e::npst.ptcp.neg nv::nv verb::vv e::fve.npst mark::comma
bai jergi uksin emu tanggū bu he .	nv::nv nv::nv nv::nv nv::nv nv::nv verb::vv e::pst.ptcp mark::period
gaji re niyalma be asara me isibu re ,	verb::vv e::npst.ptcp nv::nv cm::acc verb::vv e::cve verb::vv e::npst.ptcp mark::comma
han i genggiyen de sa ∅ .	nv::nv cm::gen nv::adj cm::dat verb::vv e::fve.imperative mark::period
an_šan ,	nn::prpn mark::comma
nikan i hafasa ,	nv::nv cm::gen nv::nv mark::comma
hehe haha be hala me takūra ha ngge orin mudan funce he ,	nv::nv nv::nv cm::acc verb::vv e::cve verb::vv e::pst.ptcp nmlz::nmlz nv::nv nv::nv verb::vv e::pst.ptcp mark::comma
han hendu me ,	nv::nv verb::vv e::cve mark::comma
○ orin jakūn de ,	mark::circle nv::nv nv::nv cm::dat mark::comma
geren de hūla me ala ∅ ,	nv::adj cm::dat verb::vv e::cve verb::vv e::fve.imperative mark::comma
tofohon olbo ,	nv::nv nv::nv mark::comma
niyaman hūncihin seme harša rakū ,	nv::nv nv::nv comp verb::vv e::npst.ptcp.neg mark::comma
amin_beile i cooha ,	nn::prpn cm::gen nv::nv mark::comma
juwe sui jalin de bu mbi se ci ,	nv::nv nv::nv nv::nv cm::dat verb::vv e::fve.npst verb::vv e::cve mark::comma
gebku ,	nn::prpn.person mark::comma
ere ninggun iogi hafan gene fi tuwa me ,	nv::nv nv::nv nv::nv nv::nv verb::vv e::cve verb::vv e::cve mark::comma
○ amba_beile i hūri ,	mark::circle nn::prpn cm::gen nv::nv mark::comma
etu re etuku ,	verb::vv e::npst.ptcp nv::nv mark::comma
obondoi ,	nn::prpn.person mark::comma
○ sunjacin be ,	mark::circle nn::prpn.person cm::acc mark::comma
sain be sain ,	nv::adj cm::acc nv::adj mark::comma
wesihun gurun de inu sain weile waka kai ,	nv::nv nv::nv cm::dat nv::nv nv::adj nv::nv nv::adj ptcl mark::comma
suru morin emke ,	nv::adj nv::nv nv::nv mark::comma
han de hengkile me ji he ,	nv::nv cm::dat verb::vv e::cve verb::vv e::pst.ptcp mark::comma
gūsin ba i dube de isi tala bošo me wa fi ,	nv::nv nv::nv cm::gen nv::nv cm::dat verb::vv e::cve verb::vv e::cve verb::vv e::cve mark::comma
juwe daise ,	nv::nv nv::nv mark::comma
xušu usin i dolo morin ci ebu fi ,	nv::nv nv::nv cm::gen nv::nv nv::nv cm::abl verb::vv e::cve mark::comma
yehe i baindari ,	nv::nv cm::gen nn::prpn.person mark::comma
juwan haha ji hebi ,	nv::nv nv::nv verb::vv e::fve.prs.prf mark::comma
niyalma ihan sejen bošo ro niyalma encu tucibu fi unggi re se ci ,	nv::nv nv::nv nv::nv verb::vv e::npst.ptcp nv::nv nv::nv verb::vv e::cve verb::vv e::npst.ptcp verb::vv e::cve mark::comma
naribu_mafa ,	nn::prpn mark::comma
ama i gung de beiguwan obu ha .	nv::nv cm::gen nv::nv cm::dat nv::nv verb::vv e::pst.ptcp mark::period
orin haha de ,	nv::nv nv::nv cm::dat mark::comma
boo efule me ba necihiye me ,	nv::nv verb::vv e::cve nv::nv verb::vv e::cve mark::comma
hai_si mimon_wei i du_jy_hūi_ciyanši tasimu i jui taiki ,	nn::prpn nn::prpn cm::gen nv::nv nn::prpn.person cm::gen nv::nv nn::prpn.person mark::comma
han i boo i eje he ,	nv::nv cm::gen nv::nv cm::gen verb::vv e::pst.ptcp mark::comma
tere inenggi ,	nv::nv nv::nv mark::comma
du_tang de bene re aniya i doro seme ,	nv::nv cm::dat verb::vv e::npst.ptcp nv::nv cm::gen nv::nv comp mark::comma
min i beye te toktobu me hendu fi ,	pn::1sg cm::gen nv::nv nv::nv verb::vv e::cve verb::vv e::cve mark::comma
beye buce kini ,	nv::nv verb::vv e::fve.opt mark::comma
in i ba de unggi ∅ ,	pn::3sg cm::gen nv::nv cm::dat verb::vv e::fve.imperative mark::comma
wan_lii i orin nadaci aniya juwe biya i ice uyun de baha ha ,	nn::prpn cm::gen nv::nv nv::nv nv::nv nv::nv nv::nv cm::gen nv::adj nv::nv cm::dat verb::vv e::pst.ptcp mark::comma
malu ,	nv::nv mark::comma
geren beile se amban sa ,	nv::adj nv::nv nv::nv nv::nv nv::nv mark::comma
ehe be ehe seme han de ala mbi ,	nv::adj cm::acc nv::adj comp nv::nv cm::dat verb::vv e::fve.npst mark::comma
ainu nakabu hakū ,	nv::nv verb::vv e::pst.ptcp.neg mark::comma
afabu ha weile be mute mbi ,	verb::vv e::pst.ptcp nv::nv cm::acc verb::vv e::fve.npst mark::comma
emu ciyandzung de ,	nv::nv nv::nv cm::dat mark::comma
gūsin uksin i niyalma be gai fi te ,	nv::nv nv::nv cm::gen nv::nv cm::acc verb::vv e::cve nv::nv mark::comma
tu sisi fi abka de hengkile fi cacari de te he ,	nv::nv verb::vv e::cve nv::nv cm::dat verb::vv e::cve nv::nv cm::dat verb::vv e::pst.ptcp mark::comma
afa fi gida ha seme ,	verb::vv e::cve verb::vv e::pst.ptcp comp mark::comma
du_tang ,	nv::nv mark::comma
nikan i jung giyūn ,	nv::nv cm::gen nv::nv nv::nv mark::comma
uksin i niyalma de juwe yan menggun šangna mbi ,	nv::nv cm::gen nv::nv cm::dat nv::nv nv::nv nv::nv verb::vv e::fve.npst mark::comma
ajin ,	nv::nv mark::comma
aita i sinda ha karun i niyalma amca fi ,	nn::prpn.person cm::gen verb::vv e::pst.ptcp nv::nv cm::gen nv::nv verb::vv e::cve mark::comma
meni meni gašan de sinda fi ,	nv::nv nv::nv nv::nv cm::dat verb::vv e::cve mark::comma
cing_tai_ioi ,	nn::prpn mark::comma
beye nene me han de acanji ha manggi ,	nv::nv verb::vv e::cve nv::nv cm::dat verb::vv e::pst.ptcp nv::nv mark::comma
○ duici_beile i wesimbu he bithe ,	mark::circle nn::prpn cm::gen verb::vv e::pst.ptcp nv::nv mark::comma
omšon biya i juwan de tofohon de sunja inenggi amala juhe jafa mbihe ,	nv::nv nv::nv cm::gen nv::nv cm::dat nv::nv cm::dat nv::nv nv::nv nv::nv nv::nv verb::vv e::fve.pst.ipfv mark::comma
ice_hecen ara ra ba de gene fi ,	nn::prpn verb::vv e::npst.ptcp nv::nv cm::dat verb::vv e::cve mark::comma
sereng_beile i ukanju ,	nn::prpn cm::gen nv::nv mark::comma
šantu ,	nv::nv mark::comma
honin dehite ,	nv::nv nv::nv mark::comma
○ du_tang ni hergen darhan_hiya ,	mark::circle nv::nv cm::gen nv::nv nn::prpn mark::comma
darhan_hiya de duin minggan cooha be adabu fi ,	nn::prpn cm::dat nv::nv nv::nv nv::nv cm::acc verb::vv e::cve mark::comma
beile se tafula ra jaka de ,	nv::nv nv::nv verb::vv e::npst.ptcp nv::nv cm::dat mark::comma
juwan ilaci jergi ,	nv::nv nv::nv nv::nv mark::comma
abka na wakala fi ,	nv::nv nv::nv verb::vv e::cve mark::comma
hūlha hakū tondo gese amban sa de bu he de ,	verb::vv e::pst.ptcp.neg nv::adj nv::nv nv::nv nv::nv cm::dat verb::vv e::pst.ptcp cm::dat mark::comma
○ wasihūn tabcila ha cooha ,	mark::circle nv::nv verb::vv e::pst.ptcp nv::nv mark::comma
○ juwan juwe de ,	mark::circle nv::nv nv::nv cm::dat mark::comma
cing_ho ,	nn::prpn mark::comma
morin i jete re liyoo be juwen bu fi ulebu ∅ ,	nv::nv cm::gen verb::vv e::npst.ptcp nv::nv cm::acc nv::nv verb::vv e::cve verb::vv e::fve.imperative mark::comma
be orho gana rakū ,	pn::1pl.excl nv::nv verb::vv e::npst.ptcp.neg mark::comma
okto sirdan emu minggan ,	nv::nv nv::nv nv::nv nv::nv mark::comma
kutule de juwe yan bu he .	nv::nv cm::dat nv::nv nv::nv verb::vv e::pst.ptcp mark::period
ama i gung de beiguwan obu ha .	nv::nv cm::gen nv::nv cm::dat nv::nv verb::vv e::pst.ptcp mark::period
fujiyang ,	nv::nv mark::comma
jušen i iogi beye ,	nv::nv cm::gen nv::nv nv::nv mark::comma
han ,	nv::nv mark::comma
bai rakū niyalma de umai bu rakū o ci ,	verb::vv e::npst.ptcp.neg nv::nv cm::dat nv::nv verb::vv e::npst.ptcp.neg verb::vv e::cve mark::comma
jai tede ai gaji ∅ seme koro ara mbi ,	nv::nv nv::nv nv::nv verb::vv e::fve.imperative comp nv::nv verb::vv e::fve.npst mark::comma
○ yungšun ,	mark::circle nn::prpn.person mark::comma
nene me emu jergi bu he dabsun je me waji re unde kai ,	verb::vv e::cve nv::nv nv::nv verb::vv e::pst.ptcp nv::nv verb::vv e::cve verb::vv e::npst.ptcp nv::nv ptcl mark::comma
juwan jakūci inenggi ,	nv::nv nv::nv nv::nv mark::comma
ilan tanggū cooha te mbi ,	nv::nv nv::nv nv::nv verb::vv e::fve.npst mark::comma
muse i cooha i niyalma wa fi jete re ulgiyan be ,	nv::nv cm::gen nv::nv cm::gen nv::nv verb::vv e::cve verb::vv e::npst.ptcp nv::nv cm::acc mark::comma
ilaci mudan de emu tanggū ninju adun be bu he ,	nv::nv nv::nv cm::dat nv::nv nv::nv nv::nv nv::nv cm::acc verb::vv e::pst.ptcp mark::comma
gene he beile se ,	verb::vv e::pst.ptcp nv::nv nv::nv mark::comma
hai_jeo i tofohon niyalma daha me ji he ,	nn::prpn cm::gen nv::nv nv::nv verb::vv e::cve verb::vv e::pst.ptcp mark::comma
kitanggūr be tsanjiyang obu ha ,	nn::prpn.person cm::acc nv::nv verb::vv e::pst.ptcp mark::comma
sure_kundulen_han i susai sunja se de ,	nn::prpn cm::gen nv::nv nv::nv nv::nv cm::dat mark::comma
suwen be cooha gai fi yabu mbi ,	pn::2pl cm::acc nv::nv verb::vv e::cve verb::vv e::fve.npst mark::comma
baica ha jeku dabsun be nene me bithe wesimbu he ,	verb::vv e::pst.ptcp nv::nv nv::nv cm::acc verb::vv e::cve nv::nv verb::vv e::pst.ptcp mark::comma
niru i ejen i yamun de yamji emu jergi isa ∅ ,	nv::nv cm::gen nv::nv cm::gen nv::nv cm::dat nv::nv nv::nv nv::nv verb::vv e::fve.imperative mark::comma
ici ergi gala i duin gūsa i cooha ,	nv::nv nv::nv nv::nv cm::gen nv::nv nv::nv cm::gen nv::nv mark::comma
altušan ,	nn::prpn.person mark::comma
han i fafun i tondo i kadala mbi ,	nv::nv cm::gen nv::nv cm::gen nv::adj cm::gen verb::vv e::fve.npst mark::comma
simiyan ,	nn::prpn.plc mark::comma
emu tanggū orin sunja haha ,	nv::nv nv::nv nv::nv nv::nv nv::nv mark::comma
si min be daha me ainu gene hekū seme hendu re jaka de ,	pn::2sg pn::1sg cm::acc verb::vv e::cve nv::nv verb::vv e::pst.ptcp.neg comp verb::vv e::npst.ptcp nv::nv cm::dat mark::comma
udari ,	nn::prpn.person mark::comma
nio_juwang de gaji fi tebu ∅ ,	nn::prpn cm::dat verb::vv e::cve verb::vv e::fve.imperative mark::comma
pan_šan ci casi ,	nn::prpn cm::abl nv::nv mark::comma
anafu te me gene he yangguri dzung_bing_guwan ,	nv::nv verb::vv e::cve verb::vv e::pst.ptcp nn::prpn.person nv::nv mark::comma
tuttu o fi ,	nv::nv verb::vv e::cve mark::comma
sain ehe be tuwa me hūda salibu fi waji ha manggi ,	nv::adj nv::adj cm::acc verb::vv e::cve nv::nv verb::vv e::cve verb::vv e::pst.ptcp nv::nv mark::comma
cen i dolo enteheme gele fi ,	pn::3pl cm::gen nv::nv nv::nv verb::vv e::cve mark::comma
nikan be weri gurun ara fi ,	nv::nv cm::acc nv::nv nv::nv verb::vv e::cve mark::comma
○ juwan ninggun i dobori ihan erin de na axša ha ,	mark::circle nv::nv nv::nv cm::gen nv::nv nv::nv nv::nv cm::dat nv::nv verb::vv e::pst.ptcp mark::comma
alin ci wasi fi orho hadu re be naka ∅ ,	nv::nv cm::abl verb::vv e::cve nv::nv verb::vv e::npst.ptcp cm::acc verb::vv e::fve.imperative mark::comma
juwe cuwan de te fi gene he .	nv::nv nv::nv cm::dat verb::vv e::cve verb::vv e::pst.ptcp mark::period
uji he ama sure_kundulen_han i harangga hūrha gurun be juwe jergi sucu fi gama ha ,	verb::vv e::pst.ptcp nv::nv nn::prpn cm::gen nv::nv nv::nv nv::nv cm::acc nv::nv nv::nv verb::vv e::cve verb::vv e::pst.ptcp mark::comma
○ daisu be ,	mark::circle nn::prpn.person cm::acc mark::comma
tere ci cooha bedere me ji he .	nv::nv cm::abl nv::nv verb::vv e::cve verb::vv e::pst.ptcp mark::period
deng_wen_kui ,	nn::prpn mark::comma
gūsin yan menggun šangna me bu he ,	nv::nv nv::nv nv::nv verb::vv e::cve verb::vv e::pst.ptcp mark::comma
angga i hendu ci ojo rakū o fi bithe ara fi bu he .	nv::nv cm::gen verb::vv e::cve verb::vv e::npst.ptcp.neg verb::vv e::cve nv::nv verb::vv e::cve verb::vv e::pst.ptcp mark::period
ajige weile o ci ,	nv::adj nv::nv verb::vv e::cve mark::comma
bujantai be bu hekū o ho manggi ,	nn::prpn.person cm::acc verb::vv e::pst.ptcp.neg verb::vv e::pst.ptcp nv::nv mark::comma
dzung_bing_guwan ci fusihūn ,	nv::nv cm::abl nv::adj mark::comma
tubihe tuwakiya ra de dosimbu ∅ .	nv::nv verb::vv e::npst.ptcp cm::dat verb::vv e::fve.imperative mark::period
gurbusi_taiji ,	nn::prpn mark::comma
ineku tere aniya jorgon biya de ,	nv::nv nv::nv nv::nv nv::nv nv::nv cm::dat mark::comma
suwen i cisu i aika gaija rakū ,	pn::2pl cm::gen nv::nv cm::gen nv::nv verb::vv e::npst.ptcp.neg mark::comma
keyen ,	nn::prpn.plc mark::comma
hecen i nikasa cen i cisu i uju fusi fi ,	nv::nv cm::gen nv::nv pn::3pl cm::gen nv::nv cm::gen nv::nv verb::vv e::cve mark::comma
yaya de fonji hakū in i boo de juwe nikan dosimbu habi ,	nv::nv cm::dat verb::vv e::pst.ptcp.neg pn::3sg cm::gen nv::nv cm::dat nv::nv nv::nv verb::vv e::fve.prs.prf mark::comma
yaran de emu feye ,	nn::prpn.plc cm::dat nv::nv nv::nv mark::comma
geren beile se ,	nv::adj nv::nv nv::nv mark::comma
men i juwe gurun i hebe be efule ki seme ,	pn::1pl.excl cm::gen nv::nv nv::nv cm::gen nv::nv cm::acc verb::vv e::fve.opt comp mark::comma
babutai_age ,	nn::prpn mark::comma
suwen i beye i waka be gida me uru be tucibu me muri me banji me o ho de ,	pn::2pl cm::gen nv::nv cm::gen nv::adj cm::acc verb::vv e::cve nv::nv cm::acc verb::vv e::cve verb::vv e::cve verb::vv e::cve verb::vv e::pst.ptcp cm::dat mark::comma
taka tuwa ki ,	nv::nv verb::vv e::fve.opt mark::comma
giya_jing ni dehi sunjaci aniya uyun biya i orin juwe de baha ha ,	nn::prpn cm::gen nv::nv nv::nv nv::nv nv::nv nv::nv cm::gen nv::nv nv::nv cm::dat verb::vv e::pst.ptcp mark::comma
suwe julge nikan i daiming han i irgen bi he ,	pn::2pl nv::nv nv::nv cm::gen nn::prpn.plc nv::nv cm::gen nv::nv verb::vv e::pst.ptcp mark::comma
hehe juse gurun ulha gemu gaibu ha ,	nv::nv nv::nv nv::nv nv::nv nv::nv verb::vv e::pst.ptcp mark::comma
ajige honci de emu jiha ,	nv::adj nv::nv cm::dat nv::nv nv::nv mark::comma
irgen be te he te hei uji he ,	nv::nv cm::acc verb::vv e::pst.ptcp verb::vv e::cve verb::vv e::pst.ptcp mark::comma
cooha i niyalma hoton efule me kalka wan hūwaita me jobo ho ,	nv::nv cm::gen nv::nv nv::nv verb::vv e::cve nv::nv nv::nv verb::vv e::cve verb::vv e::pst.ptcp mark::comma
nimanggi emu to emu šuru bi he .	nv::nv nv::nv nv::nv nv::nv nv::nv verb::vv e::pst.ptcp mark::period
○ elcin ji he solho hafan hendu me ,	mark::circle nv::nv verb::vv e::pst.ptcp nv::nv nv::nv verb::vv e::cve mark::comma
bi cooha tuci fi karula ra jaka de ,	pn::1sg nv::nv verb::vv e::cve verb::vv e::npst.ptcp nv::nv cm::dat mark::comma
suwen i jarut beile se ,	pn::2pl cm::gen nn::prpn.plc nv::nv nv::nv mark::comma
juwe ulgiyan ,	nv::nv nv::nv mark::comma
ilaci jergi iogi obu ha ,	nv::nv nv::nv nv::nv verb::vv e::pst.ptcp mark::comma
juwe suwayan ,	nv::nv nv::adj mark::comma
kemuni tohoci be beiguwan obu fi monggo niru be teile bošo kini ,	nv::nv nn::prpn.person cm::acc nv::nv verb::vv e::cve nv::nv nv::nv cm::acc nv::nv verb::vv e::fve.opt mark::comma
jiha hungkere re be nakabu ha .	nv::nv verb::vv e::npst.ptcp cm::acc verb::vv e::pst.ptcp mark::period
emgi gene he šanggiyan bayara cooha i niyalma be gemu weri ∅ ,	nv::nv verb::vv e::pst.ptcp nv::nv nv::nv nv::nv cm::gen nv::nv cm::acc nv::nv verb::vv e::fve.imperative mark::comma
ula gurun de ilan tumen cooha isina fi ,	nv::nv nv::nv cm::dat nv::nv nv::nv nv::nv verb::vv e::cve mark::comma
suwe gemu wa ha ,	pn::2pl nv::nv verb::vv e::pst.ptcp mark::comma
han hendu me ,	nv::nv verb::vv e::cve mark::comma
barda i hoton be gai ha ,	nn::prpn.plc cm::gen nv::nv cm::acc verb::vv e::pst.ptcp mark::comma
tokso_dogon de fujisa okdo fi tuba de dedu he ,	nn::prpn cm::dat nv::nv verb::vv e::cve nv::nv cm::dat verb::vv e::pst.ptcp mark::comma
enggeder_efu ,	nn::prpn mark::comma
yaru_wei i du_jy_hūi_ciyanši borji i omolo adai ,	nn::prpn cm::gen nv::nv nn::prpn.person cm::gen nv::nv nn::prpn.person mark::comma
dain cooha de adarame o ci jabšabu mbi ,	nv::nv nv::nv cm::dat nv::nv verb::vv e::cve verb::vv e::fve.npst mark::comma
gūnaka_kuren i niyalma be daha ∅ seme gisure me ,	nn::prpn cm::gen nv::nv cm::acc verb::vv e::fve.imperative comp verb::vv e::cve mark::comma
suwen i boo i hūwa de tutala orho muhaliya ha ngge ,	pn::2pl cm::gen nv::nv cm::gen nv::nv cm::dat nv::nv nv::nv verb::vv e::pst.ptcp nmlz::nmlz mark::comma
gūsin de isinji ha .	nv::nv cm::dat verb::vv e::pst.ptcp mark::period
tondo mujilen be jafa rakū ,	nv::adj nv::nv cm::acc verb::vv e::npst.ptcp.neg mark::comma
tongki fuka sinda ha hergen i dangse .	nv::nv nv::nv verb::vv e::pst.ptcp nv::nv cm::gen nv::nv mark::period
wa mbi seme gele me wasinda rakū ,	verb::vv e::fve.npst comp verb::vv e::cve verb::vv e::npst.ptcp.neg mark::comma
feye baha fi beye mute rakū niyalma ,	nv::nv verb::vv e::cve nv::nv verb::vv e::npst.ptcp.neg nv::nv mark::comma
fakūri ,	nv::nv mark::comma
sain be sain ,	nv::adj cm::acc nv::adj mark::comma
morin adula ra de ,	nv::nv verb::vv e::npst.ptcp cm::dat mark::comma
beye sain i ji hekū ,	nv::nv nv::adj cm::gen verb::vv e::pst.ptcp.neg mark::comma
susai emu ihan ,	nv::nv nv::nv nv::nv mark::comma
jing ubaša ci tetendere seme ,	nv::nv verb::vv e::cve nv::nv comp mark::comma
genggiyen_han i cooha i niyalma ,	nn::prpn cm::gen nv::nv cm::gen nv::nv mark::comma
jai duin gūsa i cooha ,	nv::nv nv::nv nv::nv cm::gen nv::nv mark::comma
jai afabu ha weile be mute mbi ,	nv::nv verb::vv e::pst.ptcp nv::nv cm::acc verb::vv e::fve.npst mark::comma
tari re usin ,	verb::vv e::npst.ptcp nv::nv mark::comma
min i niyalma ,	pn::1sg cm::gen nv::nv mark::comma
dayanji ∅ .	verb::vv e::fve.imperative mark::period
hū_ši_el gebungge gucu be min i beye gai fi bene he ,	nn::prpn nv::adj nv::nv cm::acc pn::1sg cm::gen nv::nv verb::vv e::cve verb::vv e::pst.ptcp mark::comma
songko baha ha manggi ,	nv::nv verb::vv e::pst.ptcp nv::nv mark::comma
ama i gisun be jui mara ci o mbi o ,	nv::nv cm::gen nv::nv cm::acc nv::nv verb::vv e::cve verb::vv e::fve.npst ptcl mark::comma
suru morin emke ,	nv::adj nv::nv nv::nv mark::comma
minggan cooha de ,	nv::nv nv::nv cm::dat mark::comma
amba_beile ,	nn::prpn mark::comma
tere ci teisu teisu dosi fi gida me gama hai ,	nv::nv cm::abl nv::nv nv::nv verb::vv e::cve verb::vv e::cve verb::vv e::cve mark::comma
min be suwe uji he de ,	pn::1sg cm::acc pn::2pl verb::vv e::pst.ptcp cm::dat mark::comma
emu minggan cooha be gai fi ,	nv::nv nv::nv nv::nv cm::acc verb::vv e::cve mark::comma
meni meni ejen de goi ha manggi ,	nv::nv nv::nv nv::nv cm::dat verb::vv e::pst.ptcp nv::nv mark::comma
si taka ume gene re ,	pn::2sg nv::nv nv::nv verb::vv e::npst.ptcp mark::comma
ai ai alban de dabu rakū ,	nv::nv nv::nv nv::nv cm::dat verb::vv e::npst.ptcp.neg mark::comma
niyalma tooda me ,	nv::nv verb::vv e::cve mark::comma
sa ha niyalma jafa fi uyun jiha menggun gai ∅ ,	verb::vv e::pst.ptcp nv::nv verb::vv e::cve nv::nv nv::nv nv::nv verb::vv e::fve.imperative mark::comma
tana nicuhe aisin dele o ,	nv::nv nv::nv nv::nv nv::nv ptcl mark::comma
julge i jiyei_han ,	nv::nv cm::gen nn::prpn.person mark::comma
tebu ∅ ,	verb::vv e::fve.imperative mark::comma
dung_cang_pu i lio_iogi ahūn deo i niyalma ,	nn::prpn cm::gen nn::prpn nv::nv nv::nv cm::gen nv::nv mark::comma
niyaman hūncihin seme harša rakū ,	nv::nv nv::nv comp verb::vv e::npst.ptcp.neg mark::comma
buyanggū ,	nn::prpn.person mark::comma
simiyan ,	nn::prpn.plc mark::comma
dalingho_bira be wesihun bitu me i_jeo be bai me ji ∅ .	nn::prpn cm::acc nv::nv verb::vv e::cve nn::prpn cm::acc verb::vv e::cve verb::vv e::fve.imperative mark::period
han donji fi ,	nv::nv verb::vv e::cve mark::comma
nadan yan sunja jiha i weile waliya mbi ,	nv::nv nv::nv nv::nv nv::nv cm::gen nv::nv verb::vv e::fve.npst mark::comma
imio ,	nn::prpn.person mark::comma
abka i jori me banjibu ha niyalma be ,	nv::nv cm::gen verb::vv e::cve verb::vv e::pst.ptcp nv::nv cm::acc mark::comma
tulergi buya hecen ,	nv::nv nv::adj nv::nv mark::comma
afabu ha weile be mute mbi ,	verb::vv e::pst.ptcp nv::nv cm::acc verb::vv e::fve.npst mark::comma
ere jakūn niyalma juwan ilaci jergi ,	nv::nv nv::nv nv::nv nv::nv nv::nv nv::nv mark::comma
gūlha ,	nv::nv mark::comma
tenteke yabu re niyalma be sa ha de jafa fi dele benji ∅ ,	nv::nv verb::vv e::npst.ptcp nv::nv cm::acc verb::vv e::pst.ptcp cm::dat verb::vv e::cve nv::nv verb::vv e::fve.imperative mark::comma
ere gisun be jurce me hūlha me holto me ehe miosihon mujilen i banji ci ,	nv::nv nv::nv cm::acc verb::vv e::cve verb::vv e::cve verb::vv e::cve nv::adj nv::adj nv::nv cm::gen verb::vv e::cve mark::comma
beri jebele ,	nv::nv nv::nv mark::comma
tuci ke be daha me ,	verb::vv e::pst.ptcp cm::acc verb::vv e::cve mark::comma
we be kadala me mute mbi ,	nv::nv cm::acc verb::vv e::cve verb::vv e::fve.npst mark::comma
warka i juwe tanggū orin juwe haha ,	nn::prpn.plc cm::gen nv::nv nv::nv nv::nv nv::nv nv::nv mark::comma
jai duin biya i juwan ninggun de ,	nv::nv nv::nv nv::nv cm::gen nv::nv nv::nv cm::dat mark::comma
šangna ra ba de ahūn i iogi i hergen de baha kini seme hendu me bu he ,	verb::vv e::npst.ptcp nv::nv cm::dat nv::nv cm::gen nv::nv cm::gen nv::nv cm::dat verb::vv e::fve.opt comp verb::vv e::cve verb::vv e::pst.ptcp mark::comma
dorji ,	nn::prpn.person mark::comma
yoto de emu niru jušen weile gai ∅ ,	nn::prpn.person cm::dat nv::nv nv::nv nv::nv nv::nv verb::vv e::fve.imperative mark::comma
ukanda ra ubaša ra be ,	verb::vv e::npst.ptcp verb::vv e::npst.ptcp cm::acc mark::comma
○ alban i fete he menggun uyun tanggū gūsin yan ,	mark::circle nv::nv cm::gen verb::vv e::pst.ptcp nv::nv nv::nv nv::nv nv::nv nv::nv mark::comma
gurun i haha bodo me sala me bu he ,	nv::nv cm::gen nv::nv verb::vv e::cve verb::vv e::cve verb::vv e::pst.ptcp mark::comma
mederi de jaha sabu mbi seme boolanji ha bi he ,	nv::nv cm::dat nv::nv verb::vv e::fve.npst comp verb::vv e::pst.ptcp verb::vv e::pst.ptcp mark::comma
anafu tene he cooha de nonggi me ,	nv::nv verb::vv e::pst.ptcp nv::nv cm::dat verb::vv e::cve mark::comma
jongko i adali menggun gai me guwebu rahū ,	nv::nv cm::gen nv::adj nv::nv verb::vv e::cve verb::vv e::fve.prv mark::comma
in i nikan de da ci hafan bi fi ,	pn::3sg cm::gen nv::nv cm::dat nv::nv cm::abl nv::nv verb::vv e::cve mark::comma
dorcin ,	nn::prpn.person mark::comma
balji ,	nn::prpn.person mark::comma
etuku ume sinda ra seme nakabu ha ,	nv::nv nv::nv verb::vv e::npst.ptcp comp verb::vv e::pst.ptcp mark::comma
unege niru i tohoci beiguwan be efule he ,	nn::prpn.person nv::nv cm::gen nn::prpn.person nv::nv cm::acc verb::vv e::pst.ptcp mark::comma
suwe nene me ujula fi ubaša ha niyalma be jafa fi bu ∅ ,	pn::2pl verb::vv e::cve verb::vv e::cve verb::vv e::pst.ptcp nv::nv cm::acc verb::vv e::cve verb::vv e::fve.imperative mark::comma
goida ha de serebu rahū seme ara fi unggi he ,	verb::vv e::pst.ptcp cm::dat verb::vv e::fve.prv comp verb::vv e::cve verb::vv e::pst.ptcp mark::comma
can ,	nv::nv mark::comma
hū_pi_i ba de boo usin bu hebi ,	nn::prpn nv::nv cm::dat nv::nv nv::nv verb::vv e::fve.prs.prf mark::comma
ninggun niyalma ,	nv::nv nv::nv mark::comma
bata kimun seme gida rakū ,	nv::nv nv::nv comp verb::vv e::npst.ptcp.neg mark::comma
ula de emte feye baha ha seme nadata yan i weile waliya mbi ,	nv::nv cm::dat nv::nv nv::nv verb::vv e::pst.ptcp comp nv::nv nv::nv cm::gen nv::nv verb::vv e::fve.npst mark::comma
tuttu tondo i fafula rakū ehe miosihon jurgan i yabu ci ,	nv::nv nv::adj cm::gen verb::vv e::npst.ptcp.neg nv::adj nv::adj nv::nv cm::gen verb::vv e::cve mark::comma
hoo_sy ,	nn::prpn mark::comma
sunja tanggū yan menggun šangna ha .	nv::nv nv::nv nv::nv nv::nv verb::vv e::pst.ptcp mark::period
jeng_giyang hecen i jung giyūn cen_liyang_tse ,	nn::prpn nv::nv cm::gen nv::nv nv::nv nn::prpn mark::comma
suwen i dolo emke be tukiye fi han obu fi ,	pn::2pl cm::gen nv::nv nv::nv cm::acc verb::vv e::cve nv::nv verb::vv e::cve mark::comma
ai kooli be han sarkū ,	nv::nv nv::nv cm::acc nv::nv nv::nv mark::comma
jai de ,	nv::nv cm::dat mark::comma
endebu he seme gūni ci o mbi kai ,	verb::vv e::pst.ptcp comp verb::vv e::cve verb::vv e::fve.npst ptcl mark::comma
tuwa ci nene me te he gese cooha akū ,	verb::vv e::cve verb::vv e::cve verb::vv e::pst.ptcp nv::nv nv::nv nv::adj mark::comma
sain be sain ,	nv::adj cm::acc nv::adj mark::comma
hada de emu feye baha ha seme sunjata yan i weile waliya mbi ,	nn::prpn.plc cm::dat nv::nv nv::nv verb::vv e::pst.ptcp comp nv::nv nv::nv cm::gen nv::nv verb::vv e::fve.npst mark::comma
eigen hūlha ci ainu tafula hakū seme sargan be wa ha .	nv::nv verb::vv e::cve nv::nv verb::vv e::pst.ptcp.neg comp nv::nv cm::acc verb::vv e::pst.ptcp mark::period
ficakū fica me ,	nv::nv verb::vv e::cve mark::comma
moo saci me ,	nv::nv verb::vv e::cve mark::comma
dabsun fuifu re pu de emu tuwa bi ,	nv::nv verb::vv e::npst.ptcp nv::nv cm::dat nv::nv nv::nv verb::vv.npst mark::comma
neme me bu mbi ,	verb::vv e::cve verb::vv e::fve.npst mark::comma
hecen i šun dekde re dere be afa me gene ci ,	nv::nv cm::gen nv::nv verb::vv e::npst.ptcp nv::nv cm::acc verb::vv e::cve verb::vv e::cve mark::comma
sahaliyen_taiji .	nn::prpn mark::period
lama i gala be jafa me aca fi ,	nv::nv cm::gen nv::nv cm::acc verb::vv e::cve verb::vv e::cve mark::comma
juwan poo ,	nv::nv nv::nv mark::comma
○ juwan jakūn de ,	mark::circle nv::nv nv::nv cm::dat mark::comma
hūlha holo akū tondo banji mbi .	nv::nv nv::nv nv::adj nv::adj verb::vv e::fve.npst mark::period
eme ojo rakū seme ,	nv::nv verb::vv e::npst.ptcp.neg comp mark::comma
juwe du_tang de emu seke jibca ,	nv::nv nv::nv cm::dat nv::nv nv::nv nv::nv mark::comma
ere ci amasi joriktu bi ,	nv::nv cm::abl nv::nv nn::prpn.person verb::vv.npst mark::comma
gu_šan de emu ciyandzung ,	nn::prpn cm::dat nv::nv nv::nv mark::comma
elu ,	nv::nv mark::comma
niyalma morin be sarkū seme bu rakū ci ,	nv::nv nv::nv cm::acc nv::nv comp verb::vv e::npst.ptcp.neg e::cve mark::comma
nimeku nime ci ,	nv::nv verb::vv e::cve mark::comma
hūrhan_hiya de etu re uksin ,	nn::prpn cm::dat verb::vv e::npst.ptcp nv::nv mark::comma
sunja tatan i beile se ,	nv::nv nv::nv cm::gen nv::nv nv::nv mark::comma
uba de ji ci ,	nv::nv cm::dat verb::vv e::cve mark::comma
○ monggo i jarut ba i neici_han ci orin nadan boigon ,	mark::circle nv::nv cm::gen nn::prpn.plc nv::nv cm::gen nn::prpn cm::abl nv::nv nv::nv nv::nv mark::comma
emu lasihikū ,	nv::nv nv::nv mark::comma
uksin saca ambula šangna fi unggi he .	nv::nv nv::nv nv::nv verb::vv e::cve verb::vv e::pst.ptcp mark::period
tere alin i ninggu i cooha teni axša fi burula ha ,	nv::nv nv::nv cm::gen nv::nv cm::gen nv::nv nv::nv verb::vv e::cve verb::vv e::pst.ptcp mark::comma
han hendu me ,	nv::nv verb::vv e::cve mark::comma
agūda be uruše fi ,	nn::prpn.person cm::acc verb::vv e::cve mark::comma
meni meni wei ,	nv::nv nv::nv nv::nv mark::comma
○ uju mukūn i juwan juwe ci tatan ,	mark::circle nv::nv nv::nv cm::gen nv::nv verb::vv e::cve nv::nv mark::comma
nikan i cooha emu niyalma hono sabu hakū ,	nv::nv cm::gen nv::nv nv::nv nv::nv nv::nv verb::vv e::pst.ptcp.neg mark::comma
uyun honin be ,	nv::nv nv::nv cm::acc mark::comma
baindai gulhun tsoo_ho_wei i du_jy_hūi_ciyanši tunaha ,	nn::prpn.person nv::adj nn::prpn cm::gen nv::nv nn::prpn.person mark::comma
tebu he ba de borjin_hiya gene fi ,	verb::vv e::pst.ptcp nv::nv cm::dat nn::prpn verb::vv e::cve mark::comma
biyoolan sunja ,	nv::nv nv::nv mark::comma
han erdeni_baksi be gaji fi hendu me ,	nv::nv nn::prpn cm::acc verb::vv e::cve verb::vv e::cve mark::comma
toli_šan_wei i jing du_jy_hūi_ciyanši solo i omolo karatu ,	nn::prpn cm::gen nv::nv nv::nv nn::prpn.person cm::gen nv::nv nn::prpn.person mark::comma
uba de tuba de uka me yabu re guwanggusa kai ,	nv::nv cm::dat nv::nv cm::dat verb::vv e::cve verb::vv e::npst.ptcp nv::nv ptcl mark::comma
muse i ejen i cihangga jaka be jori me arabu me enteheme bi he kai ,	nv::nv cm::gen nv::nv cm::gen nv::adj nv::nv cm::acc verb::vv e::cve verb::vv e::cve nv::nv verb::vv e::pst.ptcp ptcl mark::comma
ilaci jergi iogi obu ha ,	nv::nv nv::nv nv::nv verb::vv e::pst.ptcp mark::comma
tari ci isi rakū ,	verb::vv e::cve verb::vv e::npst.ptcp.neg mark::comma
urikan ,	nn::prpn.person mark::comma
sarila me waji ha manggi ,	verb::vv e::cve verb::vv e::pst.ptcp nv::nv mark::comma
han i gisun be tuwa ∅ ,	nv::nv cm::gen nv::nv cm::acc verb::vv e::fve.imperative mark::comma
ši_fang_sy de duin tanggū cooha be gai fi ,	nn::prpn cm::dat nv::nv nv::nv nv::nv cm::acc verb::vv e::cve mark::comma
ihan i jergi niyalma de bu he ,	nv::nv cm::gen nv::nv nv::nv cm::dat verb::vv e::pst.ptcp mark::comma
juwe ihan ,	nv::nv nv::nv mark::comma
ere ci amasi bahana ra i teile kice me banji ki .	nv::nv cm::abl nv::nv verb::vv e::npst.ptcp cm::gen nv::nv verb::vv e::cve verb::vv e::fve.opt mark::period
sain niyalma weile baha ha deri mujilen baha mbi ,	nv::adj nv::nv nv::nv verb::vv e::pst.ptcp nv::nv nv::nv verb::vv e::fve.npst mark::comma
abka i wasibu re fon isi ka manggi ,	nv::nv cm::gen verb::vv e::npst.ptcp nv::nv verb::vv e::pst.ptcp nv::nv mark::comma
wa fi aina mbi ,	verb::vv e::cve verb::vv e::fve.npst mark::comma
lungsi be bithe bene ∅ seme benebu fi ,	nn::prpn.person cm::acc nv::nv verb::vv e::fve.imperative comp verb::vv e::cve mark::comma
hai_jeo ba de juwan tumen inenggi ,	nn::prpn nv::nv cm::dat nv::nv nv::nv nv::nv mark::comma
jakūn haha be gaji me monggo ci uka me ji he gung de ,	nv::nv nv::nv cm::acc verb::vv e::cve nv::nv cm::abl verb::vv e::cve verb::vv e::pst.ptcp nv::nv cm::dat mark::comma
juwe jergi buce re weile be guwebu mbi .	nv::nv nv::nv verb::vv e::npst.ptcp nv::nv cm::acc verb::vv e::fve.npst mark::period
lii_iogi de unggi he bithe ,	nn::prpn cm::dat verb::vv e::pst.ptcp nv::nv mark::comma
liyoodung ni ba i cooha i ton udu ,	nn::prpn.plc cm::gen nv::nv cm::gen nv::nv cm::gen nv::nv nv::nv mark::comma
○ haise be ,	mark::circle nn::prpn.person cm::acc mark::comma
nikan i yafahan cooha gemu gargangga cuse moo de gida nišumbu fi jafa habi ,	nv::nv cm::gen nv::adj nv::nv nv::nv nv::adj nv::nv nv::nv cm::dat nv::nv verb::vv e::cve verb::vv e::fve.prs.prf mark::comma
jete re be olho ∅ ,	verb::vv e::npst.ptcp cm::acc verb::vv e::fve.imperative mark::comma
tofohoci jergi ,	nv::nv nv::nv mark::comma
abka inu saiša mbi ,	nv::nv nv::nv verb::vv e::fve.npst mark::comma
○ hūwaktaka ,	mark::circle nn::prpn.person mark::comma
tere be takūra mbi ,	nv::nv cm::acc verb::vv e::fve.npst mark::comma
nacibu niru i juwe niyalma be nikan wa ha ,	nn::prpn.person nv::nv cm::gen nv::nv nv::nv cm::acc nv::nv verb::vv e::pst.ptcp mark::comma
afabu ha weile be mute mbi ,	verb::vv e::pst.ptcp nv::nv cm::acc verb::vv e::fve.npst mark::comma
tuhe re an i tofohon yan i weile gai ha .	verb::vv e::npst.ptcp nv::nv cm::gen nv::nv nv::nv cm::gen nv::nv verb::vv e::pst.ptcp mark::period
han i afabu ha ci ,	nv::nv cm::gen verb::vv e::pst.ptcp cm::abl mark::comma
han ,	nv::nv mark::comma
han i fafun i tondo i kadala mbi ,	nv::nv cm::gen nv::nv cm::gen nv::adj cm::gen verb::vv e::fve.npst mark::comma
jai geren i ubu be geli juwe ubu sinda fi ,	nv::nv nv::adj cm::gen nv::nv cm::acc nv::nv nv::nv nv::nv verb::vv e::cve mark::comma
jakūta_golo i amban bi he ,	nn::prpn cm::gen nv::nv verb::vv e::pst.ptcp mark::comma
jafa fi weile ara mbi .	verb::vv e::cve nv::nv verb::vv e::fve.npst mark::period
weihu inu akū ,	nv::nv nv::nv nv::adj mark::comma
tere haha golo fi uka me gene fi ,	nv::nv nv::nv verb::vv e::cve verb::vv e::cve verb::vv e::cve mark::comma
monggo i yun de toso me gene fi ,	nv::nv cm::gen nv::nv cm::dat verb::vv e::cve verb::vv e::cve mark::comma
uju jergi dzung_bing_guwan sunjata morin hūwaita ∅ .	nv::nv nv::nv nv::nv nv::nv nv::nv verb::vv e::fve.imperative mark::period
ineke ,	nn::prpn.person mark::comma
suwen i tondo se re ngge tere o ,	pn::2pl cm::gen nv::adj verb::vv e::npst.ptcp nmlz::nmlz nv::nv ptcl mark::comma
genggiyen_han i beye isina ha ,	nn::prpn cm::gen nv::nv verb::vv e::pst.ptcp mark::comma
○ monggo gurun i kalka i sunja tatan i geren beile se i elcin ji fi gisure me ,	mark::circle nv::nv nv::nv cm::gen nv::nv cm::gen nv::nv nv::nv cm::gen nv::adj nv::nv nv::nv cm::gen nv::nv verb::vv e::cve verb::vv e::cve mark::comma
korcin i ooba_taiji de elcin gene he ,	nn::prpn.plc cm::gen nn::prpn cm::dat nv::nv verb::vv e::pst.ptcp mark::comma
hūng_baturu usin be gebu .	nn::prpn nv::nv cm::acc nv::nv mark::period
beye i ehe de wasi kini .	nv::nv cm::gen nv::adj cm::dat verb::vv e::fve.opt mark::period
abka de elje he se re ngge tere kai ,	nv::nv cm::dat verb::vv e::pst.ptcp verb::vv e::npst.ptcp nmlz::nmlz nv::nv ptcl mark::comma
niru i langšan janggin i sargan be tanta me yasa busala habi ,	nv::nv cm::gen nn::prpn.person nv::nv cm::gen nv::nv cm::acc verb::vv e::cve nv::nv verb::vv e::fve.prs.prf mark::comma
sishe ,	nv::nv mark::comma
weile he jeku ,	verb::vv e::pst.ptcp nv::nv mark::comma
ujula fi gene he arbuha gebungge karun i ejen be wa ra weile makta fi ,	verb::vv e::cve verb::vv e::pst.ptcp nn::prpn.person nv::adj nv::nv cm::gen nv::nv cm::acc verb::vv e::npst.ptcp nv::nv verb::vv e::cve mark::comma
saikan tuwakiya me ujibu ∅ ,	nv::adj verb::vv e::cve verb::vv e::fve.imperative mark::comma
arjan_mafa ,	nn::prpn mark::comma
han i booi fuhan ,	nv::nv cm::gen nv::nv nn::prpn.person mark::comma
amargi boo i jalin de jobo me gūni rakū ,	nv::nv nv::nv cm::gen nv::nv cm::dat verb::vv e::cve verb::vv e::npst.ptcp.neg mark::comma
○ esentei be ,	mark::circle nn::prpn.person cm::acc mark::comma
morin yalu fi ice ninggun de uka me ji he .	nv::nv verb::vv e::cve nv::adj nv::nv cm::dat verb::vv e::cve verb::vv e::pst.ptcp mark::period
○ aiha i ba de jeku gana me gene fi ,	mark::circle nv::nv cm::gen nv::nv cm::dat nv::nv verb::vv e::cve verb::vv e::cve mark::comma
jui be beiguwan obu ha ,	nv::nv cm::acc nv::nv verb::vv e::pst.ptcp mark::comma
luwan_jeo i amban tanggūdai ,	nn::prpn cm::gen nv::nv nn::prpn.person mark::comma
○ dumei be ,	mark::circle nn::prpn.person cm::acc mark::comma
bagadarhan i duin amban be jaisai jafa ha se re .	nn::prpn.person cm::gen nv::nv nv::nv cm::acc nn::prpn.person verb::vv e::pst.ptcp verb::vv e::npst.ptcp mark::period
juwan juwe de ,	nv::nv nv::nv cm::dat mark::comma
nikan i tai niyalma yamji uthai sa fi ,	nv::nv cm::gen nv::nv nv::nv nv::nv nv::nv verb::vv e::cve mark::comma
amba bisan bisa ka ,	nv::adj nv::nv verb::vv e::pst.ptcp mark::comma
tere duin gucuse jabu me ,	nv::nv nv::nv nv::nv verb::vv e::cve mark::comma
dain de buce he gung de tsanjiyang obu ha ,	nv::nv cm::dat verb::vv e::pst.ptcp nv::nv cm::dat nv::nv verb::vv e::pst.ptcp mark::comma
botun i cargi meiren ci ebsi ,	nn::prpn.plc cm::gen nv::nv nv::nv cm::abl nv::nv mark::comma
sure_kundulen_han i susai emu se de ,	nn::prpn cm::gen nv::nv nv::nv nv::nv cm::dat mark::comma
han i pai be gai fi ,	nv::nv cm::gen nv::nv cm::acc verb::vv e::cve mark::comma
○ yarna be ,	mark::circle nn::prpn.person cm::acc mark::comma
jorgon biya i tofohon de ,	nv::nv nv::nv cm::gen nv::nv cm::dat mark::comma
tanggū jalan tumen aniya de isi tala sain banji ki seme ,	nv::nv nv::nv nv::nv nv::nv cm::dat verb::vv e::cve nv::adj verb::vv e::fve.opt comp mark::comma
ojo rakū ,	verb::vv e::npst.ptcp.neg mark::comma
cin_iogi be ,	nn::prpn cm::acc mark::comma
bi waka o ci ,	pn::1sg nv::adj verb::vv e::cve mark::comma
ukuri ,	nv::nv mark::comma
nikan i geren hafasa be gai fi hengkile he ,	nv::nv cm::gen nv::adj nv::nv cm::acc verb::vv e::cve verb::vv e::pst.ptcp mark::comma
amban be ajigen obu re ,	nv::nv cm::acc nv::adj verb::vv e::npst.ptcp mark::comma
ere juwan ninggun niyalma ,	nv::nv nv::nv nv::nv nv::nv mark::comma
○ abutai be ,	mark::circle nn::prpn.person cm::acc mark::comma
○ sele iogi ,	mark::circle nv::nv nv::nv mark::comma
muhu_i_susu de warka de gene he amban sa be aca ha ,	nn::prpn cm::dat nn::prpn.plc cm::dat verb::vv e::pst.ptcp nv::nv nv::nv cm::acc verb::vv e::pst.ptcp mark::comma
○ guyeng_baturu ,	mark::circle nn::prpn mark::comma
men i baha ha juwan morin ,	pn::1pl.excl cm::gen verb::vv e::pst.ptcp nv::nv nv::nv mark::comma
elcin ji he juwe niyalma de ,	nv::nv verb::vv e::pst.ptcp nv::nv nv::nv cm::dat mark::comma
nadan yan i weile waliya mbi ,	nv::nv nv::nv cm::gen nv::nv verb::vv e::fve.npst mark::comma
emu ubu be unca ha niyalma i niru i ejen ,	nv::nv nv::nv cm::acc verb::vv e::pst.ptcp nv::nv cm::gen nv::nv cm::gen nv::nv mark::comma
amban sa suwe tondo tondo mujilen jafa fi banji cina seme hendu he .	nv::nv nv::nv pn::2pl nv::adj nv::adj nv::nv verb::vv e::cve verb::vv e::fve.opt comp verb::vv e::pst.ptcp mark::period
olji ,	nv::nv mark::comma
boro jakūn bu he ,	nv::nv nv::nv verb::vv e::pst.ptcp mark::comma
tunggiya i niyalma ,	nn::prpn.plc cm::gen nv::nv mark::comma
jirgalang_age ,	nn::prpn mark::comma
han hendu me ,	nv::nv verb::vv e::cve mark::comma
han i dolo ,	nv::nv cm::gen nv::nv mark::comma
yoo_jeo de gaji fi tebu ∅ ,	nn::prpn cm::dat verb::vv e::cve verb::vv e::fve.imperative mark::comma
te tesu gūsin jakūn haha be gemu wa ha ,	nv::nv nv::nv nv::nv nv::nv nv::nv cm::acc nv::nv verb::vv e::pst.ptcp mark::comma
kiyangkiyan ,	nv::adj mark::comma
bi bisi re ,	pn::1sg verb::vv e::npst.ptcp mark::comma
emu jergi buce re weile be guwebu mbi .	nv::nv nv::nv verb::vv e::npst.ptcp nv::nv cm::acc verb::vv e::fve.npst mark::period
hūlha holo be nakabu me ,	nv::nv nv::nv cm::acc verb::vv e::cve mark::comma
juwan emu yan i weile waliya mbi ,	nv::nv nv::nv nv::nv cm::gen nv::nv verb::vv e::fve.npst mark::comma
ingtori emu fan ,	nv::nv nv::nv nv::nv mark::comma
sure_kundulen_han hendu me ,	nn::prpn verb::vv e::cve mark::comma
ajige weihu de te he juwe niyalma be jafa fi ,	nv::adj nv::nv cm::dat verb::vv e::pst.ptcp nv::nv nv::nv cm::acc verb::vv e::cve mark::comma
ere juwan juwe niyalma de ,	nv::nv nv::nv nv::nv nv::nv cm::dat mark::comma
tuba de uthai waji ∅ ,	nv::nv cm::dat nv::nv verb::vv e::fve.imperative mark::comma
amba_beile ,	nn::prpn mark::comma
duin tanggū ninju niyalma ,	nv::nv nv::nv nv::nv nv::nv mark::comma
dain de buce he gung seme beiguwan obu ha .	nv::nv cm::dat verb::vv e::pst.ptcp nv::nv comp nv::nv verb::vv e::pst.ptcp mark::period
ere uyun niyalma de guise horho jakūta ,	nv::nv nv::nv nv::nv cm::dat nv::nv nv::nv nv::nv mark::comma
lii_diyan_kui be sin i jaka de gaji fi dacila me fonji ∅ ,	nn::prpn cm::acc pn::2sg cm::gen nv::nv cm::dat verb::vv e::cve verb::vv e::cve verb::vv e::fve.imperative mark::comma
usiha tuhe re de ,	nv::nv verb::vv e::npst.ptcp cm::dat mark::comma
tere inenggi ,	nv::nv nv::nv mark::comma
te muse i emu gurun i han de daha ∅ se ci ,	nv::nv nv::nv cm::gen nv::nv nv::nv cm::gen nv::nv cm::dat verb::vv e::fve.imperative verb::vv e::cve mark::comma
siyoo_he_šan ,	nn::prpn mark::comma
han i hecen de te mbi ,	nv::nv cm::gen nv::nv cm::dat verb::vv e::fve.npst mark::comma
○ orin sunja de ,	mark::circle nv::nv nv::nv cm::dat mark::comma
saikan kimci me bai me wa fi ,	nv::adj verb::vv e::cve verb::vv e::cve verb::vv e::cve mark::comma
fung_ji_pu de cimari buda budala ra de ,	nn::prpn cm::dat nv::nv nv::nv verb::vv e::npst.ptcp cm::dat mark::comma
weihu de ili fi ,	nv::nv cm::dat verb::vv e::cve mark::comma
han ,	nv::nv mark::comma
ice uyun de gung faita ha .	nv::adj nv::nv cm::dat nv::nv verb::vv e::pst.ptcp mark::period
hoton ara ra agūra ,	nv::nv verb::vv e::npst.ptcp nv::nv mark::comma
○ ice ilan de ,	mark::circle nv::adj nv::nv cm::dat mark::comma
hūng_tsoo gašan de te he ušan beiguwan i kadala ra giya_xan_ho_gašan i orin boo i niyalma uka me gene re be ,	nn::prpn nv::nv cm::dat verb::vv e::pst.ptcp nn::prpn.person nv::nv cm::gen verb::vv e::npst.ptcp nn::prpn cm::gen nv::nv nv::nv cm::gen nv::nv verb::vv e::cve verb::vv e::npst.ptcp cm::acc mark::comma
boigon be gercile he niyalma de bu mbi .	nv::nv cm::acc verb::vv e::pst.ptcp nv::nv cm::dat verb::vv e::fve.npst mark::period
gūwa ume dosi re ,	nv::nv nv::nv verb::vv e::npst.ptcp mark::comma
fu_jeo de te he monggo be ,	nn::prpn cm::dat verb::vv e::pst.ptcp nv::nv cm::acc mark::comma
tanika ,	nn::prpn.person mark::comma
juleri ula_bira i muke de morin i tulu deri olo me ili fi jilida me hendu me ,	nv::nv nn::prpn cm::gen nv::nv cm::dat nv::nv cm::gen nv::nv nv::nv verb::vv e::cve verb::vv e::cve verb::vv e::cve verb::vv e::cve mark::comma
emu niyalma be tuwakiyabu ∅ ,	nv::nv nv::nv cm::acc verb::vv e::fve.imperative mark::comma
gemu kadala ra ejen i boo de bargiya me gai fi asara ∅ ,	nv::nv verb::vv e::npst.ptcp nv::nv cm::gen nv::nv cm::dat verb::vv e::cve verb::vv e::cve verb::vv e::fve.imperative mark::comma
moohai ,	nn::prpn.person mark::comma
hanciki hiyasa ,	nv::adj nv::nv mark::comma
jai ninggun niyalma baha fi wa ha ,	nv::nv nv::nv nv::nv verb::vv e::cve verb::vv e::pst.ptcp mark::comma
bulanju umai baha fi sa hakūbi ,	nn::prpn.person nv::nv verb::vv e::cve verb::vv e::fve.prs.prf.neg mark::comma
juwe gecuheri be dabu me juwan suje ,	nv::nv nv::nv cm::acc verb::vv e::cve nv::nv nv::nv mark::comma
min i kadala ra emu niru i cooha be iogi tsanjiyang ci fakca rakū ,	pn::1sg cm::gen verb::vv e::npst.ptcp nv::nv nv::nv cm::gen nv::nv cm::acc nv::nv nv::nv cm::abl verb::vv e::npst.ptcp.neg mark::comma
emu ciyandzung de duin niyalma ,	nv::nv nv::nv cm::dat nv::nv nv::nv mark::comma
teisule he ba be jergi de yabu re niyalma ,	verb::vv e::pst.ptcp nv::nv cm::acc nv::nv cm::dat verb::vv e::npst.ptcp nv::nv mark::comma
aisin menggun ,	nv::nv nv::nv mark::comma
serebu he manggi ,	verb::vv e::pst.ptcp nv::nv mark::comma
ilan jergi niyakūra ha ,	nv::nv nv::nv verb::vv e::pst.ptcp mark::comma
nikan i šanaha ci emu medege gaija ra nikan ji fi ,	nv::nv cm::gen nn::prpn.plc cm::abl nv::nv nv::nv verb::vv e::npst.ptcp nv::nv verb::vv e::cve mark::comma
genggiyen_han de nike fi daha ki seme ji he ,	nn::prpn cm::dat verb::vv e::cve verb::vv e::fve.opt comp verb::vv e::pst.ptcp mark::comma
gūwa isi rakū niyalma de bu mbi kai .	nv::nv verb::vv e::npst.ptcp.neg nv::nv cm::dat verb::vv e::fve.npst ptcl mark::period
hūwaliyan_i_tungse be gai fi ,	nn::prpn cm::acc verb::vv e::cve mark::comma
emu hule be liyoodung ni ici niyalma ,	nv::nv nv::nv cm::acc nn::prpn.plc cm::gen nv::nv nv::nv mark::comma
juwe amba cooha aca fi afa ra de ,	nv::nv nv::adj nv::nv verb::vv e::cve verb::vv e::npst.ptcp cm::dat mark::comma
mao_wen_lung de unggi he bithe i gisun ,	nn::prpn cm::dat verb::vv e::pst.ptcp nv::nv cm::gen nv::nv mark::comma
erin fon de acabu me ,	nv::nv nv::nv cm::dat verb::vv e::cve mark::comma
sain ai de yende mbi ,	nv::adj nv::nv cm::dat verb::vv e::fve.npst mark::comma
hejiri ,	nn::prpn.person mark::comma
haise ,	nn::prpn.person mark::comma
emu aniya ara me tuwa ha ,	nv::nv nv::nv verb::vv e::cve verb::vv e::pst.ptcp mark::comma
jušen i ji he cooha be bošo me jase tucibu he seme ,	nv::nv cm::gen verb::vv e::pst.ptcp nv::nv cm::acc verb::vv e::cve nv::nv verb::vv e::pst.ptcp comp mark::comma
te ala ki seme han de ala me ,	nv::nv verb::vv e::fve.opt comp nv::nv cm::dat verb::vv e::cve mark::comma
gūsin moo ura tū fi sinda habi ,	nv::nv nv::nv nv::nv verb::vv e::cve verb::vv e::fve.prs.prf mark::comma
nikan cooha be tuwa ci ,	nv::nv nv::nv cm::acc verb::vv e::cve mark::comma
tere baha ha niyalma ulha de ai ulebu mbi ,	nv::nv verb::vv e::pst.ptcp nv::nv nv::nv cm::dat nv::nv verb::vv e::fve.npst mark::comma
beye i ehe de wasi kini .	nv::nv cm::gen nv::adj cm::dat verb::vv e::fve.opt mark::period
ice uyun de tiyei_ling ni ba be cooha dosi fi ,	nv::adj nv::nv cm::dat nn::prpn cm::gen nv::nv cm::acc nv::nv verb::vv e::cve mark::comma
wesibu fi beiguwan obu ha ,	verb::vv e::cve nv::nv verb::vv e::pst.ptcp mark::comma
afabu ha weile be tondo i kice me akūmbu rakū ,	verb::vv e::pst.ptcp nv::nv cm::acc nv::adj cm::gen verb::vv e::cve verb::vv e::npst.ptcp.neg mark::comma
tere i sira me dain de baha ha monggo i fujisa hengkile me aca ha ,	nv::nv cm::gen verb::vv e::cve nv::nv cm::dat verb::vv e::pst.ptcp nv::nv cm::gen nv::nv verb::vv e::cve verb::vv e::pst.ptcp mark::comma
moo unu me juwe fi xi_san_šan i alin i dele wesimbu fi sinda ∅ ,	nv::nv verb::vv e::cve verb::vv e::cve nn::prpn cm::gen nv::nv cm::gen nv::nv verb::vv e::cve verb::vv e::fve.imperative mark::comma
han de waka sabu fi weile baha fi boo yada kini ,	nv::nv cm::dat nv::adj verb::vv e::cve nv::nv verb::vv e::cve nv::nv verb::vv e::fve.opt mark::comma
emu minggan haha funce me wa ha ,	nv::nv nv::nv nv::nv verb::vv e::cve verb::vv e::pst.ptcp mark::comma
○ ice ilan de ,	mark::circle nv::adj nv::nv cm::dat mark::comma
suwe ume olho ro ,	pn::2pl nv::nv verb::vv e::npst.ptcp mark::comma
sarin sarila ra ,	nv::nv verb::vv e::npst.ptcp mark::comma
○ du_tang ni bithe ,	mark::circle nv::nv cm::gen nv::nv mark::comma
iogi i hergen nakabu ha ,	nv::nv cm::gen nv::nv verb::vv e::pst.ptcp mark::comma
ilan hehe de ,	nv::nv nv::nv cm::dat mark::comma
jai šun tuhe re baru tuwa ci ,	nv::nv nv::nv verb::vv e::npst.ptcp nv::nv verb::vv e::cve mark::comma
anji ha gese sain wehe be sinda fi ,	verb::vv e::pst.ptcp nv::nv nv::adj nv::nv cm::acc verb::vv e::cve mark::comma
fu_jeo i boigon niyalma be ,	nn::prpn cm::gen nv::nv nv::nv cm::acc mark::comma
beye suila me dailandu ha gojime ,	nv::nv verb::vv e::cve verb::vv e::pst.ptcp nv::nv mark::comma
ši_lii_tun i lin_jeng_gu ,	nn::prpn cm::gen nn::prpn mark::comma
han de waka sabu fi weile baha fi boo yada kini ,	nv::nv cm::dat nv::adj verb::vv e::cve nv::nv verb::vv e::cve nv::nv verb::vv e::fve.opt mark::comma
hai_si hali_wei i dudu ciyanši erkis i jui guyeng_baduli ,	nn::prpn nn::prpn cm::gen nv::nv nv::nv nn::prpn.person cm::gen nv::nv nn::prpn mark::comma
han ,	nv::nv mark::comma
guwangning ci juwe monggo uka me ji he .	nn::prpn.plc cm::abl nv::nv nv::nv verb::vv e::cve verb::vv e::pst.ptcp mark::period
gurun i haha tolo ho ,	nv::nv cm::gen nv::nv verb::vv e::pst.ptcp mark::comma
○ warka_ecike ,	mark::circle nn::prpn mark::comma
tere siren onco boso i defe i gese ,	nv::nv nv::nv nv::adj nv::nv cm::gen nv::nv cm::gen nv::nv mark::comma
suwe hoton be bekile me dasa fi ,	pn::2pl nv::nv cm::acc verb::vv e::cve verb::vv e::cve mark::comma
hūrha_golo i bojiri gebungge niyalma be takūra me hendu ci ,	nn::prpn cm::gen nn::prpn.person nv::adj nv::nv cm::acc verb::vv e::cve verb::vv e::cve mark::comma
hecen ci tuci ci ,	nv::nv cm::abl verb::vv e::cve mark::comma
han de sunja ninggun jergi niyakūra fi hendu me ,	nv::nv cm::dat nv::nv nv::nv nv::nv verb::vv e::cve verb::vv e::cve mark::comma
asibu ,	nn::prpn.person mark::comma
tuttu min be gasabu ha be gūni rakū ,	nv::nv pn::1sg cm::acc verb::vv e::pst.ptcp cm::acc verb::vv e::npst.ptcp.neg mark::comma
unggadai ,	nn::prpn.person mark::comma
suwen be jobobu rakū .	pn::2pl cm::acc verb::vv e::npst.ptcp.neg mark::period
genggiyen_han ,	nn::prpn mark::comma
hoton de dosinji ci ,	nv::nv cm::dat verb::vv e::cve mark::comma
tu_ho_wei i du_jy_hūi_tungjy alušan i omolo ubadai ,	nn::prpn cm::gen nv::nv nn::prpn.person cm::gen nv::nv nn::prpn.person mark::comma
ice ji he boigon anggala haha tolo me gene he .	nv::adj verb::vv e::pst.ptcp nv::nv nv::nv nv::nv verb::vv e::cve verb::vv e::pst.ptcp mark::period
( cen i beye se re ngge ,	mark::lparen pn::3pl cm::gen nv::nv verb::vv e::npst.ptcp nmlz::nmlz mark::comma
dobi_ecike i tulkun ,	nn::prpn cm::gen nn::prpn.person mark::comma
ninggun biya i juwan juwe de amba_beile de wasimbu ha ,	nv::nv nv::nv cm::gen nv::nv nv::nv cm::dat nn::prpn cm::dat verb::vv e::pst.ptcp mark::comma
wan_lii i gūsin nadaci aniya omšon biya i orin sunja de narin baha ha ,	nn::prpn cm::gen nv::nv nv::nv nv::nv nv::nv nv::nv cm::gen nv::nv nv::nv cm::dat nn::prpn.person verb::vv e::pst.ptcp mark::comma
juhe jafa ra onggolo ,	nv::nv verb::vv e::npst.ptcp nv::nv mark::comma
hecen be saci me efule re de ,	nv::nv cm::acc verb::vv e::cve verb::vv e::npst.ptcp cm::dat mark::comma
dodo_age i sadun ,	nn::prpn cm::gen nv::nv mark::comma
usin i jeku be saikan weile me tomso me gai ∅ ,	nv::nv cm::gen nv::nv cm::acc nv::adj verb::vv e::cve verb::vv e::cve verb::vv e::fve.imperative mark::comma
juhe hūwaja me guwengke jilgan be ,	nv::nv verb::vv e::cve nv::nv nv::nv cm::acc mark::comma
sain gisun i duwali kai seme hendu he ,	nv::adj nv::nv cm::gen nv::nv ptcl comp verb::vv e::pst.ptcp mark::comma
inggūldai ka ha šancin be muse i cooha ka fi tuwakiya ∅ ,	nn::prpn.person verb::vv e::pst.ptcp nv::nv cm::acc nv::nv cm::gen nv::nv verb::vv e::cve verb::vv e::fve.imperative mark::comma
ujungga amban sa i boigon bargiya ha uthai bi kini ,	nv::adj nv::nv nv::nv cm::gen nv::nv verb::vv e::pst.ptcp nv::nv verb::vv e::fve.opt mark::comma
fuca i julergi bigan de poo miyoocan be jergi jergi dasa fi ,	nn::prpn.plc cm::gen nv::nv nv::nv cm::dat nv::nv nv::nv cm::acc nv::nv nv::nv verb::vv e::cve mark::comma
te he ba ci uthai hengkile ∅ ,	verb::vv e::pst.ptcp nv::nv cm::abl nv::nv verb::vv e::fve.imperative mark::comma
abutu iogi be efule he ,	nn::prpn.person nv::nv cm::acc verb::vv e::pst.ptcp mark::comma
jui hiyoošun akū o ci ,	nv::nv nv::nv nv::adj verb::vv e::cve mark::comma
jaila me lin_pan se re ba de gene hebi ,	verb::vv e::cve nn::prpn verb::vv e::npst.ptcp nv::nv cm::dat verb::vv e::fve.prs.prf mark::comma
ere niyalma be gemu ginjeo i hoton de weri he .	nv::nv nv::nv cm::acc nv::nv nn::prpn.plc cm::gen nv::nv cm::dat verb::vv e::pst.ptcp mark::period
wa ra niyalma be afabu fi wa ra ,	verb::vv e::npst.ptcp nv::nv cm::acc verb::vv e::cve verb::vv e::npst.ptcp mark::comma
seire de yali sinda ha manggi ,	nv::nv cm::dat nv::nv verb::vv e::pst.ptcp nv::nv mark::comma
jaotai ,	nn::prpn.person mark::comma
han ,	nv::nv mark::comma
wang_du_tang juse hehesi be ,	nn::prpn nv::nv nv::nv cm::acc mark::comma
jai geli folo ho enggemu hadala ,	nv::nv nv::nv verb::vv e::pst.ptcp nv::nv nv::nv mark::comma
adahai iogi ,	nn::prpn.person nv::nv mark::comma
duici_beile hendu me ,	nn::prpn verb::vv e::cve mark::comma
juwan de eje he bu mbi .	nv::nv cm::dat verb::vv e::pst.ptcp verb::vv e::fve.npst mark::period
guwangning de ice sunja de takūra me ,	nn::prpn.plc cm::dat nv::adj nv::nv cm::dat verb::vv e::cve mark::comma
jeku be inu je ci isi mbi ,	nv::nv cm::acc nv::nv verb::vv e::cve verb::vv e::fve.npst mark::comma
šajila fi nikan i umai be neci rakū yabu ha ,	verb::vv e::cve nv::nv cm::gen nv::nv cm::acc verb::vv e::npst.ptcp.neg verb::vv e::pst.ptcp mark::comma
afabu ha weile be mute mbi ,	verb::vv e::pst.ptcp nv::nv cm::acc verb::vv e::fve.npst mark::comma
○ niyang_niyang_gung ni ba i dogon de ,	mark::circle nn::prpn cm::gen nv::nv cm::gen nv::nv cm::dat mark::comma
hergen kemuni bi kini ,	nv::nv nv::nv verb::vv e::fve.opt mark::comma
yaya dain de ,	nv::nv nv::nv cm::dat mark::comma
jai yehe ci burula me gene he niyalma ,	nv::nv nv::nv cm::abl verb::vv e::cve verb::vv e::pst.ptcp nv::nv mark::comma
muse i gurun i han i sira me banji re beile se amban sa ,	nv::nv cm::gen nv::nv cm::gen nv::nv cm::gen verb::vv e::cve verb::vv e::npst.ptcp nv::nv nv::nv nv::nv nv::nv mark::comma
usin akū sula ba be bai me morin ulebu me gama fi ,	nv::nv nv::adj nv::adj nv::nv cm::acc verb::vv e::cve nv::nv verb::vv e::cve verb::vv e::cve mark::comma
han i afabu ha jurgan be ,	nv::nv cm::gen verb::vv e::pst.ptcp nv::nv cm::acc mark::comma
dzung_bing_guwan ci fusihūn ,	nv::nv cm::abl nv::adj mark::comma
tenteke gioha ra ,	nv::nv verb::vv e::npst.ptcp mark::comma
niru i beiguwan i hergen bu fi ,	nv::nv cm::gen nv::nv cm::gen nv::nv verb::vv e::cve mark::comma
ba ba ,	nv::nv nv::nv mark::comma
beri sirdan ,	nv::nv nv::nv mark::comma
○ sunja biya i juwan nadan de cooha jura ka ,	mark::circle nv::nv nv::nv cm::gen nv::nv nv::nv cm::dat nv::nv verb::vv e::pst.ptcp mark::comma
bak ,	nn::prpn.person mark::comma
ilan gida ,	nv::nv nv::nv mark::comma
suwen i ehe niyalma de dere bani mbi o ,	pn::2pl cm::gen nv::adj nv::nv cm::dat nv::nv verb::vv e::fve.npst ptcl mark::comma
liyoodung ni ulan de ili fi afa ra de ,	nn::prpn.plc cm::gen nv::nv cm::dat verb::vv e::cve verb::vv e::npst.ptcp cm::dat mark::comma
nimacan iogi juwe tanggū cooha be ligiya de gai fi te mbi ,	nn::prpn.person nv::nv nv::nv nv::nv nv::nv cm::acc nn::prpn.plc cm::dat verb::vv e::cve verb::vv e::fve.npst mark::comma
muse cooha gene ki seme mitandu me mara me gisure ci ,	pn::1pl.incl nv::nv verb::vv e::fve.opt comp verb::vv e::cve verb::vv e::cve verb::vv e::cve mark::comma
uji ci ,	verb::vv e::cve mark::comma
emu ba ci boljo me gisure fi fakca ha cooha ,	nv::nv nv::nv cm::abl verb::vv e::cve verb::vv e::cve verb::vv e::pst.ptcp nv::nv mark::comma
nikan gurun ,	nv::nv nv::nv mark::comma
han i beye de gisure he sargan jui be monggo de bu re be donji fi ,	nv::nv cm::gen nv::nv cm::dat verb::vv e::pst.ptcp nv::nv nv::nv cm::acc nv::nv cm::dat verb::vv e::npst.ptcp cm::acc verb::vv e::cve mark::comma
○ gulu lamun i gūsa i bargiya ra ba ,	mark::circle nv::adj nv::adj cm::gen nv::nv cm::gen verb::vv e::npst.ptcp nv::nv mark::comma
golo be bargiya hakū seme ,	nv::nv cm::acc verb::vv e::pst.ptcp.neg comp mark::comma
boo i aika jaka be ,	nv::nv cm::gen nv::nv nv::nv cm::acc mark::comma
dule ke aniya jorgon biya de emu tanggū yan menggun bu fi ,	verb::vv e::pst.ptcp nv::nv nv::nv nv::nv cm::dat nv::nv nv::nv nv::nv nv::nv verb::vv e::cve mark::comma
morin akū seme gašan de ume bisi re ,	nv::nv nv::adj comp nv::nv cm::dat nv::nv verb::vv e::npst.ptcp mark::comma
ai ai jaka be ambula baha ha kai ,	nv::nv nv::nv nv::nv cm::acc nv::nv verb::vv e::pst.ptcp ptcl mark::comma
ehe be ehe seme han de ala mbi ,	nv::adj cm::acc nv::adj comp nv::nv cm::dat verb::vv e::fve.npst mark::comma
baha fi baha hakū seme šang gai fi ,	verb::vv e::cve verb::vv e::pst.ptcp.neg comp nv::nv verb::vv e::cve mark::comma
○ jakūn biya i ice inenggi ,	mark::circle nv::nv nv::nv cm::gen nv::adj nv::nv mark::comma
dain i amala ili ci ,	nv::nv cm::gen nv::nv verb::vv e::cve mark::comma
suwan i ulai niru ,	nv::nv cm::gen nn::prpn.person nv::nv mark::comma
tung_iogi de alana habi kai ,	nn::prpn cm::dat verb::vv e::fve.prs.prf ptcl mark::comma
ulha gaji me hūda ji he ,	nv::nv verb::vv e::cve nv::nv verb::vv e::pst.ptcp mark::comma
wa ha niyalma i fejile gidabu fi feye akū niyalma inu ambula buce he ,	verb::vv e::pst.ptcp nv::nv cm::gen nv::nv verb::vv e::cve nv::nv nv::adj nv::nv nv::nv nv::nv verb::vv e::pst.ptcp mark::comma
niyaman hūncihin seme harša rakū ,	nv::nv nv::nv comp verb::vv e::npst.ptcp.neg mark::comma
fakca rakū ci ,	verb::vv e::npst.ptcp.neg e::cve mark::comma
šun i juwe dalba ci fulgiyan niowanggiyan siren goci ka ,	nv::nv cm::gen nv::nv nv::nv cm::abl nv::nv nv::adj nv::nv verb::vv e::pst.ptcp mark::comma
cooha i ejen ho_dzung_bing_guwan ,	nv::nv cm::gen nv::nv nn::prpn mark::comma
han i afabu ha jurgan be ,	nv::nv cm::gen verb::vv e::pst.ptcp nv::nv cm::acc mark::comma
ice jakūn de ,	nv::adj nv::nv cm::dat mark::comma
baban ,	nn::prpn.person mark::comma
○ taifin banji re de ,	mark::circle nv::adj verb::vv e::npst.ptcp cm::dat mark::comma
hūwang dan ,	nv::nv nv::nv mark::comma
ciyandzung ,	nv::nv mark::comma
uji he han ama be waliya fi amasi monggo i ba de gene ci ,	verb::vv e::pst.ptcp nv::nv nv::nv cm::acc verb::vv e::cve nv::nv nv::nv cm::gen nv::nv cm::dat verb::vv e::cve mark::comma
ice ji he niyalma de boo tucibu fi bu re ,	nv::adj verb::vv e::pst.ptcp nv::nv cm::dat nv::nv verb::vv e::cve verb::vv e::npst.ptcp mark::comma
juse ,	nv::nv mark::comma
gumbu_taiji de unggi he bithe i gisun ,	nn::prpn cm::dat verb::vv e::pst.ptcp nv::nv cm::gen nv::nv mark::comma
giranggi be nikan de bu ki ,	nv::nv cm::acc nv::nv cm::dat verb::vv e::fve.opt mark::comma
fejergi niyalma i waka be sa ha de ,	nv::nv nv::nv cm::gen nv::adj cm::acc verb::vv e::pst.ptcp cm::dat mark::comma
emu jaka be bahana rakū ,	nv::nv nv::nv cm::acc verb::vv e::npst.ptcp.neg mark::comma
niru i duin ciyandzung ni dele jai emu ciyandzung o fi gai ∅ .	nv::nv cm::gen nv::nv nv::nv cm::gen nv::nv nv::nv nv::nv nv::nv verb::vv e::cve verb::vv e::fve.imperative mark::period
min i gisun be jurce me ,	pn::1sg cm::gen nv::nv cm::acc verb::vv e::cve mark::comma
nikan i cooha ilan jurgan i jide re toron be sabu fi ,	nv::nv cm::gen nv::nv nv::nv nv::nv cm::gen verb::vv e::npst.ptcp nv::nv cm::acc verb::vv e::cve mark::comma
tere i gisun ,	nv::nv cm::gen nv::nv mark::comma
emu jui uba de bisi re ama be tuwa me bi kini ,	nv::nv nv::nv nv::nv cm::dat verb::vv e::npst.ptcp nv::nv cm::acc verb::vv e::cve verb::vv e::fve.opt mark::comma
○ ilaci mukūn i juwan juwe ci tatan ,	mark::circle nv::nv nv::nv cm::gen nv::nv verb::vv e::cve nv::nv mark::comma
jeng_giyang ,	nn::prpn mark::comma
gūlha ,	nv::nv mark::comma
mujan janggin ,	nv::nv nv::nv mark::comma
bira i julergi de sunja ba i dube de ,	nv::nv cm::gen nv::nv cm::dat nv::nv nv::nv cm::gen nv::nv cm::dat mark::comma
jai deote be etu re jete re ai banji re doro de ,	nv::nv nv::nv cm::acc verb::vv e::npst.ptcp verb::vv e::npst.ptcp nv::nv verb::vv e::npst.ptcp nv::nv cm::dat mark::comma
han de waka sabu fi weile baha fi boo yada kini ,	nv::nv cm::dat nv::adj verb::vv e::cve nv::nv verb::vv e::cve nv::nv verb::vv e::fve.opt mark::comma
suwen i mujilen be dasa fi doro i jalin de gūni me banji me o ho de ,	pn::2pl cm::gen nv::nv cm::acc verb::vv e::cve nv::nv cm::gen nv::nv cm::dat verb::vv e::cve verb::vv e::cve verb::vv e::pst.ptcp cm::dat mark::comma
udu sin ,	nv::nv nv::nv mark::comma
sarhū ,	nv::nv mark::comma
honin aniya juwe biya de ,	nv::nv nv::nv nv::nv nv::nv cm::dat mark::comma
lo_šen_sy gebungge nikan de ,	nn::prpn nv::adj nv::nv cm::dat mark::comma
jai aniyadari jobo ho doro bi o ,	nv::nv nv::nv verb::vv e::pst.ptcp nv::nv verb::vv.npst ptcl mark::comma
uhereme dehi niyalma yafahan uka me ji he .	nv::nv nv::nv nv::nv nv::adj verb::vv e::cve verb::vv e::pst.ptcp mark::period
geren beile se be gai fi ,	nv::adj nv::nv nv::nv cm::acc verb::vv e::cve mark::comma
fujisa be gaji re amban sa ,	nv::nv cm::acc verb::vv e::npst.ptcp nv::nv nv::nv mark::comma
guwangning de bisi re jakūn gūsa i uksin bu re amban sa ,	nn::prpn.plc cm::dat verb::vv e::npst.ptcp nv::nv nv::nv cm::gen nv::nv verb::vv e::npst.ptcp nv::nv nv::nv mark::comma
duka_ala de dedu he .	nn::prpn cm::dat verb::vv e::pst.ptcp mark::period
ginggule me onggo rakū gūni me ,	verb::vv e::cve verb::vv e::npst.ptcp.neg verb::vv e::cve mark::comma
amba_beile de juwe jergi bene he buda be ali me gai fi je ke mujangga ,	nn::prpn cm::dat nv::nv nv::nv verb::vv e::pst.ptcp nv::nv cm::acc verb::vv e::cve verb::vv e::cve verb::vv e::pst.ptcp nv::adj mark::comma
nitangga ,	nn::prpn.person mark::comma
mocin juwan ,	nv::nv nv::nv mark::comma
birai_dergi gurun be gemu dahabu fi ,	nn::prpn nv::nv cm::acc nv::nv verb::vv e::cve mark::comma
we we be gelebu mbi ,	nv::nv nv::nv cm::acc verb::vv e::fve.npst mark::comma
tuttu in i beye be eden ara me efule he niyalma be uji he seme ai baita seme gintaisi_beile be futa i tata me wa ha ,	nv::nv pn::3sg cm::gen nv::nv cm::acc nv::adj verb::vv e::cve verb::vv e::pst.ptcp nv::nv cm::acc verb::vv e::pst.ptcp comp nv::nv nv::nv comp nn::prpn cm::acc nv::nv cm::gen verb::vv e::cve verb::vv e::pst.ptcp mark::comma
tofohon yan i eje he gung be faita ha .	nv::nv nv::nv cm::gen verb::vv e::pst.ptcp nv::nv cm::acc verb::vv e::pst.ptcp mark::period
jori ha jurgan be jurce rakū seme beiguwan obu ha .	verb::vv e::pst.ptcp nv::nv cm::acc verb::vv e::npst.ptcp.neg comp nv::nv verb::vv e::pst.ptcp mark::period
šun tuhe re ergi dere de afa ra duin gūsa i cooha i niyalma ,	nv::nv verb::vv e::npst.ptcp nv::nv nv::nv cm::dat verb::vv e::npst.ptcp nv::nv nv::nv cm::gen nv::nv cm::gen nv::nv mark::comma
○ ice duin de ,	mark::circle nv::adj nv::nv cm::dat mark::comma
handai ,	nn::prpn.person mark::comma
tere ci meihe erin de hecen de dosi ka .	nv::nv cm::abl nv::nv nv::nv cm::dat nv::nv cm::dat verb::vv e::pst.ptcp mark::period
○ tere inenggi ,	mark::circle nv::nv nv::nv mark::comma
yoo_jeo ,	nn::prpn mark::comma
encu gisun i mujakū nikan gurun de emu hebe o fi ,	nv::nv nv::nv cm::gen nv::nv nv::nv nv::nv cm::dat nv::nv nv::nv verb::vv e::cve mark::comma
ula de juwe feye sacibu ha ,	nv::nv cm::dat nv::nv nv::nv verb::vv e::pst.ptcp mark::comma
tere gese geren cooha be geli we tuwa ha ,	nv::nv nv::nv nv::adj nv::nv cm::acc nv::nv nv::nv verb::vv e::pst.ptcp mark::comma
liyoodung ni šang be gemu gai fi ,	nn::prpn.plc cm::gen nv::nv cm::acc nv::nv verb::vv e::cve mark::comma
jori ha jurgan be jurce rakū seme ,	verb::vv e::pst.ptcp nv::nv cm::acc verb::vv e::npst.ptcp.neg comp mark::comma
amin_beile bu he bithe ,	nn::prpn verb::vv e::pst.ptcp nv::nv mark::comma
muse i hecen ci casi ,	nv::nv cm::gen nv::nv cm::abl nv::nv mark::comma
mafa i eifu de hangsi waliya me ,	nv::nv cm::gen nv::nv cm::dat nv::nv verb::vv e::cve mark::comma
juwe juru galaktun ,	nv::nv nv::nv nv::nv mark::comma
abka i enduri jailabu me dali me tuttu oihori da mbihe dere ,	nv::nv cm::gen nv::nv verb::vv e::cve verb::vv e::cve nv::nv nv::adj verb::vv e::fve.pst.ipfv ptcl mark::comma
gūsin i inenggi wasimbu ha ,	nv::nv cm::gen nv::nv verb::vv e::pst.ptcp mark::comma
suwe ainu boo i niyalma be bošo fi uce yaksi fi gisure mbi ,	pn::2pl nv::nv nv::nv cm::gen nv::nv cm::acc verb::vv e::cve nv::nv verb::vv e::cve verb::vv e::fve.npst mark::comma
uluri_meifen ci molokji i baru uluri ere emu ubu .	nn::prpn cm::abl nn::prpn.plc cm::gen nv::nv nv::nv nv::nv nv::nv nv::nv mark::period
gasha i dethe ,	nv::nv cm::gen nv::nv mark::comma
jortai sartabu mbi dere ,	nv::nv verb::vv e::fve.npst ptcl mark::comma
morin hūdun niyalma hūdun doro i ,	nv::nv nv::adj nv::nv nv::adj nv::nv cm::gen mark::comma
tere weile be gemu waliya ha ,	nv::nv nv::nv cm::acc nv::nv verb::vv e::pst.ptcp mark::comma
○ solho i ergi de lenggeri fujiyang ,	mark::circle nv::nv cm::gen nv::nv cm::dat nv::nv nv::nv mark::comma
weile ara mbi ,	nv::nv verb::vv e::fve.npst mark::comma
duite kiru bu he .	nv::nv nv::nv verb::vv e::pst.ptcp mark::period
beile se i gai ha ngge ai koro se mbi ,	nv::nv nv::nv cm::gen verb::vv e::pst.ptcp nmlz::nmlz nv::nv nv::nv verb::vv e::fve.npst mark::comma
gemu teisu teisu neigen dende me gai mbihe kai ,	nv::nv nv::nv nv::nv nv::adj verb::vv e::cve verb::vv e::fve.pst.ipfv ptcl mark::comma
hehesi be takūra me hūntahan jafa ha ,	nv::nv cm::acc verb::vv e::cve nv::nv verb::vv e::pst.ptcp mark::comma
ojo rakū o fi ,	verb::vv e::npst.ptcp.neg verb::vv e::cve mark::comma
minggan_beile i jui angkūn_taiji isina fi ,	nn::prpn cm::gen nv::nv nn::prpn verb::vv e::cve mark::comma
abala ha seme ala cina ,	verb::vv e::pst.ptcp comp verb::vv e::fve.opt mark::comma
beging ni hecen i bira de juwe jergi senggi eye he ,	nv::nv cm::gen nv::nv cm::gen nv::nv cm::dat nv::nv nv::nv nv::nv verb::vv e::pst.ptcp mark::comma
han i beye ,	nv::nv cm::gen nv::nv mark::comma
jang_dzy_jing gebungge niyalma be ,	nn::prpn nv::adj nv::nv cm::acc mark::comma
tere ninggun koro ,	nv::nv nv::nv nv::nv mark::comma
○ da_mao_pu i wang_lai_bin beiguwan ,	mark::circle nn::prpn cm::gen nn::prpn nv::nv mark::comma
ihan be gemu bedere me bu he ,	nv::nv cm::acc nv::nv verb::vv e::cve verb::vv e::pst.ptcp mark::comma
wangšan_ecike ,	nn::prpn mark::comma
tuci fi gene he bujantai be min de gaji ∅ seme ilan jergi niyalma takūra ci ,	verb::vv e::cve verb::vv e::pst.ptcp nn::prpn.person cm::acc pn::1sg cm::dat verb::vv e::fve.imperative comp nv::nv nv::nv nv::nv verb::vv e::cve mark::comma
bi uba ci gisun hendu fi unggi re ,	pn::1sg nv::nv cm::abl nv::nv verb::vv e::cve verb::vv e::npst.ptcp mark::comma
ere girin_hada de bi kai ,	nv::nv nn::prpn cm::dat verb::vv.npst ptcl mark::comma
nikan gurun efuje me waji ha kai ,	nv::nv nv::nv verb::vv e::cve verb::vv e::pst.ptcp ptcl mark::comma
sargan jui de ūmci bu hekū kiyangdula ha ,	nv::nv nv::nv cm::dat nv::nv verb::vv e::pst.ptcp.neg verb::vv e::pst.ptcp mark::comma
juwan juwe ci jergi ,	nv::nv verb::vv e::cve nv::nv mark::comma
gūwalca_ecike ,	nn::prpn mark::comma
afabu ha weile be mute mbi ,	verb::vv e::pst.ptcp nv::nv cm::acc verb::vv e::fve.npst mark::comma
ilan inenggi i dolo ,	nv::nv nv::nv cm::gen nv::nv mark::comma
bi amasi bedere fi gūsin ba i dube de ili fi ,	pn::1sg nv::nv verb::vv e::cve nv::nv nv::nv cm::gen nv::nv cm::dat verb::vv e::cve mark::comma
salu i ilaci jergi iogi be beiguwan obu ha ,	nv::nv cm::gen nv::nv nv::nv nv::nv cm::acc nv::nv verb::vv e::pst.ptcp mark::comma
hoton be ,	nv::nv cm::acc mark::comma
hecen ara me waji ha manggi ,	nv::nv verb::vv e::cve verb::vv e::pst.ptcp nv::nv mark::comma
fonji mbi seme gana fi serebu he janggin daise de weile ara fi ,	verb::vv e::fve.npst comp verb::vv e::cve verb::vv e::pst.ptcp nv::nv nv::nv cm::dat nv::nv verb::vv e::cve mark::comma
beiguwan i bodo me ,	nv::nv cm::gen verb::vv e::cve mark::comma
naja i baru hendu me ,	nn::prpn.person cm::gen nv::nv verb::vv e::cve mark::comma
weile ara fi yalu ha morin gai fi jafa ha niyalma de bu mbihe ,	nv::nv verb::vv e::cve verb::vv e::pst.ptcp nv::nv verb::vv e::cve verb::vv e::pst.ptcp nv::nv cm::dat verb::vv e::fve.pst.ipfv mark::comma
balan ,	nn::prpn.person mark::comma
ere gisun be ,	nv::nv nv::nv cm::acc mark::comma
cirku .	nv::nv mark::period
ilata huncu gama me ,	nv::nv nv::nv verb::vv e::cve mark::comma
han hendu me ,	nv::nv verb::vv e::cve mark::comma
uju fusi mbihe de ,	nv::nv verb::vv e::fve.pst.ipfv cm::dat mark::comma
bak ,	nn::prpn.person mark::comma
sin i hendu re mujangga kai ,	pn::2sg cm::gen verb::vv e::npst.ptcp nv::adj ptcl mark::comma
han i bithe wasinda ra be donji kini ,	nv::nv cm::gen nv::nv verb::vv e::npst.ptcp cm::acc verb::vv e::fve.opt mark::comma
○ juwan jakūn de ,	mark::circle nv::nv nv::nv cm::dat mark::comma
juwe jušen benji me jide re de ,	nv::nv nv::nv verb::vv e::cve verb::vv e::npst.ptcp cm::dat mark::comma
tere i jakūn boo de emu ubu ,	nv::nv cm::gen nv::nv nv::nv cm::dat nv::nv nv::nv mark::comma
tongki fuka sinda ha hergen i dangse .	nv::nv nv::nv verb::vv e::pst.ptcp nv::nv cm::gen nv::nv mark::period
darja_age beiguwan i hergen be wesibu fi iogi i hergen bu he .	nn::prpn nv::nv cm::gen nv::nv cm::acc verb::vv e::cve nv::nv cm::gen nv::nv verb::vv e::pst.ptcp mark::period
ehe_kuren be sucu fi ,	nn::prpn cm::acc verb::vv e::cve mark::comma
yahican_buku ,	nn::prpn mark::comma
han i genggiyen de acanji mbihe o ,	nv::nv cm::gen nv::adj cm::dat verb::vv e::fve.pst.ipfv ptcl mark::comma
kamci ha boo i aha i emgi kamcibu fi ,	verb::vv e::pst.ptcp nv::nv cm::gen nv::nv cm::gen nv::nv verb::vv e::cve mark::comma
yoto_beile ,	nn::prpn mark::comma
sele faksi ,	nv::nv nv::nv mark::comma
moro fila juwete tanggū ,	nv::nv nv::nv nv::nv nv::nv mark::comma
sain be sain ,	nv::adj cm::acc nv::adj mark::comma
julge i yung_lo_han i g'aoming se re eje he be ,	nv::nv cm::gen nn::prpn cm::gen nv::nv verb::vv e::npst.ptcp verb::vv e::pst.ptcp cm::acc mark::comma
ši_ho_tun i lii_tiyan_ming ,	nn::prpn cm::gen nn::prpn mark::comma
uhereme ton uyun tanggū tofohon boo ,	nv::nv nv::nv nv::nv nv::nv nv::nv nv::nv mark::comma
amba cooha i juleri juwe tanggū cooha sinda ∅ ,	nv::adj nv::nv cm::gen nv::nv nv::nv nv::nv nv::nv verb::vv e::fve.imperative mark::comma
naige ,	nn::prpn.person mark::comma
kulekte ,	nn::prpn.person mark::comma
yung_ping ci beile i unggi he bithe ,	nn::prpn cm::abl nv::nv cm::gen verb::vv e::pst.ptcp nv::nv mark::comma
tofohon de gene fi hai_jeo i amargi munggan de ili fi ,	nv::nv cm::dat verb::vv e::cve nn::prpn cm::gen nv::nv nv::nv cm::dat verb::vv e::cve mark::comma
onoju ,	nn::prpn.person mark::comma
jakūn gūsa i bayara i kiru i ejen de ilata yan menggun bu he ,	nv::nv nv::nv cm::gen nv::nv cm::gen nv::nv cm::gen nv::nv cm::dat nv::nv nv::nv nv::nv verb::vv e::pst.ptcp mark::comma
dukai_ala ci cooha axša fi siyeri_bigan de dedu he ,	nn::prpn cm::abl nv::nv verb::vv e::cve nn::prpn cm::dat verb::vv e::pst.ptcp mark::comma
mao_wen_lung aca ki seme takūra ha juwe niyalma de ,	nn::prpn verb::vv e::fve.opt comp verb::vv e::pst.ptcp nv::nv nv::nv cm::dat mark::comma
ehe_kuren_golo i niyalma bi he ,	nn::prpn cm::gen nv::nv verb::vv e::pst.ptcp mark::comma
juwe jušen be holtošo me orita yan menggun bu fi nure omibu fi ,	nv::nv nv::nv cm::acc verb::vv e::cve nv::nv nv::nv nv::nv verb::vv e::cve nv::nv verb::vv e::cve mark::comma
sain mujilen i beye be dasa me banji cina ,	nv::adj nv::nv cm::gen nv::nv cm::acc verb::vv e::cve verb::vv e::fve.opt mark::comma
niyalma be huwesile me wa ha seme ,	nv::nv cm::acc verb::vv e::cve verb::vv e::pst.ptcp comp mark::comma
munggatu ,	nn::prpn.person mark::comma
lodori ,	nn::prpn.person mark::comma
tere be solho si ,	nv::nv cm::acc nv::nv pn::2sg mark::comma
šoto_beile be uji ∅ seme bu he ,	nn::prpn cm::acc verb::vv e::fve.imperative comp verb::vv e::pst.ptcp mark::comma
min i nene me unggi he tanggū niyalma i eden gūsin niyalma be unggi re ,	pn::1sg cm::gen verb::vv e::cve verb::vv e::pst.ptcp nv::nv nv::nv cm::gen nv::adj nv::nv nv::nv cm::acc verb::vv e::npst.ptcp mark::comma
○ ice jakūn de ,	mark::circle nv::adj nv::nv cm::dat mark::comma
hashū ergi duin gūsa i cooha ,	nv::nv nv::nv nv::nv nv::nv cm::gen nv::nv mark::comma
afa ha weile de muterei teile akūmbu ki ,	verb::vv e::pst.ptcp nv::nv cm::dat nv::nv nv::nv verb::vv e::fve.opt mark::comma
isinji ha jai cimari ,	verb::vv e::pst.ptcp nv::nv nv::nv mark::comma
nangnuk min be juwe inenggi juwe dobori burula me dosi gama ha ,	nn::prpn.person pn::1sg cm::acc nv::nv nv::nv nv::nv nv::nv verb::vv e::cve nv::nv verb::vv e::pst.ptcp mark::comma
han i baru jabu me ,	nv::nv cm::gen nv::nv verb::vv e::cve mark::comma
solho i hafasa be gai fi ji he seme donji ha manggi ,	nv::nv cm::gen nv::nv cm::acc verb::vv e::cve verb::vv e::pst.ptcp comp verb::vv e::pst.ptcp nv::nv mark::comma
hada de emu feye baha ha ,	nn::prpn.plc cm::dat nv::nv nv::nv verb::vv e::pst.ptcp mark::comma
giya_jing ni dehi duici aniya nadan biya i orin sunja de baha ha ,	nn::prpn cm::gen nv::nv nv::nv nv::nv nv::nv nv::nv cm::gen nv::nv nv::nv cm::dat verb::vv e::pst.ptcp mark::comma
tuwakiyabu ha boo i aha i beye be hūda salibu fi ,	verb::vv e::pst.ptcp nv::nv cm::gen nv::nv cm::gen nv::nv cm::acc nv::nv verb::vv e::cve mark::comma
○ duin biya i tofohon de ,	mark::circle nv::nv nv::nv cm::gen nv::nv cm::dat mark::comma
šada ha manggi tere beri be gabta ci ojo rakū kai .	verb::vv e::pst.ptcp nv::nv nv::nv nv::nv cm::acc verb::vv e::cve verb::vv e::npst.ptcp.neg ptcl mark::period
babuhai de ninggute bu he ,	nn::prpn.person cm::dat nv::nv verb::vv e::pst.ptcp mark::comma
weile ara fi susai yan i gung faita ha .	nv::nv verb::vv e::cve nv::nv nv::nv cm::gen nv::nv verb::vv e::pst.ptcp mark::period
tari re usin be icihiya me bu he ,	verb::vv e::npst.ptcp nv::nv cm::acc verb::vv e::cve verb::vv e::pst.ptcp mark::comma
fulan morin emke ,	nv::adj nv::nv nv::nv mark::comma
○ unege_baksi gene he ba ci alanji ha ngge ,	mark::circle nn::prpn verb::vv e::pst.ptcp nv::nv cm::abl verb::vv e::pst.ptcp nmlz::nmlz mark::comma
eihen ,	nv::nv mark::comma
aca ki seme gisure ci inu o mbi ,	verb::vv e::fve.opt comp verb::vv e::cve nv::nv verb::vv e::fve.npst mark::comma
juwan weile o ci ,	nv::nv nv::nv verb::vv e::cve mark::comma
hoko ho ,	verb::vv e::pst.ptcp mark::comma
fukana ,	nn::prpn.person mark::comma
mo_ta_šan_wei i du_jy_hūi_ciyanši ulana i jui dasi ,	nn::prpn cm::gen nv::nv nn::prpn.person cm::gen nv::nv nn::prpn.person mark::comma
baduri ,	nn::prpn.person mark::comma
ficakū yooni dagila ∅ ,	nv::nv nv::nv verb::vv e::fve.imperative mark::comma
suwen i gai re ba be biyai_taro de gai ∅ ,	pn::2pl cm::gen verb::vv e::npst.ptcp nv::nv cm::acc nn::prpn cm::dat verb::vv e::fve.imperative mark::comma
in de kamci ha ice nikan be ,	pn::3sg cm::dat verb::vv e::pst.ptcp nv::adj nv::nv cm::acc mark::comma
ere duwali tana ,	nv::nv nv::nv nv::nv mark::comma
tungsan i boo de bi he jakūn tanggū jakūnju ilan hoošan be gana fi gaji ha ,	nn::prpn.person cm::gen nv::nv cm::dat verb::vv e::pst.ptcp nv::nv nv::nv nv::nv nv::nv nv::nv cm::acc verb::vv e::cve verb::vv e::pst.ptcp mark::comma
ere ilan beiguwan be ,	nv::nv nv::nv nv::nv cm::acc mark::comma
han de waka sabu fi weile baha fi boo yada kini ,	nv::nv cm::dat nv::adj verb::vv e::cve nv::nv verb::vv e::cve nv::nv verb::vv e::fve.opt mark::comma
korcin de elcin gene he mandarhan isinji fi ,	nn::prpn.plc cm::dat nv::nv verb::vv e::pst.ptcp nn::prpn.person verb::vv e::cve mark::comma
ulgiyan duin tanggū ,	nv::nv nv::nv nv::nv mark::comma
tere haha i ton be ,	nv::nv nv::nv cm::gen nv::nv cm::acc mark::comma
ajigan ci cooha coohala me ,	nv::adj cm::abl nv::nv verb::vv e::cve mark::comma
emu tanggū dehi emu hule ,	nv::nv nv::nv nv::nv nv::nv nv::nv mark::comma
○ buhatu i kadala ra emu gašan i duin boigon be ,	mark::circle nv::nv cm::gen verb::vv e::npst.ptcp nv::nv nv::nv cm::gen nv::nv nv::nv cm::acc mark::comma
honin tumen funce mbi ,	nv::nv nv::nv verb::vv e::fve.npst mark::comma
min i hoton efule re de ,	pn::1sg cm::gen nv::nv verb::vv e::npst.ptcp cm::dat mark::comma
ojo rakū ,	verb::vv e::npst.ptcp.neg mark::comma
waliya mbi ,	verb::vv e::fve.npst mark::comma
balama ,	nv::adj mark::comma
usin weile kini ,	nv::nv verb::vv e::fve.opt mark::comma
ere aniya bi aina ha seme dain naka rakū daila mbi seme hendu he ,	nv::nv nv::nv pn::1sg verb::vv e::pst.ptcp comp nv::nv verb::vv e::npst.ptcp.neg verb::vv e::fve.npst comp verb::vv e::pst.ptcp mark::comma
fanaha ,	nn::prpn.plc mark::comma
jai afa ha seme ai tusa ,	nv::nv verb::vv e::pst.ptcp comp nv::nv nv::nv mark::comma
tere be bi gemu bahana habi ,	nv::nv cm::acc pn::1sg nv::nv verb::vv e::fve.prs.prf mark::comma
suwen i caiha ,	pn::2pl cm::gen nn::prpn.plc mark::comma
geren beile se be gai fi indahūn erin de tuci fi ,	nv::adj nv::nv nv::nv cm::acc verb::vv e::cve nv::nv nv::nv cm::dat verb::vv e::cve mark::comma
juwan ninggun morin be baha fi ,	nv::nv nv::nv nv::nv cm::acc verb::vv e::cve mark::comma
cen_pu ,	nn::prpn mark::comma
dainju ,	nn::prpn.person mark::comma
emu biya de duin sin jeku ,	nv::nv nv::nv cm::dat nv::nv nv::nv nv::nv mark::comma
han i afabu ha jurgan be jurce rakū ,	nv::nv cm::gen verb::vv e::pst.ptcp nv::nv cm::acc verb::vv e::npst.ptcp.neg mark::comma
tuwa rakū ,	verb::vv e::npst.ptcp.neg mark::comma
han ama i doro de ,	nv::nv nv::nv cm::gen nv::nv cm::dat mark::comma
abka i efule re be si aitubu ci o mbi o ,	nv::nv cm::gen verb::vv e::npst.ptcp cm::acc pn::2sg verb::vv e::cve verb::vv e::fve.npst ptcl mark::comma
eldei ,	nn::prpn.person mark::comma
boigon be gercile he niyalma de bu he ,	nv::nv cm::acc verb::vv e::pst.ptcp nv::nv cm::dat verb::vv e::pst.ptcp mark::comma
○ ineku juwan uyun i inenggi ,	mark::circle nv::nv nv::nv nv::nv cm::gen nv::nv mark::comma
lung_king ni duici aniya nadan biya i orin namdari ,	nn::prpn cm::gen nv::nv nv::nv nv::nv nv::nv cm::gen nv::nv nn::prpn.person mark::comma
gurun i sain de han kai ,	nv::nv cm::gen nv::adj cm::dat nv::nv ptcl mark::comma
be eihen losa bu fi ,	pn::1pl.excl nv::nv nv::nv verb::vv e::cve mark::comma
jase i jaka be kedere me dedu hekū ,	nv::nv cm::gen nv::nv cm::acc verb::vv e::cve verb::vv e::pst.ptcp.neg mark::comma
aita fujiyang tere bithe be jafa fi šajin de ala ra jaka de ,	nn::prpn.person nv::nv nv::nv nv::nv cm::acc verb::vv e::cve nv::nv cm::dat verb::vv e::npst.ptcp nv::nv cm::dat mark::comma
suwe inu tere fon de dolo sula o mbi ,	pn::2pl nv::nv nv::nv nv::nv cm::dat nv::nv nv::adj verb::vv e::fve.npst mark::comma
han hendu me ,	nv::nv verb::vv e::cve mark::comma
fejergi buya niyalma udu bahana ha sa ha seme ,	nv::nv nv::adj nv::nv nv::nv verb::vv e::pst.ptcp verb::vv e::pst.ptcp comp mark::comma
han ,	nv::nv mark::comma
fusi ,	nn::prpn.plc mark::comma
asibu ,	nn::prpn.person mark::comma
sin_k'ai_ho i bigan de inenggi buda budala ra ba de ,	nn::prpn cm::gen nv::nv cm::dat nv::nv nv::nv verb::vv e::npst.ptcp nv::nv cm::dat mark::comma
tere jaila ha ba be tuwa fi gida mbi ,	nv::nv verb::vv e::pst.ptcp nv::nv cm::acc verb::vv e::cve verb::vv e::fve.npst mark::comma
ilaci jergi iogi be wesibu fi ,	nv::nv nv::nv nv::nv cm::acc verb::vv e::cve mark::comma
hūsun be ,	nv::nv cm::acc mark::comma
ehe sain be dere bani rakū ,	nv::adj nv::adj cm::acc nv::nv verb::vv e::npst.ptcp.neg mark::comma
men be gaji me ji he ,	pn::1pl.excl cm::acc verb::vv e::cve verb::vv e::pst.ptcp mark::comma
juwan boso ,	nv::nv nv::nv mark::comma
hecen saha me nene he niyalma hūdun wacihiya ∅ ,	nv::nv verb::vv e::cve verb::vv e::pst.ptcp nv::nv nv::adj verb::vv e::fve.imperative mark::comma
tsanjiyang ,	nv::nv mark::comma
aika baita gurun i doro dasa ra de ,	nv::nv nv::nv nv::nv cm::gen nv::nv verb::vv e::npst.ptcp cm::dat mark::comma
emu jergi ,	nv::nv nv::nv mark::comma
afa ra niyalma be wa mbi kai ,	verb::vv e::npst.ptcp nv::nv cm::acc verb::vv e::fve.npst ptcl mark::comma
tere i emgi usin boo jeku be geterembu me icihiya ∅ ,	nv::nv cm::gen nv::nv nv::nv nv::nv nv::nv cm::acc verb::vv e::cve verb::vv e::fve.imperative mark::comma
nikan i anggala niru i uksin i niyalma de bu he ngge ,	nv::nv cm::gen nv::nv nv::nv cm::gen nv::nv cm::gen nv::nv cm::dat verb::vv e::pst.ptcp nmlz::nmlz mark::comma
hūlha holo be ,	nv::nv nv::nv cm::acc mark::comma
korcin i monggo duri me gai ha seme ala ha ,	nn::prpn.plc cm::gen nv::nv verb::vv e::cve verb::vv e::pst.ptcp comp verb::vv e::pst.ptcp mark::comma
juwe hehe be bušuku bi seme tanta me wa habi ,	nv::nv nv::nv cm::acc nv::nv verb::vv.npst comp verb::vv e::cve verb::vv e::fve.prs.prf mark::comma
baha fi gaji fi loo de hori ha juwan niyalma be jase de gama fi wa ha manggi ,	verb::vv e::cve verb::vv e::cve nv::nv cm::dat verb::vv e::pst.ptcp nv::nv nv::nv cm::acc nv::nv cm::dat verb::vv e::cve verb::vv e::pst.ptcp nv::nv mark::comma
bak ,	nn::prpn.person mark::comma
gašan i amban sa ciyanjang bejang ende mbi o ,	nv::nv cm::gen nv::nv nv::nv nv::nv nv::nv verb::vv e::fve.npst ptcl mark::comma
jakūn gūsa i fujisa aca fi ,	nv::nv nv::nv cm::gen nv::nv verb::vv e::cve mark::comma
jete re omi re tere ili re ba de ,	verb::vv e::npst.ptcp verb::vv e::npst.ptcp nv::nv verb::vv e::npst.ptcp nv::nv cm::dat mark::comma
min i han ,	pn::1sg cm::gen nv::nv mark::comma
bi_šan ,	nn::prpn mark::comma
ere tofohon niyalma ilaci jergi ,	nv::nv nv::nv nv::nv nv::nv nv::nv mark::comma
hithai daise iogi be ,	nn::prpn.person nv::nv nv::nv cm::acc mark::comma
si ume afa ra ,	pn::2sg nv::nv verb::vv e::npst.ptcp mark::comma
beile se suwe sa mbi o ,	nv::nv nv::nv pn::2pl verb::vv e::fve.npst ptcl mark::comma
aisin menggun gaija rakū ,	nv::nv nv::nv verb::vv e::npst.ptcp.neg mark::comma
ere sunja boigon be nio_juwang de tebu he .	nv::nv nv::nv nv::nv cm::acc nn::prpn cm::dat verb::vv e::pst.ptcp mark::period
○ iogi yungšun ,	mark::circle nv::nv nn::prpn.person mark::comma
jongnon i ara ha weile kai ,	nn::prpn.person cm::gen verb::vv e::pst.ptcp nv::nv ptcl mark::comma
birai_dergi utala tumen tumen niyalma be ,	nn::prpn nv::nv nv::nv nv::nv nv::nv cm::acc mark::comma
jakūn gūsa i cooha ,	nv::nv nv::nv cm::gen nv::nv mark::comma
fusi dain ci ba ba de olbo etu he ,	nn::prpn.plc nv::nv cm::abl nv::nv nv::nv cm::dat nv::nv verb::vv e::pst.ptcp mark::comma
fu_jeo de lio_fujiyang ni beye ,	nn::prpn cm::dat nn::prpn cm::gen nv::nv mark::comma
jai aliya ci amca mbi o ,	nv::nv verb::vv e::cve verb::vv e::fve.npst ptcl mark::comma
dain cooha de juleri afa rakū ,	nv::nv nv::nv cm::dat nv::nv verb::vv e::npst.ptcp.neg mark::comma
sain be yendebu me tukiye mbi ,	nv::adj cm::acc verb::vv e::cve verb::vv e::fve.npst mark::comma
eigen akū hehe ,	nv::nv nv::adj nv::nv mark::comma
ambula šangna ra ,	nv::nv verb::vv e::npst.ptcp mark::comma
bata kimun seme gida rakū ,	nv::nv nv::nv comp verb::vv e::npst.ptcp.neg mark::comma
abka de ilan jergi hengkile fi ,	nv::nv cm::dat nv::nv nv::nv verb::vv e::cve mark::comma
eigen ana me buce ci ,	nv::nv verb::vv e::cve verb::vv e::cve mark::comma
jori ha jurgan be jurce rakū seme ilaci jergi tsanjiyang obu ha ,	verb::vv e::pst.ptcp nv::nv cm::acc verb::vv e::npst.ptcp.neg comp nv::nv nv::nv nv::nv verb::vv e::pst.ptcp mark::comma
tulergi jeku be gemu manabu ki ,	nv::nv nv::nv cm::acc nv::nv verb::vv e::fve.opt mark::comma
unggi he boigon jeku be ,	verb::vv e::pst.ptcp nv::nv nv::nv cm::acc mark::comma
gu si ,	nv::nv pn::2sg mark::comma
tere i dabala ,	nv::nv cm::gen ptcl mark::comma
ere boo usin de ejen bi dere seme ume olho me gūni re ,	nv::nv nv::nv nv::nv cm::dat nv::nv verb::vv.npst ptcl comp nv::nv verb::vv e::cve verb::vv e::npst.ptcp mark::comma
ama i gung ,	nv::nv cm::gen nv::nv mark::comma
g'ai_jeo ,	nn::prpn mark::comma
niru i ejen beiguwan bu hebi ,	nv::nv cm::gen nv::nv nv::nv verb::vv e::fve.prs.prf mark::comma
fe han be gūni mbi ,	nv::adj nv::nv cm::acc verb::vv e::fve.npst mark::comma
jarut ba i jongnon ,	nn::prpn.plc nv::nv cm::gen nn::prpn.person mark::comma
min i juse omosi jalan hala me han de gosibu me wesihun banji kini .	pn::1sg cm::gen nv::nv nv::nv nv::nv verb::vv e::cve nv::nv cm::dat verb::vv e::cve nv::nv verb::vv e::fve.opt mark::period
sakjai i niyalma cooha ji he be gida ha ,	nn::prpn.plc cm::gen nv::nv nv::nv verb::vv e::pst.ptcp cm::acc verb::vv e::pst.ptcp mark::comma
bakcin i niyalma be gaji me jide rakū emhun ume habšanji re ,	nv::nv cm::gen nv::nv cm::acc verb::vv e::cve verb::vv e::npst.ptcp.neg nv::nv nv::nv verb::vv e::npst.ptcp mark::comma
suwen de gung kai .	pn::2pl cm::dat nv::nv ptcl mark::period
sojing_wei i du_jy_hūi_ciyanši šanaha i omolo siopi ,	nn::prpn cm::gen nv::nv nn::prpn.plc cm::gen nv::nv nn::prpn.person mark::comma
hada gurun i wang_han' i omolo ,	nn::prpn.plc nv::nv cm::gen nn::prpn cm::gen nv::nv mark::comma
sirahin gurun ,	nn::prpn.plc nv::nv mark::comma
buya hoton be ya be hendu re ,	nv::adj nv::nv cm::acc nv::nv cm::acc verb::vv e::npst.ptcp mark::comma
moobari ,	nn::prpn.person mark::comma
cili me nimeku baha ha ,	verb::vv e::cve nv::nv verb::vv e::pst.ptcp mark::comma
ši cing ,	nv::nv nv::nv mark::comma
han de emu morin gaji me hengkile me ji he .	nv::nv cm::dat nv::nv nv::nv verb::vv e::cve verb::vv e::cve verb::vv e::pst.ptcp mark::period
jai suwen i jeku uda ra be nikan i kooli seme hendu he bi he ,	nv::nv pn::2pl cm::gen nv::nv verb::vv e::npst.ptcp cm::acc nv::nv cm::gen nv::nv comp verb::vv e::pst.ptcp verb::vv e::pst.ptcp mark::comma
na de te mbihe .	nv::nv cm::dat verb::vv e::fve.pst.ipfv mark::period
ma_šeo_pu be gana fi fonji me ,	nn::prpn cm::acc verb::vv e::cve verb::vv e::cve mark::comma
emgeri gabtabu ha ,	nv::nv verb::vv e::pst.ptcp mark::comma
○ gūsin de ,	mark::circle nv::nv cm::dat mark::comma
sargan baha fi gama ra be daha me ,	nv::nv verb::vv e::cve verb::vv e::npst.ptcp cm::acc verb::vv e::cve mark::comma
niowanggiyaha i beiguwan tsoo_fung ni wesimbu he bithe i gisun ,	nn::prpn.plc cm::gen nv::nv nn::prpn cm::gen verb::vv e::pst.ptcp nv::nv cm::gen nv::nv mark::comma
aisin han ete fi onco be gūni me wa hakū ,	nv::nv nv::nv verb::vv e::cve nv::adj cm::acc verb::vv e::cve verb::vv e::pst.ptcp.neg mark::comma
ama eme seme si dali ha seme ai tusa .	nv::nv nv::nv comp pn::2sg verb::vv e::pst.ptcp comp nv::nv nv::nv mark::period
tung_sung_niyan ,	nn::prpn mark::comma
dorgi be genggiyen i icihiya rakū ,	nv::nv cm::acc nv::adj cm::gen verb::vv e::npst.ptcp.neg mark::comma
dobori dulin de boo de ji he .	nv::nv nv::adj cm::dat nv::nv cm::dat verb::vv e::pst.ptcp mark::period
min i eden be hūdun wacihiya me bu ∅ .	pn::1sg cm::gen nv::adj cm::acc nv::adj verb::vv e::cve verb::vv e::fve.imperative mark::period
weile beide re yamun i jakūn tungse de ,	nv::nv verb::vv e::npst.ptcp nv::nv cm::gen nv::nv nv::nv cm::dat mark::comma
suwe dacila me fonji fi ,	pn::2pl verb::vv e::cve verb::vv e::cve mark::comma
bira i cargi de weihu sabu mbi seme alanji ha ,	nv::nv cm::gen nv::nv cm::dat nv::nv verb::vv e::fve.npst comp verb::vv e::pst.ptcp mark::comma
jing baha me yabu ha seme ,	nv::nv verb::vv e::cve verb::vv e::pst.ptcp comp mark::comma
si emhun gai habi o ,	pn::2sg nv::nv verb::vv e::fve.prs.prf ptcl mark::comma
erdeni_baksi eje me bithele me gai ha ,	nn::prpn verb::vv e::cve verb::vv e::cve verb::vv e::pst.ptcp mark::comma
gemu gisun gūwaliya kabi ,	nv::nv nv::nv verb::vv e::fve.prs.prf mark::comma
ya uda me jete re niyalma ,	nv::nv verb::vv e::cve verb::vv e::npst.ptcp nv::nv mark::comma
io_tun_wei harangga haha i ton ,	nn::prpn nv::nv nv::nv cm::gen nv::nv mark::comma
in i okto be in de ulebu re jaka de ,	pn::3sg cm::gen nv::nv cm::acc pn::3sg cm::dat verb::vv e::npst.ptcp nv::nv cm::dat mark::comma
mocin samsu tanggū ,	nv::nv nv::nv nv::nv mark::comma
urgūdai_efu ,	nn::prpn mark::comma
korcin be ka me ji mbi seme ,	nn::prpn.plc cm::acc verb::vv e::cve verb::vv e::fve.npst comp mark::comma
giran be liyoodung ni hecen i julergi duka i tule ,	nv::nv cm::acc nn::prpn.plc cm::gen nv::nv cm::gen nv::nv nv::nv cm::gen nv::nv mark::comma
in i buya mujilen be waliya fi amba doronggo mujilen be jafa mbi dere seme ,	pn::3sg cm::gen nv::adj nv::nv cm::acc verb::vv e::cve nv::adj nv::adj nv::nv cm::acc verb::vv e::fve.npst ptcl comp mark::comma
aisin i anggala dele se re ,	nv::nv cm::gen nv::nv nv::nv verb::vv e::npst.ptcp mark::comma
ninggun biya de ,	nv::nv nv::nv cm::dat mark::comma
jai jergi iogi obu ha ,	nv::nv nv::nv nv::nv verb::vv e::pst.ptcp mark::comma
kalka sejen ,	nv::nv nv::nv mark::comma
jakūn ihan ,	nv::nv nv::nv mark::comma
hai_si uju_wei i du_jy_hūi_ši ulai i jui dahamu ,	nn::prpn nn::prpn cm::gen nv::nv nn::prpn.person cm::gen nv::nv nn::prpn.person mark::comma
emu ubu be šajin niyalma gai ha .	nv::nv nv::nv cm::acc nv::nv nv::nv verb::vv e::pst.ptcp mark::period
○ tere inenggi ,	mark::circle nv::nv nv::nv mark::comma
juwan juwe de ,	nv::nv nv::nv cm::dat mark::comma
dergi niyalma i kooli be tuwa rakū ,	nv::nv nv::nv cm::gen nv::nv cm::acc verb::vv e::npst.ptcp.neg mark::comma
afabu ha weile be mute mbi ,	verb::vv e::pst.ptcp nv::nv cm::acc verb::vv e::fve.npst mark::comma
muse ubaša fi dainnu ki seme hebde fi ,	pn::1pl.incl verb::vv e::cve verb::vv e::fve.opt comp verb::vv e::cve mark::comma
ahada .	nv::nv mark::period
○ juwan nadan de ,	mark::circle nv::nv nv::nv cm::dat mark::comma
bi hūlha me ba i niyalma i baru boljo ho ngge ,	pn::1sg verb::vv e::cve nv::nv cm::gen nv::nv cm::gen nv::nv verb::vv e::pst.ptcp nmlz::nmlz mark::comma
min i juse omosi jalan hala me han de gosibu me wesihun banji kini .	pn::1sg cm::gen nv::nv nv::nv nv::nv verb::vv e::cve nv::nv cm::dat verb::vv e::cve nv::nv verb::vv e::fve.opt mark::period
ši_lii_ho de dedu he ,	nn::prpn cm::dat verb::vv e::pst.ptcp mark::comma
aita fujiyang bithe wesimbu me hendu me ,	nn::prpn.person nv::nv nv::nv verb::vv e::cve verb::vv e::cve mark::comma
amba hecen i teile funce he manggi ,	nv::adj nv::nv cm::gen nv::nv verb::vv e::pst.ptcp nv::nv mark::comma
jai ba i nikasa jase tuci me alin bigan de umbu ha jeku bi ,	nv::nv nv::nv cm::gen nv::nv nv::nv verb::vv e::cve nv::nv nv::nv cm::dat verb::vv e::pst.ptcp nv::nv verb::vv.npst mark::comma
aika jaka be gemu gama habi ,	nv::nv nv::nv cm::acc nv::nv verb::vv e::fve.prs.prf mark::comma
gosingga_amji ,	nn::prpn mark::comma
han be okdo me gaji fi ,	nv::nv cm::acc verb::vv e::cve verb::vv e::cve mark::comma
han i cooha i niyalma dasa me olbo etubu fi suhe sacikū jafa fi tai be saci me efule re de ,	nv::nv cm::gen nv::nv cm::gen nv::nv verb::vv e::cve nv::nv verb::vv e::cve nv::nv nv::nv verb::vv e::cve nv::nv cm::acc verb::vv e::cve verb::vv e::npst.ptcp cm::dat mark::comma
julge i kooli be donji ci ,	nv::nv cm::gen nv::nv cm::acc verb::vv e::cve mark::comma
duici_beile ,	nn::prpn mark::comma
šeo_pu hafan ,	nv::nv nv::nv mark::comma
ninggun morin gaji me ,	nv::nv nv::nv verb::vv e::cve mark::comma
○ du_tang ni bithe ,	mark::circle nv::nv cm::gen nv::nv mark::comma
dailiyoo dube jecen i ubaša ha niyalma be ali me gaija ra jaka de ,	nn::prpn.plc nv::nv nv::nv cm::gen verb::vv e::pst.ptcp nv::nv cm::acc verb::vv e::cve verb::vv e::npst.ptcp nv::nv cm::dat mark::comma
○ ineku tere inenggi ,	mark::circle nv::nv nv::nv nv::nv mark::comma
tondo akdun ,	nv::adj nv::adj mark::comma
huthu fi erule me geren de tuwabu me wa ha .	verb::vv e::cve verb::vv e::cve nv::adj cm::dat verb::vv e::cve verb::vv e::pst.ptcp mark::period
tenteke niyalma be wesihun beile se de ala ∅ ,	nv::nv nv::nv cm::acc nv::nv nv::nv nv::nv cm::dat verb::vv e::fve.imperative mark::comma
muse i juwe gurun unenggi doro aca fi banji ki se ci ,	nv::nv cm::gen nv::nv nv::nv nv::adj nv::nv verb::vv e::cve verb::vv e::fve.opt verb::vv e::cve mark::comma
hafan sa i sargata be gama me ,	nv::nv nv::nv cm::gen nv::nv cm::acc verb::vv e::cve mark::comma
hehe be ume uša ra ,	nv::nv cm::acc nv::nv verb::vv e::npst.ptcp mark::comma
hafan be mampu de ilibu fi ,	nv::nv cm::acc nn::prpn.plc cm::dat verb::vv e::cve mark::comma
omšon biya de ,	nv::nv nv::nv cm::dat mark::comma
kamci ha ba i niyalma bisi re jeku be acan je ∅ ,	verb::vv e::pst.ptcp nv::nv cm::gen nv::nv verb::vv e::npst.ptcp nv::nv cm::acc nv::nv verb::vv e::fve.imperative mark::comma
min i da ci banji ha jurgan ,	pn::1sg cm::gen nv::nv cm::abl verb::vv e::pst.ptcp nv::nv mark::comma
liyoha bira be doo me saci me bošo fi ,	nn::prpn.plc nv::nv cm::acc verb::vv e::cve verb::vv e::cve verb::vv e::cve mark::comma
abtai_nakcu ,	nn::prpn mark::comma
○ arai iogi ,	mark::circle nn::prpn.person nv::nv mark::comma
burhai ,	nn::prpn.person mark::comma
ai jaka de umai jobo rakū ,	nv::nv nv::nv cm::dat nv::nv verb::vv e::npst.ptcp.neg mark::comma
ilaci jergi iogi obu ha ,	nv::nv nv::nv nv::nv verb::vv e::pst.ptcp mark::comma
jušen i hafan kadala kini ,	nv::nv cm::gen nv::nv verb::vv e::fve.opt mark::comma
usin be hūdun bošo me taribu ∅ ,	nv::nv cm::acc nv::adj verb::vv e::cve verb::vv e::fve.imperative mark::comma
nikan baha ha niyalma ,	nv::nv verb::vv e::pst.ptcp nv::nv mark::comma
hahasi be jeku tuwakiyabu me weri ∅ ,	nv::nv cm::acc nv::nv verb::vv e::cve verb::vv e::fve.imperative mark::comma
suwe g'ai_jeo de kubun tari re ,	pn::2pl nn::prpn cm::dat nv::nv verb::vv e::npst.ptcp mark::comma
juse sargan ,	nv::nv nv::nv mark::comma
nikan i tumen cooha be dehi ba de isi tala bošo me wa fi ,	nv::nv cm::gen nv::nv nv::nv cm::acc nv::nv nv::nv cm::dat verb::vv e::cve verb::vv e::cve verb::vv e::cve mark::comma
xi_san_šan ci ebsi guwangning ni julergi be juwe fi ,	nn::prpn cm::abl nv::nv nn::prpn.plc cm::gen nv::nv cm::acc verb::vv e::cve mark::comma
wang_guwe_cen i unca ha nicuhe ci fulu ,	nn::prpn cm::gen verb::vv e::pst.ptcp nv::nv cm::abl nv::nv mark::comma
suwe tutala giyansi ji ci jafa fi benji hekū ,	pn::2pl nv::nv nv::nv verb::vv e::cve verb::vv e::cve verb::vv e::pst.ptcp.neg mark::comma
korcin i ooba_taiji ,	nn::prpn.plc cm::gen nn::prpn mark::comma
sin i daila fi gama ha emu udu niyalma be benji me ,	pn::2sg cm::gen verb::vv e::cve verb::vv e::pst.ptcp nv::nv nv::nv nv::nv cm::acc verb::vv e::cve mark::comma
○ orin ninggun de ,	mark::circle nv::nv nv::nv cm::dat mark::comma
nikan i emu dusy ,	nv::nv cm::gen nv::nv nv::nv mark::comma
asan fujiyang ,	nn::prpn.person nv::nv mark::comma
bira doo me ,	nv::nv verb::vv e::cve mark::comma
men i gurun i niyalma juwan sejen de tebu fi ,	pn::1pl.excl cm::gen nv::nv cm::gen nv::nv nv::nv nv::nv cm::dat verb::vv e::cve mark::comma
iogi ,	nv::nv mark::comma
hūwašan ,	nv::nv mark::comma
julergi jase bitu me anafu te he soohai dzung_bing_guwan ,	nv::nv nv::nv verb::vv e::cve nv::nv verb::vv e::pst.ptcp nn::prpn.person nv::nv mark::comma
jeng_dzy_jeng be dahabu fi dulga be boigon ara ha ,	nn::prpn cm::acc verb::vv e::cve nv::adj cm::acc nv::nv verb::vv e::pst.ptcp mark::comma
gūlha ,	nv::nv mark::comma
jui jobo ro be in i eshete ahūta de ala habi ,	nv::nv verb::vv e::npst.ptcp cm::acc pn::3sg cm::gen nv::nv nv::nv cm::dat verb::vv e::fve.prs.prf mark::comma
ba be waliya fi bai me ji he gung ,	nv::nv cm::acc verb::vv e::cve verb::vv e::cve verb::vv e::pst.ptcp nv::nv mark::comma
deo beile de bu he gurun gucu ,	nv::nv nv::nv cm::dat verb::vv e::pst.ptcp nv::nv nv::nv mark::comma
tere bithe be du_tang ,	nv::nv nv::nv cm::acc nv::nv mark::comma
sarin de o ci ,	nv::nv cm::dat verb::vv e::cve mark::comma
duici_beile i giyari ha ba de gene hebi ,	nn::prpn cm::gen verb::vv e::pst.ptcp nv::nv cm::dat verb::vv e::fve.prs.prf mark::comma
beiguwan ci wesihun monggoli habi ,	nv::nv cm::abl nv::nv verb::vv e::fve.prs.prf mark::comma
han i gisun be jurce rakū ,	nv::nv cm::gen nv::nv cm::acc verb::vv e::npst.ptcp.neg mark::comma
korcin ,	nn::prpn.plc mark::comma
gin_iogi niyalma takūra fi haha i ton i dangse bithe gaji re jaka de ,	nn::prpn nv::nv verb::vv e::cve nv::nv cm::gen nv::nv cm::gen nv::nv nv::nv verb::vv e::npst.ptcp nv::nv cm::dat mark::comma
nikan ,	nv::nv mark::comma
hoifa de emu feye ,	nn::prpn.plc cm::dat nv::nv nv::nv mark::comma
juwe šanggiyan ,	nv::nv nv::nv mark::comma
nimeku noho ,	nv::nv nv::nv mark::comma
wan_lii i jai aniya juwan biya i ice jakūn de baha ha ,	nn::prpn cm::gen nv::nv nv::nv nv::nv nv::nv cm::gen nv::adj nv::nv cm::dat verb::vv e::pst.ptcp mark::comma
ice uyun de uka me ji he .	nv::adj nv::nv cm::dat verb::vv e::cve verb::vv e::pst.ptcp mark::period
○ fusi_efu de wasimbu ha bithe ,	mark::circle nn::prpn cm::dat verb::vv e::pst.ptcp nv::nv mark::comma
○ ice nadan de wasimbu ha bithe i gisun ,	mark::circle nv::adj nv::nv cm::dat verb::vv e::pst.ptcp nv::nv cm::gen nv::nv mark::comma
beile se i bithe monggoli fi gisun tuwakiya ra niyalma duite sinda ha ,	nv::nv nv::nv cm::gen nv::nv verb::vv e::cve nv::nv verb::vv e::npst.ptcp nv::nv nv::nv verb::vv e::pst.ptcp mark::comma
ici ergi ili ha ilan gūsa i cooha tede neme ∅ seme hendu fi unggi he manggi ,	nv::nv nv::nv verb::vv e::pst.ptcp nv::nv nv::nv cm::gen nv::nv nv::nv verb::vv e::fve.imperative comp verb::vv e::cve verb::vv e::pst.ptcp nv::nv mark::comma
sure_kundulen_han i amba jui argatu_tumen ,	nn::prpn cm::gen nv::adj nv::nv nn::prpn mark::comma
morin be umai ba de ume yalubu re ,	nv::nv cm::acc nv::nv nv::nv cm::dat nv::nv verb::vv e::npst.ptcp mark::comma
suwen i juhe wacihiya ha gese o mbi kai ,	pn::2pl cm::gen nv::nv verb::vv e::pst.ptcp nv::nv verb::vv e::fve.npst ptcl mark::comma
juwe biya i juwan emu de ,	nv::nv nv::nv cm::gen nv::nv nv::nv cm::dat mark::comma
in i boo de usin weilebu he seme ,	pn::3sg cm::gen nv::nv cm::dat nv::nv verb::vv e::pst.ptcp comp mark::comma
miyanceo ,	nv::nv mark::comma
bederebu re ihan i ton udu ,	verb::vv e::npst.ptcp nv::nv cm::gen nv::nv nv::nv mark::comma
su_ši_deng de juwe jergi ala ci ,	nn::prpn cm::dat nv::nv nv::nv verb::vv e::cve mark::comma
hūsitun ,	nv::nv mark::comma
jušen i kamci hakū ba i niyalma i jeku be ,	nv::nv cm::gen verb::vv e::pst.ptcp.neg nv::nv cm::gen nv::nv cm::gen nv::nv cm::acc mark::comma
geren beiguwan de emte ihan ,	nv::adj nv::nv cm::dat nv::nv nv::nv mark::comma
nio_juwang ,	nn::prpn mark::comma
jori ha jurgan be jurce rakū seme uju jergi tsanjiyang obu ha ,	verb::vv e::pst.ptcp nv::nv cm::acc verb::vv e::npst.ptcp.neg comp nv::nv nv::nv nv::nv verb::vv e::pst.ptcp mark::comma
duin morin ,	nv::nv nv::nv mark::comma
jakūta de emu feye ,	nv::nv cm::dat nv::nv nv::nv mark::comma
dorgon de bu he manggi ,	nv::nv cm::dat verb::vv e::pst.ptcp nv::nv mark::comma
jai sunja niyalma de juwete guise ,	nv::nv nv::nv nv::nv cm::dat nv::nv nv::nv mark::comma
fusi amargi hūi_an_pu golo be tabcila me dosi fi ,	nn::prpn.plc nv::nv nn::prpn nv::nv cm::acc verb::vv e::cve verb::vv e::cve mark::comma
u_jing_ing de ejen ara fi unggi he .	nn::prpn cm::dat nv::nv verb::vv e::cve verb::vv e::pst.ptcp mark::period
gurun be uji re amba sain onco mujilen akū ,	nv::nv cm::acc verb::vv e::npst.ptcp nv::adj nv::adj nv::adj nv::nv nv::adj mark::comma
fe ice ya cihangga niyalma tuba de tarina ∅ .	nv::adj nv::adj nv::nv nv::adj nv::nv nv::nv cm::dat verb::vv e::fve.imperative mark::period
deo be min de ana ∅ ,	nv::nv cm::acc pn::1sg cm::dat verb::vv e::fve.imperative mark::comma
sin i juwe sadun akda fi gene fi doro jafa ha ,	pn::2sg cm::gen nv::nv nv::nv verb::vv e::cve verb::vv e::cve nv::nv verb::vv e::pst.ptcp mark::comma
cooha jide re yargiyan se re ,	nv::nv verb::vv e::npst.ptcp nv::adj verb::vv e::npst.ptcp mark::comma
ere gana ha ihan sejen de ,	nv::nv verb::vv e::pst.ptcp nv::nv nv::nv cm::dat mark::comma
ihan_alin de afa ha ,	nn::prpn cm::dat verb::vv e::pst.ptcp mark::comma
nene me guwangning de tanggūdai_age ,	verb::vv e::cve nn::prpn.plc cm::dat nn::prpn mark::comma
juwan emu se de ,	nv::nv nv::nv nv::nv cm::dat mark::comma
hoifa de emu feye baha ha seme sunja yan i weile waliya mbi .	nn::prpn.plc cm::dat nv::nv nv::nv verb::vv e::pst.ptcp comp nv::nv nv::nv cm::gen nv::nv verb::vv e::fve.npst mark::period
sio_yan ,	nn::prpn mark::comma
monggo suwe daila ci ,	nv::nv pn::2pl verb::vv e::cve mark::comma
šoto_age ji fi hoton de te ,	nn::prpn verb::vv e::cve nv::nv cm::dat nv::nv mark::comma
hecen i ejen iogi lii_yung_fang ,	nv::nv cm::gen nv::nv nv::nv nn::prpn mark::comma
genggiyen_han i cooha ,	nn::prpn cm::gen nv::nv mark::comma
simiyan i dergi hejige i ala ∅ de dedu he ,	nn::prpn.plc cm::gen nv::nv nn::prpn.plc cm::gen verb::vv e::fve.imperative cm::dat verb::vv e::pst.ptcp mark::comma
nadan minggan uksin gai ha ,	nv::nv nv::nv nv::nv verb::vv e::pst.ptcp mark::comma
sacikū de te he sure_kundulen_han i emu tanggū cooha gene fi ,	nv::nv cm::dat verb::vv e::pst.ptcp nn::prpn cm::gen nv::nv nv::nv nv::nv verb::vv e::cve mark::comma
menggun elgiyen o fi ,	nv::nv nv::adj verb::vv e::cve mark::comma
abka da me tuttu bi he dere ,	nv::nv verb::vv e::cve nv::nv verb::vv e::pst.ptcp ptcl mark::comma
ai ai furdehe be ,	nv::nv nv::nv nv::nv cm::acc mark::comma
○ suna be ,	mark::circle nv::nv cm::acc mark::comma
giya_jing ni dehi sunjaci aniya nadan biya i orin emu de baha ha ,	nn::prpn cm::gen nv::nv nv::nv nv::nv nv::nv nv::nv cm::gen nv::nv nv::nv cm::dat verb::vv e::pst.ptcp mark::comma
akū be sarkū ,	nv::adj cm::acc nv::nv mark::comma
tere ci gurun de jeku i alban gaija rakū o fi ,	nv::nv cm::abl nv::nv cm::dat nv::nv cm::gen nv::nv verb::vv e::npst.ptcp.neg verb::vv e::cve mark::comma
ši_fujiyang ,	nn::prpn mark::comma
jeng_io_gung ,	nn::prpn mark::comma
bu fi weilebu cina seme hendu he ,	verb::vv e::cve verb::vv e::fve.opt comp verb::vv e::pst.ptcp mark::comma
○ surma i boo i hehe ,	mark::circle nn::prpn.person cm::gen nv::nv cm::gen nv::nv mark::comma
jang_dase ,	nn::prpn mark::comma
yaka jušen duri me cuwangna me yabu re niyalma be sa ha de ,	nv::nv nv::nv verb::vv e::cve verb::vv e::cve verb::vv e::npst.ptcp nv::nv cm::acc verb::vv e::pst.ptcp cm::dat mark::comma
ere ninggun niyalma boigon dali me gene fi ,	nv::nv nv::nv nv::nv nv::nv verb::vv e::cve verb::vv e::cve mark::comma
angga i holto me akdabu me gojime ,	nv::nv cm::gen verb::vv e::cve verb::vv e::cve nv::nv mark::comma
morin tuwa me gene fi ,	nv::nv verb::vv e::cve verb::vv e::cve mark::comma
afa ci ,	verb::vv e::cve mark::comma
tese i ai dalji .	nv::nv cm::gen nv::nv nv::nv mark::period
amba_beile ,	nn::prpn mark::comma
sunja tanggū honin gaji me uka me ji he .	nv::nv nv::nv nv::nv verb::vv e::cve verb::vv e::cve verb::vv e::pst.ptcp mark::period
tondo šajin akdun o fi ,	nv::adj nv::nv nv::adj verb::vv e::cve mark::comma
morohon i eigen sargan ,	nv::adj cm::gen nv::nv nv::nv mark::comma
ere gemu getuken ice bekdun kai ,	nv::nv nv::nv nv::adj nv::adj nv::nv ptcl mark::comma
wargi ci da me ji he cooha be gemu wa ha ,	nv::nv cm::abl verb::vv e::cve verb::vv e::pst.ptcp nv::nv cm::acc nv::nv verb::vv e::pst.ptcp mark::comma
mao_wen_lung akū ,	nn::prpn nv::adj mark::comma
sargan akū niyalma de ,	nv::nv nv::adj nv::nv cm::dat mark::comma
ukanju ,	nv::nv mark::comma
jai fujisa de ,	nv::nv nv::nv cm::dat mark::comma
wang_jeng_ming ,	nn::prpn mark::comma
subahai_gufu ,	nn::prpn mark::comma
sihan_saman ji fi faita ha bi he ,	nn::prpn verb::vv e::cve verb::vv e::pst.ptcp verb::vv e::pst.ptcp mark::comma
yehe ,	nv::nv mark::comma
daiju ,	nn::prpn.person mark::comma
usihibu fi ehe obu fi bu he de saiyūn ,	verb::vv e::cve nv::adj verb::vv e::cve verb::vv e::pst.ptcp cm::dat nv::nv mark::comma
nadan usiha i uncehen i dube i emu usiha i amargi dube be amasi dule ke ,	nv::nv nv::nv cm::gen nv::nv cm::gen nv::nv cm::gen nv::nv nv::nv cm::gen nv::nv nv::nv cm::acc nv::nv verb::vv e::pst.ptcp mark::comma
○ cen_iogi sin i harangga niyalma be gai fi ,	mark::circle nn::prpn pn::2sg cm::gen nv::nv nv::nv cm::acc verb::vv e::cve mark::comma
nikan i hafasa be gai fi hengkile he ,	nv::nv cm::gen nv::nv cm::acc verb::vv e::cve verb::vv e::pst.ptcp mark::comma
han i gisun be jurce rakū ,	nv::nv cm::gen nv::nv cm::acc verb::vv e::npst.ptcp.neg mark::comma
ai jaka be doigon i šajin šajila me ,	nv::nv nv::nv cm::acc nv::nv cm::gen nv::nv verb::vv e::cve mark::comma
amala in i cisu i uka me ji he .	nv::nv pn::3sg cm::gen nv::nv cm::gen verb::vv e::cve verb::vv e::pst.ptcp mark::period
jao_wei_sing ,	nn::prpn mark::comma
jakūta de emu feye ,	nv::nv cm::dat nv::nv nv::nv mark::comma
cooha gene he han be deote be amban sa be firu me bithe ara ha niyalma gūni fi ,	nv::nv verb::vv e::pst.ptcp nv::nv cm::acc nv::nv cm::acc nv::nv nv::nv cm::acc verb::vv e::cve nv::nv verb::vv e::pst.ptcp nv::nv verb::vv e::cve mark::comma
wan_lii i jai aniya juwan biya i ice jakūn de baha ha ,	nn::prpn cm::gen nv::nv nv::nv nv::nv nv::nv cm::gen nv::adj nv::nv cm::dat verb::vv e::pst.ptcp mark::comma
isele re de buce ci buce kini ,	verb::vv e::npst.ptcp cm::dat verb::vv e::cve verb::vv e::fve.opt mark::comma
dergi hoton i niyalma sa fi ,	nv::nv nv::nv cm::gen nv::nv verb::vv e::cve mark::comma
liyoodung ni ici niyalma liyoodung ni tsang de sinda ∅ ,	nn::prpn.plc cm::gen nv::nv nv::nv nn::prpn.plc cm::gen nv::nv cm::dat verb::vv e::fve.imperative mark::comma
sure_kundulen_han i susai ilan se de ,	nn::prpn cm::gen nv::nv nv::nv nv::nv cm::dat mark::comma
jakūn gūsa i jakūn iogi i sargan de ,	nv::nv nv::nv cm::gen nv::nv nv::nv cm::gen nv::nv cm::dat mark::comma
wan_lii i nadaci aniya ninggun biya i juwan juwe de baha ha ,	nn::prpn cm::gen nv::nv nv::nv nv::nv nv::nv cm::gen nv::nv nv::nv cm::dat verb::vv e::pst.ptcp mark::comma
hūlha holo koimali jalingga akū tondo i banji ki .	nv::nv nv::nv nv::adj nv::adj nv::adj nv::adj cm::gen verb::vv e::fve.opt mark::period
ulin isabu fi baibi asara ra anggala ,	nv::nv verb::vv e::cve nv::nv verb::vv e::npst.ptcp nv::nv mark::comma
han hendu me ,	nv::nv verb::vv e::cve mark::comma
tanggūdai_age ,	nn::prpn mark::comma
tenteke ai ai baitangga niyalma bi ci tucinu ∅ ,	nv::nv nv::nv nv::nv nv::adj nv::nv verb::vv e::cve verb::vv e::fve.imperative mark::comma
emu minggan sunja tanggū orin ilan haha ,	nv::nv nv::nv nv::nv nv::nv nv::nv nv::nv nv::nv mark::comma
min i juse omosi jalan hala me han de gosibu me wesihun banji kini .	pn::1sg cm::gen nv::nv nv::nv nv::nv verb::vv e::cve nv::nv cm::dat verb::vv e::cve nv::nv verb::vv e::fve.opt mark::period
kalka i joriktu_beile i ninju boigon uka me ji he .	nv::nv cm::gen nn::prpn cm::gen nv::nv nv::nv verb::vv e::cve verb::vv e::pst.ptcp mark::period
ilhi ilhi šangna me bu he .	nv::nv nv::nv verb::vv e::cve verb::vv e::pst.ptcp mark::period
jergi hergen ci wasibu fi ,	nv::nv nv::nv cm::abl verb::vv e::cve mark::comma
ula i bira be sure_kundulen_han i juwe jui manggūltai_taiji ,	nv::nv cm::gen nv::nv cm::acc nn::prpn cm::gen nv::nv nv::nv nn::prpn mark::comma
abka i haran kai ,	nv::nv cm::gen nv::nv ptcl mark::comma
han i elcin unggi ∅ .	nv::nv cm::gen nv::nv verb::vv e::fve.imperative mark::period
han i hecen i dolo emu giyansi baha fi benji he bi he ,	nv::nv cm::gen nv::nv cm::gen nv::nv nv::nv nv::nv verb::vv e::cve verb::vv e::pst.ptcp verb::vv e::pst.ptcp mark::comma
jabjao ,	nn::prpn.person mark::comma
○ niohon ihan aniya jakūn biya i orin ilan de ,	mark::circle nv::adj nv::nv nv::nv nv::nv nv::nv cm::gen nv::nv nv::nv cm::dat mark::comma
jakūn gūsa i weile ara ra be ,	nv::nv nv::nv cm::gen nv::nv verb::vv e::npst.ptcp cm::acc mark::comma
sunja niyalma de acan emken bu he ,	nv::nv nv::nv cm::dat nv::nv nv::nv verb::vv e::pst.ptcp mark::comma
haha i ton ,	nv::nv cm::gen nv::nv mark::comma
karacin i monggo be jakūnju isi me ucara fi ,	nn::prpn.plc cm::gen nv::nv cm::acc nv::nv verb::vv e::cve verb::vv e::cve mark::comma
tofohon niyalma juwan morin gama ha ,	nv::nv nv::nv nv::nv nv::nv verb::vv e::pst.ptcp mark::comma
ninggun tanggū funce me olji baha fi gaji ha .	nv::nv nv::nv verb::vv e::cve nv::nv verb::vv e::cve verb::vv e::pst.ptcp mark::period
juwe tanggū hule jeku gai mbi ,	nv::nv nv::nv nv::nv nv::nv verb::vv e::fve.npst mark::comma
beye buce kini ,	nv::nv verb::vv e::fve.opt mark::comma
geren cooha i dorgideri nene me dosi fi gabta ra saci re de ,	nv::adj nv::nv cm::gen nv::nv verb::vv e::cve verb::vv e::cve verb::vv e::npst.ptcp verb::vv e::npst.ptcp cm::dat mark::comma
ginjeo ci amba_beile ,	nn::prpn.plc cm::abl nn::prpn mark::comma
hecen gai ha jai cimari ,	nv::nv verb::vv e::pst.ptcp nv::nv nv::nv mark::comma
○ kalka i joriktu_beile i monggoso juwan niyalma ,	mark::circle nv::nv cm::gen nn::prpn cm::gen nv::nv nv::nv nv::nv mark::comma
jai gūwa de ai isi re seme hendu fi ,	nv::nv nv::nv cm::dat nv::nv verb::vv e::npst.ptcp comp verb::vv e::cve mark::comma
coshi ,	nn::prpn.person mark::comma
urgūdai ala me ,	nn::prpn.person verb::vv e::cve mark::comma
gene fi han be tebeliye me aca ha ,	verb::vv e::cve nv::nv cm::acc verb::vv e::cve verb::vv e::pst.ptcp mark::comma
in i niru i niyalma be getuken i hendu fi ,	pn::3sg cm::gen nv::nv cm::gen nv::nv cm::acc nv::adj cm::gen verb::vv e::cve mark::comma
ajige gung ni niyalma de majige šangna ha ,	nv::adj nv::nv cm::gen nv::nv cm::dat nv::adj verb::vv e::pst.ptcp mark::comma
jakūta de ilan feye ,	nv::nv cm::dat nv::nv nv::nv mark::comma
nukte re cihakū beile se be daha me gašan de te ki se re gucu be sonjo fi ,	verb::vv e::npst.ptcp nv::adj nv::nv nv::nv cm::acc verb::vv e::cve nv::nv cm::dat verb::vv e::fve.opt verb::vv e::npst.ptcp nv::nv cm::acc verb::vv e::cve mark::comma
olho me sere me tondo i akūmbu fi han de sain sabu ci ,	verb::vv e::cve verb::vv e::cve nv::adj cm::gen verb::vv e::cve nv::nv cm::dat nv::adj verb::vv e::cve mark::comma
ili ha manggi tere niyalma de sargan bu ∅ ,	verb::vv e::pst.ptcp nv::nv nv::nv nv::nv cm::dat nv::nv verb::vv e::fve.imperative mark::comma
morin yalu re be baica ra ,	nv::nv verb::vv e::npst.ptcp cm::acc verb::vv e::npst.ptcp mark::comma
iogi i hergen be nakabu ha ,	nv::nv cm::gen nv::nv cm::acc verb::vv e::pst.ptcp mark::comma
han de juwe temen ,	nv::nv cm::dat nv::nv nv::nv mark::comma
tofohoci jergi ,	nv::nv nv::nv mark::comma
hūsitun ,	nv::nv mark::comma
banji ha ba ,	verb::vv e::pst.ptcp nv::nv mark::comma
ere duin nofi be elcin takūra ha ,	nv::nv nv::nv nv::nv cm::acc nv::nv verb::vv e::pst.ptcp mark::comma
duin aniya o ho manggi ,	nv::nv nv::nv verb::vv e::pst.ptcp nv::nv mark::comma
nahabu ,	nn::prpn.person mark::comma
geli busan i gese amba gung ara fi ,	nv::nv nn::prpn.person cm::gen nv::nv nv::adj nv::nv verb::vv e::cve mark::comma
ji hekū o ho manggi ,	verb::vv e::pst.ptcp.neg verb::vv e::pst.ptcp nv::nv mark::comma
judebu ,	nn::prpn.person mark::comma
haha jui ,	nv::nv nv::nv mark::comma
nikan han i liyoodung ni ba be bu he ,	nv::nv nv::nv cm::gen nn::prpn.plc cm::gen nv::nv cm::acc verb::vv e::pst.ptcp mark::comma
jai fujisa be daha ra hehesi ,	nv::nv nv::nv cm::acc verb::vv e::npst.ptcp nv::nv mark::comma
julge aisin gurun i agūda han ,	nv::nv nv::nv nv::nv cm::gen nn::prpn.person nv::nv mark::comma
tule gene re horho de dengjan bene fi lakiya ∅ ,	nv::nv verb::vv e::npst.ptcp nv::nv cm::dat nv::nv verb::vv e::cve verb::vv e::fve.imperative mark::comma
boitoho ,	nn::prpn.person mark::comma
ehe be ehe seme han de ala mbi ,	nv::adj cm::acc nv::adj comp nv::nv cm::dat verb::vv e::fve.npst mark::comma
dain i nikan gurun yebele rakū wa kini seme bele me unggi he gisun be gai fi ,	nv::nv cm::gen nv::nv nv::nv verb::vv e::npst.ptcp.neg verb::vv e::fve.opt comp verb::vv e::cve verb::vv e::pst.ptcp nv::nv cm::acc verb::vv e::cve mark::comma
jai geli ala me ,	nv::nv nv::nv verb::vv e::cve mark::comma
gūsin niyalma wa ha .	nv::nv nv::nv verb::vv e::pst.ptcp mark::period
hūlha holo be deribu ci ,	nv::nv nv::nv cm::acc verb::vv e::cve mark::comma
sin i mangga be bi inu sa habi ,	pn::2sg cm::gen nv::adj cm::acc pn::1sg nv::nv verb::vv e::fve.prs.prf mark::comma
cooha da ci da kini seme nikan be daila ha ,	nv::nv verb::vv e::cve verb::vv e::fve.opt comp nv::nv cm::acc verb::vv e::pst.ptcp mark::comma
○ murtai be ,	mark::circle nv::nv cm::acc mark::comma
muse abka de akdula me ,	pn::1pl.incl nv::nv cm::dat verb::vv e::cve mark::comma
gemu si tuwa me jori ∅ ,	nv::nv pn::2sg verb::vv e::cve verb::vv e::fve.imperative mark::comma
weijeng men i juwe nofi nene me mejige baha fi ebše me ji he bi he ,	nn::prpn.person pn::1pl.excl cm::gen nv::nv nv::nv verb::vv e::cve nv::nv verb::vv e::cve verb::vv e::cve verb::vv e::pst.ptcp verb::vv e::pst.ptcp mark::comma
nikan de uka me gene mbi ,	nv::nv cm::dat verb::vv e::cve verb::vv e::fve.npst mark::comma
bi we be jafa fi bene re ,	pn::1sg nv::nv cm::acc verb::vv e::cve verb::vv e::npst.ptcp mark::comma
enggebu ,	nn::prpn.person mark::comma
ša_ling ni niyalma daha hakū o fi ,	nn::prpn cm::gen nv::nv verb::vv e::pst.ptcp.neg verb::vv e::cve mark::comma
niyalma tooda me weile gai me ,	nv::nv verb::vv e::cve nv::nv verb::vv e::cve mark::comma
ilan jergi buce re weile be guwebu mbi .	nv::nv nv::nv verb::vv e::npst.ptcp nv::nv cm::acc verb::vv e::fve.npst mark::period
ili ha ba de alin i wesihun afa me umai ili hakū gene hei ,	verb::vv e::pst.ptcp nv::nv cm::dat nv::nv cm::gen nv::nv verb::vv e::cve nv::nv verb::vv e::pst.ptcp.neg verb::vv e::cve mark::comma
afabu ha weile be mute mbi ,	verb::vv e::pst.ptcp nv::nv cm::acc verb::vv e::fve.npst mark::comma
○ geren beile se ,	mark::circle nv::adj nv::nv nv::nv mark::comma
jaisai si monggo gurun ,	nn::prpn.person pn::2sg nv::nv nv::nv mark::comma
ba be waliya fi bai me ji he gung de ,	nv::nv cm::acc verb::vv e::cve verb::vv e::cve verb::vv e::pst.ptcp nv::nv cm::dat mark::comma
jori ha jurgan be jurce rakū seme ,	verb::vv e::pst.ptcp nv::nv cm::acc verb::vv e::npst.ptcp.neg comp mark::comma
○ tere inenggi ,	mark::circle nv::nv nv::nv mark::comma
ilan jergi dasa ha ba be amba_beile de bu he .	nv::nv nv::nv verb::vv e::pst.ptcp nv::nv cm::acc nn::prpn cm::dat verb::vv e::pst.ptcp mark::period
hafan i beide he tondo o ci ,	nv::nv cm::gen verb::vv e::pst.ptcp nv::adj verb::vv e::cve mark::comma
dorgi be genggiyen i icihiya rakū ,	nv::nv cm::acc nv::adj cm::gen verb::vv e::npst.ptcp.neg mark::comma
weile he jeku i dabala ,	verb::vv e::pst.ptcp nv::nv cm::gen ptcl mark::comma
suwayan hū ha suje de hada ha hilteri uksin saca ,	nv::adj verb::vv e::pst.ptcp nv::nv cm::dat verb::vv e::pst.ptcp nv::nv nv::nv nv::nv mark::comma
dahū bi ,	nv::nv verb::vv.npst mark::comma
jaisa ,	nn::prpn.person mark::comma
tabcin dosi fi olji ilan tanggū isi me baha ha .	nv::nv verb::vv e::cve nv::nv nv::nv nv::nv verb::vv e::cve verb::vv e::pst.ptcp mark::period
weile ejen de tuhene re weile be tuhebu mbi ,	nv::nv nv::nv cm::dat verb::vv e::npst.ptcp nv::nv cm::acc verb::vv e::fve.npst mark::comma
hashū ergi duin gūsa i cooha be ,	nv::nv nv::nv nv::nv nv::nv cm::gen nv::nv cm::acc mark::comma
ulkun amcana fi emu tanggū nadanju niyalma wa ha ,	nn::prpn.person verb::vv e::cve nv::nv nv::nv nv::nv nv::nv verb::vv e::pst.ptcp mark::comma
cooha be kadala me ete mbi seme ,	nv::nv cm::acc verb::vv e::cve verb::vv e::fve.npst comp mark::comma
jori ha jurgan be jurce rakū seme ,	verb::vv e::pst.ptcp nv::nv cm::acc verb::vv e::npst.ptcp.neg comp mark::comma
muse i ama i salibu ha gurun gucu waka kai ,	nv::nv cm::gen nv::nv cm::gen verb::vv e::pst.ptcp nv::nv nv::nv nv::adj ptcl mark::comma
abtai_nakcu ,	nn::prpn mark::comma
uba i efute meyete be ahūta deote ,	nv::nv cm::gen nv::nv nv::nv cm::acc nv::nv nv::nv mark::comma
šajin be efule me gangguri sargan ,	nv::nv cm::acc verb::vv e::cve nn::prpn.person nv::nv mark::comma
fulgiyan bayara de dehi uksin obu ki ,	nv::nv nv::nv cm::dat nv::nv nv::nv verb::vv e::fve.opt mark::comma
duin niyalma de acan jai jergi elbihe dahū emke ,	nv::nv nv::nv cm::dat nv::nv nv::nv nv::nv nv::nv nv::nv nv::nv mark::comma
jui bu re de baibi je kini ,	nv::nv verb::vv e::npst.ptcp cm::dat nv::nv verb::vv e::fve.opt mark::comma
ukanda ra niyalma be jafa fi in i beye amala in i sargan i emgi ji he ,	verb::vv e::npst.ptcp nv::nv cm::acc verb::vv e::cve pn::3sg cm::gen nv::nv nv::nv pn::3sg cm::gen nv::nv cm::gen nv::nv verb::vv e::pst.ptcp mark::comma
angga bungna me tanta ha seme ,	nv::nv verb::vv e::cve verb::vv e::pst.ptcp comp mark::comma
han ama uji fi min i ba de unggi he ,	nv::nv nv::nv verb::vv e::cve pn::1sg cm::gen nv::nv cm::dat verb::vv e::pst.ptcp mark::comma
dain de wa hakū uji he baili ,	nv::nv cm::dat verb::vv e::pst.ptcp.neg verb::vv e::pst.ptcp nv::nv mark::comma
buyantu be susaita šusiha šusihala ha ,	nn::prpn.person cm::acc nv::nv nv::nv verb::vv e::pst.ptcp mark::comma
emu jergi buce re weile be guwebu mbi .	nv::nv nv::nv verb::vv e::npst.ptcp nv::nv cm::acc verb::vv e::fve.npst mark::period
hecen i dolo meni meni tatan i teisu isibu ha ,	nv::nv cm::gen nv::nv nv::nv nv::nv nv::nv cm::gen nv::nv verb::vv e::pst.ptcp mark::comma
in i golo inu daha rakū o ho manggi ,	pn::3sg cm::gen nv::nv nv::nv verb::vv e::npst.ptcp.neg verb::vv e::pst.ptcp nv::nv mark::comma
den jilgan i hūla me sure me songgo fi ,	nv::adj nv::nv cm::gen verb::vv e::cve verb::vv e::cve verb::vv e::cve mark::comma
wa hakū uji fi ,	verb::vv e::pst.ptcp.neg verb::vv e::cve mark::comma
han tofohon de dusy yamun de tuci fi ,	nv::nv nv::nv cm::dat nv::nv nv::nv cm::dat verb::vv e::cve mark::comma
emu jergi buce re weile be guwebu mbi .	nv::nv nv::nv verb::vv e::npst.ptcp nv::nv cm::acc verb::vv e::fve.npst mark::period
suwe men de ana fi sartabu rahū ,	pn::2pl pn::1pl.excl cm::dat verb::vv e::cve verb::vv e::fve.prv mark::comma
bodo fi da rakū ,	verb::vv e::cve verb::vv e::npst.ptcp.neg mark::comma
beile se i bithe ,	nv::nv nv::nv cm::gen nv::nv mark::comma
gisun be jurce rakū hengkile me ji mbi seme ala ha .	nv::nv cm::acc verb::vv e::npst.ptcp.neg verb::vv e::cve verb::vv e::fve.npst comp verb::vv e::pst.ptcp mark::period
akū yada ra niyalma be uji cina ,	nv::adj verb::vv e::npst.ptcp nv::nv cm::acc verb::vv e::fve.opt mark::comma
ere guribu he emu aniya jobo mbi dere ,	nv::nv verb::vv e::pst.ptcp nv::nv nv::nv verb::vv e::fve.npst ptcl mark::comma
min de beiguwan i hergen bu he ,	pn::1sg cm::dat nv::nv cm::gen nv::nv verb::vv e::pst.ptcp mark::comma
tonai ,	nn::prpn.person mark::comma
okto je fi buce he de uka ka de ,	nv::nv verb::vv e::cve verb::vv e::pst.ptcp cm::dat verb::vv e::pst.ptcp cm::dat mark::comma
amba asihan ehe sain niyalma de ,	nv::adj nv::adj nv::adj nv::adj nv::nv cm::dat mark::comma
juwe fujiyang be cooha gai fi gene fi ,	nv::nv nv::nv cm::acc nv::nv verb::vv e::cve verb::vv e::cve mark::comma
manjusiri ,	nv::nv mark::comma
orin duin de unggi he .	nv::nv nv::nv cm::dat verb::vv e::pst.ptcp mark::period
lung_king ni te he aniya jakūn biya i orin ilan de baha ha ,	nn::prpn cm::gen verb::vv e::pst.ptcp nv::nv nv::nv nv::nv cm::gen nv::nv nv::nv cm::dat verb::vv e::pst.ptcp mark::comma
šanaha i tule guwangning de isi tala ,	nn::prpn.plc cm::gen nv::nv nn::prpn.plc cm::dat verb::vv e::cve mark::comma
mardun ,	nn::prpn.plc mark::comma
nene me jasaktu_han ,	verb::vv e::cve nn::prpn mark::comma
hūrha gurun gemu hebe aca fi gisure me ,	nv::nv nv::nv nv::nv nv::nv verb::vv e::cve verb::vv e::cve mark::comma
manggatai i jui budang ,	nn::prpn.person cm::gen nv::nv nn::prpn.person mark::comma
mandulai ,	nn::prpn.person mark::comma
hai_si hūlan_šan_wei i du_jy_hūi_ciyanši kuken i omolo bekibulu ,	nn::prpn nn::prpn cm::gen nv::nv nv::nv cm::gen nv::nv nn::prpn.person mark::comma
○ juwan duin de ,	mark::circle nv::nv nv::nv cm::dat mark::comma
mao_wen_lung ni emu cuwan be baha fi gemu wa ha ,	nn::prpn cm::gen nv::nv nv::nv cm::acc verb::vv e::cve nv::nv verb::vv e::pst.ptcp mark::comma
lii_ing_lung ,	nn::prpn mark::comma
orin mušuri ,	nv::nv nv::nv mark::comma
bata uthai bedere hebi ,	nv::nv nv::nv verb::vv e::fve.prs.prf mark::comma
i_jeo i jai emu wei be ,	nn::prpn cm::gen nv::nv nv::nv nv::nv cm::acc mark::comma
jai gemu sain ,	nv::nv nv::nv nv::adj mark::comma
kiru ,	nv::nv mark::comma
tere ninggun tumen monggo gemu sin de akū kai ,	nv::nv nv::nv nv::nv nv::nv nv::nv pn::2sg cm::dat nv::adj ptcl mark::comma
sin de ududu jergi weile ara ha ngge ,	pn::2sg cm::dat nv::nv nv::nv nv::nv verb::vv e::pst.ptcp nmlz::nmlz mark::comma
suwe ainu isina rakū ,	pn::2pl nv::nv verb::vv e::npst.ptcp.neg mark::comma
kude de tebu me gai habi ,	nv::nv cm::dat verb::vv e::cve verb::vv e::fve.prs.prf mark::comma
han de weile baha habi seme ala mbi ,	nv::nv cm::dat nv::nv verb::vv e::fve.prs.prf comp verb::vv e::fve.npst mark::comma
babai_taiji ,	nn::prpn mark::comma
ere biya i orin ilan i inenggi morin erin de ,	nv::nv nv::nv cm::gen nv::nv nv::nv cm::gen nv::nv nv::nv nv::nv cm::dat mark::comma
alban i ihan be wacihiya me hūdun bošo me gai fi gaji kini seme dusy hafan sin be unggi he .	nv::nv cm::gen nv::nv cm::acc verb::vv e::cve nv::adj verb::vv e::cve verb::vv e::cve verb::vv e::fve.opt comp nv::nv nv::nv pn::2sg cm::acc verb::vv e::pst.ptcp mark::period
banji re jurgan de ehe ,	verb::vv e::npst.ptcp nv::nv cm::dat nv::adj mark::comma
isun be ,	nn::prpn.person cm::acc mark::comma
etuku gūlha mahala ilan jergi ci wesihun dagila ∅ ,	nv::nv nv::nv nv::nv nv::nv nv::nv cm::abl nv::nv verb::vv e::fve.imperative mark::comma
wa ra weile makta ha bi he ,	verb::vv e::npst.ptcp nv::nv verb::vv e::pst.ptcp verb::vv e::pst.ptcp mark::comma
uyute yan i weile waliya mbi ,	nv::nv nv::nv cm::gen nv::nv verb::vv e::fve.npst mark::comma
hūlha holo koimali jalingga akū banji ki .	nv::nv nv::nv nv::adj nv::adj nv::adj verb::vv e::fve.opt mark::period
aimuka be ,	nn::prpn.person cm::acc mark::comma
○ tunggiya_i_efu de wasimbu ha gisun ,	mark::circle nn::prpn cm::dat verb::vv e::pst.ptcp nv::nv mark::comma
geren niru niru de ubu sinda me dende fi ,	nv::adj nv::nv nv::nv cm::dat nv::nv verb::vv e::cve verb::vv e::cve mark::comma
beye buce kini ,	nv::nv verb::vv e::fve.opt mark::comma
weile beide re šajin jurgan be ,	nv::nv verb::vv e::npst.ptcp nv::nv nv::nv cm::acc mark::comma
toktoi ,	nn::prpn.person mark::comma
beile se meni meni boo i juse be ,	nv::nv nv::nv nv::nv nv::nv nv::nv cm::gen nv::nv cm::acc mark::comma
cingsyhai sunja yan weile faita ha .	nn::prpn.person nv::nv nv::nv nv::nv verb::vv e::pst.ptcp mark::period
emu jergi buce re weile be guwebu mbi .	nv::nv nv::nv verb::vv e::npst.ptcp nv::nv cm::acc verb::vv e::fve.npst mark::period
ciha ciha i ai jaka be fusembu me ,	nv::nv nv::nv cm::gen nv::nv nv::nv cm::acc verb::vv e::cve mark::comma
ere be juwan ninggun de ara ha .	nv::nv cm::acc nv::nv nv::nv cm::dat verb::vv e::pst.ptcp mark::period
orin cang poo dagila ∅ ,	nv::nv nv::nv nv::nv verb::vv e::fve.imperative mark::comma
ilan tanggū hule baha fi ,	nv::nv nv::nv nv::nv verb::vv e::cve mark::comma
den hashan i boo de hori fi asara ki seme gisure he bi he ,	nv::adj nv::nv cm::gen nv::nv cm::dat verb::vv e::cve verb::vv e::fve.opt comp verb::vv e::pst.ptcp verb::vv e::pst.ptcp mark::comma
sain be sain ,	nv::adj cm::acc nv::adj mark::comma
○ yamburi ,	mark::circle nn::prpn.person mark::comma
indahūci be kemuni dali me ,	nn::prpn.person cm::acc nv::nv verb::vv e::cve mark::comma
joriktu ,	nn::prpn.person mark::comma
ere ilan niyalma ihan_alin de emte feye baha ha seme sunjata yan i weile waliya mbi ,	nv::nv nv::nv nv::nv nn::prpn cm::dat nv::nv nv::nv verb::vv e::pst.ptcp comp nv::nv nv::nv cm::gen nv::nv verb::vv e::fve.npst mark::comma
juwe suhe ,	nv::nv nv::nv mark::comma
tere šurde me sin i kadala ra ba i facabu hakū gašan i nikasa be gai fi hadu fi walgiyabu fi umbu ∅ ,	nv::nv verb::vv e::cve pn::2sg cm::gen verb::vv e::npst.ptcp nv::nv cm::gen verb::vv e::pst.ptcp.neg nv::nv cm::gen nv::nv cm::acc verb::vv e::cve verb::vv e::cve verb::vv e::cve verb::vv e::fve.imperative mark::comma
niyalma susaita ,	nv::nv nv::nv mark::comma
ilan mocin bu he .	nv::nv nv::nv verb::vv e::pst.ptcp mark::period
beiguwan weihede ,	nv::nv nn::prpn.person mark::comma
cergei ,	nn::prpn.person mark::comma
jušen ,	nv::nv mark::comma
juwe tanggū niyalma be adabu fi ,	nv::nv nv::nv nv::nv cm::acc verb::vv e::cve mark::comma
amin_taiji i sargan i eme hoifa i fujin donji fi ,	nn::prpn cm::gen nv::nv cm::gen nv::nv nn::prpn.plc cm::gen nv::nv verb::vv e::cve mark::comma
ba be waliya fi bai me ji he gung de beiguwan obu ha ,	nv::nv cm::acc verb::vv e::cve verb::vv e::cve verb::vv e::pst.ptcp nv::nv cm::dat nv::nv verb::vv e::pst.ptcp mark::comma
ula i bujantai_han hendu me ,	nv::nv cm::gen nn::prpn verb::vv e::cve mark::comma
in i amba haha jui yoto i tere ba be sain seme gūni fi ,	pn::3sg cm::gen nv::adj nv::nv nv::nv nn::prpn.person cm::gen nv::nv nv::nv cm::acc nv::adj comp verb::vv e::cve mark::comma
ere hecen i mishan tuhebu re saha ra be ,	nv::nv nv::nv cm::gen nv::nv verb::vv e::npst.ptcp verb::vv e::npst.ptcp cm::acc mark::comma
ere juwe ,	nv::nv nv::nv mark::comma
han ,	nv::nv mark::comma
gashū ci buce mbi kai ,	verb::vv e::cve verb::vv e::fve.npst ptcl mark::comma
juwe honin ,	nv::nv nv::nv mark::comma
niyalma bude rahū .	nv::nv verb::vv e::fve.prv mark::period
gene re jugūn de nikan i aika jaka be duri me cuwangna rahū ,	verb::vv e::npst.ptcp nv::nv cm::dat nv::nv cm::gen nv::nv nv::nv cm::acc verb::vv e::cve verb::vv e::fve.prv mark::comma
sahaliyan gurun ,	nv::adj nv::nv mark::comma
morin yafahan i cooha ilan aniya afa hakū ,	nv::nv nv::adj cm::gen nv::nv nv::nv nv::nv verb::vv e::pst.ptcp.neg mark::comma
amba asihan yaya hafasa ,	nv::adj nv::adj nv::nv nv::nv mark::comma
abka ,	nv::nv mark::comma
jakūn biya i ice inenggi ,	nv::nv nv::nv cm::gen nv::adj nv::nv mark::comma
niyalma de serebu fi ,	nv::nv cm::dat verb::vv e::cve mark::comma
kūrcan amca fi gaji ha ,	nv::nv verb::vv e::cve verb::vv e::pst.ptcp mark::comma
○ orin sunja de ,	mark::circle nv::nv nv::nv cm::dat mark::comma
wase de ilata niyalma ,	nv::nv cm::dat nv::nv nv::nv mark::comma
tede ara fi unggi he bithe i gisun ,	nv::nv verb::vv e::cve verb::vv e::pst.ptcp nv::nv cm::gen nv::nv mark::comma
irhai ,	nn::prpn.person mark::comma
tuyana ,	nn::prpn.person mark::comma
○ juwan duin de ,	mark::circle nv::nv nv::nv cm::dat mark::comma
jase i tulergi yehe de da fi ,	nv::nv cm::gen nv::nv nv::nv cm::dat verb::vv e::cve mark::comma
jakūn beile se i jakūn morin tucibu fi ,	nv::nv nv::nv nv::nv cm::gen nv::nv nv::nv verb::vv e::cve mark::comma
sarhū i angga ci saci me jaifiyan i dogon de isi tala wa habi ,	nv::nv cm::gen nv::nv cm::abl verb::vv e::cve nv::nv cm::gen nv::nv cm::dat verb::vv e::cve verb::vv e::fve.prs.prf mark::comma
yaran_wei i dudu ciyanši niohe i jui adu ,	nn::prpn cm::gen nv::nv nv::nv nv::nv cm::gen nv::nv nn::prpn.person mark::comma
jai boo ci inu tuci rakū ,	nv::nv nv::nv cm::abl nv::nv verb::vv e::npst.ptcp.neg mark::comma
boljo ho inenggi isibu me unggi ∅ ,	verb::vv e::pst.ptcp nv::nv verb::vv e::cve verb::vv e::fve.imperative mark::comma
dehi ilan niyalma wa ha ,	nv::nv nv::nv nv::nv verb::vv e::pst.ptcp mark::comma
aha ,	nv::nv mark::comma
men i ba de gama fi wang obu habi kai ,	pn::1pl.excl cm::gen nv::nv cm::dat verb::vv e::cve nv::nv verb::vv e::fve.prs.prf ptcl mark::comma
juwe tanggū weihu arabu ∅ seme hūla ha ,	nv::nv nv::nv nv::nv verb::vv e::fve.imperative comp verb::vv e::pst.ptcp mark::comma
bi sin i ere emu hecen be baha rakū ci ,	pn::1sg pn::2sg cm::gen nv::nv nv::nv nv::nv cm::acc verb::vv e::npst.ptcp.neg e::cve mark::comma
emu angga de jušen sin i ninggun sin nadan sin bisi re niyalma te hei bi kini ,	nv::nv nv::nv cm::dat nv::nv nv::nv cm::gen nv::nv nv::nv nv::nv nv::nv verb::vv e::npst.ptcp nv::nv verb::vv e::cve verb::vv e::fve.opt mark::comma
men i niyamangga niyalma be ,	pn::1pl.excl cm::gen nv::nv nv::nv cm::acc mark::comma
na lifa rakū seme alanji ha manggi ,	nv::nv verb::vv e::npst.ptcp.neg comp verb::vv e::pst.ptcp nv::nv mark::comma
fejile orho saha fi ,	nv::nv nv::nv verb::vv e::cve mark::comma
gembu janggin ,	nn::prpn.person nv::nv mark::comma
weile ume ara ra .	nv::nv nv::nv verb::vv e::npst.ptcp mark::period
emu nikan ,	nv::nv nv::nv mark::comma
beile se doo me jide re de ,	nv::nv nv::nv verb::vv e::cve verb::vv e::npst.ptcp cm::dat mark::comma
wangginu_mafa ,	nn::prpn mark::comma
ama i gung ,	nv::nv cm::gen nv::nv mark::comma
uksin unu fi yafahan anafu te me gene re de ,	nv::nv verb::vv e::cve nv::adj nv::nv verb::vv e::cve verb::vv e::npst.ptcp cm::dat mark::comma
sirdan ,	nv::nv mark::comma
hūwai fejile alban weile re niyalma bošo me bi hebi ,	nn::prpn.plc nv::nv nv::nv verb::vv e::npst.ptcp nv::nv verb::vv e::cve verb::vv e::fve.prs.prf mark::comma
wei_giya_ling ,	nn::prpn mark::comma
weceku de gida ha duin gecuheri ,	nv::nv cm::dat verb::vv e::pst.ptcp nv::nv nv::nv mark::comma
sunjata ihan ,	nv::nv nv::nv mark::comma
si_mu_ceng ,	nn::prpn mark::comma
boo tuwa daha ∅ seme buha de weile ara fi ,	nv::nv nv::nv verb::vv e::fve.imperative comp nn::prpn.person cm::dat nv::nv verb::vv e::cve mark::comma
honin ,	nv::nv mark::comma
fejergi irgen de ulin gai me ,	nv::nv nv::nv cm::dat nv::nv verb::vv e::cve mark::comma
dobi_ecike ,	nn::prpn mark::comma
munggatu de unggi he bithe i gisun ,	nn::prpn.person cm::dat verb::vv e::pst.ptcp nv::nv cm::gen nv::nv mark::comma
meni meni uji he ulgiyan be wa ∅ ,	nv::nv nv::nv verb::vv e::pst.ptcp nv::nv cm::acc verb::vv e::fve.imperative mark::comma
jai inenggi muduri erin de ,	nv::nv nv::nv nv::nv nv::nv cm::dat mark::comma
ulha benji me waji ha seme unggi he .	nv::nv verb::vv e::cve verb::vv e::pst.ptcp comp verb::vv e::pst.ptcp mark::period
ere sarkū ,	nv::nv nv::nv mark::comma
han i beye te ci ,	nv::nv cm::gen nv::nv verb::vv e::cve mark::comma
cing_tai_ioi ,	nn::prpn mark::comma
tuša ,	nn::prpn.person mark::comma
jakūn beile se i bu he morin i funde sain morin sain geo be tooda me gai ∅ ,	nv::nv nv::nv nv::nv cm::gen verb::vv e::pst.ptcp nv::nv cm::gen nv::nv nv::adj nv::nv nv::adj nv::nv cm::acc verb::vv e::cve verb::vv e::fve.imperative mark::comma
suje ,	nv::nv mark::comma
han ,	nv::nv mark::comma
erketu i beiguwan i hergen be efule he ,	nn::prpn.person cm::gen nv::nv cm::gen nv::nv cm::acc verb::vv e::pst.ptcp mark::comma
dain cooha de o ci ,	nv::nv nv::nv cm::dat verb::vv e::cve mark::comma
ere cooha muse de afanji mbi ,	nv::nv nv::nv pn::1pl.incl cm::dat verb::vv e::fve.npst mark::comma
hecen gai me waji fi ,	nv::nv verb::vv e::cve verb::vv e::cve mark::comma
tofohon eihen ,	nv::nv nv::nv mark::comma
gege be encu gurun de gene fi doso fi amasi ji he ,	nv::nv cm::acc nv::nv nv::nv cm::dat verb::vv e::cve verb::vv e::cve nv::nv verb::vv e::pst.ptcp mark::comma
sin be tuttu jergi niyalma ci wesibu fi dele uji re be ,	pn::2sg cm::acc nv::nv nv::nv nv::nv cm::abl verb::vv e::cve nv::nv verb::vv e::npst.ptcp cm::acc mark::comma
uyuci jergi de duite bu he ,	nv::nv nv::nv cm::dat nv::nv verb::vv e::pst.ptcp mark::comma
han i beye axša mbi o ,	nv::nv cm::gen nv::nv verb::vv e::fve.npst ptcl mark::comma
gemu meni meni buta ha ejen i gebu ,	nv::nv nv::nv nv::nv verb::vv e::pst.ptcp nv::nv cm::gen nv::nv mark::comma
caiha de sunja niru ,	nn::prpn.plc cm::dat nv::nv nv::nv mark::comma
hai_si sugiya_wei i du_jy_hūi_ši sihardalang ni jui daiši ,	nn::prpn nn::prpn cm::gen nv::nv nn::prpn.person cm::gen nv::nv nn::prpn.person mark::comma
niru i ejen ,	nv::nv cm::gen nv::nv mark::comma
ukanju be ,	nv::nv cm::acc mark::comma
emu niyalma juwan yan i weile waliya mbi ,	nv::nv nv::nv nv::nv nv::nv cm::gen nv::nv verb::vv e::fve.npst mark::comma
lung_king ni te he aniya jakūn biya i orin ilan de baha ha ,	nn::prpn cm::gen verb::vv e::pst.ptcp nv::nv nv::nv nv::nv cm::gen nv::nv nv::nv cm::dat verb::vv e::pst.ptcp mark::comma
weji ,	nv::nv mark::comma
nikan ,	nv::nv mark::comma
emu niyalma etu mbi kai ,	nv::nv nv::nv verb::vv e::fve.npst ptcl mark::comma
gūwa gurun de yasa tuwa hai dosimbu fi ,	nv::nv nv::nv cm::dat nv::nv verb::vv e::cve verb::vv e::cve mark::comma
ajigan ci yada me jobo me banji re fon ci ,	nv::adj cm::abl verb::vv e::cve verb::vv e::cve verb::vv e::npst.ptcp nv::nv cm::abl mark::comma
gemu yongkiya me jalukiya me bu he manggi ,	nv::nv verb::vv e::cve verb::vv e::cve verb::vv e::pst.ptcp nv::nv mark::comma
gene he gene he ba de abka aisila me da fi ete mbi baha mbi kai ,	verb::vv e::pst.ptcp verb::vv e::pst.ptcp nv::nv cm::dat nv::nv verb::vv e::cve verb::vv e::cve verb::vv e::fve.npst verb::vv e::fve.npst ptcl mark::comma
meni meni emde angga jete re be kice ∅ ,	nv::nv nv::nv nv::nv nv::nv verb::vv e::npst.ptcp cm::acc verb::vv e::fve.imperative mark::comma
du_tang ,	nv::nv mark::comma
yalu ha morin be hono baha fi sali rakū kai ,	verb::vv e::pst.ptcp nv::nv cm::acc nv::nv verb::vv e::cve verb::vv e::npst.ptcp.neg ptcl mark::comma
emte eihen ,	nv::nv nv::nv mark::comma
fusi ,	nn::prpn.plc mark::comma
○ lii_wei_lung ,	mark::circle nn::prpn mark::comma
dergi alin de emu dobori dedu ci ,	nv::nv nv::nv cm::dat nv::nv nv::nv verb::vv e::cve mark::comma
beile se de sunjata yan aisin ,	nv::nv nv::nv cm::dat nv::nv nv::nv nv::nv mark::comma
afabu ha weile be mute mbi ,	verb::vv e::pst.ptcp nv::nv cm::acc verb::vv e::fve.npst mark::comma
nakcu bi ebu re ,	nv::nv pn::1sg verb::vv e::npst.ptcp mark::comma
šahūn ulgiyan aniya jakūn biya i juwan uyun i inenggi ,	nv::adj nv::nv nv::nv nv::nv nv::nv cm::gen nv::nv nv::nv cm::gen nv::nv mark::comma
keyen i hecen i jai ilan duka i tule ili ha cooha ,	nn::prpn.plc cm::gen nv::nv cm::gen nv::nv nv::nv nv::nv cm::gen nv::nv verb::vv e::pst.ptcp nv::nv mark::comma
donggo_efu ,	nn::prpn mark::comma
si unenggi min i baru o ci ,	pn::2sg nv::adj pn::1sg cm::gen nv::nv verb::vv e::cve mark::comma
○ jukšu ,	mark::circle nn::prpn.person mark::comma
šumin duin da ,	nv::adj nv::nv nv::nv mark::comma
jargūci ,	nv::nv mark::comma
te emu honin de juwe mocin o kini ,	nv::nv nv::nv nv::nv cm::dat nv::nv nv::nv verb::vv e::fve.opt mark::comma
cahar kalka suwe ainu isele he seme wa ki gai ki seme cooha axša fi ji he ,	nn::prpn.plc nv::nv pn::2pl nv::nv verb::vv e::pst.ptcp comp verb::vv e::fve.opt verb::vv e::fve.opt comp nv::nv verb::vv e::cve verb::vv e::pst.ptcp mark::comma
nikan gurun ,	nv::nv nv::nv mark::comma
emteli bi me sain haha be ume unggi re ,	nv::adj verb::vv e::cve nv::adj nv::nv cm::acc nv::nv verb::vv e::npst.ptcp mark::comma
○ darhan_hiya i gūsa de ,	mark::circle nn::prpn cm::gen nv::nv cm::dat mark::comma
○ uyun biya de ,	mark::circle nv::nv nv::nv cm::dat mark::comma
○ ice jakūn de ,	mark::circle nv::adj nv::nv cm::dat mark::comma
min i emu mafa de banji ha ninggun beile se i juse omosi inu min be wa ki seme ududu jergi kice fi mute hekū ,	pn::1sg cm::gen nv::nv nv::nv cm::dat verb::vv e::pst.ptcp nv::nv nv::nv nv::nv cm::gen nv::nv nv::nv nv::nv pn::1sg cm::acc verb::vv e::fve.opt comp nv::nv nv::nv verb::vv e::cve verb::vv e::pst.ptcp.neg mark::comma
min i dajuhū be afabu ha ,	pn::1sg cm::gen nn::prpn.person cm::acc verb::vv e::pst.ptcp mark::comma
karu ara fi unggi he bithe i gisun ,	nv::nv verb::vv e::cve verb::vv e::pst.ptcp nv::nv cm::gen nv::nv mark::comma
han i alban i ihan be ,	nv::nv cm::gen nv::nv cm::gen nv::nv cm::acc mark::comma
sin i tuttu bošo ro ba de ,	pn::2sg cm::gen nv::nv verb::vv e::npst.ptcp nv::nv cm::dat mark::comma
inu ilhi ilhi tebeliye me aca ha ,	nv::nv nv::nv nv::nv verb::vv e::cve verb::vv e::pst.ptcp mark::comma
han i pai be gai fi ,	nv::nv cm::gen nv::nv cm::acc verb::vv e::cve mark::comma
geli emu niyalma be wa habi ,	nv::nv nv::nv nv::nv cm::acc verb::vv e::fve.prs.prf mark::comma
ilaci jergi iogi obu ha ,	nv::nv nv::nv nv::nv verb::vv e::pst.ptcp mark::comma
ai ai afabu ha weile be banda rakū muterei teile kadala ki .	nv::nv nv::nv verb::vv e::pst.ptcp nv::nv cm::acc verb::vv e::npst.ptcp.neg nv::nv nv::nv verb::vv e::fve.opt mark::period
sung_sio_juwan ,	nn::prpn mark::comma
tere ci jilakan ai bi ,	nv::nv cm::abl nv::nv nv::nv verb::vv.npst mark::comma
gūsin niyalma be jafa fi gaji fi sele futa hūwaita fi asara ha .	nv::nv nv::nv cm::acc verb::vv e::cve verb::vv e::cve nv::nv nv::nv verb::vv e::cve verb::vv e::pst.ptcp mark::period
emu tanggū susai uksin de ,	nv::nv nv::nv nv::nv nv::nv cm::dat mark::comma
usin be dende me tari ha ,	nv::nv cm::acc verb::vv e::cve verb::vv e::pst.ptcp mark::comma
emgi bi he wei_šuban be wa ha .	nv::nv verb::vv e::pst.ptcp nn::prpn cm::acc verb::vv e::pst.ptcp mark::period
narhūn haya ha jibca ,	nv::adj verb::vv e::pst.ptcp nv::nv mark::comma
sunja yan aisin ,	nv::nv nv::nv nv::nv mark::comma
hoki banjibu fi ejen ara fi ganabu ∅ .	nv::nv verb::vv e::cve nv::nv verb::vv e::cve verb::vv e::fve.imperative mark::period
ula de emu feye baha ha seme uyute yan i weile waliya mbi ,	nv::nv cm::dat nv::nv nv::nv verb::vv e::pst.ptcp comp nv::nv nv::nv cm::gen nv::nv verb::vv e::fve.npst mark::comma
○ ineku tere inenggi ,	mark::circle nv::nv nv::nv nv::nv mark::comma
manggūltai_taiji ,	nn::prpn mark::comma
wa ha niyehe duin ,	verb::vv e::pst.ptcp nv::nv nv::nv mark::comma
amba_beile ,	nn::prpn mark::comma
šanuka ,	nn::prpn.person mark::comma
usin hūdun dende ∅ ,	nv::nv nv::adj verb::vv e::fve.imperative mark::comma
afabu ha weile be mute mbi ,	verb::vv e::pst.ptcp nv::nv cm::acc verb::vv e::fve.npst mark::comma
sain jurgan be yabu rakū o ci ,	nv::adj nv::nv cm::acc verb::vv e::npst.ptcp.neg verb::vv e::cve mark::comma
sejen poo akū ci ,	nv::nv nv::nv verb::vv e::cve mark::comma
jori ha jurgan be jurce rakū seme beiguwan obu ha .	verb::vv e::pst.ptcp nv::nv cm::acc verb::vv e::npst.ptcp.neg comp nv::nv verb::vv e::pst.ptcp mark::period
juwe bithe be geren de donjibu me hūla fi deiji he .	nv::nv nv::nv cm::acc nv::adj cm::dat verb::vv e::cve verb::vv e::cve verb::vv e::pst.ptcp mark::period
lioi_šūn_keo de tebu ∅ .	nn::prpn cm::dat verb::vv e::fve.imperative mark::period
honin ,	nv::nv mark::comma
gūsin duin etuku ,	nv::nv nv::nv nv::nv mark::comma
fakca rakū ci ,	verb::vv e::npst.ptcp.neg e::cve mark::comma
giya_jing ni dehi ilaci aniya ninggun biya i orin juwe de baha ha .	nn::prpn cm::gen nv::nv nv::nv nv::nv nv::nv nv::nv cm::gen nv::nv nv::nv cm::dat verb::vv e::pst.ptcp mark::period
○ nadan biya i ice juwe de ,	mark::circle nv::nv nv::nv cm::gen nv::adj nv::nv cm::dat mark::comma
min be koro bu ha be ,	pn::1sg cm::acc verb::vv sfx e::pst.ptcp cm::acc mark::comma
ali me gai hakūbi ,	verb::vv e::cve verb::vv e::fve.prs.prf.neg mark::comma
ba i cooha irgen ,	nv::nv cm::gen nv::nv nv::nv mark::comma
jang_ing_ging ni duin niyalma be unggi he manggi ,	nn::prpn cm::gen nv::nv nv::nv cm::acc verb::vv e::pst.ptcp nv::nv mark::comma
borjin_hiya ,	nn::prpn mark::comma
iogi de emte ihan bu he ,	nv::nv cm::dat nv::nv nv::nv verb::vv e::pst.ptcp mark::comma
tahai ,	nn::prpn.person mark::comma
aldai ,	nn::prpn.person mark::comma
juwete elbihe dahū bu he ,	nv::nv nv::nv nv::nv verb::vv e::pst.ptcp mark::comma
suifun_golo ,	nn::prpn mark::comma
dosi gene re ngge tooka mbi kai ,	nv::nv verb::vv e::npst.ptcp nmlz::nmlz verb::vv e::fve.npst ptcl mark::comma
te bi cibe ,	nv::nv verb::vv e::cve mark::comma
gūwa niyalma be wei_šusai dabu rakū ,	nv::nv nv::nv cm::acc nn::prpn verb::vv e::npst.ptcp.neg mark::comma
ubatai ,	nn::prpn.person mark::comma
han i hecen ci tuci fi ,	nv::nv cm::gen nv::nv cm::abl verb::vv e::cve mark::comma
juwe niru i siden de emu niyalma be tucibu fi okdo me unggi he .	nv::nv nv::nv cm::gen nv::nv cm::dat nv::nv nv::nv cm::acc verb::vv e::cve verb::vv e::cve verb::vv e::pst.ptcp mark::period
gecuheri nicuhe uda fi gama ha ,	nv::nv nv::nv verb::vv e::cve verb::vv e::pst.ptcp mark::comma
tuttu tondo i fafula rakū ehe miosihon jurgan i yabu ci ,	nv::nv nv::adj cm::gen verb::vv e::npst.ptcp.neg nv::adj nv::adj nv::nv cm::gen verb::vv e::cve mark::comma
eksingge de takūra ha bithe i gisun ,	nn::prpn.person cm::dat verb::vv e::pst.ptcp nv::nv cm::gen nv::nv mark::comma
han i buhi be tebeliye me aca ha ,	nv::nv cm::gen nv::nv cm::acc verb::vv e::cve verb::vv e::pst.ptcp mark::comma
jolbi ,	nn::prpn.person mark::comma
ere wesibu he be ,	nv::nv verb::vv e::pst.ptcp cm::acc mark::comma
šajin be efule re niyalma ,	nv::nv cm::acc verb::vv e::npst.ptcp nv::nv mark::comma
akū niyalma komso se re ,	nv::adj nv::nv nv::adj verb::vv e::npst.ptcp mark::comma
○ sio_yan i ba i niyalma ubaša mbi seme alanji ha manggi ,	mark::circle nn::prpn cm::gen nv::nv cm::gen nv::nv verb::vv e::fve.npst comp verb::vv e::pst.ptcp nv::nv mark::comma
hehe dehi uyun ,	nv::nv nv::nv nv::nv mark::comma
wang_hai_to ,	nn::prpn mark::comma
jakūn hošonggo ordo de tuci fi hendu me ,	nv::nv nv::adj nv::nv cm::dat verb::vv e::cve verb::vv e::cve mark::comma
ba be waliya fi bai me ji he gung ,	nv::nv cm::acc verb::vv e::cve verb::vv e::cve verb::vv e::pst.ptcp nv::nv mark::comma
ba ba i gurun i han gūni fi ,	nv::nv nv::nv cm::gen nv::nv cm::gen nv::nv verb::vv e::cve mark::comma
muse emgeri wa ra be naka ki seme gisure he gisun be ,	pn::1pl.incl nv::nv verb::vv e::npst.ptcp cm::acc verb::vv e::fve.opt comp verb::vv e::pst.ptcp nv::nv cm::acc mark::comma
tuttu tondo i fafula rakū ehe miosihon jurgan i yabu ci ,	nv::nv nv::adj cm::gen verb::vv e::npst.ptcp.neg nv::adj nv::adj nv::nv cm::gen verb::vv e::cve mark::comma
ocirsang ,	nn::prpn.person mark::comma
suwen be uji he ai tusa ,	pn::2pl cm::acc verb::vv e::pst.ptcp nv::nv nv::nv mark::comma
○ uju mukūn i uju tatan ,	mark::circle nv::nv nv::nv cm::gen nv::nv nv::nv mark::comma
yasun de gecuheri ainu unca ha seme ,	nn::prpn.person cm::dat nv::nv nv::nv verb::vv e::pst.ptcp comp mark::comma
beri jebele loho yooni baha habi ,	nv::nv nv::nv nv::nv nv::nv verb::vv e::fve.prs.prf mark::comma
suwe ala fi men i jui se i ehe be hari me hendu rakū ci ,	pn::2pl verb::vv e::cve pn::1pl.excl cm::gen nv::nv nv::nv cm::gen nv::adj cm::acc verb::vv e::cve verb::vv e::npst.ptcp.neg e::cve mark::comma
cang_diyan ,	nn::prpn mark::comma
ere be gūni me dain de o ci ergen be hairanda rakū afa ki ,	nv::nv cm::acc verb::vv e::cve nv::nv cm::dat verb::vv e::cve nv::nv cm::acc verb::vv e::npst.ptcp.neg verb::vv e::fve.opt mark::comma
cahar kalka aca ha ,	nn::prpn.plc nv::nv verb::vv e::pst.ptcp mark::comma
juse omosi jalan hala me gosi re doro be ume lashala ra .	nv::nv nv::nv nv::nv verb::vv e::cve verb::vv e::npst.ptcp nv::nv cm::acc nv::nv verb::vv e::npst.ptcp mark::period
○ ninggun biya de burula me tuci fi guwe he ngge be wacihiya me gai ha ,	mark::circle nv::nv nv::nv cm::dat verb::vv e::cve verb::vv e::cve verb::vv e::pst.ptcp nmlz::nmlz cm::acc verb::vv e::cve verb::vv e::pst.ptcp mark::comma
hiya_age ,	nn::prpn mark::comma
juwe eihen hūlha ha turgun de ,	nv::nv nv::nv verb::vv e::pst.ptcp nv::nv cm::dat mark::comma
mali ,	nn::prpn.person mark::comma
emu inenggi orin gūsin ulgiyan wa me wece he seme ,	nv::nv nv::nv nv::nv nv::nv nv::nv verb::vv e::cve verb::vv e::pst.ptcp comp mark::comma
encu ba ci ji he hojihon be weile de gama rakū ,	nv::nv nv::nv cm::abl verb::vv e::pst.ptcp nv::nv cm::acc nv::nv cm::dat verb::vv e::npst.ptcp.neg mark::comma
jušen nikan boo acan te ,	nv::nv nv::nv nv::nv nv::nv nv::nv mark::comma
bak_beile i elcin ,	nn::prpn cm::gen nv::nv mark::comma
ilan šeo_pu de juwete niyalma ,	nv::nv nv::nv cm::dat nv::nv nv::nv mark::comma
gai me funce he ihan be ,	verb::vv e::cve verb::vv e::pst.ptcp nv::nv cm::acc mark::comma
bi_jy_sai de aisin juwan yan ,	nn::prpn cm::dat nv::nv nv::nv nv::nv mark::comma
je bele emu tanggū juwan hule ,	nv::nv nv::nv nv::nv nv::nv nv::nv nv::nv mark::comma
han hendu me ,	nv::nv verb::vv e::cve mark::comma
seke furdehe gida fi gama me somi ha be baha fi ala ha manggi ,	nv::nv nv::nv verb::vv e::cve verb::vv e::cve verb::vv e::pst.ptcp cm::acc verb::vv e::cve verb::vv e::pst.ptcp nv::nv mark::comma
age i emgi bi gene ki seme hendu re jaka de ,	nv::nv cm::gen nv::nv pn::1sg verb::vv e::fve.opt comp verb::vv e::npst.ptcp nv::nv cm::dat mark::comma
funce he morin be cooha i niyalma de dende me gai ∅ seme bu he .	verb::vv e::pst.ptcp nv::nv cm::acc nv::nv cm::gen nv::nv cm::dat verb::vv e::cve verb::vv e::fve.imperative comp verb::vv e::pst.ptcp mark::period
cooha i morin de ulebu re liyoo ,	nv::nv cm::gen nv::nv cm::dat verb::vv e::npst.ptcp nv::nv mark::comma
yehe i niyalma be wa ha seme ilaci jergi beiguwan i caliyan ,	nv::nv cm::gen nv::nv cm::acc verb::vv e::pst.ptcp comp nv::nv nv::nv nv::nv cm::gen nv::nv mark::comma
sargan jui se i etu re be encu ,	nv::nv nv::nv nv::nv cm::gen verb::vv e::npst.ptcp cm::acc nv::nv mark::comma
jobo ho be sarkū seme ume gūni re ,	verb::vv e::pst.ptcp cm::acc nv::nv comp nv::nv verb::vv e::npst.ptcp mark::comma
hahasi usin weile kini ,	nv::nv nv::nv verb::vv e::fve.opt mark::comma
minggan cooha be afabu fi unggi fi ,	nv::nv nv::nv cm::acc verb::vv e::cve verb::vv e::cve mark::comma
tuwa dulembu re o ci wa mbi ,	nv::nv verb::vv e::npst.ptcp verb::vv e::cve verb::vv e::fve.npst mark::comma
hūsihan etu he hehe niyalma de bata burula ha ngge ,	nv::nv verb::vv e::pst.ptcp nv::nv nv::nv cm::dat nv::nv verb::vv e::pst.ptcp nmlz::nmlz mark::comma
yafahan juleri gai fi afa me ,	nv::adj nv::nv verb::vv e::cve verb::vv e::cve mark::comma
lii_šeo_pu bedere fi ,	nn::prpn verb::vv e::cve mark::comma
afabu ha weile be mute mbi ,	verb::vv e::pst.ptcp nv::nv cm::acc verb::vv e::fve.npst mark::comma
○ sintai ,	mark::circle nn::prpn.person mark::comma
tere mujilen be ilibu me ete he ngge aibide bi ,	nv::nv nv::nv cm::acc verb::vv e::cve verb::vv e::pst.ptcp nmlz::nmlz nv::nv verb::vv.npst mark::comma
jai ilan wei be simiyan de unggi ∅ ,	nv::nv nv::nv nv::nv cm::acc nn::prpn.plc cm::dat verb::vv e::fve.imperative mark::comma
saca ,	nv::nv mark::comma
sunggari_ula ,	nn::prpn mark::comma
angkūn ,	nn::prpn.person mark::comma
